1.634021475193594952e+01 7.669903939428205850e-04 1.108505264646752142e+00
1.947593035026124042e+01 9.245014912643925459e-04 1.321229350709740125e+00
2.255375125428932748e+01 1.082012588585964507e-03 1.530025913518116676e+00
2.557386336546032979e+01 1.239523685907536251e-03 1.734907564456017681e+00
2.853622440494659429e+01 1.397034783229108429e-03 1.935871435366336435e+00
3.144068815695801433e+01 1.554545880550680173e-03 2.132907607103238679e+00
3.428717560356011518e+01 1.712056977872252134e-03 2.326010719162123763e+00
3.707567456071495826e+01 1.869568075193824095e-03 2.515179944988968685e+00
3.980633627288291621e+01 2.027079172515396273e-03 2.700425544870013628e+00
4.247931176013970855e+01 2.184590269836968017e-03 2.881757763869451594e+00
4.509499574559269064e+01 2.342101367158539761e-03 3.059203379642849274e+00
4.765378848693710268e+01 2.499612464480111939e-03 3.232789545307172219e+00
5.015615666767416059e+01 2.657123561801683683e-03 3.402547920245476476e+00
5.260273048038972377e+01 2.814634659123255861e-03 3.568521256147977994e+00
5.499417198305970089e+01 2.972145756444827605e-03 3.730754466423890303e+00
5.733113457877853136e+01 3.129656853766399783e-03 3.889291877343164838e+00
5.961436331708580383e+01 3.287167951087971527e-03 4.044184032386997529e+00
6.184467849378669513e+01 3.444679048409543271e-03 4.195486579674607697e+00
6.402290270512619941e+01 3.602190145731115449e-03 4.343255323384956235e+00
6.614983577242585966e+01 3.759701243052687193e-03 4.487544522666965463e+00
6.822631833995872341e+01 3.917212340374259805e-03 4.628411206061359806e+00
7.025322580577632436e+01 4.074723437695831549e-03 4.765914759773495213e+00
7.223145738734447718e+01 4.232234535017403293e-03 4.900116185896059129e+00
7.416189012068679176e+01 4.389745632338975037e-03 5.031074981752939657e+00
7.604537148000886759e+01 4.547256729660546781e-03 5.158848639221251808e+00
7.788276093470724959e+01 4.704767826982118525e-03 5.283495463920927726e+00
7.967492739276111990e+01 4.862278924303691137e-03 5.405074401776727377e+00
8.142274475527308653e+01 5.019790021625262881e-03 5.523644737442354291e+00
8.312708763802443457e+01 5.177301118946834625e-03 5.639265804054668152e+00
8.478880105055228000e+01 5.334812216268406369e-03 5.751994926289918375e+00
8.640868900121778040e+01 5.492323313589978981e-03 5.861886647341981060e+00
8.798755238336465823e+01 5.649834410911550725e-03 5.968995299084790318e+00
8.952618997541581791e+01 5.807345508233122469e-03 6.073375069917975821e+00
9.102539646117870120e+01 5.964856605554694213e-03 6.175079870466193555e+00
9.248596075953541629e+01 6.122367702876265957e-03 6.274163220266826713e+00
9.390866461974891877e+01 6.279878800197838569e-03 6.370678152476823008e+00
9.529427346174797719e+01 6.437389897519410313e-03 6.464676592486010342e+00
9.664349846639326813e+01 6.594900994840982057e-03 6.556206786155291510e+00
9.795702918869943687e+01 6.752412092162553801e-03 6.645315512267909064e+00
9.923555010777681673e+01 6.909923189484126413e-03 6.732049205262390146e+00
1.004797396997633143e+02 7.067434286805698157e-03 6.816453892341079346e+00
1.016902696261983294e+02 7.224945384127269901e-03 6.898575138410176777e+00
1.028678040446260979e+02 7.382456481448841645e-03 6.978457999311701521e+00
1.040129990264443052e+02 7.539967578770413389e-03 7.056146982330857576e+00
1.051265020689492644e+02 7.697478676091986001e-03 7.131686013093639254e+00
1.062089478093130737e+02 7.854989773413558612e-03 7.205118144806934133e+00
1.072609180539905083e+02 8.012500870735128622e-03 7.276482846689968476e+00
1.082829612403449318e+02 8.170011968056702101e-03 7.345817324233235190e+00
1.092756212431135481e+02 8.327523065378272110e-03 7.413158473402827298e+00
1.102394373315212590e+02 8.485034162699845589e-03 7.478542877731086058e+00
1.111749437136460870e+02 8.642545260021415598e-03 7.542006777406770723e+00
1.120826691399707045e+02 8.800056357342989077e-03 7.603586042380344523e+00
1.129631365600270669e+02 8.957567454664562556e-03 7.663316149071065730e+00
1.138168628266933666e+02 9.115078551986132566e-03 7.721232160306760406e+00
1.146443584432646787e+02 9.272589649307706045e-03 7.777368708165333544e+00
1.154461273489476270e+02 9.430100746629276054e-03 7.831759979422908913e+00
1.162226661697725518e+02 9.587611843950849533e-03 7.884439664736413889e+00
1.169744337161138361e+02 9.745122941272419542e-03 7.935438889383145344e+00
1.177018382874303910e+02 9.902634038593993021e-03 7.984785352025993710e+00
1.184052827288553971e+02 1.006014513591556303e-02 8.032506381311348420e+00
1.190851680330830078e+02 1.021765623323713651e-02 8.078629180217831163e+00
1.197418929934821250e+02 1.037516733055870999e-02 8.123180802523840782e+00
1.203758538912246792e+02 1.053267842788028000e-02 8.166188131582632792e+00
1.209874442135942729e+02 1.069018952520185348e-02 8.207677861212614445e+00
1.215770544008733083e+02 1.084770062252342349e-02 8.247676478526425825e+00
1.221450716194437689e+02 1.100521171984499696e-02 8.286210248538276701e+00
1.226918795589515554e+02 1.116272281716656697e-02 8.323305200403776638e+00
1.232178582515532810e+02 1.132023391448814045e-02 8.358987115157802350e+00
1.237233839114489626e+02 1.147774501180971046e-02 8.393281514828528245e+00
1.242088287930455692e+02 1.163525610913128394e-02 8.426213652815388144e+00
1.246745601284707305e+02 1.179276720645285742e-02 8.457808441810962918e+00
1.251209078617020651e+02 1.195027830377442743e-02 8.488088264913740133e+00
1.255481589595892729e+02 1.210778940109600091e-02 8.517072589693064799e+00
1.259565982086112115e+02 1.226530049841757092e-02 8.544780735803913174e+00
1.263465106285602388e+02 1.242281159573914440e-02 8.571232038729013070e+00
1.267181811893907906e+02 1.258032269306071441e-02 8.596445830570152324e+00
1.270718945490107501e+02 1.273783379038228789e-02 8.620441422260173070e+00
1.274079348105914704e+02 1.289534488770385789e-02 8.643238087099067712e+00
1.277265852980741130e+02 1.305285598502543137e-02 8.664855045524593180e+00
1.280281283486573614e+02 1.321036708234700485e-02 8.685311451034783303e+00
1.283128451211281913e+02 1.336787817966857486e-02 8.704626377185293862e+00
1.285810154190060075e+02 1.352538927699014834e-02 8.722818805591673552e+00
1.288329175275038381e+02 1.368290037431171835e-02 8.739907614868943853e+00
1.290688280634275600e+02 1.384041147163329183e-02 8.755911570448908776e+00
1.292890218371578044e+02 1.399792256895486184e-02 8.770849315217136066e+00
1.294937717259406043e+02 1.415543366627643532e-02 8.784739360917095397e+00
1.296833485577578813e+02 1.431294476359800533e-02 8.797600080272065526e+00
1.298580208098956348e+02 1.447045586091957881e-02 8.809449686536229507e+00
1.300180364702699478e+02 1.462796695824115228e-02 8.820305002983637621e+00
1.301636097556450977e+02 1.478547805556272229e-02 8.830180561884178658e+00
1.302949520718709095e+02 1.494298915288429577e-02 8.839090704817882838e+00
1.304122753883832786e+02 1.510050025020586578e-02 8.847049811597942792e+00
1.305157920429185481e+02 1.525801134752743926e-02 8.854072287022717092e+00
1.306057145581718828e+02 1.541552244484900927e-02 8.860172548437999396e+00
1.306822554697330077e+02 1.557303354217058275e-02 8.865365014064328975e+00
1.307456271646572645e+02 1.573054463949215276e-02 8.869664092045837833e+00
1.307960417300794518e+02 1.588805573681372624e-02 8.873084170180291608e+00
1.308337108113139493e+02 1.604556683413529972e-02 8.875639606292775596e+00
1.308588454789120874e+02 1.620307793145686973e-02 8.877344719216971214e+00
1.308716561041997863e+02 1.636058902877844320e-02 8.878213780351748241e+00
1.308723522428191188e+02 1.651810012610001321e-02 8.878261005760727187e+00
1.308611425258493171e+02 1.667561122342158669e-02 8.877500548786029455e+00
1.308382345580970139e+02 1.683312232074316017e-02 8.875946493148372696e+00
1.308038348231731902e+02 1.699063341806473018e-02 8.873612846507588969e+00
1.307581485949929743e+02 1.714814451538630366e-02 8.870513534458853044e+00
1.307013798553546167e+02 1.730565561270787367e-02 8.866662394941300818e+00
1.306337312172817633e+02 1.746316671002944715e-02 8.862073173037650520e+00
1.305554038538172392e+02 1.762067780735101716e-02 8.856759516143632993e+00
1.304665974241094375e+02 1.777818890467259064e-02 8.850734968953767989e+00
1.303675082324954531e+02 1.793570000199416065e-02 8.844012848575225405e+00
1.302583270548503265e+02 1.809321109931573412e-02 8.836606097069369170e+00
1.301392427641660845e+02 1.825072219663730760e-02 8.828527527407697306e+00
1.300104428460298607e+02 1.840823329395887761e-02 8.819789858441431818e+00
1.298721133418367231e+02 1.856574439128045109e-02 8.810405711049128286e+00
1.297244387961775089e+02 1.872325548860202110e-02 8.800387604567506017e+00
1.295676022081960923e+02 1.888076658592359458e-02 8.789747953491554355e+00
1.294017849867023244e+02 1.903827768324516459e-02 8.778499064429485799e+00
1.292271669088602835e+02 1.919578878056673807e-02 8.766653133300126299e+00
1.290439260822670633e+02 1.935329987788830808e-02 8.754222242760404171e+00
1.288522389102449210e+02 1.951081097520988156e-02 8.741218359850810415e+00
1.286522800601899235e+02 1.966832207253145504e-02 8.727653333848177652e+00
1.284442224348185277e+02 1.982583316985302505e-02 8.713538894315073335e+00
1.282282371461606942e+02 1.998334426717459852e-02 8.698886649335543453e+00
1.280044934921646984e+02 2.014085536449616853e-02 8.683708083927983878e+00
1.277731589357786675e+02 2.029836646181774201e-02 8.668014558626042643e+00
1.275343990863746768e+02 2.045587755913931202e-02 8.651817308218472391e+00
1.272883776834059972e+02 2.061338865646088550e-02 8.635127440640433250e+00
1.270352565821703479e+02 2.077089975378245551e-02 8.617955936007687612e+00
1.267751957415781590e+02 2.092841085110402899e-02 8.600313645786824779e+00
1.265083532138152833e+02 2.108592194842560247e-02 8.582211292093964161e+00
1.262348851358042054e+02 2.124343304574717248e-02 8.563659467115522617e+00
1.259549457223678957e+02 2.140094414306874596e-02 8.544668632644418338e+00
1.256686872610038961e+02 2.155845524039031597e-02 8.525249119725588187e+00
1.253762601081860879e+02 2.171596633771188944e-02 8.505411128405079069e+00
1.250778128312201574e+02 2.187347743503345945e-02 8.485164737353391828e+00
1.247735078347742075e+02 2.203098853235503293e-02 8.464520963955083133e+00
1.244635342678249827e+02 2.218849962967660294e-02 8.443492639904210506e+00
1.241480802435160626e+02 2.234601072699817642e-02 8.422092526624854969e+00
1.238273295067065618e+02 2.250352182431974990e-02 8.400333089200662684e+00
1.235014615241455260e+02 2.266103292164131991e-02 8.378226502492189809e+00
1.231706515732000611e+02 2.281854401896289339e-02 8.355784657156151596e+00
1.228350708291413866e+02 2.297605511628446340e-02 8.333019165566819098e+00
1.224948864509813689e+02 2.313356621360603688e-02 8.309941367639085641e+00
1.221502616658572720e+02 2.329107731092760689e-02 8.286562336553059183e+00
1.218013558519670454e+02 2.344858840824918036e-02 8.262892884380324432e+00
1.214483246200568090e+02 2.360609950557075037e-02 8.238943567611956453e+00
1.210913198934665047e+02 2.376361060289232385e-02 8.214724692588776023e+00
1.207304899867399115e+02 2.392112170021389733e-02 8.190246320834141613e+00
1.203659796828045216e+02 2.407863279753546734e-02 8.165518274289800260e+00
1.199979303087380345e+02 2.423614389485704082e-02 8.140550140455804495e+00
1.196264798101208697e+02 2.439365499217861083e-02 8.115351277434495358e+00
1.192517628239965717e+02 2.455116608950018431e-02 8.089930818880107566e+00
1.188739107504490988e+02 2.470867718682175432e-02 8.064297678854490670e+00
1.184930518228100453e+02 2.486618828414332780e-02 8.038460556589887673e+00
1.181093111765114685e+02 2.502369938146489781e-02 8.012427941159883105e+00
1.177228109165988315e+02 2.518121047878647129e-02 7.986208116059369644e+00
1.173336701839235729e+02 2.533872157610804476e-02 7.959809163695057421e+00
1.169420052200245976e+02 2.549623267342961477e-02 7.933238969786910566e+00
1.165479294307251763e+02 2.565374377075118825e-02 7.906505227682544046e+00
1.161515534484546777e+02 2.581125486807275826e-02 7.879615442585055973e+00
1.157529851933149700e+02 2.596876596539433174e-02 7.852576935695718241e+00
1.153523299329175558e+02 2.612627706271590175e-02 7.825396848273284967e+00
1.149496903409942661e+02 2.628378816003747523e-02 7.798082145610073290e+00
1.145451665548144007e+02 2.644129925735904524e-02 7.770639620927091151e+00
1.141388562314242989e+02 2.659881035468061872e-02 7.743075899189291178e+00
1.137308546027169882e+02 2.675632145200219220e-02 7.715397440841434751e+00
1.133212549750473244e+02 2.691383254932376221e-02 7.687610575701527615e+00
1.129101710728341885e+02 2.707134364664533568e-02 7.659723018730416833e+00
1.124977461244520356e+02 2.722885474396690569e-02 7.631744486410386052e+00
1.120841210077390002e+02 2.738636584128847917e-02 7.603684535765478536e+00
1.116694316811633030e+02 2.754387693861004918e-02 7.575552390094169475e+00
1.112538093275162794e+02 2.770138803593162266e-02 7.547356948717361291e+00
1.108373804940592606e+02 2.785889913325319267e-02 7.519106796485846012e+00
1.104202672291713156e+02 2.801641023057476615e-02 7.490810213050342448e+00
1.100025872155486866e+02 2.817392132789633963e-02 7.462475181897609389e+00
1.095844539000071904e+02 2.833143242521790964e-02 7.434109399156166198e+00
1.091659766199451695e+02 2.848894352253948312e-02 7.405720282175384028e+00
1.087472607265215032e+02 2.864645461986105313e-02 7.377314977881792579e+00
1.083284077046072298e+02 2.880396571718262660e-02 7.348900370916473079e+00
1.079095152895697254e+02 2.896147681450419661e-02 7.320483091557603572e+00
1.074906775809482866e+02 2.911898791182577009e-02 7.292069523432105349e+00
1.070719851530853646e+02 2.927649900914734010e-02 7.263665811020747931e+00
1.066535251627666412e+02 2.943401010646891358e-02 7.235277866960379001e+00
1.062353814539413008e+02 2.959152120379048706e-02 7.206911379148039032e+00
1.058176346595761856e+02 2.974903230111205707e-02 7.178571817650653664e+00
1.054003623007103272e+02 2.990654339843363055e-02 7.150264441424794448e+00
1.049836388827671243e+02 3.006405449575520056e-02 7.121994304850431945e+00
1.045675359891892384e+02 3.022156559307677404e-02 7.093766264083023465e+00
1.041521223724546132e+02 3.037907669039834405e-02 7.065584983227965132e+00
1.037374640425361889e+02 3.053658778771991752e-02 7.037454940341609344e+00
1.033236243528629075e+02 3.069409888504148753e-02 7.009380433262792920e+00
1.029106640838440541e+02 3.085160998236306101e-02 6.981365585279043273e+00
1.024986415240131663e+02 3.100912107968463102e-02 6.953414350631307528e+00
1.020876125488525190e+02 3.116663217700620450e-02 6.925530519861337275e+00
1.016776306973518587e+02 3.132414327432777451e-02 6.897717725005365175e+00
1.012687472463625795e+02 3.148165437164934799e-02 6.869979444638220301e+00
1.008610112827989411e+02 3.163916546897092147e-02 6.842319008771394095e+00
1.004544697737423320e+02 3.179667656629248801e-02 6.814739603608845897e+00
1.000491676345047694e+02 3.195418766361406149e-02 6.787244276164376977e+00
9.964514779470152916e+01 3.211169876093563497e-02 6.759835938743928629e+00
9.924245126238629666e+01 3.226920985825720151e-02 6.732517373296463603e+00
9.884111718630038013e+01 3.242672095557877499e-02 6.705291235636877900e+00
9.844118291628572592e+01 3.258423205290034846e-02 6.678160059544385518e+00
9.804268406191023644e+01 3.274174315022192194e-02 6.651126260739594009e+00
9.764565454935342359e+01 3.289925424754349542e-02 6.624192140743575763e+00
9.725012668163540752e+01 3.305676534486506196e-02 6.597359890963751639e+00
9.685613666374780450e+01 3.321427644218663544e-02 6.570631967513729244e+00
9.646373469705173420e+01 3.337178753950820892e-02 6.544011776008056280e+00
9.607297139722616919e+01 3.352929863682978240e-02 6.517502750168230996e+00
9.568389493015106950e+01 3.368680973415134894e-02 6.491108157523612476e+00
9.529655109442228422e+01 3.384432083147292242e-02 6.464831105009176682e+00
9.491098340145293832e+01 3.400183192879449590e-02 6.438674544399492383e+00
9.452723315322947428e+01 3.415934302611606938e-02 6.412641277583658095e+00
9.414533951776770948e+01 3.431685412343764285e-02 6.386733961684132765e+00
9.376533960233703624e+01 3.447436522075920939e-02 6.360955114024235080e+00
9.338726852449929083e+01 3.463187631808078287e-02 6.335307116947320516e+00
9.301115948102028597e+01 3.478938741540235635e-02 6.309792222491705793e+00
9.263704381471112015e+01 3.494689851272392983e-02 6.284412556925104809e+00
9.226495107924428396e+01 3.510440961004549637e-02 6.259170125141708674e+00
9.189490910200865414e+01 3.526192070736706985e-02 6.234066814926194411e+00
9.152694404504444492e+01 3.541943180468864333e-02 6.209104401087504499e+00
9.116108046411446253e+01 3.557694290201021681e-02 6.184284549466195102e+00
9.079734136595932625e+01 3.573445399933179029e-02 6.159608820818559316e+00
9.043574826378869602e+01 3.589196509665335683e-02 6.135078674581125213e+00
9.007632123105028654e+01 3.604947619397493030e-02 6.110695472518270499e+00
8.971907895353167817e+01 3.620698729129650378e-02 6.086460482256784488e+00
8.936403877983285327e+01 3.636449838861807726e-02 6.062374880709864300e+00
8.901121677026267776e+01 3.652200948593964380e-02 6.038439757394211682e+00
8.866062774419506809e+01 3.667952058326121728e-02 6.014656117642644517e+00
8.831228532593559066e+01 3.683703168058279076e-02 5.991024885715614978e+00
8.796620198913547028e+01 3.699454277790436424e-02 5.967546907814258006e+00
8.762238909979747348e+01 3.715205387522593772e-02 5.944222954997821162e+00
8.728085695791239118e+01 3.730956497254750426e-02 5.921053726008290496e+00
8.694161483776467492e+01 3.746707606986907774e-02 5.898039850004665574e+00
8.660467102694939001e+01 3.762458716719065122e-02 5.875181889209833308e+00
8.627003286413203398e+01 3.778209826451222469e-02 5.852480341472166891e+00
8.593770677559493265e+01 3.793960936183379123e-02 5.829935642744803914e+00
8.560769831059987212e+01 3.809712045915536471e-02 5.807548169484595846e+00
8.528001217560441205e+01 3.825463155647693819e-02 5.785318240973335691e+00
8.495465226736510544e+01 3.841214265379851167e-02 5.763246121563424751e+00
8.463162170496427450e+01 3.856965375112008515e-02 5.741332022850574646e+00
8.431092286078383324e+01 3.872716484844165169e-02 5.719576105775002972e+00
8.399255739046779468e+01 3.888467594576322517e-02 5.697978482654093568e+00
8.367652626189733667e+01 3.904218704308479865e-02 5.676539219148016180e+00
8.336282978320861048e+01 3.919969814040637213e-02 5.655258336160454036e+00
8.305146762988744058e+01 3.935720923772793867e-02 5.634135811676658001e+00
8.274243887095958883e+01 3.951472033504951215e-02 5.613171582540183557e+00
8.243574199431554916e+01 3.967223143237108562e-02 5.592365546170902313e+00
8.213137493118694010e+01 3.982974252969265910e-02 5.571717562225456888e+00
8.182933507980294507e+01 3.998725362701423258e-02 5.551227454202082967e+00
8.152961932825745350e+01 4.014476472433579912e-02 5.530895010991914162e+00
8.123222407660149713e+01 4.030227582165737260e-02 5.510719988377688949e+00
8.093714525819397920e+01 4.045978691897894608e-02 5.490702110482189369e+00
8.064437836032861640e+01 4.061729801630051956e-02 5.470841071167539482e+00
8.035391808123105761e+01 4.077480911362208610e-02 5.451136510766196430e+00
8.006575627802030226e+01 4.093232021094365958e-02 5.431587876872548293e+00
7.977988351302498415e+01 4.108983130826523306e-02 5.412194529243568475e+00
7.949629011322076622e+01 4.124734240558680654e-02 5.392955811670118393e+00
7.921496618652776078e+01 4.140485350290838001e-02 5.373871053082514671e+00
7.893590163419806061e+01 4.156236460022994655e-02 5.354939568390913784e+00
7.865908616275642373e+01 4.171987569755152003e-02 5.336160659295342334e+00
7.838450929550194246e+01 4.187738679487309351e-02 5.317533615065966224e+00
7.811216038359165736e+01 4.203489789219466699e-02 5.299057713294994088e+00
7.784202861671263918e+01 4.219240898951623353e-02 5.280732220620652839e+00
7.757410303336403956e+01 4.234992008683780701e-02 5.262556393424730139e+00
7.730837253075591775e+01 4.250743118415938049e-02 5.244529478504079023e+00
7.704482587434107188e+01 4.266494228148095397e-02 5.226650713717263308e+00
7.678345170699071787e+01 4.282245337880252745e-02 5.208919328607028554e+00
7.652423855782569717e+01 4.297996447612409399e-02 5.191334544999391731e+00
7.626717485071563374e+01 4.313747557344566746e-02 5.173895577580229777e+00
7.601224891245706772e+01 4.329498667076724094e-02 5.156601634450068694e+00
7.575944898063943356e+01 4.345249776808881442e-02 5.139451917657698488e+00
7.550876321121356227e+01 4.361000886541038096e-02 5.122445623713631768e+00
7.526017968576687167e+01 4.376751996273195444e-02 5.105581944083628976e+00
7.501368641852083385e+01 4.392503106005352792e-02 5.088860065663405763e+00
7.476927136305565114e+01 4.408254215737510140e-02 5.072279171234829853e+00
7.452692241877561230e+01 4.424005325469667488e-02 5.055838439904528414e+00
7.428662743711858241e+01 4.439756435201824142e-02 5.039537047525127100e+00
7.404837422752274279e+01 4.455507544933981490e-02 5.023374167100029375e+00
7.381215056315846823e+01 4.471258654666138838e-02 5.007348969172262798e+00
7.357794418642956202e+01 4.487009764398296185e-02 4.991460622197688046e+00
7.334574281425625486e+01 4.502760874130452839e-02 4.975708292903375352e+00
7.311553414314511201e+01 4.518511983862610187e-02 4.960091146631548042e+00
7.288730585405232887e+01 4.534263093594767535e-02 4.944608347669514181e+00
7.266104561705010667e+01 4.550014203326924883e-02 4.929259059566218681e+00
7.243674109580132381e+01 4.565765313059082231e-02 4.914042445435804041e+00
7.221437995184679437e+01 4.581516422791238885e-02 4.898957668248446140e+00
7.199394984871752001e+01 4.597267532523396233e-02 4.884003891109352402e+00
7.177543845587069882e+01 4.613018642255553581e-02 4.869180277525734901e+00
7.155883345246257932e+01 4.628769751987710929e-02 4.854485991662798483e+00
7.134412253095712231e+01 4.644520861719867583e-02 4.839920198588522737e+00
7.113129340058246441e+01 4.660271971452024931e-02 4.825482064508151758e+00
7.092033379063556708e+01 4.676023081184182278e-02 4.811170756988386366e+00
7.071123145364252593e+01 4.691774190916339626e-02 4.796985445171768170e+00
7.050397416837986952e+01 4.707525300648496974e-02 4.782925299981642731e+00
7.029854974276047130e+01 4.723276410380653628e-02 4.768989494317938949e+00
7.009494601658940383e+01 4.739027520112810976e-02 4.755177203244128847e+00
6.989315086419617273e+01 4.754778629844968324e-02 4.741487604165782521e+00
6.969315219694193786e+01 4.770529739577125672e-02 4.727919877000666737e+00
6.949493796561401382e+01 4.786280849309282326e-02 4.714473204341185664e+00
6.929849616270566059e+01 4.802031959041439674e-02 4.701146771609032271e+00
6.910381482458720370e+01 4.817783068773597022e-02 4.687939767202482955e+00
6.891088203357274722e+01 4.833534178505754370e-02 4.674851382636596497e+00
6.871968591988628816e+01 4.849285288237911717e-02 4.661880812676594488e+00
6.853021466352916491e+01 4.865036397970068371e-02 4.649027255464550201e+00
6.834245649605408346e+01 4.880787507702225719e-02 4.636289912639733224e+00
6.815639970224845001e+01 4.896538617434383067e-02 4.623667989452803440e+00
6.797203262173114524e+01 4.912289727166540415e-02 4.611160694874147481e+00
6.778934365046366395e+01 4.928040836898697069e-02 4.598767241696371855e+00
6.760832124218019601e+01 4.943791946630854417e-02 4.586486846631339098e+00
6.742895390974103975e+01 4.959543056363011765e-02 4.574318730401968125e+00
6.725123022640960357e+01 4.975294166095169113e-02 4.562262117828869812e+00
6.707513882705539743e+01 4.991045275827326461e-02 4.550316237911959050e+00
6.690066827650824166e+01 5.006796385559483115e-02 4.538480314899720369e+00
6.672780292138820357e+01 5.022547495291640463e-02 4.526753286881139537e+00
6.655652221235700949e+01 5.038298605023797810e-02 4.515133759807850033e+00
6.638680563991695749e+01 5.054049714755955158e-02 4.503620342334230919e+00
6.621863303338263052e+01 5.069800824488111812e-02 4.492211666099388268e+00
6.605198455407386859e+01 5.085551934220269160e-02 4.480906385265350345e+00
6.588684068866886889e+01 5.101303043952426508e-02 4.469703176066164296e+00
6.572318224271030829e+01 5.117054153684583856e-02 4.458600736367355211e+00
6.556099033427038592e+01 5.132805263416741204e-02 4.447597785236159673e+00
6.540024638775710741e+01 5.148556373148897858e-02 4.436693062521364084e+00
6.524093212786746676e+01 5.164307482881055206e-02 4.425885328443082578e+00
6.508302957368152875e+01 5.180058592613212554e-02 4.415173363192101519e+00
6.492652103289228194e+01 5.195809702345369901e-02 4.404555966538454825e+00
6.477138909616726892e+01 5.211560812077526555e-02 4.394031957448907733e+00
6.461761663164142533e+01 5.227311921809683903e-02 4.383600173713360526e+00
6.446518677953461918e+01 5.243063031541841251e-02 4.373259471579705959e+00
6.431408294527160763e+01 5.258814141273998599e-02 4.363008725287095935e+00
6.416428834774164613e+01 5.274565251006155947e-02 4.352846796420283937e+00
6.401578542326787158e+01 5.290316360738312601e-02 4.342772493475451689e+00
6.386855674946174588e+01 5.306067470470469949e-02 4.332784634533651591e+00
6.372258519411296618e+01 5.321818580202627297e-02 4.322882057361364438e+00
6.357785390936805214e+01 5.337569689934784645e-02 4.313063619015576222e+00
6.343434632604576251e+01 5.353320799666941299e-02 4.303328195458143490e+00
6.329204614808565310e+01 5.369071909399098647e-02 4.293674681179192376e+00
6.315093734712752394e+01 5.384823019131255994e-02 4.284101988829384311e+00
6.301100415721439418e+01 5.400574128863413342e-02 4.274609048860578575e+00
6.287223106962170505e+01 5.416325238595570690e-02 4.265194809175048896e+00
6.273460282780415298e+01 5.432076348327727344e-02 4.255858234782674110e+00
6.259810442245912299e+01 5.447827458059884692e-02 4.246598307466055822e+00
6.246272108670404322e+01 5.463578567792042040e-02 4.237414025453348998e+00
6.232843829136361791e+01 5.479329677524199388e-02 4.228304403098557707e+00
6.219524174036547493e+01 5.495080787256356042e-02 4.219268470569168983e+00
6.206311736623928965e+01 5.510831896988513390e-02 4.210305273540826398e+00
6.193205132483584663e+01 5.526583006720670738e-02 4.201413872839075303e+00
6.180202869550618772e+01 5.542334116452828086e-02 4.192593256260700230e+00
6.167303093495897315e+01 5.558085226184985433e-02 4.183842165845728545e+00
6.154503912159599111e+01 5.573836335917142087e-02 4.175159317970198458e+00
6.141803468604338434e+01 5.589587445649299435e-02 4.166543452904724276e+00
6.129199940371960764e+01 5.605338555381456783e-02 4.157993334310317479e+00
6.116691538759009461e+01 5.621089665113614131e-02 4.149507748746864344e+00
6.104276508110292099e+01 5.636840774845770785e-02 4.141085505193899508e+00
6.091953125130162050e+01 5.652591884577928133e-02 4.132725434583375268e+00
6.079719698210720225e+01 5.668342994310085481e-02 4.124426389343920363e+00
6.067574566776831801e+01 5.684094104042242829e-02 4.116187242956511838e+00
6.055516100647187727e+01 5.699845213774400177e-02 4.108006889521012894e+00
6.043542699411005259e+01 5.715596323506556831e-02 4.099884243333354661e+00
6.031652791820047810e+01 5.731347433238714179e-02 4.091818238473057256e+00
6.019844835195417687e+01 5.747098542970871526e-02 4.083807828400832562e+00
6.008117314848693979e+01 5.762849652703028874e-02 4.075851985565869917e+00
5.996468743517048949e+01 5.778600762435185528e-02 4.067949701022631537e+00
5.984897660812139719e+01 5.794351872167342876e-02 4.060099984056987132e+00
5.973402632455660921e+01 5.810102981899500224e-02 4.052301861667616301e+00
5.961982124408661576e+01 5.825854091631657572e-02 4.044554293176485515e+00
5.950634298603601735e+01 5.841605201363814920e-02 4.036856031655344346e+00
5.939357298198968493e+01 5.857356311095971574e-02 4.029205817439841297e+00
5.928149302505690343e+01 5.873107420828128922e-02 4.021602415391122953e+00
5.917008526251426304e+01 5.888858530560286270e-02 4.014044614396715005e+00
5.905933218863518164e+01 5.904609640292443618e-02 4.006531226884093577e+00
5.894921663769814302e+01 5.920360750024600272e-02 3.999061088346364645e+00
5.883972177717306806e+01 5.936111859756757619e-02 3.991633056880045327e+00
5.873083110107516092e+01 5.951862969488914967e-02 3.984246012734179221e+00
5.862252842348777904e+01 5.967614079221072315e-02 3.976898857870946546e+00
5.851479787224084816e+01 5.983365188953229663e-02 3.969590515536807196e+00
5.840762388275022943e+01 5.999116298685386317e-02 3.962319929844566602e+00
5.830099119200313140e+01 6.014867408417543665e-02 3.955086065365361225e+00
5.819488483269442014e+01 6.030618518149701013e-02 3.947887906730863872e+00
5.808929012750321164e+01 6.046369627881858361e-02 3.940724458245010275e+00
5.798419268350782829e+01 6.062120737614015015e-02 3.933594743505121283e+00
5.787957838673558797e+01 6.077871847346172363e-02 3.926497805032169719e+00
5.777543339684321921e+01 6.093622957078329710e-02 3.919432703909883298e+00
5.767174412797488969e+01 6.109374066810487058e-02 3.912398518486201571e+00
5.756849573696561606e+01 6.125125176542643712e-02 3.905394241814347023e+00
5.746567081680100131e+01 6.140876286274801060e-02 3.898418693018339543e+00
5.736325199660506513e+01 6.156627396006958408e-02 3.891470693673799275e+00
5.726122225757850259e+01 6.172378505739115756e-02 3.884549089240902475e+00
5.715956492641698361e+01 6.188129615471273104e-02 3.877652748617892886e+00
5.705826366889594681e+01 6.203880725203429758e-02 3.870780563705873423e+00
5.695730248361174830e+01 6.219631834935587106e-02 3.863931448984216921e+00
5.685666569587833408e+01 6.235382944667744454e-02 3.857104341096518674e+00
5.675633795177306951e+01 6.251134054399902495e-02 3.850298198446671094e+00
5.665630421232812353e+01 6.266885164132059149e-02 3.843512000804814033e+00
5.655654974786149580e+01 6.282636273864215803e-02 3.836744748922755743e+00
5.645706013244396360e+01 6.298387383596373845e-02 3.829995464158616247e+00
5.635782123850000147e+01 6.314138493328530499e-02 3.823263188110557209e+00
5.625881923153405495e+01 6.329889603060687153e-02 3.816546982259017895e+00
5.616004056498426422e+01 6.345640712792845195e-02 3.809845927617598882e+00
5.606147197519401715e+01 6.361391822525001849e-02 3.803159124391936707e+00
5.596310047650216291e+01 6.377142932257158503e-02 3.796485691646617866e+00
5.586491335644574008e+01 6.392894041989316545e-02 3.789824766979751569e+00
5.576689817107389047e+01 6.408645151721473199e-02 3.783175506205063598e+00
5.566904269929359117e+01 6.424396261453631241e-02 3.776537080254750656e+00
5.557133353248050156e+01 6.440147371185787895e-02 3.769908579499964052e+00
5.547375575552685945e+01 6.455898480917944549e-02 3.763288992113402287e+00
5.537629466273034495e+01 6.471649590650102590e-02 3.756677320473630122e+00
5.527893586671373782e+01 6.487400700382259244e-02 3.750072588554099973e+00
5.518166529317655744e+01 6.503151810114417286e-02 3.743473841567106941e+00
5.508446917576987545e+01 6.518902919846573940e-02 3.736880145616092719e+00
5.498733405108940531e+01 6.534654029578730594e-02 3.730290587355993726e+00
5.489024675378357898e+01 6.550405139310888636e-02 3.723704273661366138e+00
5.479319441177410255e+01 6.566156249043045290e-02 3.717120331302159464e+00
5.469616444158246793e+01 6.581907358775203332e-02 3.710537906626670601e+00
5.459914454376367132e+01 6.597658468507359986e-02 3.703956165251766741e+00
5.450212269843785151e+01 6.613409578239516640e-02 3.697374291759763398e+00
5.440508716092394081e+01 6.629160687971674681e-02 3.690791489402208470e+00
5.430802645746559421e+01 6.644911797703831335e-02 3.684206979809936389e+00
5.421092938104952452e+01 6.660662907435987989e-02 3.677620002709388825e+00
5.411378498731517084e+01 6.676414017168146031e-02 3.671029815645129979e+00
5.401658259054877220e+01 6.692165126900302685e-02 3.664435693708079089e+00
5.391931175976193913e+01 6.707916236632460727e-02 3.657836929269504100e+00
5.382196231485237092e+01 6.723667346364617381e-02 3.651232831720547800e+00
5.372452432284212165e+01 6.739418456096774035e-02 3.644622727217043945e+00
5.362698804830962018e+01 6.755169565828932077e-02 3.638005955316876427e+00
5.352934317834437650e+01 6.770920675561088731e-02 3.631381816401602958e+00
5.343157895114298128e+01 6.786671785293246772e-02 3.624749580400297599e+00
5.333368484766715767e+01 6.802422895025403426e-02 3.618108533710995278e+00
5.323565061131828458e+01 6.818174004757560080e-02 3.611457980535403234e+00
5.313746624416113207e+01 6.833925114489718122e-02 3.604797242622713060e+00
5.303912200321900627e+01 6.849676224221874776e-02 3.598125659018273748e+00
5.294060839684350128e+01 6.865427333954032818e-02 3.591442585817314903e+00
5.284191618115480793e+01 6.881178443686189472e-02 3.584747395923461255e+00
5.274303635654916889e+01 6.896929553418346126e-02 3.578039478811800844e+00
5.264396016427369318e+01 6.912680663150504168e-02 3.571318240296529556e+00
5.254467908306387613e+01 6.928431772882660822e-02 3.564583102302834039e+00
5.244518482584401653e+01 6.944182882614817476e-02 3.557833502643058754e+00
5.234546933648644540e+01 6.959933992346975518e-02 3.551068894796848063e+00
5.224552478663027699e+01 6.975685102079132172e-02 3.544288747695343300e+00
5.214534357255557495e+01 6.991436211811290213e-02 3.537492545509116404e+00
5.204491831211220898e+01 7.007187321543446867e-02 3.530679787439839235e+00
5.194424184170069481e+01 7.022938431275603521e-02 3.523849987515453197e+00
5.184330721330608327e+01 7.038689541007761563e-02 3.517002674388963523e+00
5.174210769158003842e+01 7.054440650739918217e-02 3.510137391140482510e+00
5.164063675097027328e+01 7.070191760472076259e-02 3.503253695082492847e+00
5.153888807289822438e+01 7.085942870204232913e-02 3.496351157568394097e+00
5.143685556415370286e+01 7.101693979936389567e-02 3.489429365240356518e+00
5.133453361544202664e+01 7.117445089668547609e-02 3.482487937568951697e+00
5.123191701111088037e+01 7.133196199400704263e-02 3.475526520729077085e+00
5.112900072532041662e+01 7.148947309132862304e-02 3.468544773772349821e+00
5.102577991511837752e+01 7.164698418865018958e-02 3.461542368157301208e+00
5.092224991798713774e+01 7.180449528597175612e-02 3.454518987582988476e+00
5.081840624942520890e+01 7.196200638329333654e-02 3.447474327824922469e+00
5.071424460056424977e+01 7.211951748061490308e-02 3.440408096573402741e+00
5.060976083581725504e+01 7.227702857793646962e-02 3.433320013273981175e+00
5.050495099055995496e+01 7.243453967525805004e-02 3.426209808970162474e+00
5.039981126884224949e+01 7.259205077257961658e-02 3.419077226148155013e+00
5.029433804113050854e+01 7.274956186990119700e-02 3.411922018583708027e+00
5.018852784207901152e+01 7.290707296722276354e-02 3.404743951190927653e+00
5.008237736832887776e+01 7.306458406454433008e-02 3.397542799872960373e+00
4.997588347633593742e+01 7.322209516186591050e-02 3.390318351374637551e+00
4.986904318022469340e+01 7.337960625918747704e-02 3.383070403136888338e+00
4.976185364966862323e+01 7.353711735650905745e-02 3.375798763152943582e+00
4.965431220779528587e+01 7.369462845383062399e-02 3.368503249826218404e+00
4.954641632911686600e+01 7.385213955115219053e-02 3.361183691829923603e+00
4.943816363748421594e+01 7.400965064847377095e-02 3.353839927968266021e+00
4.932955190406408263e+01 7.416716174579533749e-02 3.346471807039233859e+00
4.922057904533926376e+01 7.432467284311691791e-02 3.339079187698919426e+00
4.911124312113144441e+01 7.448218394043848445e-02 3.331661938327393546e+00
4.900154241547257072e+01 7.463969503776005099e-02 3.324219942514951232e+00
4.889147670210864760e+01 7.479720613508163141e-02 3.316753184912725860e+00
4.878104696080905001e+01 7.495471723240319795e-02 3.309261731987379385e+00
4.867025428458617853e+01 7.511222832972476449e-02 3.301745657887874774e+00
4.855909984559622927e+01 7.526973942704634490e-02 3.294205042132220651e+00
4.844758489383816169e+01 7.542725052436791144e-02 3.286639969519206783e+00
4.833571075586842625e+01 7.558476162168949186e-02 3.279050530041209832e+00
4.822347883352294673e+01 7.574227271901105840e-02 3.271436818797504475e+00
4.811089060265441475e+01 7.589978381633262494e-02 3.263798935908587939e+00
4.799794761187803260e+01 7.605729491365420536e-02 3.256136986431104940e+00
4.788465148133010274e+01 7.621480601097577190e-02 3.248451080273623504e+00
4.777100390143661457e+01 7.637231710829735232e-02 3.240741332113099560e+00
4.765700663169350548e+01 7.652982820561891886e-02 3.233007861312133802e+00
4.754266149945677711e+01 7.668733930294048540e-02 3.225250791836892894e+00
4.742797039874380971e+01 7.684485040026206581e-02 3.217470252175784307e+00
4.731293528904472367e+01 7.700236149758363235e-02 3.209666375258833693e+00
4.719755819414442755e+01 7.715987259490521277e-02 3.201839298377761267e+00
4.708184120095410918e+01 7.731738369222677931e-02 3.193989163106721207e+00
4.696578645835392507e+01 7.747489478954834585e-02 3.186116115223779577e+00
4.684939617604463535e+01 7.763240588686992627e-02 3.178220304633024185e+00
4.673267262340932149e+01 7.778991698419149281e-02 3.170301885287330812e+00
4.661561812838498042e+01 7.794742808151305935e-02 3.162361015111822216e+00
4.649823507634420139e+01 7.810493917883463977e-02 3.154397855927999039e+00
4.638052590898516314e+01 7.826245027615620631e-02 3.146412573378440047e+00
4.626249315277545548e+01 7.841996137347778673e-02 3.138405338856400384e+00
4.614414099722011287e+01 7.857747247079935327e-02 3.130376436574082710e+00
4.602547604549309312e+01 7.873498356812091981e-02 3.122326314484785037e+00
4.590650505881075105e+01 7.889249466544250022e-02 3.114255431263253993e+00
4.578723475630786055e+01 7.905000576276406676e-02 3.106164242729467784e+00
4.566767181494100214e+01 7.920751686008564718e-02 3.098053201842069893e+00
4.554782286939702374e+01 7.936502795740721372e-02 3.089922758692165150e+00
4.542769451200877029e+01 7.952253905472878026e-02 3.081773360497598535e+00
4.530729329267472139e+01 7.968005015205036068e-02 3.073605451597511529e+00
4.518662571878630985e+01 7.983756124937192722e-02 3.065419473447400733e+00
4.506569825515914829e+01 7.999507234669350764e-02 3.057215864614462930e+00
4.494451732397082822e+01 8.015258344401507418e-02 3.048995060773366017e+00
4.482308930470378527e+01 8.031009454133664072e-02 3.040757494702382324e+00
4.470142053409388438e+01 8.046760563865822113e-02 3.032503596279891855e+00
4.457951730608326102e+01 8.062511673597978767e-02 3.024233792481187511e+00
4.445738587178006895e+01 8.078262783330135421e-02 3.015948507375743493e+00
4.433503243942202943e+01 8.094013893062293463e-02 3.007648162124747948e+00
4.421246317434552253e+01 8.109765002794450117e-02 2.999333174978996208e+00
4.408968419895947477e+01 8.125516112526608159e-02 2.991003961277122425e+00
4.396670159272461831e+01 8.141267222258764813e-02 2.982660933444200690e+00
4.384352139213724087e+01 8.157018331990921467e-02 2.974304500990632594e+00
4.372014959071784546e+01 8.172769441723079509e-02 2.965935070511382943e+00
4.359659213900378916e+01 8.188520551455236163e-02 2.957553045685476167e+00
4.347285494454855836e+01 8.204271661187394205e-02 2.949158827275954575e+00
4.334894387192263565e+01 8.220022770919550859e-02 2.940752813129928533e+00
4.322486474272196944e+01 8.235773880651707513e-02 2.932335398179159558e+00
4.310062391506473745e+01 8.251524990383865554e-02 2.923907013752584216e+00
4.297623105679215172e+01 8.267276100116022208e-02 2.915468315707733460e+00
4.285169691415531901e+01 8.283027209848178862e-02 2.907020033060477626e+00
4.272703207485139387e+01 8.298778319580336904e-02 2.898562884070537748e+00
4.260224696768673880e+01 8.314529429312493558e-02 2.890097576218623843e+00
4.247735186395196649e+01 8.330280539044651600e-02 2.881624806299720731e+00
4.235235687880251021e+01 8.346031648776808254e-02 2.873145260516750010e+00
4.222727197264334364e+01 8.361782758508964908e-02 2.864659614574499802e+00
4.210210695251917201e+01 8.377533868241122950e-02 2.856168533773935092e+00
4.197687147350838188e+01 8.393284977973279604e-02 2.847672673106769192e+00
4.185157504011922214e+01 8.409036087705437645e-02 2.839172677350172425e+00
4.172622700769015580e+01 8.424787197437594299e-02 2.830669181161772130e+00
4.160083658379146954e+01 8.440538307169750953e-02 2.822162809174737053e+00
4.147541282962841080e+01 8.456289416901908995e-02 2.813654176092970083e+00
4.134996466144687588e+01 8.472040526634065649e-02 2.805143886786456875e+00
4.122450085193802494e+01 8.487791636366223691e-02 2.796632536386566059e+00
4.109903003164505009e+01 8.503542746098380345e-02 2.788120710381473799e+00
4.097356069036793969e+01 8.519293855830536999e-02 2.779608984711471109e+00
4.084810117856943634e+01 8.535044965562695041e-02 2.771097925864328904e+00
4.072265970877867858e+01 8.550796075294851695e-02 2.762588090970537369e+00
4.059724435699354217e+01 8.566547185027008349e-02 2.754080027898423655e+00
4.047186306408242018e+01 8.582298294759166390e-02 2.745574275349258020e+00
4.034652363718243606e+01 8.598049404491323044e-02 2.737071362952101516e+00
4.022123375109537591e+01 8.613800514223481086e-02 2.728571811358506238e+00
4.009600094968152462e+01 8.629551623955637740e-02 2.720076132337073904e+00
3.997083264724903984e+01 8.645302733687794394e-02 2.711584828867707575e+00
3.984573613077697729e+01 8.661053843419952436e-02 2.703098395292419021e+00
3.972071967922816782e+01 8.676804953152109090e-02 2.694617393248496029e+00
3.959579472994970217e+01 8.692556062884267132e-02 2.686142598635132384e+00
3.947097310219691479e+01 8.708307172616423786e-02 2.677674813259830700e+00
3.934626637622198331e+01 8.724058282348580440e-02 2.669214822716334812e+00
3.922168589621042400e+01 8.739809392080738482e-02 2.660763396583843754e+00
3.909724277321586783e+01 8.755560501812895136e-02 2.652321288626100948e+00
3.897294788808896016e+01 8.771311611545053177e-02 2.643889236990089042e+00
3.884881189440148574e+01 8.787062721277209831e-02 2.635467964404401453e+00
3.872484522136352325e+01 8.802813831009366485e-02 2.627058178377137398e+00
3.860105807673296852e+01 8.818564940741524527e-02 2.618660571393282677e+00
3.847746044971710688e+01 8.834316050473681181e-02 2.610275821111545547e+00
3.835406211386316500e+01 8.850067160205837835e-02 2.601904590560457642e+00
3.823087262994019397e+01 8.865818269937995877e-02 2.593547528333870478e+00
3.810790134880805624e+01 8.881569379670152531e-02 2.585205268785586874e+00
3.798515741427512182e+01 8.897320489402310573e-02 2.576878432223229431e+00
3.786264976594255671e+01 8.913071599134467227e-02 2.568567625101183527e+00
3.774038714203507539e+01 8.928822708866623881e-02 2.560273440212645468e+00
3.761837808221728352e+01 8.944573818598781922e-02 2.551996456880673225e+00
3.749663093039428219e+01 8.960324928330938576e-02 2.543737241148178008e+00
3.737515383749752118e+01 8.976076038063096618e-02 2.535496345966914866e+00
3.725395476425323693e+01 8.991827147795253272e-02 2.527274311385289796e+00
3.713304148393375925e+01 9.007578257527409926e-02 2.519071664735007321e+00
3.701242158509258928e+01 9.023329367259567968e-02 2.510888920816617187e+00
3.689210247427926959e+01 9.039080476991724622e-02 2.502726582083683482e+00
3.677209137873740019e+01 9.054831586723882664e-02 2.494585138825820003e+00
3.665239534908229757e+01 9.070582696456039318e-02 2.486465069350339618e+00
3.653302126195964661e+01 9.086333806188195972e-02 2.478366840162611773e+00
3.641397582268375999e+01 9.102084915920354014e-02 2.470290906145044652e+00
3.629526610473863713e+01 9.117836025652510668e-02 2.462237747156342138e+00
3.617690145969961435e+01 9.133587135384667322e-02 2.454207997598842006e+00
3.605889170816985256e+01 9.149338245116825363e-02 2.446202323693308589e+00
3.594124642484743504e+01 9.165089354848982017e-02 2.438221374978524203e+00
3.582397494236116131e+01 9.180840464581140059e-02 2.430265784571516097e+00
3.570708635514505858e+01 9.196591574313296713e-02 2.422336169430391095e+00
3.559058952328800274e+01 9.212342684045453367e-02 2.414433130615500467e+00
3.547449307635481830e+01 9.228093793777611409e-02 2.406557253548646802e+00
3.535880541718241687e+01 9.243844903509768063e-02 2.398709108270626444e+00
3.524353472564506262e+01 9.259596013241926105e-02 2.390889249696644292e+00
3.512868896239240968e+01 9.275347122974082759e-02 2.383098217869914048e+00
3.501427587255607676e+01 9.291098232706239413e-02 2.375336538213100201e+00
3.490030298942667031e+01 9.306849342438397454e-02 2.367604721777765153e+00
3.478677763809970713e+01 9.322600452170554108e-02 2.359903265491709146e+00
3.467370693908841162e+01 9.338351561902712150e-02 2.352232652404052438e+00
3.456109781190563979e+01 9.354102671634868804e-02 2.344593351928237812e+00
3.444895697861190342e+01 9.369853781367025458e-02 2.336985820082718934e+00
3.433729096733043207e+01 9.385604891099183500e-02 2.329410499729419826e+00
3.422610611572794426e+01 9.401356000831340154e-02 2.321867820809871308e+00
3.411540857446197350e+01 9.417107110563496808e-02 2.314358200579069713e+00
3.400520431059215554e+01 9.432858220295654850e-02 2.306882043836897989e+00
3.389549911095840429e+01 9.448609330027811504e-02 2.299439743157299265e+00
3.378629858552230303e+01 9.464360439759969545e-02 2.292031679114947540e+00
3.367760817067315315e+01 9.480111549492126199e-02 2.284658220509537152e+00
3.356943313249896477e+01 9.495862659224282853e-02 2.277319724587672845e+00
3.346177857002052747e+01 9.511613768956440895e-02 2.270016537262278256e+00
3.335464941839002506e+01 9.527364878688597549e-02 2.262748993329570801e+00
3.324805045205252441e+01 9.543115988420755591e-02 2.255517416683551879e+00
3.314198628787167422e+01 9.558867098152912245e-02 2.248322120528041701e+00
3.303646139878103583e+01 9.574618207885068899e-02 2.241163408302770943e+00
3.293148060980894343e+01 9.590369317617226941e-02 2.234041607333260515e+00
3.282704929768186730e+01 9.606120427349383595e-02 2.226957082371731289e+00
3.272317272027398616e+01 9.621871537081541637e-02 2.219910190107572401e+00
3.261985596492590389e+01 9.637622646813698291e-02 2.212901275661327993e+00
3.251710395187811287e+01 9.653373756545854945e-02 2.205930672817628224e+00
3.241492143766529921e+01 9.669124866278012986e-02 2.198998704255444636e+00
3.231331301846934423e+01 9.684875976010169640e-02 2.192105681775564641e+00
3.221228313343225835e+01 9.700627085742326294e-02 2.185251906525334409e+00
3.211183606792793199e+01 9.716378195474484336e-02 2.178437669220610218e+00
3.201197595679384733e+01 9.732129305206640990e-02 2.171663250364992415e+00
3.191270678752139389e+01 9.747880414938799032e-02 2.164928920466262952e+00
3.181403240340608818e+01 9.763631524670955686e-02 2.158234940250082445e+00
3.171595650665648591e+01 9.779382634403112340e-02 2.151581560870905019e+00
3.161848266146314756e+01 9.795133744135270382e-02 2.144969024120163770e+00
3.152161429702642081e+01 9.810884853867427036e-02 2.138397562631683790e+00
3.142535471054388196e+01 9.826635963599585077e-02 2.131867400084342279e+00
3.132970707015829248e+01 9.842387073331741731e-02 2.125378751402053012e+00
3.123467441786334220e+01 9.858138183063898385e-02 2.118931822950893995e+00
3.114025967237192205e+01 9.873889292796056427e-02 2.112526812733686921e+00
3.104646563194202358e+01 9.889640402528213081e-02 2.106163910581699383e+00
3.095329497716457823e+01 9.905391512260371123e-02 2.099843298343776254e+00
3.086075027371125401e+01 9.921142621992527777e-02 2.093565150072742576e+00
3.076883397504226636e+01 9.936893731724684431e-02 2.087329632209101948e+00
3.067754842507621760e+01 9.952644841456842473e-02 2.081136903762154766e+00
3.058689586082028100e+01 9.968395951188999127e-02 2.074987116488426597e+00
3.049687841496193741e+01 9.984147060921155781e-02 2.068880415067492429e+00
3.040749811842239581e+01 9.999898170653313823e-02 2.062816937275192775e+00
3.031875690287217040e+01 1.001564928038547048e-01 2.056796814154294051e+00
3.023065660320826709e+01 1.003140039011762852e-01 2.050820170182535929e+00
3.014319895999435772e+01 1.004715149984978517e-01 2.044887123438169585e+00
3.005638561709315226e+01 1.006290260958194183e-01 2.038997785439342625e+00
2.997021762770989639e+01 1.007865371931409987e-01 2.033152227634537734e+00
2.988469503677345074e+01 1.009440482904625652e-01 2.027350453071687930e+00
2.979981773227963870e+01 1.011015593877841456e-01 2.021592454152532969e+00
2.971558555055941753e+01 1.012590704851057122e-01 2.015878219773912683e+00
2.963199827784296758e+01 1.014165815824272787e-01 2.010207735433878540e+00
2.954905565179727489e+01 1.015740926797488591e-01 2.004580983335997768e+00
2.946675736303662418e+01 1.017316037770704257e-01 1.998997942491825386e+00
2.938510305660503263e+01 1.018891148743920061e-01 1.993458588821472421e+00
2.930409233343333852e+01 1.020466259717135726e-01 1.987962895252449291e+00
2.922372475176981865e+01 1.022041370690351392e-01 1.982510831816723940e+00
2.914399982858469329e+01 1.023616481663567196e-01 1.977102365745995405e+00
2.906491704095001083e+01 1.025191592636782861e-01 1.971737461565308491e+00
2.898647582739332762e+01 1.026766703609998527e-01 1.966416081184884979e+00
2.890867558922796476e+01 1.028341814583214331e-01 1.961138183990365436e+00
2.883151569185823249e+01 1.029916925556429996e-01 1.955903726931359277e+00
2.875499546606040369e+01 1.031492036529645800e-01 1.950712664608337921e+00
2.867911420924098564e+01 1.033067147502861466e-01 1.945564949358000062e+00
2.860387118667077644e+01 1.034642258476077131e-01 1.940460531336986261e+00
2.852926563269674887e+01 1.036217369449292935e-01 1.935399358604094289e+00
2.845529675193097674e+01 1.037792480422508601e-01 1.930381377200932835e+00
2.838196372041702276e+01 1.039367591395724405e-01 1.925406531231047991e+00
2.830926568677548261e+01 1.040942702368940070e-01 1.920474762937637081e+00
2.823720177332676329e+01 1.042517813342155736e-01 1.915586012779717962e+00
2.816577107719358608e+01 1.044092924315371540e-01 1.910740219506920523e+00
2.809497267138182863e+01 1.045668035288587205e-01 1.905937320232806931e+00
2.802480560584189462e+01 1.047243146261803010e-01 1.901177250506880467e+00
2.795526890850887014e+01 1.048818257235018675e-01 1.896459944385142649e+00
2.788636158632291995e+01 1.050393368208234340e-01 1.891785334499321847e+00
2.781808262623076544e+01 1.051968479181450145e-01 1.887153352124807171e+00
2.775043099616761921e+01 1.053543590154665810e-01 1.882563927247264512e+00
2.768340564601979992e+01 1.055118701127881475e-01 1.878016988627938089e+00
2.761700550856914660e+01 1.056693812101097280e-01 1.873512463867723854e+00
2.755122938687809153e+01 1.058268923074312945e-01 1.869050271767467963e+00
2.748607416039755691e+01 1.059844034047528749e-01 1.864630200631966161e+00
2.742153514686320293e+01 1.061419145020744415e-01 1.860251932820677911e+00
2.735760766733073268e+01 1.062994255993960080e-01 1.855915150918289847e+00
2.729428709459938318e+01 1.064569366967175884e-01 1.851619541019721815e+00
2.723156885261466442e+01 1.066144477940391549e-01 1.847364792689610624e+00
2.716944841587905302e+01 1.067719588913607354e-01 1.843150598922332906e+00
2.710792130886935070e+01 1.069294699886823019e-01 1.838976656102478069e+00
2.704698310546365292e+01 1.070869810860038684e-01 1.834842663965971177e+00
2.698662942837433931e+01 1.072444921833254489e-01 1.830748325561613932e+00
2.692685594858908615e+01 1.074020032806470154e-01 1.826693347213159679e+00
2.686765838481960955e+01 1.075595143779685958e-01 1.822677438481913770e+00
2.680903250295741103e+01 1.077170254752901624e-01 1.818700312129819308e+00
2.675097411553647220e+01 1.078745365726117289e-01 1.814761684083000537e+00
2.669347908120341373e+01 1.080320476699333093e-01 1.810861273395822035e+00
2.663654330419461402e+01 1.081895587672548759e-01 1.806998802215415312e+00
2.658016273382011008e+01 1.083470698645764424e-01 1.803173995746668146e+00
2.652433336395407082e+01 1.085045809618980228e-01 1.799386582217657571e+00
2.646905123253240077e+01 1.086620920592195894e-01 1.795636292845570470e+00
2.641431242105660715e+01 1.088196031565411698e-01 1.791922861803042277e+00
2.636011305410450234e+01 1.089771142538627363e-01 1.788246026184965753e+00
2.630644929884680039e+01 1.091346253511843029e-01 1.784605525975699658e+00
2.625331736457079401e+01 1.092921364485058833e-01 1.781001104016750602e+00
2.620071350220928252e+01 1.094496475458274498e-01 1.777432505974820165e+00
2.614863400387671888e+01 1.096071586431490302e-01 1.773899480310333399e+00
2.609707520241059342e+01 1.097646697404705968e-01 1.770401778246331936e+00
2.604603347091940790e+01 1.099221808377921633e-01 1.766939153737803636e+00
2.599550522233564109e+01 1.100796919351137437e-01 1.763511363441360391e+00
2.594548690897593346e+01 1.102372030324353103e-01 1.760118166685397778e+00
2.589597502210572699e+01 1.103947141297568907e-01 1.756759325440566677e+00
2.584696609150991264e+01 1.105522252270784572e-01 1.753434604290636134e+00
2.579845668506974476e+01 1.107097363244000238e-01 1.750143770403801424e+00
2.575044340834421419e+01 1.108672474217216042e-01 1.746886593504282770e+00
2.570292290415723357e+01 1.110247585190431707e-01 1.743662845844314413e+00
2.565589184651883770e+01 1.111822696163647373e-01 1.740472301791771148e+00
2.560934577577432592e+01 1.113397807136863177e-01 1.737314658807745937e+00
2.556327769939706585e+01 1.114972918110078842e-01 1.734189442525609692e+00
2.551768037220092822e+01 1.116548029083294646e-01 1.731096161438545833e+00
2.547254664677386771e+01 1.118123140056510312e-01 1.728034330672638230e+00
2.542786947178443313e+01 1.119698251029725977e-01 1.725003471871993321e+00
2.538364189032325413e+01 1.121273362002941781e-01 1.722003113086225223e+00
2.533985703827913838e+01 1.122848472976157447e-01 1.719032788660291189e+00
2.529650814274954485e+01 1.124423583949373251e-01 1.716092039126660751e+00
2.525358852048377400e+01 1.125998694922588916e-01 1.713180411099702205e+00
2.521109157635851972e+01 1.127573805895804582e-01 1.710297457172266000e+00
2.516901080188574724e+01 1.129148916869020386e-01 1.707442735814460599e+00
2.512733977375023642e+01 1.130724027842236051e-01 1.704615811274439618e+00
2.508607215237882571e+01 1.132299138815451855e-01 1.701816253481342800e+00
2.504520168053788609e+01 1.133874249788667521e-01 1.699043637950148344e+00
2.500472218196101437e+01 1.135449360761883186e-01 1.696297545688575159e+00
2.496462756000335048e+01 1.137024471735098990e-01 1.693577563105799211e+00
2.492491179632528997e+01 1.138599582708314656e-01 1.690883281923150072e+00
2.488556894960158417e+01 1.140174693681530321e-01 1.688214299086540748e+00
2.484659315425796322e+01 1.141749804654746125e-01 1.685570216680764233e+00
2.480797861923309711e+01 1.143324915627961791e-01 1.682950641845502693e+00
2.476971962676568140e+01 1.144900026601177595e-01 1.680355186693042402e+00
2.473181053120657324e+01 1.146475137574393260e-01 1.677783468227696861e+00
2.469424575785460263e+01 1.148050248547608926e-01 1.675235108266822648e+00
2.465701980181665220e+01 1.149625359520824730e-01 1.672709733363491491e+00
2.462012722688979238e+01 1.151200470494040395e-01 1.670206974730656047e+00
2.458356266446708460e+01 1.152775581467256200e-01 1.667726468166916831e+00
2.454732081246480035e+01 1.154350692440471865e-01 1.665267853983751767e+00
2.451139643427146808e+01 1.155925803413687530e-01 1.662830776934213217e+00
2.447578435771786332e+01 1.157500914386903335e-01 1.660414886143059876e+00
2.444047947406781418e+01 1.159076025360119000e-01 1.658019835038289092e+00
2.440547673702946341e+01 1.160651136333334804e-01 1.655645281284063408e+00
2.437077116178567593e+01 1.162226247306550470e-01 1.653290886714935848e+00
2.433635782404448022e+01 1.163801358279766135e-01 1.650956317271431439e+00
2.430223185910810457e+01 1.165376469252981939e-01 1.648641242936888851e+00
2.426838846096026003e+01 1.166951580226197605e-01 1.646345337675547027e+00
2.423482288118001549e+01 1.168526691199413270e-01 1.644068279358861684e+00
2.420152984827992881e+01 1.170101802172629074e-01 1.641809710373932196e+00
2.416850230201847793e+01 1.171676913145844739e-01 1.639569151760414289e+00
2.413573290085835055e+01 1.173252024119060544e-01 1.637346105475112390e+00
2.410321439472564364e+01 1.174827135092276209e-01 1.635140079679626268e+00
2.407093962359758876e+01 1.176402246065491874e-01 1.632950588644541456e+00
2.403890151612568360e+01 1.177977357038707679e-01 1.630777152656026630e+00
2.400709308829307886e+01 1.179552468011923344e-01 1.628619297924747578e+00
2.397550744210548501e+01 1.181127578985139148e-01 1.626476556497064685e+00
2.394413776431522933e+01 1.182702689958354814e-01 1.624348466168468175e+00
2.391297732517657337e+01 1.184277800931570479e-01 1.622234570399148534e+00
2.388201947723283780e+01 1.185852911904786283e-01 1.620134418231705009e+00
2.385125765413368271e+01 1.187428022878001949e-01 1.618047564210921330e+00
2.382068536948197846e+01 1.189003133851217753e-01 1.615973568305532737e+00
2.379029621570953879e+01 1.190578244824433418e-01 1.613911995831956769e+00
2.376008386298159536e+01 1.192153355797649084e-01 1.611862417379977153e+00
2.373004205812802425e+01 1.193728466770864888e-01 1.609824408740235135e+00
2.370016462360230847e+01 1.195303577744080553e-01 1.607797550833611755e+00
2.367044545646611908e+01 1.196878688717296219e-01 1.605781429642335389e+00
2.364087852739942264e+01 1.198453799690512023e-01 1.603775636142835470e+00
2.361145787973611831e+01 1.200028910663727688e-01 1.601779766240315706e+00
2.358217762852342148e+01 1.201604021636943492e-01 1.599793420704949121e+00
2.355303195960529905e+01 1.203179132610159158e-01 1.597816205109690912e+00
2.352401512872898337e+01 1.204754243583374823e-01 1.595847729769674039e+00
2.349512146067435125e+01 1.206329354556590627e-01 1.593887609683142248e+00
2.346634534840451636e+01 1.207904465529806293e-01 1.591935464473827055e+00
2.343768125223908427e+01 1.209479576503022097e-01 1.589990918334862391e+00
2.340912369904749468e+01 1.211054687476237762e-01 1.588053599974064589e+00
2.338066728146335294e+01 1.212629798449453428e-01 1.586123142560629029e+00
2.335230665711805287e+01 1.214204909422669232e-01 1.584199183673141276e+00
2.332403654789483838e+01 1.215780020395884897e-01 1.582281365248977112e+00
2.329585173920072805e+01 1.217355131369100563e-01 1.580369333534902498e+00
2.326774707925816088e+01 1.218930242342316367e-01 1.578462739039028895e+00
2.323971747841331847e+01 1.220505353315532032e-01 1.576561236483882134e+00
2.321175790846321974e+01 1.222080464288747836e-01 1.574664484760758487e+00
2.318386340199938189e+01 1.223655575261963502e-01 1.572772146885197175e+00
2.315602905176830006e+01 1.225230686235179167e-01 1.570883889953597512e+00
2.312825001004815206e+01 1.226805797208394971e-01 1.568999385100931176e+00
2.310052148795210769e+01 1.228380908181610637e-01 1.567118307453485349e+00
2.307283862612265679e+01 1.229956019154826441e-01 1.565240327356877570e+00
2.304519623973382636e+01 1.231531130128042106e-01 1.563365093077242918e+00
2.301758913596805911e+01 1.233106241101257772e-01 1.561492252338575248e+00
2.299001218586587925e+01 1.234681352074473576e-01 1.559621457196942007e+00
2.296246032372752666e+01 1.236256463047689241e-01 1.557752363999892253e+00
2.293492854653044333e+01 1.237831574020905046e-01 1.555884633346937607e+00
2.290741191336386962e+01 1.239406684994120711e-01 1.554017930051199592e+00
2.287990554487821981e+01 1.240981795967336376e-01 1.552151923102053077e+00
2.285240462275015361e+01 1.242556906940552180e-01 1.550286285628837302e+00
2.282490438916230957e+01 1.244132017913767846e-01 1.548420694865562330e+00
2.279740014629737388e+01 1.245707128886983511e-01 1.546554832116586731e+00
2.276988725584648066e+01 1.247282239860199315e-01 1.544688382723267139e+00
2.274236113853083907e+01 1.248857350833414981e-01 1.542821036031507775e+00
2.271481727363711656e+01 1.250432461806630924e-01 1.540952485360238100e+00
2.268725119856493677e+01 1.252007572779846589e-01 1.539082427970720479e+00
2.265965850838802709e+01 1.253582683753062255e-01 1.537210565036774224e+00
2.263203485542626225e+01 1.255157794726277920e-01 1.535336601615745034e+00
2.260437594883043744e+01 1.256732905699493585e-01 1.533460246620336198e+00
2.257667755417809019e+01 1.258308016672709251e-01 1.531581212791190971e+00
2.254893549308084744e+01 1.259883127645924916e-01 1.529699216670252770e+00
2.252114564280189768e+01 1.261458238619140859e-01 1.527813978574816156e+00
2.249330393588468979e+01 1.263033349592356525e-01 1.525925222572339646e+00
2.246540635979132006e+01 1.264608460565572190e-01 1.524032676455911339e+00
2.243744895655098404e+01 1.266183571538787855e-01 1.522136071720401773e+00
2.240942782241801723e+01 1.267758682512003521e-01 1.520235143539265588e+00
2.238133910753893119e+01 1.269333793485219464e-01 1.518329630741954261e+00
2.235317901562891407e+01 1.270908904458435129e-01 1.516419275791969001e+00
2.232494380365647757e+01 1.272484015431650795e-01 1.514503824765466522e+00
2.229662978153666586e+01 1.274059126404866460e-01 1.512583027330449914e+00
2.226823331183303623e+01 1.275634237378082125e-01 1.510656636726548374e+00
2.223975080946635074e+01 1.277209348351298068e-01 1.508724409745257677e+00
2.221117874143175186e+01 1.278784459324513734e-01 1.506786106710749085e+00
2.218251362652313219e+01 1.280359570297729399e-01 1.504841491461176739e+00
2.215375203506427937e+01 1.281934681270945064e-01 1.502890331330433593e+00
2.212489058864703395e+01 1.283509792244160730e-01 1.500932397130392282e+00
2.209592595987649233e+01 1.285084903217376673e-01 1.498967463133616951e+00
2.206685487212166663e+01 1.286660014190592338e-01 1.496995307056450342e+00
2.203767409927303333e+01 1.288235125163808004e-01 1.495015710042566059e+00
2.200838046550567029e+01 1.289810236137023669e-01 1.493028456646895874e+00
2.197897084634998777e+01 1.291385347110239334e-01 1.491033334908274277e+00
2.194944255143565215e+01 1.292960458083455277e-01 1.489030162314431749e+00
2.191979385066447250e+01 1.294535569056670943e-01 1.487018821497084531e+00
2.189002318028575189e+01 1.296110680029886608e-01 1.484999206372812131e+00
2.186012900756649202e+01 1.297685791003102274e-01 1.482971212962404639e+00
2.183010983064466259e+01 1.299260901976317939e-01 1.480934739380913578e+00
2.179996417838425060e+01 1.300836012949533882e-01 1.478889685827813105e+00
2.176969061023162411e+01 1.302411123922749547e-01 1.476835954577257803e+00
2.173928771607297605e+01 1.303986234895965213e-01 1.474773449968414196e+00
2.170875411609332062e+01 1.305561345869180878e-01 1.472702078395892400e+00
2.167808846063629247e+01 1.307136456842396544e-01 1.470621748300235510e+00
2.164728943006517525e+01 1.308711567815612486e-01 1.468532370158490918e+00
2.161635573462523396e+01 1.310286678788828152e-01 1.466433856474875563e+00
2.158528611430626398e+01 1.311861789762043817e-01 1.464326121771445610e+00
2.155407933870699466e+01 1.313436900735259483e-01 1.462209082578900921e+00
2.152273420689957817e+01 1.315012011708475148e-01 1.460082657427392183e+00
2.149124954729502690e+01 1.316587122681690813e-01 1.457946766837391550e+00
2.145962421750988725e+01 1.318162233654906756e-01 1.455801333310646539e+00
2.142785710423280676e+01 1.319737344628122422e-01 1.453646281321130385e+00
2.139594712309232705e+01 1.321312455601338087e-01 1.451481537306073655e+00
2.136389321852467305e+01 1.322887566574553753e-01 1.449307029656991430e+00
2.133169436364284977e+01 1.324462677547769418e-01 1.447122688710807736e+00
2.129934956010546188e+01 1.326037788520985361e-01 1.444928446740951333e+00
2.126685783798628648e+01 1.327612899494201026e-01 1.442724237948513011e+00
2.123421825564429710e+01 1.329188010467416692e-01 1.440509998453424423e+00
2.120142989959352064e+01 1.330763121440632357e-01 1.438285666285629816e+00
2.116849188437407037e+01 1.332338232413848023e-01 1.436051181376339025e+00
2.113540335242243273e+01 1.333913343387063966e-01 1.433806485549224519e+00
2.110216347394257497e+01 1.335488454360279631e-01 1.431551522511681274e+00
2.106877144677692471e+01 1.337063565333495296e-01 1.429286237846070007e+00
2.103522649627768359e+01 1.338638676306710962e-01 1.427010579000991708e+00
2.100152787517807695e+01 1.340213787279926627e-01 1.424724495282549297e+00
2.096767486346326947e+01 1.341788898253142570e-01 1.422427937845593515e+00
2.093366676824235384e+01 1.343364009226358236e-01 1.420120859685036763e+00
2.089950292361876549e+01 1.344939120199573901e-01 1.417803215627064795e+00
2.086518269056197283e+01 1.346514231172789566e-01 1.415474962320426799e+00
2.083070545677827923e+01 1.348089342146005232e-01 1.413136058227679293e+00
2.079607063658195543e+01 1.349664453119221175e-01 1.410786463616435782e+00
2.076127767076564723e+01 1.351239564092436840e-01 1.408426140550578909e+00
2.072632602647116329e+01 1.352814675065652505e-01 1.406055052881494793e+00
2.069121519705929657e+01 1.354389786038868171e-01 1.403673166239242542e+00
2.065594470198044164e+01 1.355964897012083836e-01 1.401280448023775493e+00
2.062051409061694329e+01 1.357540007985299779e-01 1.398876867665601598e+00
2.058492367728631223e+01 1.359115118958515445e-01 1.396462446487735098e+00
2.054917538859080750e+01 1.360690229931731110e-01 1.394037315189115667e+00
2.051327135249303524e+01 1.362265340904946775e-01 1.391601618128785800e+00
2.047721368703896161e+01 1.363840451878162441e-01 1.389155498993052573e+00
2.044100450030702021e+01 1.365415562851378384e-01 1.386699100792032180e+00
2.040464589035779142e+01 1.366990673824594049e-01 1.384232565856242880e+00
2.036813994518595550e+01 1.368565784797809715e-01 1.381756035833337837e+00
2.033148874267341100e+01 1.370140895771025380e-01 1.379269651684929654e+00
2.029469435054437554e+01 1.371716006744241045e-01 1.376773553683544593e+00
2.025775882632196812e+01 1.373291117717456711e-01 1.374267881409673153e+00
2.022068421728598864e+01 1.374866228690672654e-01 1.371752773748911025e+00
2.018347256043270121e+01 1.376441339663888319e-01 1.369228368889225056e+00
2.014612588243597813e+01 1.378016450637103985e-01 1.366694804318322909e+00
2.010864619960961974e+01 1.379591561610319650e-01 1.364152216821093999e+00
2.007103551787184870e+01 1.381166672583535315e-01 1.361600742477200976e+00
2.003329583271057146e+01 1.382741783556751258e-01 1.359040516658722053e+00
1.999542912915040915e+01 1.384316894529966924e-01 1.356471674027918795e+00
1.995743738172128801e+01 1.385892005503182589e-01 1.353894348535098935e+00
1.991932255442801036e+01 1.387467116476398254e-01 1.351308673416558692e+00
1.988108660072178679e+01 1.389042227449613920e-01 1.348714781192643875e+00
1.984273146347261374e+01 1.390617338422829863e-01 1.346112803665884261e+00
1.980425907494330318e+01 1.392192449396045528e-01 1.343502871919227681e+00
1.976567135676486586e+01 1.393767560369261194e-01 1.340885116314366687e+00
1.972697021991311317e+01 1.395342671342476859e-01 1.338259666490159372e+00
1.968815756468652012e+01 1.396917782315692524e-01 1.335626651361119910e+00
1.964923528068561964e+01 1.398492893288908467e-01 1.332986199116025672e+00
1.961020524679329924e+01 1.400068004262124133e-01 1.330338437216577407e+00
1.957106933115684910e+01 1.401643115235339798e-01 1.327683492396183329e+00
1.953182939117072436e+01 1.403218226208555464e-01 1.325021490658789380e+00
1.949248727346088828e+01 1.404793337181771129e-01 1.322352557277817198e+00
1.945304481387029583e+01 1.406368448154987072e-01 1.319676816795176455e+00
1.941350383744551422e+01 1.407943559128202737e-01 1.316994393020363807e+00
1.937386615842458326e+01 1.409518670101418403e-01 1.314305409029631555e+00
1.933413358022564665e+01 1.411093781074634068e-01 1.311609987165222702e+00
1.929430789543770075e+01 1.412668892047849734e-01 1.308908249034739013e+00
1.925439088581135749e+01 1.414244003021065677e-01 1.306200315510516630e+00
1.921438432225135529e+01 1.415819113994281342e-01 1.303486306729117805e+00
1.917428996481008241e+01 1.417394224967497007e-01 1.300766342090892147e+00
1.913410956268214491e+01 1.418969335940712673e-01 1.298040540259606246e+00
1.909384485419965927e+01 1.420544446913928338e-01 1.295309019162123709e+00
1.905349756682940310e+01 1.422119557887144281e-01 1.292571895988216424e+00
1.901306941717025367e+01 1.423694668860359946e-01 1.289829287190386253e+00
1.897256211095174194e+01 1.425269779833575612e-01 1.287081308483768893e+00
1.893197734340620642e+01 1.426844890806791277e-01 1.284328074871379455e+00
1.889131734129189155e+01 1.428420001780006943e-01 1.281569737414466115e+00
1.885058593436834684e+01 1.429995112753222608e-01 1.278806555920424692e+00
1.880978721055898006e+01 1.431570223726438551e-01 1.276038807710249356e+00
1.876892520953256493e+01 1.433145334699654216e-01 1.273266766831385732e+00
1.872800392290686844e+01 1.434720445672869882e-01 1.270490704071540966e+00
1.868702729445908872e+01 1.436295556646085547e-01 1.267710886972965412e+00
1.864599922034314616e+01 1.437870667619301213e-01 1.264927579847185068e+00
1.860492354931292525e+01 1.439445778592517156e-01 1.262141043790153905e+00
1.856380408295209605e+01 1.441020889565732821e-01 1.259351536697841167e+00
1.852264457590983326e+01 1.442596000538948486e-01 1.256559313282221035e+00
1.848144873614166883e+01 1.444171111512164152e-01 1.253764625087615991e+00
1.844022022515694559e+01 1.445746222485379817e-01 1.250967720507478509e+00
1.839896265827073307e+01 1.447321333458595760e-01 1.248168844801487154e+00
1.835767960486118966e+01 1.448896444431811426e-01 1.245368240112999514e+00
1.831637458863206902e+01 1.450471555405027091e-01 1.242566145486863505e+00
1.827505108787959642e+01 1.452046666378242756e-01 1.239762796887523111e+00
1.823371253576440054e+01 1.453621777351458422e-01 1.236958427217465184e+00
1.819236232058731417e+01 1.455196888324674365e-01 1.234153266335926480e+00
1.815100378606995690e+01 1.456771999297890030e-01 1.231347541077931762e+00
1.810964023163867864e+01 1.458347110271105695e-01 1.228541475273555506e+00
1.806827491271329933e+01 1.459922221244321361e-01 1.225735289767508895e+00
1.802691104099861619e+01 1.461497332217537026e-01 1.222929202438915341e+00
1.798555178477997174e+01 1.463072443190752969e-01 1.220123428221363326e+00
1.794420026922211164e+01 1.464647554163968635e-01 1.217318179123179078e+00
1.790285957667119021e+01 1.466222665137184300e-01 1.214513664247913294e+00
1.786153274695994853e+01 1.467797776110399965e-01 1.211710089815046798e+00
1.782022277771561036e+01 1.469372887083615631e-01 1.208907659180877392e+00
1.777893262467063806e+01 1.470947998056831574e-01 1.206106572859597215e+00
1.773766520197611030e+01 1.472523109030047239e-01 1.203307028544559065e+00
1.769642338251767910e+01 1.474098220003262905e-01 1.200509221129704374e+00
1.765520999823348802e+01 1.475673330976478570e-01 1.197713342731134167e+00
1.761402784043469438e+01 1.477248441949694235e-01 1.194919582708851458e+00
1.757287966012763292e+01 1.478823552922910178e-01 1.192128127688616424e+00
1.753176816833831353e+01 1.480398663896125844e-01 1.189339161583960580e+00
1.749069603643842186e+01 1.481973774869341509e-01 1.186552865618303310e+00
1.744966589647289368e+01 1.483548885842557175e-01 1.183769418347171420e+00
1.740868034148948951e+01 1.485123996815772840e-01 1.180988995680560594e+00
1.736774192586911880e+01 1.486699107788988505e-01 1.178211770905341682e+00
1.732685316565795475e+01 1.488274218762204448e-01 1.175437914707791576e+00
1.728601653890082446e+01 1.489849329735420114e-01 1.172667595196211554e+00
1.724523448597494735e+01 1.491424440708635779e-01 1.169900977923566954e+00
1.720450940992552091e+01 1.492999551681851444e-01 1.167138225910250293e+00
1.716384367680131007e+01 1.494574662655067110e-01 1.164379499666853279e+00
1.712323961599192401e+01 1.496149773628283053e-01 1.161624957217042065e+00
1.708269952056473784e+01 1.497724884601498718e-01 1.158874754120415185e+00
1.704222564760303982e+01 1.499299995574714384e-01 1.156129043495445652e+00
1.700182029393203109e+01 1.500875106547930049e-01 1.153387981156658304e+00
1.696148643279015289e+01 1.502450217521145714e-01 1.150651768805837749e+00
1.692122738232425050e+01 1.504025328494361657e-01 1.147920631543039915e+00
1.688104641169000431e+01 1.505600439467577323e-01 1.145194791144804158e+00
1.684094673740244730e+01 1.507175550440792988e-01 1.142474465816576190e+00
1.680093152386625377e+01 1.508750661414008654e-01 1.139759870228682415e+00
1.676100388390810281e+01 1.510325772387224319e-01 1.137051215552446370e+00
1.672116687931009338e+01 1.511900883360440262e-01 1.134348709496372676e+00
1.668142352134561790e+01 1.513475994333655927e-01 1.131652556342502169e+00
1.664177677131560884e+01 1.515051105306871593e-01 1.128962956982787924e+00
1.660222954108613180e+01 1.516626216280087258e-01 1.126280108955568293e+00
1.656278469362749561e+01 1.518201327253302924e-01 1.123604206482138324e+00
1.652344504355295385e+01 1.519776438226518867e-01 1.120935440503293412e+00
1.648421335765895179e+01 1.521351549199734532e-01 1.118273998715980211e+00
1.644509235546532366e+01 1.522926660172950197e-01 1.115620065609944200e+00
1.640608470975547561e+01 1.524501771146165863e-01 1.112973822504375043e+00
1.636719304711714784e+01 1.526076882119381528e-01 1.110335447584587021e+00
1.632841994848253364e+01 1.527651993092597471e-01 1.107705115938667717e+00
1.628976794966861164e+01 1.529227104065813136e-01 1.105082999594127147e+00
1.625123954191644060e+01 1.530802215039028802e-01 1.102469267554486709e+00
1.621283717243063549e+01 1.532377326012244467e-01 1.099864085835875693e+00
1.617456324491740105e+01 1.533952436985460133e-01 1.097267617503530079e+00
1.613642012012248728e+01 1.535527547958676076e-01 1.094680022708288236e+00
1.609841011636748931e+01 1.537102658931891741e-01 1.092101458722973151e+00
1.606053551008528046e+01 1.538677769905107406e-01 1.089532079978714041e+00
1.602279853635462459e+01 1.540252880878323072e-01 1.086972038101216453e+00
1.598520138943277757e+01 1.541827991851538737e-01 1.084421481946889587e+00
1.594774622328719360e+01 1.543403102824754403e-01 1.081880557638922769e+00
1.591043515212545145e+01 1.544978213797970346e-01 1.079349408603228255e+00
1.587327025092331390e+01 1.546553324771186011e-01 1.076828175604269910e+00
1.583625355595149031e+01 1.548128435744401676e-01 1.074316996780795286e+00
1.579938706530022152e+01 1.549703546717617342e-01 1.071816007681423155e+00
1.576267273940182712e+01 1.551278657690833007e-01 1.069325341300095600e+00
1.572611250155145513e+01 1.552853768664048950e-01 1.066845128111400198e+00
1.568970823842547979e+01 1.554428879637264616e-01 1.064375496105740337e+00
1.565346180059790271e+01 1.556003990610480281e-01 1.061916570824369410e+00
1.561737500305416226e+01 1.557579101583695946e-01 1.059468475394244935e+00
1.558144962570283454e+01 1.559154212556911612e-01 1.057031330562739679e+00
1.554568741388460218e+01 1.560729323530127555e-01 1.054605254732173814e+00
1.551009007887897972e+01 1.562304434503343220e-01 1.052190363994189415e+00
1.547465929840815768e+01 1.563879545476558885e-01 1.049786772163928683e+00
1.543939671713863504e+01 1.565454656449774551e-01 1.047394590814068938e+00
1.540430394717926355e+01 1.567029767422990216e-01 1.045013929308601597e+00
1.536938256857779983e+01 1.568604878396206159e-01 1.042644894836526115e+00
1.533463412981321738e+01 1.570179989369421825e-01 1.040287592445244158e+00
1.530006014828621375e+01 1.571755100342637490e-01 1.037942125073835653e+00
1.526566211080612590e+01 1.573330211315853155e-01 1.035608593586088366e+00
1.523144147407523086e+01 1.574905322289068821e-01 1.033287096803356953e+00
1.519739966516980090e+01 1.576480433262284764e-01 1.030977731537193520e+00
1.516353797031617034e+01 1.578055544235500429e-01 1.028680585044020157e+00
1.512985717307197220e+01 1.579630655208716095e-01 1.026395710479671486e+00
1.509635791089272594e+01 1.581205766181931760e-01 1.024123151088548678e+00
1.509635791089272594e+01 1.581205766181931760e-01 1.024123151088549122e+00
1.172872509115801165e+01 1.826842454521749870e-01 7.963449372106542468e-01
9.943504332857358463e+00 2.073525430377324841e-01 5.375932568479433460e-01
7.865083595235486058e+00 2.322407203492417860e-01 4.463656923566739487e-01
6.834486672382908523e+00 2.568837818198746459e-01 4.152658738388197435e-01
5.753403982813506623e+00 2.811184729179193598e-01 2.630488819153787849e-01
5.030950747048656524e+00 3.057758170190760794e-01 1.979807477160012708e-01
4.376903615612846465e+00 3.308749588216616799e-01 1.685207056097775824e-01
3.810478864886852168e+00 3.553458836143503774e-01 1.372241292223985998e-01
3.437057806370304114e+00 3.797183506574301481e-01 1.417534997700220789e-01
3.024962601289144182e+00 4.042043120935024936e-01 7.916793265985411221e-02
2.744241515106597085e+00 4.287407985369371399e-01 5.960774685858014760e-02
2.493140590054742756e+00 4.533371424922238990e-01 5.023202377434701077e-02
2.244358046562600961e+00 4.779959634912051558e-01 7.326324361721407719e-02
2.045303440159286001e+00 5.026629933946460405e-01 4.947530827635428230e-02
1.893239244594829174e+00 5.271487506500315279e-01 5.285159349834693543e-02
1.758468235741076802e+00 5.515427964227138657e-01 3.656169788621139310e-02
1.636884093679424668e+00 5.762240530263548210e-01 3.189181447233114391e-02
1.523160038942684702e+00 6.007285446297923048e-01 2.462244760010567218e-02
1.416257606855163553e+00 6.252568531449649303e-01 4.066762625270257947e-02
1.353777881971753194e+00 6.499965502683907603e-01 3.825833402249244342e-02
1.282474614709561367e+00 6.746857991314229031e-01 2.850532211262164078e-02
1.236844153885707787e+00 6.991270364754236244e-01 2.202620874299368592e-02
1.198128478224123716e+00 7.235756604093172006e-01 1.958600155293940479e-02
1.185119620775818561e+00 7.479714013051395050e-01 2.429666650453718782e-02
1.176946426141685098e+00 7.726132299420060967e-01 1.997650245762016760e-02
1.165242051117942212e+00 7.972349387995918413e-01 2.179908082555627805e-02
1.122692228130069747e+00 8.217736356692634248e-01 2.694694433441155446e-02
1.086411753587962714e+00 8.463200505719705724e-01 1.980621046927662221e-02
1.055294537791453990e+00 8.708218859006343626e-01 1.841943101860391355e-02
1.039304455748435663e+00 8.954790463233904818e-01 1.738672340808606123e-02
1.020695912281772033e+00 9.199626960429320155e-01 1.834555363786691609e-02
1.021791313282262470e+00 9.443606208269833546e-01 2.465610916752366405e-02
1.022885931813883431e+00 9.688687146412832130e-01 2.395025223473471951e-02
1.019682499390249131e+00 9.930926048855095445e-01 2.998691284562466502e-02
1.040877456098878273e+00 1.017620455362175491e+00 2.198816354135827572e-02
1.073907536683046615e+00 1.042409919186157552e+00 2.861690112885696691e-02
1.127244791516511357e+00 1.066789561870425063e+00 2.452344078867730107e-02
1.151253043339941717e+00 1.090909765172895618e+00 3.240967803014722926e-02
1.136902362056767535e+00 1.115651582439790346e+00 5.584304927961072224e-02
1.167430108956081236e+00 1.140641543091339027e+00 3.583508804573949658e-02
1.185093349745492963e+00 1.164692026865203012e+00 6.722443997363701518e-02
1.227949121067374305e+00 1.188605021497627590e+00 5.399772113337664159e-02
1.314106303105947005e+00 1.214006438167991364e+00 5.172553438919287594e-02
1.415436236004866899e+00 1.240498485730926914e+00 7.067347933717295361e-02
1.604106757005739681e+00 1.264816150349954427e+00 1.415978423449252288e-01
1.694704604444717155e+00 1.284554513240047102e+00 2.003215303088071164e-01
1.846394091558008377e+00 1.309527810458392949e+00 3.007439636828134755e-01
2.662766066637114015e+00 1.335814856768205550e+00 4.229231745916335328e-01
2.516106691818073671e+00 1.360349523175663267e+00 3.251018634505179694e+00
