1.535405391838038647e-01 7.669903939428205850e-04 1.055359494855675519e-02
1.830052353951487354e-01 9.245014912643925459e-04 1.257884815366996575e-02
2.119259251345333717e-01 1.082012588585964507e-03 1.456670912357948232e-02
2.403043552215548551e-01 1.239523685907536251e-03 1.651729792577090461e-02
2.681401283839562333e-01 1.397034783229108429e-03 1.843058725377190107e-02
2.954318707076495354e-01 1.554545880550680173e-03 2.030648267172302859e-02
3.221788397020096117e-01 1.712056977872252134e-03 2.214493314459890783e-02
3.483809208799392154e-01 1.869568075193824095e-03 2.394593080313938208e-02
3.740395354073379197e-01 2.027079172515396273e-03 2.570957333105284084e-02
3.991561023416784759e-01 2.184590269836968017e-03 2.743595826712517949e-02
4.237343306916644403e-01 2.342101367158539761e-03 2.912534054973115599e-02
4.477779814716566498e-01 2.499612464480111939e-03 3.077797869184961330e-02
4.712914398649278858e-01 2.657123561801683683e-03 3.239417410865261943e-02
4.942806274649755860e-01 2.814634659123255861e-03 3.397433382032881422e-02
5.167517652878717005e-01 2.972145756444827605e-03 3.551888542785017894e-02
5.387109930242477418e-01 3.129656853766399783e-03 3.702825094229192371e-02
5.601653115189370036e-01 3.287167951087971527e-03 3.850291156608477705e-02
5.811224286669783856e-01 3.444679048409543271e-03 3.994339710069082228e-02
6.015900739794526331e-01 3.602190145731115449e-03 4.135023883334878331e-02
6.215757629632746584e-01 3.759701243052687193e-03 4.272395334174057535e-02
6.410873947175017573e-01 3.917212340374259805e-03 4.406508356971903378e-02
6.601331949044572101e-01 4.074723437695831549e-03 4.537419490743326705e-02
6.787216130051687557e-01 4.232234535017403293e-03 4.665186812919062259e-02
6.968608900731354527e-01 4.389745632338975037e-03 4.789866968305124539e-02
7.145589893847552609e-01 4.547256729660546781e-03 4.911514692409163496e-02
7.318239869290256161e-01 4.704767826982118525e-03 5.030185495467847517e-02
7.486640473844193844e-01 4.862278924303691137e-03 5.145935497324153479e-02
7.650873823472054136e-01 5.019790021625262881e-03 5.258821140310090958e-02
7.811022101291179576e-01 5.177301118946834625e-03 5.368898912916370003e-02
7.967164708473410961e-01 5.334812216268406369e-03 5.476223391465985524e-02
8.119377193522336889e-01 5.492323313589978981e-03 5.580846504153938459e-02
8.267734812239481146e-01 5.649834410911550725e-03 5.682819977986725002e-02
8.412312621698205817e-01 5.807345508233122469e-03 5.782195403375225279e-02
8.553185294222056534e-01 5.964856605554694213e-03 5.879024106272878747e-02
8.690426960434390891e-01 6.122367702876265957e-03 5.973357040295999149e-02
8.824111077266563186e-01 6.279878800197838569e-03 6.065244695999313929e-02
8.954309567266933723e-01 6.437389897519410313e-03 6.154736509280803181e-02
9.081089256419404565e-01 6.594900994840982057e-03 6.241878412919516644e-02
9.204514938639085653e-01 6.752412092162553801e-03 6.326714942953873266e-02
9.324650930884633704e-01 6.909923189484126413e-03 6.409290307586706925e-02
9.441560986046454440e-01 7.067434286805698157e-03 6.489648327309062437e-02
9.555308216682417699e-01 7.224945384127269901e-03 6.567832382479987796e-02
9.665955030238808643e-01 7.382456481448841645e-03 6.643885368800736546e-02
9.773563074348585733e-01 7.539967578770413389e-03 6.717849659715562083e-02
9.878193190980780747e-01 7.697478676091986001e-03 6.789767074896353727e-02
9.979905013705131500e-01 7.854989773413558612e-03 6.859678603422852960e-02
1.007875321186235240e+00 8.012500870735128622e-03 6.927621822216499525e-02
1.017478931927238373e+00 8.170011968056702101e-03 6.993632153001405616e-02
1.026806444102880578e+00 8.327523065378272110e-03 7.057744722817002603e-02
1.035862924946904462e+00 8.485034162699845589e-03 7.119994361248171977e-02
1.044653394136075608e+00 8.642545260021415598e-03 7.180415570997360220e-02
1.053182820064961556e+00 8.800056357342989077e-03 7.239042502279283142e-02
1.061456116619599266e+00 8.957567454664562556e-03 7.295908930644766366e-02
1.069478140398924859e+00 9.115078551986132566e-03 7.351048237882280845e-02
1.077253688338130511e+00 9.272589649307706045e-03 7.404493395682092138e-02
1.084787495693066539e+00 9.430100746629276054e-03 7.456276951782066231e-02
1.092084229001451634e+00 9.587611843950849533e-03 7.506430981586630080e-02
1.099148199466861042e+00 9.745122941272419542e-03 7.554985118114222742e-02
1.105983243667946425e+00 9.902634038593993021e-03 7.601965732053178604e-02
1.112593146931883048e+00 1.006014513591556303e-02 7.647398841815299109e-02
1.118981677179435863e+00 1.021765623323713651e-02 7.691310346169578926e-02
1.125152581665449070e+00 1.037516733055870999e-02 7.733726001837984421e-02
1.131109584038952676e+00 1.053267842788028000e-02 7.774671403288142824e-02
1.136856381696253804e+00 1.069018952520185348e-02 7.814171964539831650e-02
1.142396643402566969e+00 1.084770062252342349e-02 7.852252902817269398e-02
1.147734007159959768e+00 1.100521171984499696e-02 7.888939223894465835e-02
1.152872078301409031e+00 1.116272281716656697e-02 7.924255708994736025e-02
1.157814427792360101e+00 1.132023391448814045e-02 7.958226903116481787e-02
1.162564590722895419e+00 1.147774501180971046e-02 7.990877104669120989e-02
1.167126064974972177e+00 1.163525610913128394e-02 8.022230356312361199e-02
1.171502301238788846e+00 1.179276720645285742e-02 8.052310376333797481e-02
1.175696399827100613e+00 1.195027830377442743e-02 8.081138474704853414e-02
1.179711057218840287e+00 1.210778940109600091e-02 8.108733185648868413e-02
1.183548949405124118e+00 1.226530049841757092e-02 8.135112902566349335e-02
1.187212754569395123e+00 1.242281159573914440e-02 8.160296033926764392e-02
1.190705150426794035e+00 1.258032269306071441e-02 8.184300984980691362e-02
1.194028811760322606e+00 1.273783379038228789e-02 8.207146140824679581e-02
1.197186408140410219e+00 1.289534488770385789e-02 8.228849850726716042e-02
1.200180601815464154e+00 1.305285598502543137e-02 8.249430413626927805e-02
1.203014045761982453e+00 1.321036708234700485e-02 8.268906064735068173e-02
1.205689381883538580e+00 1.336787817966857486e-02 8.287294963151241312e-02
1.208209239348959185e+00 1.352538927699014834e-02 8.304615180443371270e-02
1.210576233060331131e+00 1.368290037431171835e-02 8.320884690117094640e-02
1.212792962242582151e+00 1.384041147163329183e-02 8.336121357921238983e-02
1.214862009146598920e+00 1.399792256895486184e-02 8.350342932933697837e-02
1.216785937858601008e+00 1.415543366627643532e-02 8.363567039377703405e-02
1.218567293208935975e+00 1.431294476359800533e-02 8.375811169121429034e-02
1.220208597939677286e+00 1.447045586091957881e-02 8.387092662209491567e-02
1.221712182264896418e+00 1.462796695824115228e-02 8.397427535347037897e-02
1.223080059068633485e+00 1.478547805556272229e-02 8.406829624074166341e-02
1.224314214822221469e+00 1.494298915288429577e-02 8.415312582383444040e-02
1.225416641292718323e+00 1.510050025020586578e-02 8.422890100667565494e-02
1.226389333707912366e+00 1.525801134752743926e-02 8.429575893106522333e-02
1.227234289033553249e+00 1.541552244484900927e-02 8.435383685826183808e-02
1.227953504356553927e+00 1.557303354217058275e-02 8.440327205785205789e-02
1.228548975368127349e+00 1.573054463949215276e-02 8.444420170348936050e-02
1.229022694941287908e+00 1.588805573681372624e-02 8.447676277511850795e-02
1.229376651797492448e+00 1.604556683413529972e-02 8.450109196732730199e-02
1.229612829257446860e+00 1.620307793145686973e-02 8.451732560348354517e-02
1.229733204071598252e+00 1.636058902877844320e-02 8.452559955534871827e-02
1.229739745325833855e+00 1.651810012610001321e-02 8.452604916786163325e-02
1.229634413418403405e+00 1.667561122342158669e-02 8.451880918881710114e-02
1.229419159104204518e+00 1.683312232074316017e-02 8.450401370317492389e-02
1.229095922602838842e+00 1.699063341806473018e-02 8.448179607175236583e-02
1.228666632767022149e+00 1.714814451538630366e-02 8.445228887406490415e-02
1.228133206308118064e+00 1.730565561270787367e-02 8.441562385509307487e-02
1.227497547075822704e+00 1.746316671002944715e-02 8.437193187577207709e-02
1.226761545389078556e+00 1.762067780735101716e-02 8.432134286700186665e-02
1.225927077341545157e+00 1.777818890467259064e-02 8.426398578190892608e-02
1.224995987503457284e+00 1.793570000199416065e-02 8.419998740685998018e-02
1.223970068496953889e+00 1.809321109931573412e-02 8.412947095757422611e-02
1.222851095063767435e+00 1.825072219663730760e-02 8.405255842076267414e-02
1.221640828908904242e+00 1.840823329395887761e-02 8.396937088705805352e-02
1.220341018167045322e+00 1.856574439128045109e-02 8.388002851433826179e-02
1.218953396908178721e+00 1.872325548860202110e-02 8.378465049374556051e-02
1.217479684680524921e+00 1.888076658592359458e-02 8.368335501826999756e-02
1.215921586088760886e+00 1.903827768324516459e-02 8.357625925375855580e-02
1.214280790405831922e+00 1.919578878056673807e-02 8.346347931223287164e-02
1.212558971216627368e+00 1.935329987788830808e-02 8.334513022739759025e-02
1.210757786091847477e+00 1.951081097520988156e-02 8.322132593222351937e-02
1.208878876290592874e+00 1.966832207253145504e-02 8.309217923850525933e-02
1.206923866490183572e+00 1.982583316985302505e-02 8.295780181829001676e-02
1.204894364541785334e+00 1.998334426717459852e-02 8.281830418708094332e-02
1.202791961250578634e+00 2.014085536449616853e-02 8.267379568872700035e-02
1.200618230179195445e+00 2.029836646181774201e-02 8.252438448191203035e-02
1.198374727473174417e+00 2.045587755913931202e-02 8.237017752815764537e-02
1.196062991707395051e+00 2.061338865646088550e-02 8.221128058126785099e-02
1.193684543752302263e+00 2.077089975378245551e-02 8.204779817813372123e-02
1.191240886658971210e+00 2.092841085110402899e-02 8.187983363083385646e-02
1.188733505561973880e+00 2.108592194842560247e-02 8.170748901995751601e-02
1.186163867599143273e+00 2.124343304574717248e-02 8.153086518908973790e-02
1.183533421847338563e+00 2.140094414306874596e-02 8.135006174039617621e-02
1.180843599273339262e+00 2.155845524039031597e-02 8.116517703124787042e-02
1.178095812699095246e+00 2.171596633771188944e-02 8.097630817183260055e-02
1.175291458134669620e+00 2.187347743503345945e-02 8.078355111677461287e-02
1.172432061612656229e+00 2.203098853235503293e-02 8.058701075778498812e-02
1.169519400468072901e+00 2.218849962967660294e-02 8.038680925982401304e-02
1.166555242302749429e+00 2.234601072699817642e-02 8.018306811884214069e-02
1.163541313672007416e+00 2.250352182431974990e-02 7.997590600946186123e-02
1.160479300931983149e+00 2.266103292164131991e-02 7.976543884321819766e-02
1.157370851073359574e+00 2.281854401896289339e-02 7.955177982586551788e-02
1.154217572541547998e+00 2.297605511628446340e-02 7.933503951375235619e-02
1.151021036043249568e+00 2.313356621360603688e-02 7.911532586926046939e-02
1.147782775339375450e+00 2.329107731092760689e-02 7.889274431530617082e-02
1.144504288024346783e+00 2.344858840824918036e-02 7.866739778890526058e-02
1.141187036291789303e+00 2.360609950557075037e-02 7.843938679380314805e-02
1.137832447686682569e+00 2.376361060289232385e-02 7.820880945217380253e-02
1.134441915844016657e+00 2.392112170021389733e-02 7.797576155539102938e-02
1.131016801214010714e+00 2.407863279753546734e-02 7.774033661387645677e-02
1.127558431774053460e+00 2.423614389485704082e-02 7.750262590603479440e-02
1.124068103727354329e+00 2.439365499217861083e-02 7.726271852627528136e-02
1.120547082188513288e+00 2.455116608950018431e-02 7.702070143213450570e-02
1.116996601856097504e+00 2.470867718682175432e-02 7.677665949050578587e-02
1.113417867672341632e+00 2.486618828414332780e-02 7.653067552298371823e-02
1.109812055470121628e+00 2.502369938146489781e-02 7.628283035033364690e-02
1.106180312607339955e+00 2.518121047878647129e-02 7.603320283609633912e-02
1.102523758588901392e+00 2.533872157610804476e-02 7.578186992933924615e-02
1.098843485676372467e+00 2.549623267342961477e-02 7.552890670656139949e-02
1.095140559485567877e+00 2.565374377075118825e-02 7.527438641276872067e-02
1.091416019572154728e+00 2.581125486807275826e-02 7.501838050172499051e-02
1.087670880005464413e+00 2.596876596539433174e-02 7.476095867539321593e-02
1.083906129930747309e+00 2.612627706271590175e-02 7.450218892258182735e-02
1.080122734119910222e+00 2.628378816003747523e-02 7.424213755679993920e-02
1.076321633511035269e+00 2.644129925735904524e-02 7.398086925334063091e-02
1.072503745736832492e+00 2.659881035468061872e-02 7.371844708560454373e-02
1.068669965642102371e+00 2.675632145200219220e-02 7.345493256066734644e-02
1.064821169978359183e+00 2.691383254932376221e-02 7.319038594196435044e-02
1.060958427355095157e+00 2.707134364664533568e-02 7.292488068027154491e-02
1.057083083615200758e+00 2.722885474396690569e-02 7.265850928197711833e-02
1.053196462514792042e+00 2.738636584128847917e-02 7.239136273533690324e-02
1.049299841585213500e+00 2.754387693861004918e-02 7.212352885135131508e-02
1.045394453483246000e+00 2.770138803593162266e-02 7.185509235657165650e-02
1.041481487307994280e+00 2.785889913325319267e-02 7.158613498361640626e-02
1.037562089884895844e+00 2.801641023057476615e-02 7.131673555942730225e-02
1.033637367017326447e+00 2.817392132789633963e-02 7.104697009129852525e-02
1.029708384706286672e+00 2.833143242521790964e-02 7.077691185071152691e-02
1.025776170338706939e+00 2.848894352253948312e-02 7.050663145501319395e-02
1.021841713844891419e+00 2.864645461986105313e-02 7.023619694697268157e-02
1.017905968825636664e+00 2.880396571718262660e-02 6.996567387225369195e-02
1.013969853649595798e+00 2.896147681450419661e-02 6.969512535484177762e-02
1.010034252521426756e+00 2.911898791182577009e-02 6.942461217046344557e-02
1.006100016521337848e+00 2.927649900914734010e-02 6.915419281803909801e-02
1.002167964616525797e+00 2.943401010646891358e-02 6.888392358920431002e-02
9.982388846451778486e-01 2.959152120379048706e-02 6.861385863594492152e-02
9.943135342735417437e-01 2.974903230111205707e-02 6.834405003638137355e-02
9.903926419266909642e-01 2.990654339843363055e-02 6.807454785874457459e-02
9.864769076935202552e-01 3.006405449575520056e-02 6.780540022358086394e-02
9.825670042065836052e-01 3.022156559307677404e-02 6.753665336422746968e-02
9.786635774973250212e-01 3.037907669039834405e-02 6.726835168559665290e-02
9.747672478272887409e-01 3.053658778771991752e-02 6.700053782130914459e-02
9.708786104958505581e-01 3.069409888504148753e-02 6.673325268921309616e-02
9.669982366250525763e-01 3.085160998236306101e-02 6.646653554533009378e-02
9.631266739220696316e-01 3.100912107968463102e-02 6.620042403626270888e-02
9.592644474198839255e-01 3.116663217700620450e-02 6.593495425010509337e-02
9.554120601966665793e-01 3.132414327432777451e-02 6.567016076588942652e-02
9.515699940744456464e-01 3.148165437164934799e-02 6.540607670160883402e-02
9.477387102975435296e-01 3.163916546897092147e-02 6.514273376084971090e-02
9.439186501913107152e-01 3.179667656629248801e-02 6.488016227806978065e-02
9.401102358016826255e-01 3.195418766361406149e-02 6.461839126255790322e-02
9.363138705160310993e-01 3.211169876093563497e-02 6.435744844110820317e-02
9.325299396658074391e-01 3.226920985825720151e-02 6.409736029944285152e-02
9.287588111114679634e-01 3.242672095557877499e-02 6.383815212241678028e-02
9.250008358101421413e-01 3.258423205290034846e-02 6.357984803303622090e-02
9.212563483665062725e-01 3.274174315022192194e-02 6.332247103032305480e-02
9.175256675673059137e-01 3.289925424754349542e-02 6.306604302605517409e-02
9.138090969472995040e-01 3.305676534486506196e-02 6.281058488366647596e-02
9.101069767060502302e-01 3.321427644218663544e-02 6.255611998674288909e-02
9.064197785597614132e-01 3.337178753950820892e-02 6.230268075865461053e-02
9.027479781177659701e-01 3.352929863682978240e-02 6.205029989036573573e-02
8.990920279699037287e-01 3.368680973415134894e-02 6.179900849059757201e-02
8.954523584618715448e-01 3.384432083147292242e-02 6.154883613912237594e-02
8.918293784478937836e-01 3.400183192879449590e-02 6.129981093849787982e-02
8.882234760213562064e-01 3.415934302611606938e-02 6.105195956428758480e-02
8.846350192238275900e-01 3.431685412343764285e-02 6.080530731379512471e-02
8.810643567331088999e-01 3.447436522075920939e-02 6.055987815335730357e-02
8.775118185307494434e-01 3.463187631808078287e-02 6.031569476422583148e-02
8.739777165495727917e-01 3.478938741540235635e-02 6.007277858707483348e-02
8.704623453017491519e-01 3.494689851272392983e-02 5.983114986517149708e-02
8.669659824878404031e-01 3.510440961004549637e-02 5.959082768623856496e-02
8.634888895874138770e-01 3.526192070736706985e-02 5.935183002305025740e-02
8.600313124316184554e-01 3.541943180468864333e-02 5.911417377278813112e-02
8.565934817582455674e-01 3.557694290201021681e-02 5.887787479519323436e-02
8.531756137497267245e-01 3.573445399933179029e-02 5.864294794954526963e-02
8.497779105545563150e-01 3.589196509665335683e-02 5.840940713050257055e-02
8.464005607925311203e-01 3.604947619397493030e-02 5.817726530282960051e-02
8.430437400443241414e-01 3.620698729129650378e-02 5.794653453504795132e-02
8.397076113257484486e-01 3.636449838861807726e-02 5.771722603203464225e-02
8.363923255472123230e-01 3.652200948593964380e-02 5.748935016660280950e-02
8.330980219587011959e-01 3.667952058326121728e-02 5.726291651008746236e-02
8.298248285807614533e-01 3.683703168058279076e-02 5.703793386196923804e-02
8.265728626218364905e-01 3.699454277790436424e-02 5.681441027855974740e-02
8.233422308823702407e-01 3.715205387522593772e-02 5.659235310077775916e-02
8.201330301460444394e-01 3.730956497254750426e-02 5.637176898104082068e-02
8.169453475585088942e-01 3.746707606986907774e-02 5.615266390929723322e-02
8.137792609940042166e-01 3.762458716719065122e-02 5.593504323822581087e-02
8.106348394101712262e-01 3.778209826451222469e-02 5.571891170762368478e-02
8.075121431914581427e-01 3.793960936183379123e-02 5.550427346801038025e-02
8.044112244814052293e-01 3.809712045915536471e-02 5.529113210346739415e-02
8.013321275041578318e-01 3.825463155647693819e-02 5.507949065373734382e-02
7.982748888755200056e-01 3.841214265379851167e-02 5.486935163560417716e-02
7.952395379038935674e-01 3.856965375112008515e-02 5.466071706357816112e-02
7.922260968813236159e-01 3.872716484844165169e-02 5.445358846990105278e-02
7.892345813650395447e-01 3.888467594576322517e-02 5.424796692389755037e-02
7.862650004497198086e-01 3.904218704308479865e-02 5.404385305068955953e-02
7.833173570307605527e-01 3.919969814040637213e-02 5.384124704929189181e-02
7.803916480588697357e-01 3.935720923772793867e-02 5.364014871011169722e-02
7.774878647861642733e-01 3.951472033504951215e-02 5.344055743186405111e-02
7.746059930041344632e-01 3.967223143237108562e-02 5.324247223792831496e-02
7.717460132736340128e-01 3.982974252969265910e-02 5.304589179215658812e-02
7.689079011471702252e-01 3.998725362701423258e-02 5.285081441415265952e-02
7.660916273837716783e-01 4.014476472433579912e-02 5.265723809404103395e-02
7.632971581565819452e-01 4.030227582165737260e-02 5.246516050673580289e-02
7.605244552534793367e-01 4.045978691897894608e-02 5.227457902573032916e-02
7.577734762708996374e-01 4.061729801630051956e-02 5.208549073641941668e-02
7.550441713908132568e-01 4.077480911362208610e-02 5.189789221456540813e-02
7.523364640987828533e-01 4.093232021094365958e-02 5.171177820095538419e-02
7.496502657138967018e-01 4.108983130826523306e-02 5.152714260011503206e-02
7.469854853437519759e-01 4.124734240558680654e-02 5.134397916456327760e-02
7.443420300375950260e-01 4.140485350290838001e-02 5.116228150533858737e-02
7.417198049027197149e-01 4.156236460022994655e-02 5.098204309999946476e-02
7.391187132166674445e-01 4.171987569755152003e-02 5.080325730033653786e-02
7.365386565353034820e-01 4.187738679487309351e-02 5.062591733980119357e-02
7.339795347969633177e-01 4.203489789219466699e-02 5.045001634066401119e-02
7.314412464227321165e-01 4.219240898951623353e-02 5.027554732090763756e-02
7.289236884130613214e-01 4.234992008683780701e-02 5.010250320086741954e-02
7.264267564407811406e-01 4.250743118415938049e-02 4.993087680962490088e-02
7.239503449406672342e-01 4.266494228148095397e-02 4.976066089116401581e-02
7.214943471956599685e-01 4.282245337880252745e-02 4.959184811029742485e-02
7.190586554198454827e-01 4.297996447612409399e-02 4.942443105837014683e-02
7.166431608383199148e-01 4.313747557344566746e-02 4.925840225874911216e-02
7.142477537640328222e-01 4.329498667076724094e-02 4.909375417210488923e-02
7.118723236717012792e-01 4.345249776808881442e-02 4.893047920149229402e-02
7.095167592689265446e-01 4.361000886541038096e-02 4.876856969723839669e-02
7.071809485645553783e-01 4.376751996273195444e-02 4.860801796164156835e-02
7.048647789344316683e-01 4.392503106005352792e-02 4.844881625349064386e-02
7.025681371845845513e-01 4.408254215737510140e-02 4.829095679240840572e-02
7.002909096119802612e-01 4.424005325469667488e-02 4.813443176302718146e-02
6.980329820628695670e-01 4.439756435201824142e-02 4.797923331899949656e-02
6.957942399888534801e-01 4.455507544933981490e-02 4.782535358685151977e-02
6.935745685007436157e-01 4.471258654666138838e-02 4.767278466968542100e-02
6.913738524202539537e-01 4.487009764398296185e-02 4.752151865073220988e-02
6.891919763296421308e-01 4.502760874130452839e-02 4.737154759676391602e-02
6.870288246193498871e-01 4.518511983862610187e-02 4.722286356136804614e-02
6.848842815336998457e-01 4.534263093594767535e-02 4.707545858808874495e-02
6.827582312147429944e-01 4.550014203326924883e-02 4.692932471344042622e-02
6.806505577443058286e-01 4.565765313059082231e-02 4.678445396979803717e-02
6.785611451842742392e-01 4.581516422791238885e-02 4.664083838816587141e-02
6.764898776152358240e-01 4.597267532523396233e-02 4.649847000083368737e-02
6.744366391734626376e-01 4.613018642255553581e-02 4.635734084391870263e-02
6.724013140863640547e-01 4.628769751987710929e-02 4.621744295980251271e-02
6.703837867063953126e-01 4.644520861719867583e-02 4.607876839946163650e-02
6.683839415435358644e-01 4.660271971452024931e-02 4.594130922470009148e-02
6.664016632963412068e-01 4.676023081184182278e-02 4.580505751028360328e-02
6.644368368816393478e-01 4.691774190916339626e-02 4.567000534598079226e-02
6.624893474629198753e-01 4.707525300648496974e-02 4.553614483851470274e-02
6.605590804774514879e-01 4.723276410380653628e-02 4.540346811342634709e-02
6.586459216621773916e-01 4.739027520112810976e-02 4.527196731685500380e-02
6.567497570784490701e-01 4.754778629844968324e-02 4.514163461723806614e-02
6.548704731355854403e-01 4.770529739577125672e-02 4.501246220693039951e-02
6.530079566133722979e-01 4.786280849309282326e-02 4.488444230375093769e-02
6.511620946834846269e-01 4.802031959041439674e-02 4.475756715245506751e-02
6.493327749298876128e-01 4.817783068773597022e-02 4.463182902613686831e-02
6.475198853682564426e-01 4.833534178505754370e-02 4.450722022756401636e-02
6.457233144644507483e-01 4.849285288237911717e-02 4.438373309044754689e-02
6.439429511520617933e-01 4.865036397970068371e-02 4.426135998064797267e-02
6.421786848490822486e-01 4.880787507702225719e-02 4.414009329732114517e-02
6.404304054737245400e-01 4.896538617434383067e-02 4.401992547400542660e-02
6.386980034594230693e-01 4.912289727166540415e-02 4.390084897965289973e-02
6.369813697690355214e-01 4.928040836898697069e-02 4.378285631960558005e-02
6.352803959082785612e-01 4.943791946630854417e-02 4.366594003651878830e-02
6.335949739384477697e-01 4.959543056363011765e-02 4.355009271123553433e-02
6.319249964884141590e-01 4.975294166095169113e-02 4.343530696361107279e-02
6.302703567659300177e-01 4.991045275827326461e-02 4.332157545328995524e-02
6.286309473206207477e-01 5.006796385559483115e-02 4.320889079468055727e-02
6.270066210657784245e-01 5.022547495291640463e-02 4.309724287779138213e-02
6.253971849099092539e-01 5.038298605023797810e-02 4.298661843049623316e-02
6.238024461358802064e-01 5.054049714755955158e-02 4.287700420640060822e-02
6.222222152102023784e-01 5.069800824488111812e-02 4.276838717793737116e-02
6.206563057190681576e-01 5.085551934220269160e-02 4.266075453197049755e-02
6.191045343058939610e-01 5.101303043952426508e-02 4.255409366550199496e-02
6.175667206103007123e-01 5.117054153684583856e-02 4.244839218147759136e-02
6.160426872085875694e-01 5.132805263416741204e-02 4.234363788469542450e-02
6.145322595555325895e-01 5.148556373148897858e-02 4.223981877780560307e-02
6.130352659275739580e-01 5.164307482881055206e-02 4.213692305740483063e-02
6.115515373673152677e-01 5.180058592613212554e-02 4.203493911022177648e-02
6.100809076293062239e-01 5.195809702345369901e-02 4.193385550939066758e-02
6.086232131270619128e-01 5.211560812077526555e-02 4.183366101080935456e-02
6.071782928813153069e-01 5.227311921809683903e-02 4.173434454958263595e-02
6.057459884694400554e-01 5.243063031541841251e-02 4.163589523654571967e-02
6.043261439608033081e-01 5.258814141273998599e-02 4.153830235382079822e-02
6.029186016719942920e-01 5.274565251006155947e-02 4.144155506305303993e-02
6.015231965662337643e-01 5.290316360738312601e-02 4.134564202045446640e-02
6.001397649343556129e-01 5.306067470470469949e-02 4.125055197349050684e-02
5.987681457938487384e-01 5.321818580202627297e-02 4.115627385704289515e-02
5.974081808341551447e-01 5.337569689934784645e-02 4.106279678964992047e-02
5.960597143632565542e-01 5.353320799666941299e-02 4.097011006983493353e-02
5.947225932555086914e-01 5.369071909399098647e-02 4.087820317252069402e-02
5.933966669007081363e-01 5.384823019131255994e-02 4.078706574552867087e-02
5.920817871543189170e-01 5.400574128863413342e-02 4.069668760615766795e-02
5.907778082888845983e-01 5.416325238595570690e-02 4.060705873784425934e-02
5.894845869465468180e-01 5.432076348327727344e-02 4.051816928689919162e-02
5.882019820926588372e-01 5.447827458059884692e-02 4.043000955931880941e-02
5.869298549704695667e-01 5.463578567792042040e-02 4.034257001767055373e-02
5.856680690568397685e-01 5.479329677524199388e-02 4.025584127804889001e-02
5.844164900189783296e-01 5.495080787256356042e-02 4.016981410710165901e-02
5.831749856721486491e-01 5.510831896988513390e-02 4.008447941912308271e-02
5.819434259300475532e-01 5.526583006720670738e-02 3.999982827264296492e-02
5.807216705910606125e-01 5.542334116452828086e-02 3.991585103091611908e-02
5.795095454134783219e-01 5.558085226184985433e-02 3.983253571745461880e-02
5.783068726008375737e-01 5.573836335917142087e-02 3.974987011143470139e-02
5.771134776663449095e-01 5.589587445649299435e-02 3.966784221952258938e-02
5.759291893630419379e-01 5.605338555381456783e-02 3.958644027107423996e-02
5.747538396157245710e-01 5.621089665113614131e-02 3.950565271345581747e-02
5.735872634545625681e-01 5.636840774845770785e-02 3.942546820748109304e-02
5.724292989503853013e-01 5.652591884577928133e-02 3.934587562296330832e-02
5.712797871515552517e-01 5.668342994310085481e-02 3.926686403437617406e-02
5.701385720224232401e-01 5.684094104042242829e-02 3.918842271662355270e-02
5.690055003832908964e-01 5.699845213774400177e-02 3.911054114091288419e-02
5.678804218518415103e-01 5.715596323506556831e-02 3.903320897072935086e-02
5.667631887860122841e-01 5.731347433238714179e-02 3.895641605790922668e-02
5.656536562282533653e-01 5.747098542970871526e-02 3.888015243880857397e-02
5.645516818511346901e-01 5.762849652703028874e-02 3.880440833056444244e-02
5.634571259042676639e-01 5.778600762435185528e-02 3.872917412744666943e-02
5.623698511625193630e-01 5.794351872167342876e-02 3.865444039729823422e-02
5.612897228541825490e-01 5.810102981899500224e-02 3.858019787659813099e-02
5.602165968335580670e-01 5.825854091631657572e-02 3.850643665750491662e-02
5.591503003869546795e-01 5.841605201363814920e-02 3.843314486855876899e-02
5.580906590365873887e-01 5.857356311095971574e-02 3.836031051704506117e-02
5.570375017017292762e-01 5.873107420828128922e-02 3.828792184374563146e-02
5.559906606295804687e-01 5.888858530560286270e-02 3.821596731818709125e-02
5.549499713278903679e-01 5.904609640292443618e-02 3.814443563400964077e-02
5.539152724992603138e-01 5.920360750024600272e-02 3.807331570445125074e-02
5.528864059771183559e-01 5.936111859756757619e-02 3.800259665794707142e-02
5.518632166632704283e-01 5.951862969488914967e-02 3.793226783383687323e-02
5.508455524670365921e-01 5.967614079221072315e-02 3.786231877818165004e-02
5.498332642458513275e-01 5.983365188953229663e-02 3.779273923968078791e-02
5.488262057473748401e-01 5.999116298685386317e-02 3.772351916569303271e-02
5.478242335529770468e-01 6.014867408417543665e-02 3.765464869835193074e-02
5.468272070226396497e-01 6.030618518149701013e-02 3.758611817077868456e-02
5.458349882411763776e-01 6.046369627881858361e-02 3.751791810338556826e-02
5.448474419657530765e-01 6.062120737614015015e-02 3.745003920026866717e-02
5.438644355746750092e-01 6.077871847346172363e-02 3.738247234568791572e-02
5.428858390174007287e-01 6.093622957078329710e-02 3.731520860063123474e-02
5.419115246346762893e-01 6.109374066810487058e-02 3.724823919045144871e-02
5.409413529529639719e-01 6.125125176542643712e-02 3.718155452844766617e-02
5.399751604075608835e-01 6.140876286274801060e-02 3.711514337201494290e-02
5.390127837733376115e-01 6.156627396006958408e-02 3.704899450188892107e-02
5.380540631334472801e-01 6.172378505739115756e-02 3.698309692619974887e-02
5.370988418174804657e-01 6.188129615471273104e-02 3.691743987622107814e-02
5.361469663411844166e-01 6.203880725203429758e-02 3.685201280222684395e-02
5.351982863476528740e-01 6.219631834935587106e-02 3.678680536944881063e-02
5.342526545499750590e-01 6.235382944667744454e-02 3.672180745413460706e-02
5.333099266752884260e-01 6.251134054399902495e-02 3.665700913970216385e-02
5.323699614101971012e-01 6.266885164132059149e-02 3.659240071298815872e-02
5.314326203475050470e-01 6.282636273864215803e-02 3.652797266058657039e-02
5.304977679342228747e-01 6.298387383596373845e-02 3.646371566527506491e-02
5.295652714208366474e-01 6.314138493328530499e-02 3.639962060252789622e-02
5.286350008117537413e-01 6.329889603060687153e-02 3.633567853710988060e-02
5.277068288169447507e-01 6.345640712792845195e-02 3.627188071975245148e-02
5.267806308046948383e-01 6.361391822525001849e-02 3.620821858390608355e-02
5.258562847554680841e-01 6.377142932257158503e-02 3.614468374256910727e-02
5.249336712168313213e-01 6.392894041989316545e-02 3.608126798518943024e-02
5.240126732594200254e-01 6.408645151721473199e-02 3.601796327463782643e-02
5.230931760479496928e-01 6.424396261453631241e-02 3.595476171772151591e-02
5.221750535885184563e-01 6.440147371185787895e-02 3.589165465426115420e-02
5.212581657315797923e-01 6.455898480917944549e-02 3.582863245109045580e-02
5.203423742952617559e-01 6.471649590650102590e-02 3.576568561029106613e-02
5.194275440888287410e-01 6.487400700382259244e-02 3.570280483954007406e-02
5.185135428633647070e-01 6.503151810114417286e-02 3.563998104872033446e-02
5.176002412636151462e-01 6.518902919846573940e-02 3.557720534661024114e-02
5.166875127809397172e-01 6.534654029578730594e-02 3.551446903764993862e-02
5.157752337073449045e-01 6.550405139310888636e-02 3.545176361878178001e-02
5.148632830905747193e-01 6.566156249043045290e-02 3.538908077636348376e-02
5.139515426901954953e-01 6.581907358775203332e-02 3.532641238314963156e-02
5.130398969346897653e-01 6.597658468507359986e-02 3.526375049534252043e-02
5.121282328794686256e-01 6.613409578239516640e-02 3.520108734970613107e-02
5.112164401658439994e-01 6.629160687971674681e-02 3.513841536074613359e-02
5.103044109808672069e-01 6.644911797703831335e-02 3.507572711794933185e-02
5.093920400180359520e-01 6.660662907435987989e-02 3.501301538308287942e-02
5.084792244388594007e-01 6.676414017168146031e-02 3.495027308755252471e-02
5.075658638352172902e-01 6.692165126900302685e-02 3.488749332981525703e-02
5.066518601925112941e-01 6.707916236632460727e-02 3.482466937284661723e-02
5.057371178535902123e-01 6.723667346364617381e-02 3.476179464166104238e-02
5.048215434834021353e-01 6.739418456096774035e-02 3.469886272088227447e-02
5.039050456032304615e-01 6.755169565828932077e-02 3.463586732272907337e-02
5.029875273079938980e-01 6.770920675561088731e-02 3.457280178643950402e-02
5.020688874745969921e-01 6.786671785293246772e-02 3.450965916132683192e-02
5.011490272610821251e-01 6.802422895025403426e-02 3.444643265349811578e-02
5.002278502915018521e-01 6.818174004757560080e-02 3.438311563856141784e-02
4.993052626204345090e-01 6.833925114489718122e-02 3.431970165918674792e-02
4.983811726981715040e-01 6.849676224221874776e-02 3.425618442271324143e-02
4.974554913366066033e-01 6.865427333954032818e-02 3.419255779880458340e-02
4.965281316757862440e-01 6.881178443686189472e-02 3.412881581714973661e-02
4.955990091510930062e-01 6.896929553418346126e-02 3.406495266520744719e-02
4.946680414610597487e-01 6.912680663150504168e-02 3.400096268599393790e-02
4.937351485357755476e-01 6.928431772882660822e-02 3.393684037591112451e-02
4.928002525058798877e-01 6.944182882614817476e-02 3.387258038261567461e-02
4.918632776721112432e-01 6.959933992346975518e-02 3.380817750292570978e-02
4.909241504754150998e-01 6.975685102079132172e-02 3.374362668076636568e-02
4.899827994675713949e-01 6.991436211811290213e-02 3.367892300515073351e-02
4.890391552823367682e-01 7.007187321543446867e-02 3.361406170819641881e-02
4.880931506070754211e-01 7.022938431275603521e-02 3.354903816317551801e-02
4.871447201548875783e-01 7.038689541007761563e-02 3.348384788259896327e-02
4.861938006371915311e-01 7.054440650739918217e-02 3.341848651633188422e-02
4.852403307367506025e-01 7.070191760472076259e-02 3.335294984973954241e-02
4.842842510811530277e-01 7.085942870204232913e-02 3.328723380186470598e-02
4.833255044156568592e-01 7.101693979936389567e-02 3.322133443730786173e-02
4.823640380326237875e-01 7.117445089668547609e-02 3.315524813321434755e-02
4.813998029232687825e-01 7.133196199400704263e-02 3.308897152096976213e-02
4.804327518623768833e-01 7.148947309132862304e-02 3.302250135455326446e-02
4.794628393432325275e-01 7.164698418865018958e-02 3.295583450606492937e-02
4.784900215545713209e-01 7.180449528597175612e-02 3.288896796414150087e-02
4.775142563578542165e-01 7.196200638329333654e-02 3.282189883239430145e-02
4.765355032648759259e-01 7.211951748061490308e-02 3.275462432787031725e-02
4.755537234156663740e-01 7.227702857793646962e-02 3.268714177953295497e-02
4.745688795567035712e-01 7.243453967525805004e-02 3.261944862676485063e-02
4.735809360194096485e-01 7.259205077257961658e-02 3.255154241788953823e-02
4.725898586989356609e-01 7.274956186990119700e-02 3.248342080871331750e-02
4.715956150332220598e-01 7.290707296722276354e-02 3.241508156108603711e-02
4.705981739823154042e-01 7.306458406454433008e-02 3.234652254147930839e-02
4.695975060079584651e-01 7.322209516186591050e-02 3.227774171958369687e-02
4.685935830534247448e-01 7.337960625918747704e-02 3.220873716692268518e-02
4.675863785236014092e-01 7.353711735650905745e-02 3.213950705548365705e-02
4.665758672653034789e-01 7.369462845383062399e-02 3.207004965636466032e-02
4.655620255478296055e-01 7.385213955115219053e-02 3.200036333843817027e-02
4.645448310437361727e-01 7.400965064847377095e-02 3.193044656702935524e-02
4.635242628098310003e-01 7.416716174579533749e-02 3.186029790260981598e-02
4.625003012683813752e-01 7.432467284311691791e-02 3.178991599950588970e-02
4.614729281885362466e-01 7.448218394043848445e-02 3.171929960462169240e-02
4.604421274462319746e-01 7.463969503776005099e-02 3.164844760967117088e-02
4.594078969154769543e-01 7.479720613508163141e-02 3.157735986852448773e-02
4.583702458026566728e-01 7.495471723240319795e-02 3.150603701398172612e-02
4.573291843782429367e-01 7.511222832972476449e-02 3.143447975198281064e-02
4.562847236563807862e-01 7.526973942704634490e-02 3.136268883958399922e-02
4.552368753826632197e-01 7.542725052436791144e-02 3.129066508411756237e-02
4.541856520220546312e-01 7.558476162168949186e-02 3.121840934236167625e-02
4.531310667468814168e-01 7.574227271901105840e-02 3.114592251971501011e-02
4.520731334249673550e-01 7.589978381633262494e-02 3.107320556938116332e-02
4.510118666078478111e-01 7.605729491365420536e-02 3.100025949155857038e-02
4.499472815191049024e-01 7.621480601097577190e-02 3.092708533263877763e-02
4.488793940427966422e-01 7.637231710829735232e-02 3.085368418441106209e-02
4.478082207119953861e-01 7.652982820561891886e-02 3.078005718327463461e-02
4.467337786974196479e-01 7.668733930294048540e-02 3.070620550945728222e-02
4.456560857961702204e-01 7.684485040026206581e-02 3.063213038624108472e-02
4.445751604205612773e-01 7.700236149758363235e-02 3.055783307919478914e-02
4.434910215870522254e-01 7.715987259490521277e-02 3.048331489541298081e-02
4.424036889052669341e-01 7.731738369222677931e-02 3.040857718276138849e-02
4.413131825671198771e-01 7.747489478954834585e-02 3.033362132912939893e-02
4.402195233360252646e-01 7.763240588686992627e-02 3.025844876168840361e-02
4.391227325362010436e-01 7.778991698419149281e-02 3.018306094615654661e-02
4.380228320420661015e-01 7.794742808151305935e-02 3.010745938607004707e-02
4.369198442677318384e-01 7.810493917883463977e-02 3.003164562206080829e-02
4.358137921565719552e-01 7.826245027615620631e-02 2.995562123113950509e-02
4.347046994484947691e-01 7.841996137347778673e-02 2.987938784506657258e-02
4.335926055101100296e-01 7.857747247079935327e-02 2.980294816970235558e-02
4.324775723880252554e-01 7.873498356812091981e-02 2.972630646981474362e-02
4.313596636138904983e-01 7.889249466544250022e-02 2.964946711224590928e-02
4.302389423239367794e-01 7.905000576276406676e-02 2.957243443665893631e-02
4.291154712580688146e-01 7.920751686008564718e-02 2.949521275547543203e-02
4.279893127590043145e-01 7.936502795740721372e-02 2.941780635381642528e-02
4.268605287714821728e-01 7.952253905472878026e-02 2.934021948944789612e-02
4.257291808415080148e-01 7.968005015205036068e-02 2.926245639272890761e-02
4.245953301156701887e-01 7.983756124937192722e-02 2.918452126656463988e-02
4.234590373404944486e-01 7.999507234669350764e-02 2.910641828636199510e-02
4.223203628618591443e-01 8.015258344401507418e-02 2.902815159998941436e-02
4.211793666244581513e-01 8.031009454133664072e-02 2.894972532773995230e-02
4.200361081713180345e-01 8.046760563865822113e-02 2.887114356229811968e-02
4.188906466433550135e-01 8.062511673597978767e-02 2.879241036870939380e-02
4.177430407789962108e-01 8.078262783330135421e-02 2.871352978435418729e-02
4.165933489138378132e-01 8.094013893062293463e-02 2.863450581892439117e-02
4.154416289803540829e-01 8.109765002794450117e-02 2.855534245440334920e-02
4.142879385076523868e-01 8.125516112526608159e-02 2.847604364504897206e-02
4.131323346212780190e-01 8.141267222258764813e-02 2.839661331738044248e-02
4.119748740430616007e-01 8.157018331990921467e-02 2.831705537016758825e-02
4.108156130910128323e-01 8.172769441723079509e-02 2.823737367442366933e-02
4.096546076792506597e-01 8.188520551455236163e-02 2.815757207340055870e-02
4.084919133179971684e-01 8.204271661187394205e-02 2.807765438258828447e-02
4.073275851135852443e-01 8.220022770919550859e-02 2.799762438971561962e-02
4.061616777685382873e-01 8.235773880651707513e-02 2.791748585475553254e-02
4.049942510268013662e-01 8.251524990383865554e-02 2.783724288420261553e-02
4.038253957320737109e-01 8.267276100116022208e-02 2.775690172219026641e-02
4.026552128613138937e-01 8.283027209848178862e-02 2.767646930936047342e-02
4.014838019016311876e-01 8.298778319580336904e-02 2.759595248395066425e-02
4.003112608471202649e-01 8.314529429312493558e-02 2.751535798157595664e-02
3.991376862117818614e-01 8.330280539044651600e-02 2.743469243611741312e-02
3.979631730424952329e-01 8.346031648776808254e-02 2.735396238061357094e-02
3.967878149320299142e-01 8.361782758508964908e-02 2.727317424815494523e-02
3.956117040321080469e-01 8.377533868241122950e-02 2.719233437278170337e-02
3.944349310665029584e-01 8.393284977973279604e-02 2.711144899038414602e-02
3.932575853441586666e-01 8.409036087705437645e-02 2.703052423960440945e-02
3.920797547723476884e-01 8.424787197437594299e-02 2.694956616274081160e-02
3.909015258698413930e-01 8.440538307169750953e-02 2.686858070665322160e-02
3.897229837800948449e-01 8.456289416901908995e-02 2.678757372366926195e-02
3.885442122844552371e-01 8.472040526634065649e-02 2.670655097249217610e-02
3.873652938153597791e-01 8.487791636366223691e-02 2.662551811910801591e-02
3.861863094695552334e-01 8.503542746098380345e-02 2.654448073769426555e-02
3.850073390212970792e-01 8.519293855830536999e-02 2.646344431152710536e-02
3.838284609355610000e-01 8.535044965562695041e-02 2.638241423388947363e-02
3.826497523812318335e-01 8.550796075294851695e-02 2.630139580897760537e-02
3.814712892442809755e-01 8.566547185027008349e-02 2.622039425280685634e-02
3.802931461409381209e-01 8.582298294759166390e-02 2.613941469411694071e-02
3.791153964308289770e-01 8.598049404491323044e-02 2.605846217527504199e-02
3.779381122300932150e-01 8.613800514223481086e-02 2.597754165317744252e-02
3.767613644244804938e-01 8.629551623955637740e-02 2.589665800014966449e-02
3.755852226824065165e-01 8.645302733687794394e-02 2.581581600484391878e-02
3.744097554758411550e-01 8.661053843419952436e-02 2.573502037367480719e-02
3.732350405979123487e-01 8.676804953152109090e-02 2.565427645374586743e-02
3.720611855194500550e-01 8.692556062884267132e-02 2.557359163205477626e-02
3.708883012998780981e-01 8.708307172616423786e-02 2.549297354226092924e-02
3.697164967528313584e-01 8.724058282348580440e-02 2.541242966365956854e-02
3.685458784737487559e-01 8.739809392080738482e-02 2.533196732307845325e-02
3.673765508674492475e-01 8.755560501812895136e-02 2.525159369677331192e-02
3.662086161756537561e-01 8.771311611545053177e-02 2.517131581231946830e-02
3.650421745044613586e-01 8.787062721277209831e-02 2.509114055050053541e-02
3.638773238517601372e-01 8.802813831009366485e-02 2.501107464719239462e-02
3.627141601345667543e-01 8.818564940741524527e-02 2.493112469524242161e-02
3.615527772162911435e-01 8.834316050473681181e-02 2.485129714634355669e-02
3.603932669338968942e-01 8.850067160205837835e-02 2.477159831290110664e-02
3.592357191249817006e-01 8.865818269937995877e-02 2.469203436989412734e-02
3.580802216547349648e-01 8.881569379670152531e-02 2.461261135672840328e-02
3.569268604427903169e-01 8.897320489402310573e-02 2.453333517908213787e-02
3.557757194899522912e-01 8.913071599134467227e-02 2.445421161074292499e-02
3.546268809047948833e-01 8.928822708866623881e-02 2.437524629543613361e-02
3.534804249301258250e-01 8.944573818598781922e-02 2.429644474864380704e-02
3.523364299693019230e-01 8.960324928330938576e-02 2.421781235941355276e-02
3.511949726124063975e-01 8.976076038063096618e-02 2.413935439215771778e-02
3.500561276622627949e-01 8.991827147795253272e-02 2.406107598844156939e-02
3.489199681602871417e-01 9.007578257527409926e-02 2.398298216876017935e-02
3.477865654121882755e-01 9.023329367259567968e-02 2.390507783430491015e-02
3.466559890134782718e-01 9.039080476991724622e-02 2.382736776871694981e-02
3.455283068748236097e-01 9.054831586723882664e-02 2.374985663982976877e-02
3.444035852472068782e-01 9.070582696456039318e-02 2.367254900139859758e-02
3.432818887469075708e-01 9.086333806188195972e-02 2.359544929481751513e-02
3.421632803802930889e-01 9.102084915920354014e-02 2.351856185082343634e-02
3.410478266132309644e-01 9.117836025652510668e-02 2.344189123794169355e-02
3.399356153176334994e-01 9.133587135384667322e-02 2.336544349604015650e-02
3.388267387726248137e-01 9.149338245116825363e-02 2.328922496791602237e-02
3.377212869466863499e-01 9.165089354848982017e-02 2.321324183754461604e-02
3.366193475336995422e-01 9.180840464581140059e-02 2.313750013255691865e-02
3.355210059893530827e-01 9.196591574313296713e-02 2.306200572674186114e-02
3.344263455673156527e-01 9.212342684045453367e-02 2.298676434253276932e-02
3.333354473551404240e-01 9.228093793777611409e-02 2.291178155347522311e-02
3.322483903099361369e-01 9.243844903509768063e-02 2.283706278667886613e-02
3.311652512937467985e-01 9.259596013241926105e-02 2.276261332524929029e-02
3.300861051086761422e-01 9.275347122974082759e-02 2.268843831070227468e-02
3.290110245317164339e-01 9.291098232706239413e-02 2.261454274535772135e-02
3.279400803493000005e-01 9.306849342438397454e-02 2.254093149471460972e-02
3.268733413915572150e-01 9.322600452170554108e-02 2.246760928980569283e-02
3.258108745662649519e-01 9.338351561902712150e-02 2.239458072953086701e-02
3.247527448925033311e-01 9.354102671634868804e-02 2.232185028297069967e-02
3.236990155339952713e-01 9.369853781367025458e-02 2.224942229167788457e-02
3.226497478321352919e-01 9.385604891099183500e-02 2.217730097194762010e-02
3.216050013386968498e-01 9.401356000831340154e-02 2.210549041706559581e-02
3.205648338482246507e-01 9.417107110563496808e-02 2.203399459953456554e-02
3.195293014300891188e-01 9.432858220295654850e-02 2.196281737327760580e-02
3.184984584602292834e-01 9.448609330027811504e-02 2.189196247581990176e-02
3.174723576525499968e-01 9.464360439759969545e-02 2.182143353044691328e-02
3.164510500899874179e-01 9.480111549492126199e-02 2.175123404833956969e-02
3.154345852552442597e-01 9.495862659224282853e-02 2.168136743068696873e-02
3.144230110611794804e-01 9.511613768956440895e-02 2.161183697077505295e-02
3.134163738808631861e-01 9.527364878688597549e-02 2.154264585605260643e-02
3.124147185772842561e-01 9.543115988420755591e-02 2.147379717017301737e-02
3.114180885327201831e-01 9.558867098152912245e-02 2.140529389501322211e-02
3.104265257770123521e-01 9.574618207885068899e-02 2.133713891949052047e-02
3.094400756484541049e-01 9.590369317617226941e-02 2.126933535992837215e-02
3.084587886693607728e-01 9.606120427349383595e-02 2.120188668897347861e-02
3.074827142452541962e-01 9.621871537081541637e-02 2.113479630250989991e-02
3.065119001792404041e-01 9.637622646813698291e-02 2.106806748627977621e-02
3.055463927042722516e-01 9.653373756545854945e-02 2.100170341810088034e-02
3.045862365150439066e-01 9.669124866278012986e-02 2.093570717005895088e-02
3.036314747994970920e-01 9.684875976010169640e-02 2.087008171067323073e-02
3.026821492699514060e-01 9.700627085742326294e-02 2.080482990703616530e-02
3.017383001938468423e-01 9.716378195474484336e-02 2.073995452692659752e-02
3.007999664241107762e-01 9.732129305206640990e-02 2.067545824089693507e-02
2.998671854291354300e-01 9.747880414938799032e-02 2.061134362433370351e-02
2.989399933223793604e-01 9.763631524670955686e-02 2.054761315949217917e-02
2.980184248915798695e-01 9.779382634403112340e-02 2.048426923750430034e-02
2.971025136275904366e-01 9.795133744135270382e-02 2.042131416036084210e-02
2.961922917528316268e-01 9.810884853867427036e-02 2.035875014286693541e-02
2.952877902493622475e-01 9.826635963599585077e-02 2.029657931457155493e-02
2.943890388865796903e-01 9.842387073331741731e-02 2.023480372167151681e-02
2.934960662485239791e-01 9.858138183063898385e-02 2.017342532888821358e-02
2.926088997608291553e-01 9.873889292796056427e-02 2.011244602132007675e-02
2.917275657172769820e-01 9.889640402528213081e-02 2.005186760626782860e-02
2.908520893059928225e-01 9.905391512260371123e-02 1.999169181503495166e-02
2.899824946352652089e-01 9.921142621992527777e-02 1.993192030470243917e-02
2.891188047589896559e-01 9.936893731724684431e-02 1.987255465987772599e-02
2.882610417017558158e-01 9.952644841456842473e-02 1.981359639441895165e-02
2.874092264835622079e-01 9.968395951188999127e-02 1.975504695313380285e-02
2.865633791441690725e-01 9.984147060921155781e-02 1.969690771345337932e-02
2.857235187670914001e-01 9.999898170653313823e-02 1.963917998708132606e-02
2.848896635032373559e-01 1.001564928038547048e-01 1.958186502161867251e-02
2.840618305941840505e-01 1.003140039011762852e-01 1.952496400216363961e-02
2.832400363951073641e-01 1.004715149984978517e-01 1.946847805288774713e-02
2.824242963525341876e-01 1.006290260958194183e-01 1.941240823550662367e-02
2.816146203628889233e-01 1.007865371931409987e-01 1.935675523025008268e-02
2.808110088483449229e-01 1.009440482904625652e-01 1.930151906613617602e-02
2.800134607564568889e-01 1.011015593877841456e-01 1.924669967082518265e-02
2.792219745493114691e-01 1.012590704851057122e-01 1.919229693860875080e-02
2.784365482182243889e-01 1.014165815824272787e-01 1.913831073142017308e-02
2.776571792981882281e-01 1.015740926797488591e-01 1.908474087982735615e-02
2.768838648820654003e-01 1.017316037770704257e-01 1.903158718400850200e-02
2.761166016345183438e-01 1.018891148743920061e-01 1.897884941470945330e-02
2.753553858057008474e-01 1.020466259717135726e-01 1.892652731418490580e-02
2.746002132447004640e-01 1.022041370690351392e-01 1.887462059712224222e-02
2.738510794127365089e-01 1.023616481663567196e-01 1.882312895154879956e-02
2.731079793961257440e-01 1.025191592636782861e-01 1.877205203972300354e-02
2.723709079190022031e-01 1.026766703609998527e-01 1.872138949900869695e-02
2.716398593558171926e-01 1.028341814583214331e-01 1.867114094273429614e-02
2.709148277436033703e-01 1.029916925556429996e-01 1.862130596103578686e-02
2.701958067940118946e-01 1.031492036529645800e-01 1.857188412168409367e-02
2.694827899051354669e-01 1.033067147502861466e-01 1.852287497089770765e-02
2.687757701731041116e-01 1.034642258476077131e-01 1.847427803413976416e-02
2.680747404034726222e-01 1.036217369449292935e-01 1.842609281690072223e-02
2.673796931223924589e-01 1.037792480422508601e-01 1.837831880546629201e-02
2.666906205875715363e-01 1.039367591395724405e-01 1.833095546767072453e-02
2.660075147990382249e-01 1.040942702368940070e-01 1.828400225363671638e-02
2.653303675096918002e-01 1.042517813342155736e-01 1.823745859650053452e-02
2.646591702356619336e-01 1.044092924315371540e-01 1.819132391312413069e-02
2.639939142664646243e-01 1.045668035288587205e-01 1.814559760479318717e-02
2.633345906749757215e-01 1.047243146261803010e-01 1.810027905790263444e-02
2.626811903272043835e-01 1.048818257235018675e-01 1.805536764462845403e-02
2.620337038918814088e-01 1.050393368208234340e-01 1.801086272358670692e-02
2.613921218498695964e-01 1.051968479181450145e-01 1.796676364048034602e-02
2.607564345033903108e-01 1.053543590154665810e-01 1.792306972873346574e-02
2.601266319850690789e-01 1.055118701127881475e-01 1.787978031011298874e-02
2.595027042668092143e-01 1.056693812101097280e-01 1.783689469533856695e-02
2.588846401016079435e-01 1.058268923074312945e-01 1.779441211134852666e-02
2.582724101672811967e-01 1.059844034047528749e-01 1.775233054268521293e-02
2.576659704670145601e-01 1.061419145020744415e-01 1.771064696523159260e-02
2.570652770351908312e-01 1.062994255993960080e-01 1.766935835701499355e-02
2.564702863923997156e-01 1.064569366967175884e-01 1.762846172948211165e-02
2.558809555398261493e-01 1.066144477940391549e-01 1.758795412711330539e-02
2.552972419537125059e-01 1.067719588913607354e-01 1.754783262704198710e-02
2.547191035798843095e-01 1.069294699886823019e-01 1.750809433867831638e-02
2.541464988283650417e-01 1.070869810860038684e-01 1.746873640333903785e-02
2.535793865680490700e-01 1.072444921833254489e-01 1.742975599388138161e-02
2.530177261214485718e-01 1.074020032806470154e-01 1.739115031434190425e-02
2.524614772595139001e-01 1.075595143779685958e-01 1.735291659958057217e-02
2.519106001965192299e-01 1.077170254752901624e-01 1.731505211492915738e-02
2.513650555850142632e-01 1.078745365726117289e-01 1.727755415584422694e-02
2.508248045108449897e-01 1.080320476699333093e-01 1.724042004756498603e-02
2.502898084882411167e-01 1.081895587672548759e-01 1.720364714477550655e-02
2.497600294549658095e-01 1.083470698645764424e-01 1.716723283127142424e-02
2.492354297675284658e-01 1.085045809618980228e-01 1.713117451963083737e-02
2.487159721964640191e-01 1.086620920592195894e-01 1.709546965088986487e-02
2.482016199216703911e-01 1.088196031565411698e-01 1.706011569422215615e-02
2.476923365278116407e-01 1.089771142538627363e-01 1.702511014662291822e-02
2.471880859997750424e-01 1.091346253511843029e-01 1.699045053259666191e-02
2.466888327181956109e-01 1.092921364485058833e-01 1.695613440384958343e-02
2.461945414550297251e-01 1.094496475458274498e-01 1.692215933898532157e-02
2.457051773691961982e-01 1.096071586431490302e-01 1.688852294320534325e-02
2.452207060022674467e-01 1.097646697404705968e-01 1.685522284801277415e-02
2.447410932742215550e-01 1.099221808377921633e-01 1.682225671092041006e-02
2.442663054792419963e-01 1.100796919351137437e-01 1.678962221516203113e-02
2.437963092815846611e-01 1.102372030324353103e-01 1.675731706940831664e-02
2.433310717114873234e-01 1.103947141297568907e-01 1.672533900748565672e-02
2.428705601611350628e-01 1.105522252270784572e-01 1.669368578809887413e-02
2.424147423806847501e-01 1.107097363244000238e-01 1.666235519455793943e-02
2.419635864743312492e-01 1.108672474217216042e-01 1.663134503450761081e-02
2.415170608964290200e-01 1.110247585190431707e-01 1.660065313966081063e-02
2.410751343943720038e-01 1.111822696163647373e-01 1.657027736187251590e-02
2.406377650630935894e-01 1.113397807136863177e-01 1.654021482080179559e-02
2.402048871974408750e-01 1.114972918110078842e-01 1.651046100021096377e-02
2.397764327181503841e-01 1.116548029083294646e-01 1.648101122067805943e-02
2.393523344646911466e-01 1.118123140056510312e-01 1.645186086593010757e-02
2.389325261793518451e-01 1.119698251029725977e-01 1.642300538174937957e-02
2.385169424916564196e-01 1.121273362002941781e-01 1.639444027490216324e-02
2.381055189031053010e-01 1.122848472976157447e-01 1.636616111208997332e-02
2.376981917722395810e-01 1.124423583949373251e-01 1.633816351892294558e-02
2.372948983000120748e-01 1.125998694922588916e-01 1.631044317891429396e-02
2.368955765154631410e-01 1.127573805895804582e-01 1.628299583249577173e-02
2.365001652617000349e-01 1.129148916869020386e-01 1.625581727605393545e-02
2.361086041821547354e-01 1.130724027842236051e-01 1.622890336098559844e-02
2.357208337071400872e-01 1.132299138815451855e-01 1.620224999277372624e-02
2.353367950406708708e-01 1.133874249788667521e-01 1.617585313008166117e-02
2.349564301475689232e-01 1.135449360761883186e-01 1.614970878386673414e-02
2.345796817408185853e-01 1.137024471735098990e-01 1.612381301651113694e-02
2.342064932691980683e-01 1.138599582708314656e-01 1.609816194097179673e-02
2.338368089051496845e-01 1.140174693681530321e-01 1.607275171994664714e-02
2.334705735329084264e-01 1.141749804654746125e-01 1.604757856505860392e-02
2.331077327368688556e-01 1.143324915627961791e-01 1.602263873605598229e-02
2.327482327901879144e-01 1.144900026601177595e-01 1.599792854002914447e-02
2.323920206436231872e-01 1.146475137574393260e-01 1.597344433064324526e-02
2.320390439145936512e-01 1.148050248547608926e-01 1.594918250738636481e-02
2.316892508764683278e-01 1.149625359520824730e-01 1.592513951483322601e-02
2.313425904480625461e-01 1.151200470494040395e-01 1.590131184192329281e-02
2.309990121833560006e-01 1.152775581467256200e-01 1.587769602125393281e-02
2.306584662614126757e-01 1.154350692440471865e-01 1.585428862838767633e-02
2.303209034765053287e-01 1.155925803413687530e-01 1.583108628117333924e-02
2.299862752284373146e-01 1.157500914386903335e-01 1.580808563908084330e-02
2.296545335130594223e-01 1.159076025360119000e-01 1.578528340254937989e-02
2.293256309129794446e-01 1.160651136333334804e-01 1.576267631234881325e-02
2.289995205884511886e-01 1.162226247306550470e-01 1.574026114895347994e-02
2.286761562684522242e-01 1.163801358279766135e-01 1.571803473192885311e-02
2.283554922419357702e-01 1.165376469252981939e-01 1.569599391933032898e-02
2.280374833492548603e-01 1.166951580226197605e-01 1.567413560711366366e-02
2.277220849719559514e-01 1.168526691199413270e-01 1.565245672843355862e-02
2.274092475766005539e-01 1.170101802172629074e-01 1.563095387861360847e-02
2.270989048217539330e-01 1.171676913145844739e-01 1.560962249768138056e-02
2.267909877227904381e-01 1.173252024119060544e-01 1.558845784398490454e-02
2.264854281545188031e-01 1.174827135092276209e-01 1.556745523494538347e-02
2.261821588379115122e-01 1.176402246065491874e-01 1.554661004614499471e-02
2.258811133271674265e-01 1.177977357038707679e-01 1.552591771043767589e-02
2.255822259970955423e-01 1.179552468011923344e-01 1.550537371708189671e-02
2.252854320308144698e-01 1.181127578985139148e-01 1.548497361089524495e-02
2.249906674077627455e-01 1.182702689958354814e-01 1.546471299143025585e-02
2.246978688920035494e-01 1.184277800931570479e-01 1.544458751217059507e-02
2.244069740208276265e-01 1.185852911904786283e-01 1.542459287974763497e-02
2.241179210936400656e-01 1.187428022878001949e-01 1.540472485317661601e-02
2.238306491611247728e-01 1.189003133851217753e-01 1.538497924311186399e-02
2.235450980146805322e-01 1.190578244824433418e-01 1.536535191112066261e-02
2.232612081761268796e-01 1.192153355797649084e-01 1.534583876897570656e-02
2.229789208876610807e-01 1.193728466770864888e-01 1.532643577796479611e-02
2.226981781020766493e-01 1.195303577744080553e-01 1.530713894821847387e-02
2.224189224732212311e-01 1.196878688717296219e-01 1.528794433805421432e-02
2.221410973466957928e-01 1.198453799690512023e-01 1.526884805333703944e-02
2.218646467507924824e-01 1.200028910663727688e-01 1.524984624685674778e-02
2.215895153876565049e-01 1.201604021636943492e-01 1.523093511772032407e-02
2.213156486246734278e-01 1.203179132610159158e-01 1.521211091075999611e-02
2.210429924860735640e-01 1.204754243583374823e-01 1.519336991595616679e-02
2.207714936447514320e-01 1.206329354556590627e-01 1.517470846787510527e-02
2.205010994142838354e-01 1.207904465529806293e-01 1.515612294512032852e-02
2.202317577411620209e-01 1.209479576503022097e-01 1.513760976979865690e-02
2.199634171972112417e-01 1.211054687476237762e-01 1.511916540699919514e-02
2.196960269722087744e-01 1.212629798449453428e-01 1.510078636428590672e-02
2.194295368666824286e-01 1.214204909422669232e-01 1.508246919120267114e-02
2.191638972849013489e-01 1.215780020395884897e-01 1.506421047879144375e-02
2.188990592280347092e-01 1.217355131369100563e-01 1.504600685912206408e-02
2.186349742874957314e-01 1.218930242342316367e-01 1.502785500483473820e-02
2.183715946384422457e-01 1.220505353315532032e-01 1.500975162869330227e-02
2.181088730334537762e-01 1.222080464288747836e-01 1.499169348315061712e-02
2.178467627963641684e-01 1.223655575261963502e-01 1.497367735992466940e-02
2.175852178162528128e-01 1.225230686235179167e-01 1.495570008958554097e-02
2.173241925415870524e-01 1.226805797208394971e-01 1.493775854115277947e-02
2.170636419736765577e-01 1.228380908181610637e-01 1.491984962164551523e-02
2.168035204516542969e-01 1.229956019154826441e-01 1.490197019256823269e-02
2.165437792563945640e-01 1.231531130128042106e-01 1.488411690521625717e-02
2.162843695936790267e-01 1.233106241101257772e-01 1.486628640572345769e-02
2.160252432693305913e-01 1.234681352074473576e-01 1.484847538146745818e-02
2.157663526835909285e-01 1.236256463047689241e-01 1.483068056068322267e-02
2.155076508256469903e-01 1.237831574020905046e-01 1.481289871208680067e-02
2.152490912683181767e-01 1.239406684994120711e-01 1.479512664451016965e-02
2.149906281628822524e-01 1.240981795967336376e-01 1.477736120654560281e-02
2.147322162340491447e-01 1.242556906940552180e-01 1.475959928620015210e-02
2.144738107750720491e-01 1.244132017913767846e-01 1.474183781055966522e-02
2.142153676429936482e-01 1.245707128886983511e-01 1.472407374546200187e-02
2.139568432540265297e-01 1.247282239860199315e-01 1.470630409517950654e-02
2.136981945790585868e-01 1.248857350833414981e-01 1.468852590211008544e-02
2.134393791392867890e-01 1.250432461806630924e-01 1.467073624647709067e-02
2.131803550019655547e-01 1.252007572779846589e-01 1.465293224603708352e-02
2.129210807762830227e-01 1.253582683753062255e-01 1.463511105579638066e-02
2.126615156093397407e-01 1.255157794726277920e-01 1.461726986773467622e-02
2.124016191822469257e-01 1.256732905699493585e-01 1.459940591053682235e-02
2.121413517063287790e-01 1.258308016672709251e-01 1.458151644933182445e-02
2.118806739194327160e-01 1.259883127645924916e-01 1.456359878543920031e-02
2.116195470823352132e-01 1.261458238619140859e-01 1.454565025612196937e-02
2.113579329752525993e-01 1.263033349592356525e-01 1.452766823434677515e-02
2.110957938944434120e-01 1.264608460565572190e-01 1.450965012855038802e-02
2.108330926489049573e-01 1.266183571538787855e-01 1.449159338241264722e-02
2.105697925571599349e-01 1.267758682512003521e-01 1.447349547463554556e-02
2.103058574441281914e-01 1.269333793485219464e-01 1.445535391872825731e-02
2.100412516380865680e-01 1.270908904458435129e-01 1.443716626279813522e-02
2.097759399677057712e-01 1.272484015431650795e-01 1.441893008934708870e-02
2.095098877591677622e-01 1.274059126404866460e-01 1.440064301507338468e-02
2.092430608333652742e-01 1.275634237378082125e-01 1.438230269067920092e-02
2.089754255031645580e-01 1.277209348351298068e-01 1.436390680068248653e-02
2.087069485707479521e-01 1.278784459324513734e-01 1.434545306323426785e-02
2.084375973250237324e-01 1.280359570297729399e-01 1.432693922994064152e-02
2.081673395390999937e-01 1.281934681270945064e-01 1.430836308568913390e-02
2.078961434678241460e-01 1.283509792244160730e-01 1.428972244847957242e-02
2.076239778453888296e-01 1.285084903217376673e-01 1.427101516925954883e-02
2.073508118829887614e-01 1.286660014190592338e-01 1.425223913176334317e-02
2.070766152665429738e-01 1.288235125163808004e-01 1.423339225235535806e-02
2.068013581544685398e-01 1.289810236137023669e-01 1.421447247987712298e-02
2.065250111877422190e-01 1.291385347110239334e-01 1.419547779633885919e-02
2.062475490863467653e-01 1.292960458083455277e-01 1.417640646412086577e-02
2.059689555934450522e-01 1.294535569056670943e-01 1.415725736581094872e-02
2.056892160152812565e-01 1.296110680029886608e-01 1.413802949143513552e-02
2.054083159495568855e-01 1.297685791003102274e-01 1.411872185105275505e-02
2.051262412840519356e-01 1.299260901976317939e-01 1.409933347466165408e-02
2.048429781952628148e-01 1.300836012949533882e-01 1.407986341210456724e-02
2.045585131470527562e-01 1.302411123922749547e-01 1.406031073297637352e-02
2.042728328893123335e-01 1.303986234895965213e-01 1.404067452653200848e-02
2.039859244566344099e-01 1.305561345869180878e-01 1.402095390159540343e-02
2.036977751669967751e-01 1.307136456842396544e-01 1.400114798646891201e-02
2.034083726204563292e-01 1.308711567815612486e-01 1.398125592884357817e-02
2.031177046978554779e-01 1.310286678788828152e-01 1.396127689571021770e-02
2.028257595595307217e-01 1.311861789762043817e-01 1.394121007327063337e-02
2.025325256440381472e-01 1.313436900735259483e-01 1.392105466685002700e-02
2.022379916668805011e-01 1.315012011708475148e-01 1.390080990080952775e-02
2.019421466192425352e-01 1.316587122681690813e-01 1.388047501845920267e-02
2.016449797667382859e-01 1.318162233654906756e-01 1.386004928197202488e-02
2.013464806481573277e-01 1.319737344628122422e-01 1.383953197229765252e-02
2.010466390742224607e-01 1.321312455601338087e-01 1.381892238907704226e-02
2.007454451263472883e-01 1.322887566574553753e-01 1.379821985055705927e-02
2.004428891554063119e-01 1.324462677547769418e-01 1.377742369350594930e-02
2.001389617805022225e-01 1.326037788520985361e-01 1.375653327312859227e-02
1.998336538877404367e-01 1.327612899494201026e-01 1.373554796298226931e-02
1.995269566290077123e-01 1.329188010467416692e-01 1.371446715489273507e-02
1.992188614207491826e-01 1.330763121440632357e-01 1.369329025887011664e-02
1.989093599427567138e-01 1.332338232413848023e-01 1.367201670302567798e-02
1.985984441369498255e-01 1.333913343387063966e-01 1.365064593348798254e-02
1.982861062061648805e-01 1.335488454360279631e-01 1.362917741431971148e-02
1.979723386129423890e-01 1.337063565333495296e-01 1.360761062743426342e-02
1.976571340783179476e-01 1.338638676306710962e-01 1.358594507251269234e-02
1.973404855806124847e-01 1.340213787279926627e-01 1.356418026692052248e-02
1.970223863542194531e-01 1.341788898253142570e-01 1.354231574562440692e-02
1.967028298884015980e-01 1.343364009226358236e-01 1.352035106110941083e-02
1.963818099260736527e-01 1.344939120199573901e-01 1.349828578329536309e-02
1.960593204625964425e-01 1.346514231172789566e-01 1.347611949945392434e-02
1.957353557445631609e-01 1.348089342146005232e-01 1.345385181412520059e-02
1.954099102685881439e-01 1.349664453119221175e-01 1.343148234903449728e-02
1.950829787800894000e-01 1.351239564092436840e-01 1.340901074300857899e-02
1.947545562720743306e-01 1.352814675065652505e-01 1.338643665189229170e-02
1.944246379839165983e-01 1.354389786038868171e-01 1.336375974846439052e-02
1.940932194001402933e-01 1.355964897012083836e-01 1.334097972235407346e-02
1.937602962865246359e-01 1.357540007985299779e-01 1.331809628252255198e-02
1.934258715965485043e-01 1.359115118958515445e-01 1.329510963197693026e-02
1.930899634334960202e-01 1.360690229931731110e-01 1.327202101504478503e-02
1.927525917927301879e-01 1.362265340904946775e-01 1.324883180610557029e-02
1.924137765764324937e-01 1.363840451878162441e-01 1.322554337313392066e-02
1.920735375931247324e-01 1.365415562851378384e-01 1.320215707766676273e-02
1.917318945571960531e-01 1.366990673824594049e-01 1.317867427477084109e-02
1.913888670884515419e-01 1.368565784797809715e-01 1.315509631301166847e-02
1.910444747116717967e-01 1.370140895771025380e-01 1.313142453442326177e-02
1.906987368561908480e-01 1.371716006744241045e-01 1.310766027447911493e-02
1.903516728554882909e-01 1.373291117717456711e-01 1.308380486206418489e-02
1.900033019467927686e-01 1.374866228690672654e-01 1.305985961944762692e-02
1.896536432707034425e-01 1.376441339663888319e-01 1.303582586225678248e-02
1.893027158708257551e-01 1.378016450637103985e-01 1.301170489945212110e-02
1.889505386934165476e-01 1.379591561610319650e-01 1.298749803330289700e-02
1.885971305870509929e-01 1.381166672583535315e-01 1.296320655936418313e-02
1.882425103022959678e-01 1.382741783556751258e-01 1.293883176645450016e-02
1.878866964914002735e-01 1.384316894529966924e-01 1.291437493663446373e-02
1.875297077079994268e-01 1.385892005503182589e-01 1.288983734518651253e-02
1.871715624068298611e-01 1.387467116476398254e-01 1.286522026059526945e-02
1.868122789434613906e-01 1.389042227449613920e-01 1.284052494452915527e-02
1.864518755740375566e-01 1.390617338422829863e-01 1.281575265182253141e-02
1.860903704550317395e-01 1.392192449396045528e-01 1.279090463045893730e-02
1.857277816430157880e-01 1.393767560369261194e-01 1.276598212155518643e-02
1.853641270944401398e-01 1.395342671342476859e-01 1.274098635934626730e-02
1.849994246654258490e-01 1.396917782315692524e-01 1.271591857117102681e-02
1.846336921115709351e-01 1.398492893288908467e-01 1.269077997745887698e-02
1.842669470877652260e-01 1.400068004262124133e-01 1.266557179171706043e-02
1.838992071480217705e-01 1.401643115235339798e-01 1.264029522051906239e-02
1.835304897453146622e-01 1.403218226208555464e-01 1.261495146349344773e-02
1.831608122314322407e-01 1.404793337181771129e-01 1.258954171331383258e-02
1.827901918568402839e-01 1.406368448154987072e-01 1.256406715568939361e-02
1.824186457705566922e-01 1.407943559128202737e-01 1.253852896935630200e-02
1.820461910200371625e-01 1.409518670101418403e-01 1.251292832606989286e-02
1.816728445510683299e-01 1.411093781074634068e-01 1.248726639059723718e-02
1.812986232076811144e-01 1.412668892047849734e-01 1.246154432071127673e-02
1.809235437320635687e-01 1.414244003021065677e-01 1.243576326718477849e-02
1.805476227644908782e-01 1.415819113994281342e-01 1.240992437378554171e-02
1.801708768432640773e-01 1.417394224967497007e-01 1.238402877727217549e-02
1.797933224046595058e-01 1.418969335940712673e-01 1.235807760739063808e-02
1.794149757828840952e-01 1.420544446913928338e-01 1.233207198687113863e-02
1.790358532100489730e-01 1.422119557887144281e-01 1.230601303142636604e-02
1.786559708161450655e-01 1.423694668860359946e-01 1.227990184974977854e-02
1.782753446290298027e-01 1.425269779833575612e-01 1.225373954351468772e-02
1.778939905779239328e-01 1.426844890806791277e-01 1.222752720761462533e-02
1.775119295865218716e-01 1.428420001780006943e-01 1.220126628023781960e-02
1.771291976410916957e-01 1.429995112753222608e-01 1.217495923489712167e-02
1.767458331537333227e-01 1.431570223726438551e-01 1.214860871184472377e-02
1.763618740831231213e-01 1.433145334699654216e-01 1.212221732016676226e-02
1.759773579364267981e-01 1.434720445672869882e-01 1.209578763791486176e-02
1.755923217712772322e-01 1.436295556646085547e-01 1.206932221224204030e-02
1.752068021978157308e-01 1.437870667619301213e-01 1.204282355954301546e-02
1.748208353807903515e-01 1.439445778592517156e-01 1.201629416559843976e-02
1.744344570417147300e-01 1.441020889565732821e-01 1.198973648572329576e-02
1.740477024610834755e-01 1.442596000538948486e-01 1.196315294491916842e-02
1.736606064806353600e-01 1.444171111512164152e-01 1.193654593802977865e-02
1.732732035056781528e-01 1.445746222485379817e-01 1.190991782990082418e-02
1.728855275074560327e-01 1.447321333458595760e-01 1.188327095554267236e-02
1.724976120255677647e-01 1.448896444431811426e-01 1.185660762029658484e-02
1.721094901704333935e-01 1.450471555405027091e-01 1.182993010000425900e-02
1.717211946258019872e-01 1.452046666378242756e-01 1.180324064118020572e-02
1.713327576513067607e-01 1.453621777351458422e-01 1.177654146118737102e-02
1.709442110850564744e-01 1.455196888324674365e-01 1.174983474841524884e-02
1.705555863462724087e-01 1.456771999297890030e-01 1.172312266246115439e-02
1.701669144379558685e-01 1.458347110271105695e-01 1.169640733431355321e-02
1.697782259496017077e-01 1.459922221244321361e-01 1.166969086653857693e-02
1.693895510599372489e-01 1.461497332217537026e-01 1.164297533346829450e-02
1.690009195396997288e-01 1.463072443190752969e-01 1.161626278139161333e-02
1.686123607544445513e-01 1.464647554163968635e-01 1.158955522874731414e-02
1.682239036673828236e-01 1.466222665137184300e-01 1.156285466631905116e-02
1.678355768422491734e-01 1.467797776110399965e-01 1.153616305743253127e-02
1.674474084461948786e-01 1.469372887083615631e-01 1.150948233815432022e-02
1.670594262527076990e-01 1.470947998056831574e-01 1.148281441749256920e-02
1.666716576445569087e-01 1.472523109030047239e-01 1.145616117759941897e-02
1.662841296167616445e-01 1.474098220003262905e-01 1.142952447397505879e-02
1.658968687795787100e-01 1.475673330976478570e-01 1.140290613567304136e-02
1.655099013615139725e-01 1.477248441949694235e-01 1.137630796550734638e-02
1.651232532123499963e-01 1.478823552922910178e-01 1.134973174026040164e-02
1.647369498061946325e-01 1.480398663896125844e-01 1.132317921089269833e-02
1.643510162445448453e-01 1.481973774869341509e-01 1.129665210275332225e-02
1.639654772593642229e-01 1.483548885842557175e-01 1.127015211579155893e-02
1.635803572161803332e-01 1.485123996815772840e-01 1.124368092476970248e-02
1.631956801171882965e-01 1.486699107788988505e-01 1.121724017947644744e-02
1.628114696043714005e-01 1.488274218762204448e-01 1.119083150494135787e-02
1.624277489626341220e-01 1.489849329735420114e-01 1.116445650165022625e-02
1.620445411229379240e-01 1.491424440708635779e-01 1.113811674576058695e-02
1.616618686654544557e-01 1.492999551681851444e-01 1.111181378931847506e-02
1.612797538227192518e-01 1.494574662655067110e-01 1.108554916047520267e-02
1.608982184828005313e-01 1.496149773628283053e-01 1.105932436370513604e-02
1.605172841924653315e-01 1.497724884601498718e-01 1.103314088002333750e-02
1.601369721603569385e-01 1.499299995574714384e-01 1.100700016720397231e-02
1.597573039685528107e-01 1.500875106547930049e-01 1.098090370868915963e-02
1.593783075550353479e-01 1.502450217521145714e-01 1.095485342479358103e-02
1.590000140987128108e-01 1.504025328494361657e-01 1.092885145859663620e-02
1.586224543181487534e-01 1.505600439467577323e-01 1.090289992153599570e-02
1.582456584372698150e-01 1.507175550440792988e-01 1.087700089105049506e-02
1.578696561903486784e-01 1.508750661414008654e-01 1.085115641092266638e-02
1.574944768270061246e-01 1.510325772387224319e-01 1.082536849162250500e-02
1.571201491172236619e-01 1.511900883360440262e-01 1.079963911065207754e-02
1.567467013563784706e-01 1.513475994333655927e-01 1.077397021289154717e-02
1.563741613702823996e-01 1.515051105306871593e-01 1.074836371094555452e-02
1.560025565202334819e-01 1.516626216280087258e-01 1.072282148549042087e-02
1.556319137080816872e-01 1.518201327253302924e-01 1.069734538562234702e-02
1.552622593812906793e-01 1.519776438226518867e-01 1.067193722920533813e-02
1.548936195380143654e-01 1.521351549199734532e-01 1.064659880322013467e-02
1.545260197321728368e-01 1.522926660172950197e-01 1.062133186411309306e-02
1.541594850785281690e-01 1.524501771146165863e-01 1.059613813814509753e-02
1.537940402577656074e-01 1.526076882119381528e-01 1.057101932174078773e-02
1.534297095215688411e-01 1.527651993092597471e-01 1.054597708183743938e-02
1.530665166976974134e-01 1.529227104065813136e-01 1.052101305623392644e-02
1.527044851950538351e-01 1.530802215039028802e-01 1.049612885393902753e-02
1.523436380087530850e-01 1.532377326012244467e-01 1.047132605551987297e-02
1.519839977251780383e-01 1.533952436985460133e-01 1.044660621344942371e-02
1.516255865270343950e-01 1.535527547958676076e-01 1.042197085245393645e-02
1.512684261983900103e-01 1.537102658931891741e-01 1.039742146985932376e-02
1.509125381297062307e-01 1.538677769905107406e-01 1.037295953593699374e-02
1.505579433228611264e-01 1.540252880878323072e-01 1.034858649424912763e-02
1.502046623961542648e-01 1.541827991851538737e-01 1.032430376199265296e-02
1.498527155893027429e-01 1.543403102824754403e-01 1.030011273034268232e-02
1.495021227684207310e-01 1.544978213797970346e-01 1.027601476479476049e-02
1.491529034309813095e-01 1.546553324771186011e-01 1.025201120550592142e-02
1.488050767107662042e-01 1.548128435744401676e-01 1.022810336763490049e-02
1.484586613827950929e-01 1.549703546717617342e-01 1.020429254168097113e-02
1.481136758682355947e-01 1.551278657690833007e-01 1.018057999382139707e-02
1.477701382392965779e-01 1.552853768664048950e-01 1.015696696624781604e-02
1.474280662240992912e-01 1.554428879637264616e-01 1.013345467750101543e-02
1.470874772115295936e-01 1.556003990610480281e-01 1.011004432280448485e-02
1.467483882560661479e-01 1.557579101583695946e-01 1.008673707439625492e-02
1.464108160825883798e-01 1.559154212556911612e-01 1.006353408185938283e-02
1.460747770911591803e-01 1.560729323530127555e-01 1.004043647245070857e-02
1.457402873617863193e-01 1.562304434503343220e-01 1.001744535142808784e-02
1.454073626591566859e-01 1.563879545476558885e-01 9.994561802375836676e-03
1.450760184373499351e-01 1.565454656449774551e-01 9.971786887528710092e-03
1.447462698445184381e-01 1.567029767422990216e-01 9.949121648093580544e-03
1.444181317275530507e-01 1.568604878396206159e-01 9.926567104570129321e-03
1.440916186367090235e-01 1.570179989369421825e-01 9.904124257068830026e-03
1.437667448302152873e-01 1.571755100342637490e-01 9.881794085627745514e-03
1.434435242788494047e-01 1.573330211315853155e-01 9.859577550526996831e-03
1.431219706704886241e-01 1.574905322289068821e-01 9.837475592601582428e-03
1.428020974146299582e-01 1.576480433262284764e-01 9.815489133552042847e-03
1.424839165972764110e-01 1.578055544235500429e-01 9.793619004108701162e-03
1.421674355811134161e-01 1.579630655208716095e-01 9.771865710345066861e-03
1.418526603559804589e-01 1.581205766181931760e-01 9.750229663972214897e-03
1.418526603559804589e-01 1.581205766181931760e-01 9.750229663972214897e-03
1.111624949855127137e-01 1.826842454521749870e-01 7.974121282384562595e-03
9.488994662182362316e-02 2.073525430377324841e-01 4.855728245929371613e-03
7.599045517078878431e-02 2.322407203492417860e-01 4.557953016387487725e-03
6.632232105665003541e-02 2.568837818198746459e-01 4.408416381836585858e-03
5.642632081575226638e-02 2.811184729179193598e-01 2.912639096972983749e-03
4.987080831258464131e-02 3.057758170190760794e-01 2.235294333086933552e-03
4.375971247958520410e-02 3.308749588216616799e-01 1.929464262323810552e-03
3.843042516431749434e-02 3.553458836143503774e-01 1.565896316597340139e-03
3.492113629196540170e-02 3.797183506574301481e-01 1.702672423394568446e-03
3.092725187938024159e-02 4.042043120935024936e-01 9.078675381182343528e-04
2.825204706291267048e-02 4.287407985369371399e-01 7.572182546497938050e-04
2.585322353331404727e-02 4.533371424922238990e-01 7.095667758797453420e-04
2.343363630730083136e-02 4.779959634912051558e-01 9.271484881208308989e-04
2.148726781557071946e-02 5.026629933946460405e-01 6.676992007598978604e-04
2.006248462129377186e-02 5.271487506500315279e-01 7.474411725370408086e-04
1.867018815996241907e-02 5.515427964227138657e-01 5.316160451927881515e-04
1.750716782602323648e-02 5.762240530263548210e-01 4.411284474635394155e-04
1.645085799924997372e-02 6.007285446297923048e-01 4.319655842213040672e-04
1.535759078597483292e-02 6.252568531449649303e-01 5.846187145772383832e-04
1.477490809797190122e-02 6.499965502683907603e-01 5.663158180630634315e-04
1.412272726577413345e-02 6.746857991314229031e-01 4.624844809472792749e-04
1.367979289432393747e-02 6.991270364754236244e-01 3.691003657520691207e-04
1.333715488327594234e-02 7.235756604093172006e-01 3.323179020463250016e-04
1.325259658212440961e-02 7.479714013051395050e-01 4.230588058476585415e-04
1.319698337115472221e-02 7.726132299420060967e-01 3.654665410952825130e-04
1.313344300657001001e-02 7.972349387995918413e-01 3.538806371521731374e-04
1.272158926805934571e-02 8.217736356692634248e-01 3.895138626333607620e-04
1.237647070764292395e-02 8.463200505719705724e-01 3.466469692521271140e-04
1.207435917760988665e-02 8.708218859006343626e-01 2.839578861903882079e-04
1.192134968603783367e-02 8.954790463233904818e-01 3.279583072052148730e-04
1.178096918433013673e-02 9.199626960429320155e-01 3.550419070783064602e-04
1.187225054023552037e-02 9.443606208269833546e-01 3.556866436734848155e-04
1.194397891643758647e-02 9.688687146412832130e-01 4.012711790955828472e-04
1.192333187983371685e-02 9.930926048855095445e-01 4.631981986990119484e-04
1.220813274876922198e-02 1.017620455362175491e+00 3.805061215853825689e-04
1.266474959806268737e-02 1.042409919186157552e+00 4.453645101214279145e-04
1.334149249180259858e-02 1.066789561870425063e+00 4.612344763124114240e-04
1.374610075626862826e-02 1.090909765172895618e+00 5.358349526315088398e-04
1.365887325717498289e-02 1.115651582439790346e+00 7.965589829488736078e-04
1.407300716043366137e-02 1.140641543091339027e+00 4.938999661638870768e-04
1.435656267064493175e-02 1.164692026865203012e+00 8.736112374732209326e-04
1.480228995219306370e-02 1.188605021497627590e+00 7.798568353457598990e-04
1.592611774358339977e-02 1.214006438167991364e+00 8.227344457581902207e-04
1.719061198652816619e-02 1.240498485730926914e+00 1.171609524955584533e-03
1.970058213167742711e-02 1.264816150349954427e+00 2.363112410672758932e-03
2.138705087328375207e-02 1.284554513240047102e+00 2.824151639372970805e-03
2.286296984046055220e-02 1.309527810458392949e+00 3.963098235842064596e-03
3.355627692344861912e-02 1.335814856768205550e+00 7.462946583432118405e-03
3.078853007635567671e-02 1.360349523175663267e+00 3.732207439033156243e-02
