2.097195076763887585e+02 7.669903939428205850e-04 1.417114205700070251e+01
2.499650455397169537e+02 9.245014912643925459e-04 1.689060883689451131e+01
2.894675303300342648e+02 1.082012588585964507e-03 1.955986612139995628e+01
3.282293480109946699e+02 1.239523685907536251e-03 2.217907513457415192e+01
3.662499559523418498e+02 1.397034783229108429e-03 2.474819920986884014e+01
4.035274775383776387e+02 1.554545880550680173e-03 2.726711154082744670e+01
4.400608986084824323e+02 1.712056977872252134e-03 2.973574359870712058e+01
4.758500627858595635e+02 1.869568075193824095e-03 3.215408481683326158e+01
5.108969112269904826e+02 2.027079172515396273e-03 3.452226636280470728e+01
5.452033822084770236e+02 2.184590269836968017e-03 3.684041920962140892e+01
5.787745418287153143e+02 2.342101367158539761e-03 3.910888568309199087e+01
6.116155272201153821e+02 2.499612464480111939e-03 4.132801290892710711e+01
6.437323280612462213e+02 2.657123561801683683e-03 4.349820562098692278e+01
6.751330325982452223e+02 2.814634659123255861e-03 4.562001035729382892e+01
7.058261380555899223e+02 2.972145756444827605e-03 4.769400129130700350e+01
7.358200305761409936e+02 3.129656853766399783e-03 4.972074509049146229e+01
7.651242725447878001e+02 3.287167951087971527e-03 5.170088790320115635e+01
7.937493920993194934e+02 3.444679048409543271e-03 5.363514113553205220e+01
8.217059469026636407e+02 3.602190145731115449e-03 5.552421818864930714e+01
8.490042023115695429e+02 3.759701243052687193e-03 5.736881271203922239e+01
8.756549476275083634e+02 3.917212340374259805e-03 5.916965375911953373e+01
9.016694182014954322e+02 4.074723437695831549e-03 6.092750052371565062e+01
9.270591550963059717e+02 4.232234535017403293e-03 6.264313285717236823e+01
9.518354146856097486e+02 4.389745632338975037e-03 6.431731137385536101e+01
9.760090739300748055e+02 4.547256729660546781e-03 6.595077105047950283e+01
9.995911637433973738e+02 4.704767826982118525e-03 6.754425726665549234e+01
1.022592836179352844e+03 4.862278924303691137e-03 6.909852358765743929e+01
1.045025307376270575e+03 5.019790021625262881e-03 7.061432790907342394e+01
1.066899802645068803e+03 5.177301118946834625e-03 7.209242874630051290e+01
1.088227167313473728e+03 5.334812216268406369e-03 7.353355893855614056e+01
1.109017720477056855e+03 5.492323313589978981e-03 7.493841576655988490e+01
1.129281741251501444e+03 5.649834410911550725e-03 7.630769380951517178e+01
1.149029481608409924e+03 5.807345508233122469e-03 7.764208581244859886e+01
1.168271140966784515e+03 5.964856605554694213e-03 7.894228096930878280e+01
1.187016844755334205e+03 6.122367702876265957e-03 8.020896347438078067e+01
1.205276626383841858e+03 6.279878800197838569e-03 8.144281130405757096e+01
1.223060309682231264e+03 6.437389897519410313e-03 8.264448827302635436e+01
1.240377022345714067e+03 6.594900994840982057e-03 8.381461115684099639e+01
1.257235614511231688e+03 6.752412092162553801e-03 8.495377797592024649e+01
1.273644871168712825e+03 6.909923189484126413e-03 8.606258234857679668e+01
1.289613500262561047e+03 7.067434286805698157e-03 8.714161268701175800e+01
1.305150122274790419e+03 7.224945384127269901e-03 8.819145149342821810e+01
1.320263261376919900e+03 7.382456481448841645e-03 8.921267476214755732e+01
1.334961337958314289e+03 7.539967578770413389e-03 9.020585147473556731e+01
1.349252662363499212e+03 7.697478676091986001e-03 9.117154317682114595e+01
1.363145379882931138e+03 7.854989773413558612e-03 9.211030026101880708e+01
1.376646957747923580e+03 8.012500870735128622e-03 9.302262730220996900e+01
1.389764434912099887e+03 8.170011968056702101e-03 9.390899993574599591e+01
1.402504791769772964e+03 8.327523065378272110e-03 9.476988984001548033e+01
1.414874949605519760e+03 8.485034162699845589e-03 9.560576469925074150e+01
1.426881764746311774e+03 8.642545260021415598e-03 9.641708780837639381e+01
1.438532023473271693e+03 8.800056357342989077e-03 9.720431772918718138e+01
1.449832437614857326e+03 8.957567454664562556e-03 9.796790799257104254e+01
1.460789640751642310e+03 9.115078551986132566e-03 9.870830684205905925e+01
1.471410184970080309e+03 9.272589649307706045e-03 9.942595701447120859e+01
1.481700538109419767e+03 9.430100746629276054e-03 1.001212955538849911e+02
1.491667074147492031e+03 9.587611843950849533e-03 1.007947531619854118e+02
1.501315681714726907e+03 9.745122941272419542e-03 1.014467277446194942e+02
1.510651601156054767e+03 9.902634038593993021e-03 1.020775734017622085e+02
1.519680002812517614e+03 1.006014513591556303e-02 1.026876395030942604e+02
1.528406033249916618e+03 1.021765623323713651e-02 1.032772738117581213e+02
1.536834810806672976e+03 1.037516733055870999e-02 1.038468221835193219e+02
1.544971421578260333e+03 1.053267842788028000e-02 1.043966282954267086e+02
1.552820915801816682e+03 1.069018952520185348e-02 1.049270334015138246e+02
1.560388304607554119e+03 1.084770062252342349e-02 1.054383761132854715e+02
1.567678557106604103e+03 1.100521171984499696e-02 1.059309922029381994e+02
1.574696597787710743e+03 1.116272281716656697e-02 1.064052144274497351e+02
1.581447304197345829e+03 1.132023391448814045e-02 1.068613723718202237e+02
1.587935504880176040e+03 1.147774501180971046e-02 1.072997923099053139e+02
1.594165977558657914e+03 1.163525610913128394e-02 1.077207970814083637e+02
1.600143435496489474e+03 1.179276720645285742e-02 1.081247051704329465e+02
1.605872113380276460e+03 1.195027830377442743e-02 1.085118027227274951e+02
1.611355694303990504e+03 1.210778940109600091e-02 1.088823386118872492e+02
1.616597833377495590e+03 1.226530049841757092e-02 1.092365598205686155e+02
1.621602188705134949e+03 1.242281159573914440e-02 1.095747135337707192e+02
1.626372417751602143e+03 1.258032269306071441e-02 1.098970468932702431e+02
1.630912173976609438e+03 1.273783379038228789e-02 1.102038067702197992e+02
1.635225103720069455e+03 1.289534488770385789e-02 1.104952395546737449e+02
1.639314843320816635e+03 1.305285598502543137e-02 1.107715909608946419e+02
1.643185016453275693e+03 1.321036708234700485e-02 1.110331058473871764e+02
1.646839231667474223e+03 1.336787817966857486e-02 1.112800280506720298e+02
1.650281080119171975e+03 1.352538927699014834e-02 1.115126002319062906e+02
1.653514133477332734e+03 1.368290037431171835e-02 1.117310637354877372e+02
1.656541941997641970e+03 1.384041147163329183e-02 1.119356584588785211e+02
1.659368032751109240e+03 1.399792256895486184e-02 1.121266227329085723e+02
1.661995907997805716e+03 1.415543366627643532e-02 1.123041932118860018e+02
1.664429043696396548e+03 1.431294476359800533e-02 1.124686047728834382e+02
1.666670885635390277e+03 1.447045586091957881e-02 1.126200902543191944e+02
1.668724616631198387e+03 1.462796695824115228e-02 1.127588647250917120e+02
1.670592986062272757e+03 1.478547805556272229e-02 1.128851139658803362e+02
1.672278707230208965e+03 1.494298915288429577e-02 1.129990213195833633e+02
1.673784500669981071e+03 1.510050025020586578e-02 1.131007706178719729e+02
1.675113091643540429e+03 1.525801134752743926e-02 1.131905460118282463e+02
1.676267207786703011e+03 1.541552244484900927e-02 1.132685318129405800e+02
1.677249576900780994e+03 1.557303354217058275e-02 1.133349123438804753e+02
1.678062924880712217e+03 1.573054463949215276e-02 1.133898717985019857e+02
1.678709973772086641e+03 1.588805573681372624e-02 1.134335941105514536e+02
1.679193439949921412e+03 1.604556683413529972e-02 1.134662628306040517e+02
1.679516032412402410e+03 1.620307793145686973e-02 1.134880610107685470e+02
1.679680451183462083e+03 1.636058902877844320e-02 1.134991710967464513e+02
1.679689385818088113e+03 1.651810012610001321e-02 1.134997748268329616e+02
1.679545514004908455e+03 1.667561122342158669e-02 1.134900531374910457e+02
1.679251500260792682e+03 1.683312232074316017e-02 1.134701860751431326e+02
1.678809994712552225e+03 1.699063341806473018e-02 1.134403527138484122e+02
1.678223631961082447e+03 1.714814451538630366e-02 1.134007310785505211e+02
1.677495030023525032e+03 1.730565561270787367e-02 1.133514980735976820e+02
1.676626789349397313e+03 1.746316671002944715e-02 1.132928294162607443e+02
1.675621491906692427e+03 1.762067780735101716e-02 1.132248995749791618e+02
1.674481700233231777e+03 1.777818890467259064e-02 1.131478817052590244e+02
1.673209933809300310e+03 1.793570000199416065e-02 1.130619460531275564e+02
1.671808641159792842e+03 1.809321109931573412e-02 1.129672580700228224e+02
1.670280246386931594e+03 1.825072219663730760e-02 1.128639815570967073e+02
1.668627155786204185e+03 1.840823329395887761e-02 1.127522791122666916e+02
1.666851757117525722e+03 1.856574439128045109e-02 1.126323120809665852e+02
1.664956418929983784e+03 1.872325548860202110e-02 1.125042405105184855e+02
1.662943489937528966e+03 1.888076658592359458e-02 1.123682231079469176e+02
1.660815298442872063e+03 1.903827768324516459e-02 1.122244172010504712e+02
1.658574151807262979e+03 1.919578878056673807e-02 1.120729787025737636e+02
1.656222335963790556e+03 1.935329987788830808e-02 1.119140620773202670e+02
1.653762114971921619e+03 1.951081097520988156e-02 1.117478203120516156e+02
1.651195730611268800e+03 1.966832207253145504e-02 1.115744048880377903e+02
1.648525402012556015e+03 1.982583316985302505e-02 1.113939657561205934e+02
1.645753325323826857e+03 1.998334426717459852e-02 1.112066513141589468e+02
1.642881673410182884e+03 2.014085536449616853e-02 1.110126083867394016e+02
1.639912595585298732e+03 2.029836646181774201e-02 1.108119822070344469e+02
1.636848217373013767e+03 2.045587755913931202e-02 1.106049164006924030e+02
1.633690640297575783e+03 2.061338865646088550e-02 1.103915529716640691e+02
1.630441941700921234e+03 2.077089975378245551e-02 1.101720322898560482e+02
1.627104174585685314e+03 2.092841085110402899e-02 1.099464930805223162e+02
1.623679367482527823e+03 2.108592194842560247e-02 1.097150724152994599e+02
1.620169524340539738e+03 2.124343304574717248e-02 1.094779057048013584e+02
1.616576624439507896e+03 2.140094414306874596e-02 1.092351266926901445e+02
1.612902622322837260e+03 2.155845524039031597e-02 1.089868674511445761e+02
1.609149447750092122e+03 2.171596633771188944e-02 1.087332583776521631e+02
1.605319007517644422e+03 2.187347743503345945e-02 1.084744283180345121e+02
1.601413386018358551e+03 2.203098853235503293e-02 1.082105181186425682e+02
1.597435010896600488e+03 2.218849962967660294e-02 1.079416918199776205e+02
1.593386296502270852e+03 2.234601072699817642e-02 1.076681125642090109e+02
1.589269601120249490e+03 2.250352182431974990e-02 1.073899397050869027e+02
1.585087228127746357e+03 2.266103292164131991e-02 1.071073288861468598e+02
1.580841427133085745e+03 2.281854401896289339e-02 1.068204321176596352e+02
1.576534395095987520e+03 2.297605511628446340e-02 1.065293978523305611e+02
1.572168277429237378e+03 2.313356621360603688e-02 1.062343710597416049e+02
1.567745169081732456e+03 2.329107731092760689e-02 1.059354932995347980e+02
1.563267115602917784e+03 2.344858840824918036e-02 1.056329027933380473e+02
1.558736114188641068e+03 2.360609950557075037e-02 1.053267344954357583e+02
1.554154114708506313e+03 2.376361060289232385e-02 1.050171201621888741e+02
1.549523020714796985e+03 2.392112170021389733e-02 1.047041884202097322e+02
1.544844690433045344e+03 2.407863279753546734e-02 1.043880648332968235e+02
1.540120937734465770e+03 2.423614389485704082e-02 1.040688719681437959e+02
1.535353533090233213e+03 2.439365499217861083e-02 1.037467294588218749e+02
1.530544204507898939e+03 2.455116608950018431e-02 1.034217540700553712e+02
1.525694638450054072e+03 2.470867718682175432e-02 1.030940597592973234e+02
1.520806480735409878e+03 2.486618828414332780e-02 1.027637577376173112e+02
1.515881337422490788e+03 2.502369938146489781e-02 1.024309565294142033e+02
1.510920775676136145e+03 2.518121047878647129e-02 1.020957620309673501e+02
1.505926324617051250e+03 2.533872157610804476e-02 1.017582775678422138e+02
1.500899476154533204e+03 2.549623267342961477e-02 1.014186039511595112e+02
1.495841685802710117e+03 2.565374377075118825e-02 1.010768395327497018e+02
1.490754373480412369e+03 2.581125486807275826e-02 1.007330802592020120e+02
1.485638924294933986e+03 2.596876596539433174e-02 1.003874197248246247e+02
1.480496689310014517e+03 2.612627706271590175e-02 1.000399492235386276e+02
1.475328986298083692e+03 2.628378816003747523e-02 9.969075779970853546e+01
1.470137100477184049e+03 2.644129925735904524e-02 9.933993229793775015e+01
1.464922285232781405e+03 2.659881035468061872e-02 9.898755741184234580e+01
1.459685762824560243e+03 2.675632145200219220e-02 9.863371573181099450e+01
1.454428730798764263e+03 2.691383254932376221e-02 9.827848817829830352e+01
1.449152648758556325e+03 2.707134364664533568e-02 9.792197337943875368e+01
1.443859354977462090e+03 2.722885474396690569e-02 9.756429555083603589e+01
1.438550657560901755e+03 2.738636584128847917e-02 9.720557686957820920e+01
1.433228301476333854e+03 2.754387693861004918e-02 9.684593524640247608e+01
1.427893970397494741e+03 2.770138803593162266e-02 9.648548445031364906e+01
1.422549288503120351e+03 2.785889913325319267e-02 9.612433423012757316e+01
1.417195822230761678e+03 2.801641023057476615e-02 9.576259043297910978e+01
1.411835081986339446e+03 2.817392132789633963e-02 9.540035511984069672e+01
1.406468523810103306e+03 2.833143242521790964e-02 9.503772667809387542e+01
1.401097550999726536e+03 2.848894352253948312e-02 9.467479993120495863e+01
1.395723515691244302e+03 2.864645461986105313e-02 9.431166624555208955e+01
1.390347720398576712e+03 2.880396571718262660e-02 9.394841363445358695e+01
1.384971419512407010e+03 2.896147681450419661e-02 9.358512685944997145e+01
1.379595820759154094e+03 2.911898791182577009e-02 9.322188752888976637e+01
1.374222086620877690e+03 2.927649900914734010e-02 9.285877419387485077e+01
1.368851335716792391e+03 2.943401010646891358e-02 9.249586244161186244e+01
1.363484644147304834e+03 2.959152120379048706e-02 9.213322498623188039e+01
1.358123046801268629e+03 2.974903230111205707e-02 9.177093175712339246e+01
1.352767538627305157e+03 2.990654339843363055e-02 9.140904998483838995e+01
1.347419075869928065e+03 3.006405449575520056e-02 9.104764428461943737e+01
1.342078577271307267e+03 3.022156559307677404e-02 9.068677673760490165e+01
1.336746925239418943e+03 3.037907669039834405e-02 9.032650696976354254e+01
1.331424966983386639e+03 3.053658778771991752e-02 8.996689222861110125e+01
1.326113515616754512e+03 3.069409888504148753e-02 8.960798745776094165e+01
1.320813351229485534e+03 3.085160998236306101e-02 8.924984536936094059e+01
1.315525221929406371e+03 3.100912107968463102e-02 8.889251651446562619e+01
1.310249844853887225e+03 3.116663217700620450e-02 8.853604935139765075e+01
1.304987907152438765e+03 3.132414327432777451e-02 8.818049031214324884e+01
1.299740066941016039e+03 3.148165437164934799e-02 8.782588386683693216e+01
1.294506954228688073e+03 3.163916546897092147e-02 8.747227258637789760e+01
1.289289171817397119e+03 3.179667656629248801e-02 8.711969720322838384e+01
1.284087296175523079e+03 3.195418766361406149e-02 8.676819667044246387e+01
1.278901878285896601e+03 3.211169876093563497e-02 8.641780821896755072e+01
1.273733444468945891e+03 3.226920985825720151e-02 8.606856741326613758e+01
1.268582497181639155e+03 3.242672095557877499e-02 8.572050820530162696e+01
1.263449515792856801e+03 3.258423205290034846e-02 8.537366298693207511e+01
1.258334957335824811e+03 3.274174315022192194e-02 8.502806264075316278e+01
1.253239257238214577e+03 3.289925424754349542e-02 8.468373658943254156e+01
1.248162830095157460e+03 3.305676534486506196e-02 8.434071284794406154e+01
1.243106140581880936e+03 3.321427644218663544e-02 8.399902281526786396e+01
1.238069833010892808e+03 3.337178753950820892e-02 8.365871002881333141e+01
1.233054557012288797e+03 3.352929863682978240e-02 8.331981838530941786e+01
1.228060930774066264e+03 3.368680973415134894e-02 8.298238965688324242e+01
1.223089542101166671e+03 3.384432083147292242e-02 8.264646356262147719e+01
1.218140949443541103e+03 3.400183192879449590e-02 8.231207783803903055e+01
1.213215682894116981e+03 3.415934302611606938e-02 8.197926830251319075e+01
1.208314245157241658e+03 3.431685412343764285e-02 8.164806892472336131e+01
1.203437112488483308e+03 3.447436522075920939e-02 8.131851188615520698e+01
1.198584735606385266e+03 3.463187631808078287e-02 8.099062764270927062e+01
1.193757540576913016e+03 3.478938741540235635e-02 8.066444498446530531e+01
1.188955929671334843e+03 3.494689851272392983e-02 8.033999109365043978e+01
1.184180282198108216e+03 3.510440961004549637e-02 8.001729160085130843e+01
1.179430955309594765e+03 3.526192070736706985e-02 7.969637063952558265e+01
1.174708284784135003e+03 3.541943180468864333e-02 7.937725089884813201e+01
1.170012585784201974e+03 3.557694290201021681e-02 7.905995367494058712e+01
1.165344153591246368e+03 3.573445399933179029e-02 7.874449892052673761e+01
1.160703264317901812e+03 3.589196509665335683e-02 7.843090529305713687e+01
1.156090175598088535e+03 3.604947619397493030e-02 7.811919020134092762e+01
1.151505127255714797e+03 3.620698729129650378e-02 7.780936985073127232e+01
1.146948341952471992e+03 3.636449838861807726e-02 7.750145928689779851e+01
1.142420025815397366e+03 3.652200948593964380e-02 7.719547243823272709e+01
1.137920369044672725e+03 3.667952058326121728e-02 7.689142215692041304e+01
1.133449546502299199e+03 3.683703168058279076e-02 7.658932025871560256e+01
1.129007718282133283e+03 3.699454277790436424e-02 7.628917756146159945e+01
1.124595030261847569e+03 3.715205387522593772e-02 7.599100392238753443e+01
1.120211614637318235e+03 3.730956497254750426e-02 7.569480827421762115e+01
1.115857590439928344e+03 3.746707606986907774e-02 7.540059866012661871e+01
1.111533064037335407e+03 3.762458716719065122e-02 7.510838226757741154e+01
1.107238129618099947e+03 3.778209826451222469e-02 7.481816546106836086e+01
1.102972869660744664e+03 3.793960936183379123e-02 7.452995381382861240e+01
1.098737355387616390e+03 3.809712045915536471e-02 7.424375213848631461e+01
1.094531647204039245e+03 3.825463155647693819e-02 7.395956451674283016e+01
1.090355795123178495e+03 3.841214265379851167e-02 7.367739432808197364e+01
1.086209839177091226e+03 3.856965375112008515e-02 7.339724427754532599e+01
1.082093809814261931e+03 3.872716484844165169e-02 7.311911642259421740e+01
1.078007728284156428e+03 3.888467594576322517e-02 7.284301219909502834e+01
1.073951607009106510e+03 3.904218704308479865e-02 7.256893244644827234e+01
1.069925449943905051e+03 3.919969814040637213e-02 7.229687743188655702e+01
1.065929252923554486e+03 3.935720923772793867e-02 7.202684687397331231e+01
1.061963003999407647e+03 3.951472033504951215e-02 7.175883996531585751e+01
1.058026683764200470e+03 3.967223143237108562e-02 7.149285539452884564e+01
1.054120265666196246e+03 3.982974252969265910e-02 7.122889136746141503e+01
1.050243716312804509e+03 3.998725362701423258e-02 7.096694562771334347e+01
1.046396995764071562e+03 4.014476472433579912e-02 7.070701547646682172e+01
1.042580057816227736e+03 4.030227582165737260e-02 7.044909779164601105e+01
1.038792850275713135e+03 4.045978691897894608e-02 7.019318904643384371e+01
1.035035315223917678e+03 4.061729801630051956e-02 6.993928532716077484e+01
1.031307384614886359e+03 4.077480911362208610e-02 6.968738203583345125e+01
1.027608953938304012e+03 4.093232021094365958e-02 6.943747211049313250e+01
1.023939902065788147e+03 4.108983130826523306e-02 6.918954736626687918e+01
1.020300104848302453e+03 4.124734240558680654e-02 6.894359941417054927e+01
1.016689435325329782e+03 4.140485350290838001e-02 6.869961967524282898e+01
1.013107763883858638e+03 4.156236460022994655e-02 6.845759939128853944e+01
1.009554958411637358e+03 4.171987569755152003e-02 6.821752963523405811e+01
1.006030884444793514e+03 4.187738679487309351e-02 6.797940132110231559e+01
1.002535405310086276e+03 4.203489789219466699e-02 6.774320521362501779e+01
9.990683822618789236e+02 4.219240898951623353e-02 6.750893193749826082e+01
9.956296746141033509e+02 4.234992008683780701e-02 6.727657198629944446e+01
9.922191398673082858e+02 4.250743118415938049e-02 6.704611573107234790e+01
9.888366338309947423e+02 4.266494228148095397e-02 6.681755342859339919e+01
9.854820107413841015e+02 4.282245337880252745e-02 6.659087522932965442e+01
9.821551233747601373e+02 4.297996447612409399e-02 6.636607118509731151e+01
9.788558231565546066e+02 4.313747557344566746e-02 6.614313125643303692e+01
9.755839602663074857e+02 4.329498667076724094e-02 6.592204531968616266e+01
9.723393837386250880e+02 4.345249776808881442e-02 6.570280317384082025e+01
9.691219415603181915e+02 4.361000886541038096e-02 6.548539454707956509e+01
9.659314807637755393e+02 4.376751996273195444e-02 6.526980910309281114e+01
9.627678475167732586e+02 4.392503106005352792e-02 6.505603644714753386e+01
9.596308872087832924e+02 4.408254215737510140e-02 6.484406613191917756e+01
9.565204445339535368e+02 4.424005325469667488e-02 6.463388766309890343e+01
9.534363635708040192e+02 4.439756435201824142e-02 6.442549050477863659e+01
9.503784878588072615e+02 4.455507544933981490e-02 6.421886408462592044e+01
9.473466604719534416e+02 4.471258654666138838e-02 6.401399779885477415e+01
9.443407240893589005e+02 4.487009764398296185e-02 6.381088101699690895e+01
9.413605210630674947e+02 4.502760874130452839e-02 6.360950308648293827e+01
9.384058934831242595e+02 4.518511983862610187e-02 6.340985333703989824e+01
9.354766832399914165e+02 4.534263093594767535e-02 6.321192108490857464e+01
9.325727320844395081e+02 4.550014203326924883e-02 6.301569563689057674e+01
9.296938816849790328e+02 4.565765313059082231e-02 6.282116629422895215e+01
9.268399736828838513e+02 4.581516422791238885e-02 6.262832235632637179e+01
9.240108497449717788e+02 4.597267532523396233e-02 6.243715312431160669e+01
9.212063516141201944e+02 4.613018642255553581e-02 6.224764790445281903e+01
9.184263211576899266e+02 4.628769751987710929e-02 6.205979601142982460e+01
9.156706004138403614e+02 4.644520861719867583e-02 6.187358677146356456e+01
9.129390316358915243e+02 4.660271971452024931e-02 6.168900952531383552e+01
9.102314573347382520e+02 4.676023081184182278e-02 6.150605363114528501e+01
9.075477203194112690e+02 4.691774190916339626e-02 6.132470846726802449e+01
9.048876637358539483e+02 4.707525300648496974e-02 6.114496343475815365e+01
9.022511311039615975e+02 4.723276410380653628e-02 6.096680795996024926e+01
8.996379663529528443e+02 4.739027520112810976e-02 6.079023149687778016e+01
8.970480138551512255e+02 4.754778629844968324e-02 6.061522352945558367e+01
8.944811184581661792e+02 4.770529739577125672e-02 6.044177357375443194e+01
8.919371255156241887e+02 4.786280849309282326e-02 6.026987118002767829e+01
8.894158809164292734e+02 4.802031959041439674e-02 6.009950593469834956e+01
8.869172311126287696e+02 4.817783068773597022e-02 5.993066746224210561e+01
8.844410231459378338e+02 4.833534178505754370e-02 5.976334542697964025e+01
8.819871046729745103e+02 4.849285288237911717e-02 5.959752953478178483e+01
8.795553239892273041e+02 4.865036397970068371e-02 5.943320953468894174e+01
8.771455300518231297e+02 4.880787507702225719e-02 5.927037522044980022e+01
8.747575725011341774e+02 4.896538617434383067e-02 5.910901643198115352e+01
8.723913016812697379e+02 4.912289727166540415e-02 5.894912305675266850e+01
8.700465686594726549e+02 4.928040836898697069e-02 5.879068503109746757e+01
8.677232252444721325e+02 4.943791946630854417e-02 5.863369234145235964e+01
8.654211240038559936e+02 4.959543056363011765e-02 5.847813502553156439e+01
8.631401182804589780e+02 4.975294166095169113e-02 5.832400317343428497e+01
8.608800622078033484e+02 4.991045275827326461e-02 5.817128692868794815e+01
8.586408090204824930e+02 5.006796385559483115e-02 5.801997637407761488e+01
8.564221578142135058e+02 5.022547495291640463e-02 5.787005793412262022e+01
8.542238448472295431e+02 5.038298605023797810e-02 5.772151378729510895e+01
8.520456068891000996e+02 5.054049714755955158e-02 5.757432614661918535e+01
8.498871850579026841e+02 5.069800824488111812e-02 5.742847751895586583e+01
8.477483247328563039e+02 5.085551934220269160e-02 5.728395069909949910e+01
8.456287754690126803e+02 5.101303043952426508e-02 5.714072876401328926e+01
8.435282909139093590e+02 5.117054153684583856e-02 5.699879506719744882e+01
8.414466287262636115e+02 5.132805263416741204e-02 5.685813323319516854e+01
8.393835504964790744e+02 5.148556373148897858e-02 5.671872715222107786e+01
8.373388216690366335e+02 5.164307482881055206e-02 5.658056097491704151e+01
8.353122114666955440e+02 5.180058592613212554e-02 5.644361910723032594e+01
8.333034928164353232e+02 5.195809702345369901e-02 5.630788620540932499e+01
8.313124422770900992e+02 5.211560812077526555e-02 5.617334717111373266e+01
8.293388399686674575e+02 5.227311921809683903e-02 5.603998714663839564e+01
8.273824695032648151e+02 5.243063031541841251e-02 5.590779151024523941e+01
8.254431178967690812e+02 5.258814141273998599e-02 5.577674587019666319e+01
8.235205697709653805e+02 5.274565251006155947e-02 5.564683567298111910e+01
8.216145997037448296e+02 5.290316360738312601e-02 5.551804568640226023e+01
8.197249840863729560e+02 5.306067470470469949e-02 5.539036080079672786e+01
8.178515030344256047e+02 5.321818580202627297e-02 5.526376615815998150e+01
8.159939403130740629e+02 5.337569689934784645e-02 5.513824714709745223e+01
8.141520832641259631e+02 5.353320799666941299e-02 5.501378939789459821e+01
8.123257227347747857e+02 5.369071909399098647e-02 5.489037877770247320e+01
8.105146530080297680e+02 5.384823019131255994e-02 5.476800138583656263e+01
8.087186717347303784e+02 5.400574128863413342e-02 5.464664354918309641e+01
8.069375798671816256e+02 5.416325238595570690e-02 5.452629181771446554e+01
8.051711815942994690e+02 5.432076348327727344e-02 5.440693296010699953e+01
8.034192842782508706e+02 5.447827458059884692e-02 5.428855395945956275e+01
8.016816983925589284e+02 5.463578567792042040e-02 5.417114200911120747e+01
7.999582374616145444e+02 5.479329677524199388e-02 5.405468450855387630e+01
7.982487180015832564e+02 5.495080787256356042e-02 5.393916905943938644e+01
7.965529594626380003e+02 5.510831896988513390e-02 5.382458346167589269e+01
7.948707841611801541e+02 5.526583006720670738e-02 5.371091570884803446e+01
7.932020005972079844e+02 5.542334116452828086e-02 5.359815286094011100e+01
7.915463707756897520e+02 5.558085226184985433e-02 5.348627883617966461e+01
7.899036518461903142e+02 5.573836335917142087e-02 5.337527722470541391e+01
7.882736054789198761e+02 5.589587445649299435e-02 5.326513192212475900e+01
7.866559977693476640e+02 5.605338555381456783e-02 5.315582712306800062e+01
7.850505991452102990e+02 5.621089665113614131e-02 5.304734731490506050e+01
7.834571842758446110e+02 5.636840774845770785e-02 5.293967727161865611e+01
7.818755319837938487e+02 5.652591884577928133e-02 5.283280204783154943e+01
7.803054251585841712e+02 5.668342994310085481e-02 5.272670697298023157e+01
7.787466506726622129e+02 5.684094104042242829e-02 5.262137764563449593e+01
7.771989992993891292e+02 5.699845213774400177e-02 5.251679992795644125e+01
7.756622656330421250e+02 5.715596323506556831e-02 5.241295994029452032e+01
7.741362480107841293e+02 5.731347433238714179e-02 5.230984405591109976e+01
7.726207484365277196e+02 5.747098542970871526e-02 5.220743889583772557e+01
7.711155725066407740e+02 5.762849652703028874e-02 5.210573132385486161e+01
7.696205293374461007e+02 5.778600762435185528e-02 5.200470844159301009e+01
7.681354314944884436e+02 5.794351872167342876e-02 5.190435758375306818e+01
7.666600948944225138e+02 5.810102981899500224e-02 5.180466631147672274e+01
7.651943226500599167e+02 5.825854091631657572e-02 5.170562132072591766e+01
7.637378788534736032e+02 5.841605201363814920e-02 5.160720667075777612e+01
7.622905251871786731e+02 5.857356311095971574e-02 5.150940625801108297e+01
7.608520279736981138e+02 5.873107420828128922e-02 5.141220429245863244e+01
7.594221580811373542e+02 5.888858530560286270e-02 5.131558529122688839e+01
7.580006908311542020e+02 5.904609640292443618e-02 5.121953407237715794e+01
7.565874059092230937e+02 5.920360750024600272e-02 5.112403574884204005e+01
7.551820872771841096e+02 5.936111859756757619e-02 5.102907572251627499e+01
7.537845230879437395e+02 5.951862969488914967e-02 5.093463967849285012e+01
7.523945056023430880e+02 5.967614079221072315e-02 5.084071357944555558e+01
7.510118311080232161e+02 5.983365188953229663e-02 5.074728366014670655e+01
7.496362998403559459e+02 5.999116298685386317e-02 5.065433642212421006e+01
7.482677159052493607e+02 6.014867408417543665e-02 5.056185862844539969e+01
7.469058872038901882e+02 6.030618518149701013e-02 5.046983729863163859e+01
7.455506253592863004e+02 6.046369627881858361e-02 5.037825970369492978e+01
7.442017456445844346e+02 6.062120737614015015e-02 5.028711336129391185e+01
7.428590669131200457e+02 6.077871847346172363e-02 5.019638603100732865e+01
7.415224115301421079e+02 6.093622957078329710e-02 5.010606570972055351e+01
7.401916051271348351e+02 6.109374066810487058e-02 5.001614061502462505e+01
7.388664571985692646e+02 6.125125176542643712e-02 4.992659787410222094e+01
7.375467443330310289e+02 6.140876286274801060e-02 4.983742239062334534e+01
7.362322435829264577e+02 6.156627396006958408e-02 4.974859909959926085e+01
7.349227365194121830e+02 6.172378505739115756e-02 4.966011324138172256e+01
7.336180091479213843e+02 6.188129615471273104e-02 4.957195035595484001e+01
7.323178518258278018e+02 6.203880725203429758e-02 4.948409627737159866e+01
7.310220591821162088e+02 6.219631834935587106e-02 4.939653712832580368e+01
7.297304300390485423e+02 6.235382944667744454e-02 4.930925931485877811e+01
7.284427673357449748e+02 6.251134054399902495e-02 4.922224952119583463e+01
7.271588780536326340e+02 6.266885164132059149e-02 4.913549470470852754e+01
7.258785731436875039e+02 6.282636273864215803e-02 4.904898209099828676e+01
7.246016674554188057e+02 6.298387383596373845e-02 4.896269916909782438e+01
7.233279796675755051e+02 6.314138493328530499e-02 4.887663368678871478e+01
7.220573322204596707e+02 6.329889603060687153e-02 4.879077364602785138e+01
7.207895512498762400e+02 6.345640712792845195e-02 4.870510729848412979e+01
7.195244665225952758e+02 6.361391822525001849e-02 4.861962314117769779e+01
7.182619113733368295e+02 6.377142932257158503e-02 4.853430991222167279e+01
7.170017226432005373e+02 6.392894041989316545e-02 4.844915658666196379e+01
7.157437406195213043e+02 6.408645151721473199e-02 4.836415237241299536e+01
7.144878084499167699e+02 6.424396261453631241e-02 4.827928667066393587e+01
7.132337540405592335e+02 6.440147371185787895e-02 4.819454785271076247e+01
7.119813859625662644e+02 6.455898480917944549e-02 4.810992298334345918e+01
7.107305154746819653e+02 6.471649590650102590e-02 4.802539930895991915e+01
7.094809579212142125e+02 6.487400700382259244e-02 4.794096435202728657e+01
7.082325326646734993e+02 6.503151810114417286e-02 4.785660590653021984e+01
7.069850630199938450e+02 6.518902919846573940e-02 4.777231203352614131e+01
7.057383761902715378e+02 6.534654029578730594e-02 4.768807105680285474e+01
7.044923032039787358e+02 6.550405139310888636e-02 4.760387155863604391e+01
7.032466788536221429e+02 6.566156249043045290e-02 4.751970237564423627e+01
7.020013416357601272e+02 6.581907358775203332e-02 4.743555259473581032e+01
7.007561336923969293e+02 6.597658468507359986e-02 4.735141154914869333e+01
6.995109007536329955e+02 6.613409578239516640e-02 4.726726881457528862e+01
6.982654920816253252e+02 6.629160687971674681e-02 4.718311420537568068e+01
6.970197604157303886e+02 6.644911797703831335e-02 4.709893777087086164e+01
6.957735619188359806e+02 6.660662907435987989e-02 4.701472979171634847e+01
6.945267561248621178e+02 6.676414017168146031e-02 4.693048077635457105e+01
6.932792058873477572e+02 6.692165126900302685e-02 4.684618145754087237e+01
6.920307773291201556e+02 6.707916236632460727e-02 4.676182278894261657e+01
6.907813397930201518e+02 6.723667346364617381e-02 4.667739594180950036e+01
6.895307657936211854e+02 6.739418456096774035e-02 4.659289230171123108e+01
6.882789303810468482e+02 6.755169565828932077e-02 4.650830342554933594e+01
6.870257011936022309e+02 6.770920675561088731e-02 4.642362036939481840e+01
6.857709401082494196e+02 6.786671785293246772e-02 4.633883380001392283e+01
6.845145121177336023e+02 6.802422895025403426e-02 4.625393459471222002e+01
6.832562855830988156e+02 6.818174004757560080e-02 4.616891385839755202e+01
6.819961321852204037e+02 6.833925114489718122e-02 4.608376292030501986e+01
6.807339268772548166e+02 6.849676224221874776e-02 4.599847333078393774e+01
6.794695478380473332e+02 6.865427333954032818e-02 4.591303685814950342e+01
6.782028764264447318e+02 6.881178443686189472e-02 4.582744548559553266e+01
6.769337971364699342e+02 6.896929553418346126e-02 4.574169140816569978e+01
6.756621975533615796e+02 6.912680663150504168e-02 4.565576702978284374e+01
6.743879683104175911e+02 6.928431772882660822e-02 4.556966496033296465e+01
6.731110030466467151e+02 6.944182882614817476e-02 4.548337801280364090e+01
6.718311983651750552e+02 6.959933992346975518e-02 4.539689920047333516e+01
6.705484537924153301e+02 6.975685102079132172e-02 4.531022173415257726e+01
6.692626717379487218e+02 6.991436211811290213e-02 4.522333901947300916e+01
6.679737574551079433e+02 7.007187321543446867e-02 4.513624465422387999e+01
6.666816190022276487e+02 7.022938431275603521e-02 4.504893242573374579e+01
6.653861672045754858e+02 7.038689541007761563e-02 4.496139630829799927e+01
6.640873156169024014e+02 7.054440650739918217e-02 4.487363046064839978e+01
6.627849804865993519e+02 7.070191760472076259e-02 4.478562922346342390e+01
6.614790807174751990e+02 7.085942870204232913e-02 4.469738711692071575e+01
6.601695381058426619e+02 7.101693979936389567e-02 4.460889885664987986e+01
6.588562806588583953e+02 7.117445089668547609e-02 4.452015957795891410e+01
6.575392414359067743e+02 7.133196199400704263e-02 4.443116475754435157e+01
6.562183559325322904e+02 7.148947309132862304e-02 4.434191003671870135e+01
6.548935619915613415e+02 7.164698418865018958e-02 4.425239121540464282e+01
6.535647997716200734e+02 7.180449528597175612e-02 4.416260425000788103e+01
6.522320117160935524e+02 7.196200638329333654e-02 4.407254525131958189e+01
6.508951425225418461e+02 7.211951748061490308e-02 4.398221048244970888e+01
6.495541391125151449e+02 7.227702857793646962e-02 4.389159635678747406e+01
6.482089506017952090e+02 7.243453967525805004e-02 4.380069943599044535e+01
6.468595282710234642e+02 7.259205077257961658e-02 4.370951642799975900e+01
6.455058255367232505e+02 7.274956186990119700e-02 4.361804418508223335e+01
6.441477979226988282e+02 7.290707296722276354e-02 4.352627970189755047e+01
6.427854030317836305e+02 7.306458406454433008e-02 4.343422011358932622e+01
6.414186005179637959e+02 7.322209516186591050e-02 4.334186269390143309e+01
6.400473520588334395e+02 7.337960625918747704e-02 4.324920485331673348e+01
6.386716213283903016e+02 7.353711735650905745e-02 4.315624413721886299e+01
6.372913739701469922e+02 7.369462845383062399e-02 4.306297822407524478e+01
6.359065775705729493e+02 7.385213955115219053e-02 4.296940492364261388e+01
6.345172016328328937e+02 7.400965064847377095e-02 4.287552217519237985e+01
6.331232175508274622e+02 7.416716174579533749e-02 4.278132804575649573e+01
6.317245985835246529e+02 7.432467284311691791e-02 4.268682072839313690e+01
6.303213198295848088e+02 7.448218394043848445e-02 4.259199854047183464e+01
6.289133592653085998e+02 7.463969503776005099e-02 4.249685999380977108e+01
6.275007139868248487e+02 7.479720613508163141e-02 4.240140489218691755e+01
6.260833965690450214e+02 7.495471723240319795e-02 4.230563408531371294e+01
6.246614210403048446e+02 7.511222832972476449e-02 4.220954852111123046e+01
6.232348024447165926e+02 7.526973942704634490e-02 4.211314921613841733e+01
6.218035568254699683e+02 7.542725052436791144e-02 4.201643725446388089e+01
6.203677012083364843e+02 7.558476162168949186e-02 4.191941378655101857e+01
6.189272535852671808e+02 7.574227271901105840e-02 4.182208002814986258e+01
6.174822328981856572e+02 7.589978381633262494e-02 4.172443725920183510e+01
6.160326590228902433e+02 7.605729491365420536e-02 4.162648682275208500e+01
6.145785527531218122e+02 7.621480601097577190e-02 4.152823012387282375e+01
6.131199357847584679e+02 7.637231710829735232e-02 4.142966862859542942e+01
6.116568307001607536e+02 7.652982820561891886e-02 4.133080386285247698e+01
6.101892609526433944e+02 7.668733930294048540e-02 4.123163741142860061e+01
6.087172508510908528e+02 7.684485040026206581e-02 4.113217091692094840e+01
6.072408255447015790e+02 7.700236149758363235e-02 4.103240607870819190e+01
6.057600110078698208e+02 7.715987259490521277e-02 4.093234465192907123e+01
6.042748340251872605e+02 7.731738369222677931e-02 4.083198844646889825e+01
6.027853221765906255e+02 7.747489478954834585e-02 4.073133932595590068e+01
6.012915038226226443e+02 7.763240588686992627e-02 4.063039920676536809e+01
5.997934080898222646e+02 7.778991698419149281e-02 4.052917005703238118e+01
5.982910648562424285e+02 7.794742808151305935e-02 4.042765389567324519e+01
5.967845047370965403e+02 7.810493917883463977e-02 4.032585279141559198e+01
5.952737590705128241e+02 7.826245027615620631e-02 4.022376886183575806e+01
5.937588602825974249e+02 7.841996137347778673e-02 4.012140429802676067e+01
5.922398621438143209e+02 7.857747247079935327e-02 4.001876273336015544e+01
5.907168494030127022e+02 7.873498356812091981e-02 3.991584989447525800e+01
5.891899088374465236e+02 7.889249466544250022e-02 3.981267164507448797e+01
5.876591266842707455e+02 7.905000576276406676e-02 3.970923381236488581e+01
5.861245886393026012e+02 7.920751686008564718e-02 3.960554218697409823e+01
5.845863798558445978e+02 7.936502795740721372e-02 3.950160252287120244e+01
5.830445849436049457e+02 7.952253905472878026e-02 3.939742053729348470e+01
5.814992879676651683e+02 7.968005015205036068e-02 3.929300191067679293e+01
5.799505724475473016e+02 7.983756124937192722e-02 3.918835228659252579e+01
5.783985213563313437e+02 7.999507234669350764e-02 3.908347727168796126e+01
5.768432171198573997e+02 8.015258344401507418e-02 3.897838243563226968e+01
5.752847416159913791e+02 8.031009454133664072e-02 3.887307331106708830e+01
5.737231761739657259e+02 8.046760563865822113e-02 3.876755539356180691e+01
5.721586015737744901e+02 8.062511673597978767e-02 3.866183414157269027e+01
5.705910980456558264e+02 8.078262783330135421e-02 3.855591497640807574e+01
5.690207452696248538e+02 8.094013893062293463e-02 3.844980328219660493e+01
5.674476223750768895e+02 8.109765002794450117e-02 3.834350440586048592e+01
5.658718079404518448e+02 8.125516112526608159e-02 3.823702365709294071e+01
5.642933799929685392e+02 8.141267222258764813e-02 3.813036630834005081e+01
5.627124160084160849e+02 8.157018331990921467e-02 3.802353759478677375e+01
5.611289929110079129e+02 8.172769441723079509e-02 3.791654271434707368e+01
5.595431870732877542e+02 8.188520551455236163e-02 3.780938682765756198e+01
5.579550743161202035e+02 8.204271661187394205e-02 3.770207505807681514e+01
5.563647299087015199e+02 8.220022770919550859e-02 3.759461249168617059e+01
5.547722285686688792e+02 8.235773880651707513e-02 3.748700417729705947e+01
5.531776518996874756e+02 8.251524990383865554e-02 3.737925562902285037e+01
5.515811239842698797e+02 8.267276100116022208e-02 3.727137523135255037e+01
5.499827827458473166e+02 8.283027209848178862e-02 3.716337230403211578e+01
5.483827640728811730e+02 8.298778319580336904e-02 3.705525602930079998e+01
5.467812018145384627e+02 8.314529429312493558e-02 3.694703545159884328e+01
5.451782277983404583e+02 8.330280539044651600e-02 3.683871947876015440e+01
5.435739718478820350e+02 8.346031648776808254e-02 3.673031688320943999e+01
5.419685618006034247e+02 8.361782758508964908e-02 3.662183630316334160e+01
5.403621235256330237e+02 8.377533868241122950e-02 3.651328624383582877e+01
5.387547809416777227e+02 8.393284977973279604e-02 3.640467507864730123e+01
5.371466560349431347e+02 8.409036087705437645e-02 3.629601105043538922e+01
5.355378688771052111e+02 8.424787197437594299e-02 3.618730227266932076e+01
5.339285376433006149e+02 8.440538307169750953e-02 3.607855673066563895e+01
5.323187786301342612e+02 8.456289416901908995e-02 3.596978228280493539e+01
5.307087062737218730e+02 8.472040526634065649e-02 3.586098666175104199e+01
5.290984331677160526e+02 8.487791636366223691e-02 3.575217747566909310e+01
5.274880700813632757e+02 8.503542746098380345e-02 3.564336220944564104e+01
5.258777259775320090e+02 8.519293855830536999e-02 3.553454822590693141e+01
5.242675080307584494e+02 8.535044965562695041e-02 3.542574276703816594e+01
5.226575216452609993e+02 8.550796075294851695e-02 3.531695295520089672e+01
5.210478704729395076e+02 8.566547185027008349e-02 3.520818579434914852e+01
5.194386564313655299e+02 8.582298294759166390e-02 3.509944817124517868e+01
5.178299797217284777e+02 8.598049404491323044e-02 3.499074685667203966e+01
5.162219388467519821e+02 8.613800514223481086e-02 3.488208850664425142e+01
5.146146306285819492e+02 8.629551623955637740e-02 3.477347966361656262e+01
5.130081502266203870e+02 8.645302733687794394e-02 3.466492675768891019e+01
5.114025911660551174e+02 8.661053843419952436e-02 3.455643610853440606e+01
5.097980597037523580e+02 8.676804953152109090e-02 3.444801489612956402e+01
5.081947026330580570e+02 8.692556062884267132e-02 3.433967303957722805e+01
5.065926716489439627e+02 8.708307172616423786e-02 3.423142078919224929e+01
5.049921153788803849e+02 8.724058282348580440e-02 3.412326818801270889e+01
5.033931794205254846e+02 8.739809392080738482e-02 3.401522507434652454e+01
5.017960063793915424e+02 8.755560501812895136e-02 3.390730108431673528e+01
5.002007359064364209e+02 8.771311611545053177e-02 3.379950565440151422e+01
4.986075047355932384e+02 8.787062721277209831e-02 3.369184802397020206e+01
4.970164467212106842e+02 8.802813831009366485e-02 3.358433723781320879e+01
4.954276928753953371e+02 8.818564940741524527e-02 3.347698214866530009e+01
4.938413714052527439e+02 8.834316050473681181e-02 3.336979141972200580e+01
4.922576077499855955e+02 8.850067160205837835e-02 3.326277352714647151e+01
4.906765246178821940e+02 8.865818269937995877e-02 3.315593676256880684e+01
4.890982420231378569e+02 8.881569379670152531e-02 3.304928923557420717e+01
4.875228773225325085e+02 8.897320489402310573e-02 3.294283887618125561e+01
4.859505452519363757e+02 8.913071599134467227e-02 3.283659343730878533e+01
4.843813579626406067e+02 8.928822708866623881e-02 3.273056049723074779e+01
4.828154250575045126e+02 8.944573818598781922e-02 3.262474746201867504e+01
4.812528536268998209e+02 8.960324928330938576e-02 3.251916156797072688e+01
4.796937482844654710e+02 8.976076038063096618e-02 3.241380988402741536e+01
4.781382112026400364e+02 8.991827147795253272e-02 3.230869931417289109e+01
4.765863421479734257e+02 9.007578257527409926e-02 3.220383659982072544e+01
4.750382385162295122e+02 9.023329367259567968e-02 3.209922832218613564e+01
4.734939953672317756e+02 9.039080476991724622e-02 3.199488090464038592e+01
4.719537054594895835e+02 9.054831586723882664e-02 3.189080061505064378e+01
4.704174592845664051e+02 9.070582696456039318e-02 3.178699356810222909e+01
4.688853451012007554e+02 9.086333806188195972e-02 3.168346572760431812e+01
4.673574489691685017e+02 9.102084915920354014e-02 3.158022290877803684e+01
4.658338616735423443e+02 9.117836025652510668e-02 3.147727124614168304e+01
4.643147032377002574e+02 9.133587135384667322e-02 3.137461884990095129e+01
4.628000997047875558e+02 9.149338245116825363e-02 3.127227423702849407e+01
4.612901739618653210e+02 9.165089354848982017e-02 3.117024571123446464e+01
4.597850457891411224e+02 9.180840464581140059e-02 3.106854136629302232e+01
4.582848319096970613e+02 9.196591574313296713e-02 3.096716908940263835e+01
4.567896460388978426e+02 9.212342684045453367e-02 3.086613656452463772e+01
4.552995989334324349e+02 9.228093793777611409e-02 3.076545127569707105e+01
4.538147984400364408e+02 9.243844903509768063e-02 3.066512051032694330e+01
4.523353495438175287e+02 9.259596013241926105e-02 3.056515136245566922e+01
4.508613544162315634e+02 9.275347122974082759e-02 3.046555073600092811e+01
4.493929124626538396e+02 9.291098232706239413e-02 3.036632534797112015e+01
4.479301203695740696e+02 9.306849342438397454e-02 3.026748173165442779e+01
4.464730721513883509e+02 9.322600452170554108e-02 3.016902623978063147e+01
4.450218591967689008e+02 9.338351561902712150e-02 3.007096504765440770e+01
4.435765703146358874e+02 9.354102671634868804e-02 2.997330415626172240e+01
4.421372917796952606e+02 9.369853781367025458e-02 2.987604939534692505e+01
4.407041073775524751e+02 9.385604891099183500e-02 2.977920642646116178e+01
4.392770984493875517e+02 9.401356000831340154e-02 2.968278074598113037e+01
4.378563439361988117e+02 9.417107110563496808e-02 2.958677768809874564e+01
4.364419204225862359e+02 9.432858220295654850e-02 2.949120242777962630e+01
4.350339021801084982e+02 9.448609330027811504e-02 2.939605998369288287e+01
4.336323612101680851e+02 9.464360439759969545e-02 2.930135522110885304e+01
4.322373672864434866e+02 9.480111549492126199e-02 2.920709285476639039e+01
4.308489879968703349e+02 9.495862659224282853e-02 2.911327745170957115e+01
4.294672887851497762e+02 9.511613768956440895e-02 2.901991343409250845e+01
4.280923329918009586e+02 9.527364878688597549e-02 2.892700508195338926e+01
4.267241818947375123e+02 9.543115988420755591e-02 2.883455653595620305e+01
4.253628947493846226e+02 9.558867098152912245e-02 2.874257180010162926e+01
4.240085289638877271e+02 9.574618207885068899e-02 2.865105475356613951e+01
4.226611464653745429e+02 9.590369317617226941e-02 2.856000958088240083e+01
4.213208162617769972e+02 9.606120427349383595e-02 2.846944094504629064e+01
4.199876058356099975e+02 9.621871537081541637e-02 2.837935340597844558e+01
4.186615804806644405e+02 9.637622646813698291e-02 2.828975137570325060e+01
4.173428033460745610e+02 9.653373756545854945e-02 2.820063912132663120e+01
4.160313354798822161e+02 9.669124866278012986e-02 2.811202076797974314e+01
4.147272358720708780e+02 9.684875976010169640e-02 2.802390030172684376e+01
4.134305614970863871e+02 9.700627085742326294e-02 2.793628157243850652e+01
4.121413673558276400e+02 9.716378195474484336e-02 2.784916829662908810e+01
4.108597065171250051e+02 9.732129305206640990e-02 2.776256406025934709e+01
4.095856301586856603e+02 9.747880414938799032e-02 2.767647232150336478e+01
4.083191876075262599e+02 9.763631524670955686e-02 2.759089641348052169e+01
4.070604263798740590e+02 9.779382634403112340e-02 2.750583954695177979e+01
4.058093922205556510e+02 9.795133744135270382e-02 2.742130481298121580e+01
4.045661291418571182e+02 9.810884853867427036e-02 2.733729518556187799e+01
4.033306794618668505e+02 9.826635963599585077e-02 2.725381352420667724e+01
4.021030838423112641e+02 9.842387073331741731e-02 2.717086257650504777e+01
4.008833813258485748e+02 9.858138183063898385e-02 2.708844498064294370e+01
3.996716093728815622e+02 9.873889292796056427e-02 2.700656326789029293e+01
3.984678038978276504e+02 9.889640402528213081e-02 2.692521986505193610e+01
3.972719993048985430e+02 9.905391512260371123e-02 2.684441709688521982e+01
3.960842285233677558e+02 9.921142621992527777e-02 2.676415718848318903e+01
3.949045230423236603e+02 9.936893731724684431e-02 2.668444226762282412e+01
3.937329129449362313e+02 9.952644841456842473e-02 2.660527436708056115e+01
3.925694269422136813e+02 9.968395951188999127e-02 2.652665542691332945e+01
3.914140924062670024e+02 9.984147060921155781e-02 2.644858729670617592e+01
3.902669354030811633e+02 9.999898170653313823e-02 2.637107173778681357e+01
3.891279807248023985e+02 1.001564928038547048e-01 2.629411042540722931e+01
3.879972519215309035e+02 1.003140039011762852e-01 2.621770495089205610e+01
3.868747713326399094e+02 1.004715149984978517e-01 2.614185682375480724e+01
3.857605600563881012e+02 1.006290260958194183e-01 2.606656746964456062e+01
3.846546316102041487e+02 1.007865371931409987e-01 2.599183780195939519e+01
3.835569865707303165e+02 1.009440482904625652e-01 2.591766785966416009e+01
3.824676235004419027e+02 1.011015593877841456e-01 2.584405754562255453e+01
3.813865402987183870e+02 1.012590704851057122e-01 2.577100671789173703e+01
3.803137342219175139e+02 1.014165815824272787e-01 2.569851519107860582e+01
3.792492019031101904e+02 1.015740926797488591e-01 2.562658273767343786e+01
3.781929393714657976e+02 1.017316037770704257e-01 2.555520908935971747e+01
3.771449420712796154e+02 1.018891148743920061e-01 2.548439393829991673e+01
3.761052048806737957e+02 1.020466259717135726e-01 2.541413693839908916e+01
3.750737221299578437e+02 1.022041370690351392e-01 2.534443770654557326e+01
3.740504876196561099e+02 1.023616481663567196e-01 2.527529582382912210e+01
3.730354946382170738e+02 1.025191592636782861e-01 2.520671083673757806e+01
3.720287359793875339e+02 1.026766703609998527e-01 2.513868225833082448e+01
3.710302039592858137e+02 1.028341814583214331e-01 2.507120956939451517e+01
3.700398904331539143e+02 1.029916925556429996e-01 2.500429221957201165e+01
3.690577868117982803e+02 1.031492036529645800e-01 2.493792962847533090e+01
3.680838840777384462e+02 1.033067147502861466e-01 2.487212118677633654e+01
3.671181728010468532e+02 1.034642258476077131e-01 2.480686625727706485e+01
3.661606431549016634e+02 1.036217369449292935e-01 2.474216417596067075e+01
3.652112849308468867e+02 1.037792480422508601e-01 2.467801425302253904e+01
3.642700875537621528e+02 1.039367591395724405e-01 2.461441577388188406e+01
3.633370400965652607e+02 1.040942702368940070e-01 2.455136800017518794e+01
3.624121312946225544e+02 1.042517813342155736e-01 2.448887017072994254e+01
3.614953495598992390e+02 1.044092924315371540e-01 2.442692150252080907e+01
3.605866829948312215e+02 1.045668035288587205e-01 2.436552119160697671e+01
3.596861194059476929e+02 1.047243146261803010e-01 2.430466841405267431e+01
3.587936463172206345e+02 1.048818257235018675e-01 2.424436232682917591e+01
3.579092509831615416e+02 1.050393368208234340e-01 2.418460206869982798e+01
3.570329204016748008e+02 1.051968479181450145e-01 2.412538676108854929e+01
3.561646413266602735e+02 1.053543590154665810e-01 2.406671550893141287e+01
3.553044002803684975e+02 1.055118701127881475e-01 2.400858740151150883e+01
3.544521835655211248e+02 1.056693812101097280e-01 2.395100151327792659e+01
3.536079758199481375e+02 1.058268923074312945e-01 2.389395680617993989e+01
3.527717369927673872e+02 1.059844034047528749e-01 2.383745057390398259e+01
3.519434069891643162e+02 1.061419145020744415e-01 2.378147875573031911e+01
3.511229257569361835e+02 1.062994255993960080e-01 2.372603729381848936e+01
3.503102339079852641e+02 1.064569366967175884e-01 2.367112217520291395e+01
3.495052727106542534e+02 1.066144477940391549e-01 2.361672943127489788e+01
3.487079840821623407e+02 1.067719588913607354e-01 2.356285513727157621e+01
3.479183105811272299e+02 1.069294699886823019e-01 2.350949541177056901e+01
3.471361954002105676e+02 1.070869810860038684e-01 2.345664641619305968e+01
3.463615823588409057e+02 1.072444921833254489e-01 2.340430435431203904e+01
3.455944158960388677e+02 1.074020032806470154e-01 2.335246547176749843e+01
3.448346410633424739e+02 1.075595143779685958e-01 2.330112605558840144e+01
3.440822035178213696e+02 1.077170254752901624e-01 2.325028243372059933e+01
3.433370495151812065e+02 1.078745365726117289e-01 2.319993097456091036e+01
3.425991259029631806e+02 1.080320476699333093e-01 2.315006808649762959e+01
3.418683801138331546e+02 1.081895587672548759e-01 2.310069021745696460e+01
3.411447601589574674e+02 1.083470698645764424e-01 2.305179385445554274e+01
3.404282146214637237e+02 1.085045809618980228e-01 2.300337552315847489e+01
3.397186926499927040e+02 1.086620920592195894e-01 2.295543178744365775e+01
3.390161439523304239e+02 1.088196031565411698e-01 2.290795924897147273e+01
3.383205187891286982e+02 1.089771142538627363e-01 2.286095454676052441e+01
3.376317679677003412e+02 1.091346253511843029e-01 2.281441435676829599e+01
3.369498428359062245e+02 1.092921364485058833e-01 2.276833539147810725e+01
3.362746952761089574e+02 1.094496475458274498e-01 2.272271439949062710e+01
3.356062776992197314e+02 1.096071586431490302e-01 2.267754816512148608e+01
3.349445430388121281e+02 1.097646697404705968e-01 2.263283350800361404e+01
3.342894447453203384e+02 1.099221808377921633e-01 2.258856728269519820e+01
3.336409367803021837e+02 1.100796919351137437e-01 2.254474637829202877e+01
3.329989736107937688e+02 1.102372030324353103e-01 2.250136771804595526e+01
3.323635102037220008e+02 1.103947141297568907e-01 2.245842825898745687e+01
3.317345020203943022e+02 1.105522252270784572e-01 2.241592499155319729e+01
3.311119050110679041e+02 1.107097363244000238e-01 2.237385493921908264e+01
3.304956756095775745e+02 1.108672474217216042e-01 2.233221515813732694e+01
3.298857707280370164e+02 1.110247585190431707e-01 2.229100273677829946e+01
3.292821476788200243e+02 1.111822696163647373e-01 2.225021479065868846e+01
3.286847492242095541e+02 1.113397807136863177e-01 2.220984745211819344e+01
3.280934856181855253e+02 1.114972918110078842e-01 2.216989465684923388e+01
3.275082638719535453e+02 1.116548029083294646e-01 2.213035012142387004e+01
3.269289922516069851e+02 1.118123140056510312e-01 2.209120764720927355e+01
3.263555802563915904e+02 1.119698251029725977e-01 2.205246111889907468e+01
3.257879385974190996e+02 1.121273362002941781e-01 2.201410450307493960e+01
3.252259791768253194e+02 1.122848472976157447e-01 2.197613184679828535e+01
3.246696150673693069e+02 1.124423583949373251e-01 2.193853727623174166e+01
3.241187604924520542e+02 1.125998694922588916e-01 2.190131499528902381e+01
3.235733308065512688e+02 1.127573805895804582e-01 2.186445928431276897e+01
3.230332424760704271e+02 1.129148916869020386e-01 2.182796449878054545e+01
3.224984130605689074e+02 1.130724027842236051e-01 2.179182506803654817e+01
3.219687611943984962e+02 1.132299138815451855e-01 2.175603549405071035e+01
3.214442065687031800e+02 1.133874249788667521e-01 2.172059035020241424e+01
3.209246699138055305e+02 1.135449360761883186e-01 2.168548428009025386e+01
3.204100729819362527e+02 1.137024471735098990e-01 2.165071199636514265e+01
3.199003385303392974e+02 1.138599582708314656e-01 2.161626827958856367e+01
3.193953903047043923e+02 1.140174693681530321e-01 2.158214797711320898e+01
3.188951530229519449e+02 1.141749804654746125e-01 2.154834600198716288e+01
3.183995523593432608e+02 1.143324915627961791e-01 2.151485733188033578e+01
3.179085149289134620e+02 1.144900026601177595e-01 2.148167700803242752e+01
3.174219682722257971e+02 1.146475137574393260e-01 2.144880013422287490e+01
3.169398408404295537e+02 1.148050248547608926e-01 2.141622187576107450e+01
3.164620619806298123e+02 1.149625359520824730e-01 2.138393745849789340e+01
3.159885619215404517e+02 1.151200470494040395e-01 2.135194216785613364e+01
3.155192717594399028e+02 1.152775581467256200e-01 2.132023134788156682e+01
3.150541234444033307e+02 1.154350692440471865e-01 2.128880040031264542e+01
3.145930497668132944e+02 1.155925803413687530e-01 2.125764478366894039e+01
3.141359843441406383e+02 1.157500914386903335e-01 2.122676001235795695e+01
3.136828616079915264e+02 1.159076025360119000e-01 2.119614165579983833e+01
3.132336167914177736e+02 1.160651136333334804e-01 2.116578533756997160e+01
3.127881859164722300e+02 1.162226247306550470e-01 2.113568673455795377e+01
3.123465057820218362e+02 1.163801358279766135e-01 2.110584157614421130e+01
3.119085139517987386e+02 1.165376469252981939e-01 2.107624564339257844e+01
3.114741487426866229e+02 1.166951580226197605e-01 2.104689476825870642e+01
3.110433492107800930e+02 1.168526691199413270e-01 2.101778483264815378e+01
3.106160476988441701e+02 1.170101802172629074e-01 2.098891126483414382e+01
3.101921535917676351e+02 1.171676913145844739e-01 2.096026794178298047e+01
3.097715726641309288e+02 1.173252024119060544e-01 2.093184849650561219e+01
3.093542118644073753e+02 1.174827135092276209e-01 2.090364664133516470e+01
3.089399792968371230e+02 1.176402246065491874e-01 2.087565616670211099e+01
3.085287842037557766e+02 1.177977357038707679e-01 2.084787093994013674e+01
3.081205369483625418e+02 1.179552468011923344e-01 2.082028490412183075e+01
3.077151489979185044e+02 1.181127578985139148e-01 2.079289207692330876e+01
3.073125329073704961e+02 1.182702689958354814e-01 2.076568654951765325e+01
3.069126023033761612e+02 1.184277800931570479e-01 2.073866248549548530e+01
3.065152718687371589e+02 1.185852911904786283e-01 2.071181411981302389e+01
3.061204573272196967e+02 1.187428022878001949e-01 2.068513575776648494e+01
3.057280754287542663e+02 1.189003133851217753e-01 2.065862177399187871e+01
3.053380439350063966e+02 1.190578244824433418e-01 2.063226661149010255e+01
3.049502816053162064e+02 1.192153355797649084e-01 2.060606478067676051e+01
3.045647081829806666e+02 1.193728466770864888e-01 2.058001085845531364e+01
3.041812443818929523e+02 1.195303577744080553e-01 2.055409948731422176e+01
3.037998118735095545e+02 1.196878688717296219e-01 2.052832537444627548e+01
3.034203332741456620e+02 1.198453799690512023e-01 2.050268329089019659e+01
3.030427321325977914e+02 1.200028910663727688e-01 2.047716807069420497e+01
3.026669329180714954e+02 1.201604021636943492e-01 2.045177461010026221e+01
3.022928610084178445e+02 1.203179132610159158e-01 2.042649786674925849e+01
3.019204426786655517e+02 1.204754243583374823e-01 2.040133285890602366e+01
3.015496050898471481e+02 1.206329354556590627e-01 2.037627466470442883e+01
3.011802762780972671e+02 1.207904465529806293e-01 2.035131842141051806e+01
3.008123851440416274e+02 1.209479576503022097e-01 2.032645932470570216e+01
3.004458614424437997e+02 1.211054687476237762e-01 2.030169262798707663e+01
3.000806357721219229e+02 1.212629798449453428e-01 2.027701364168608933e+01
2.997166395661120077e+02 1.214204909422669232e-01 2.025241773260388101e+01
2.993538050820947660e+02 1.215780020395884897e-01 2.022790032326434329e+01
2.989920653930504955e+02 1.217355131369100563e-01 2.020345689128274813e+01
2.986313543781679982e+02 1.218930242342316367e-01 2.017908296875136998e+01
2.982716067139674010e+02 1.220505353315532032e-01 2.015477414163964553e+01
2.979127578656630249e+02 1.222080464288747836e-01 2.013052604921058730e+01
2.975547440787402138e+02 1.223655575261963502e-01 2.010633438345159618e+01
2.971975023707472019e+02 1.225230686235179167e-01 2.008219488851979051e+01
2.968409705232951410e+02 1.226805797208394971e-01 2.005810336020148199e+01
2.964850870731166310e+02 1.228380908181610637e-01 2.003405564530794791e+01
2.961297896524840780e+02 1.229956019154826441e-01 2.001004752953437915e+01
2.957750117164241601e+02 1.231531130128042106e-01 1.998607451631162490e+01
2.954206866173956314e+02 1.233106241101257772e-01 1.996213210213982592e+01
2.950667485274473165e+02 1.234681352074473576e-01 1.993821583890034788e+01
2.947131324305390194e+02 1.236256463047689241e-01 1.991432133333693599e+01
2.943597741150649654e+02 1.237831574020905046e-01 1.989044424655046939e+01
2.940066101665971701e+02 1.239406684994120711e-01 1.986658029350862265e+01
2.936535779608183816e+02 1.240981795967336376e-01 1.984272524256835268e+01
2.933006156566563618e+02 1.242556906940552180e-01 1.981887491501197118e+01
2.929476621896069446e+02 1.244132017913767846e-01 1.979502518459591798e+01
2.925946572652400164e+02 1.245707128886983511e-01 1.977117197711202579e+01
2.922415413528905788e+02 1.247282239860199315e-01 1.974731126996115904e+01
2.918882556795186929e+02 1.248857350833414981e-01 1.972343909173832444e+01
2.915347422237464912e+02 1.250432461806630924e-01 1.969955152182976121e+01
2.911809437100505420e+02 1.252007572779846589e-01 1.967564469002049421e+01
2.908268036031291217e+02 1.253582683753062255e-01 1.965171477611373518e+01
2.904722661024100603e+02 1.255157794726277920e-01 1.962775800955973082e+01
2.901172761367209318e+02 1.256732905699493585e-01 1.960377066909566324e+01
2.897617793591018653e+02 1.258308016672709251e-01 1.957974908239510370e+01
2.894057221417661481e+02 1.259883127645924916e-01 1.955568962572753478e+01
2.890490515711904322e+02 1.261458238619140859e-01 1.953158872362653398e+01
2.886917154433494375e+02 1.263033349592356525e-01 1.950744284856778421e+01
2.883336622590745719e+02 1.264608460565572190e-01 1.948324852065553614e+01
2.879748412195421565e+02 1.266183571538787855e-01 1.945900230731756508e+01
2.876152022218842603e+02 1.267758682512003521e-01 1.943470082300875745e+01
2.872546958549158376e+02 1.269333793485219464e-01 1.941034072892230000e+01
2.868932733949820886e+02 1.270908904458435129e-01 1.938591873270908295e+01
2.865308868019113788e+02 1.272484015431650795e-01 1.936143158820422627e+01
2.861674887150776385e+02 1.274059126404866460e-01 1.933687609516107031e+01
2.858030324495756531e+02 1.275634237378082125e-01 1.931224909899264119e+01
2.854374719924815054e+02 1.277209348351298068e-01 1.928754749051901030e+01
2.850707619992238051e+02 1.278784459324513734e-01 1.926276820572212145e+01
2.847028577900450159e+02 1.280359570297729399e-01 1.923790822550662227e+01
2.843337153465514007e+02 1.281934681270945064e-01 1.921296457546672798e+01
2.839632913083522681e+02 1.283509792244160730e-01 1.918793432565922430e+01
2.835915429697897139e+02 1.285084903217376673e-01 1.916281459038236434e+01
2.832184282767385071e+02 1.286660014190592338e-01 1.913760252795971795e+01
2.828439058234943104e+02 1.288235125163808004e-01 1.911229534052987944e+01
2.824679348497336377e+02 1.289810236137023669e-01 1.908689027384103554e+01
2.820904752542562619e+02 1.291385347110239334e-01 1.906138461817956298e+01
2.817114925073358336e+02 1.292960458083455277e-01 1.903577604030683545e+01
2.813309644039190971e+02 1.294535569056670943e-01 1.901006303978557810e+01
2.809488708739499430e+02 1.296110680029886608e-01 1.898424426044431712e+01
2.805651922454708824e+02 1.297685791003102274e-01 1.895831837301184208e+01
2.801799092427398250e+02 1.299260901976317939e-01 1.893228407498995836e+01
2.797930029843696502e+02 1.300836012949533882e-01 1.890614009052778144e+01
2.794044549814846050e+02 1.302411123922749547e-01 1.887988517029717883e+01
2.790142471358910825e+02 1.303986234895965213e-01 1.885351809136909296e+01
2.786223617382672728e+02 1.305561345869180878e-01 1.882703765709131005e+01
2.782287814663641257e+02 1.307136456842396544e-01 1.880044269696686854e+01
2.778334893832219450e+02 1.308711567815612486e-01 1.877373206653347992e+01
2.774364689354026154e+02 1.310286678788828152e-01 1.874690464724417538e+01
2.770377039512267743e+02 1.311861789762043817e-01 1.871995934634811576e+01
2.766371786390321290e+02 1.313436900735259483e-01 1.869289509677295413e+01
2.762348775854352994e+02 1.315012011708475148e-01 1.866571085700733690e+01
2.758307857536041183e+02 1.316587122681690813e-01 1.863840561098420778e+01
2.754248884815466454e+02 1.318162233654906756e-01 1.861097836796515637e+01
2.750171714803989289e+02 1.319737344628122422e-01 1.858342816242474882e+01
2.746076208327276049e+02 1.321312455601338087e-01 1.855575405393578237e+01
2.741962229908333484e+02 1.322887566574553753e-01 1.852795512705472802e+01
2.737829647750709228e+02 1.324462677547769418e-01 1.850003049120812904e+01
2.733678333721653644e+02 1.326037788520985361e-01 1.847197928057886074e+01
2.729508163335377162e+02 1.327612899494201026e-01 1.844380065399300506e+01
2.725319015736375263e+02 1.329188010467416692e-01 1.841549379480716553e+01
2.721110773682719355e+02 1.330763121440632357e-01 1.838705791079553364e+01
2.716883323529506242e+02 1.332338232413848023e-01 1.835849223403813113e+01
2.712636555212210396e+02 1.333913343387063966e-01 1.832979602080819959e+01
2.708370362230143655e+02 1.335488454360279631e-01 1.830096855146055645e+01
2.704084641629888210e+02 1.337063565333495296e-01 1.827200913031955665e+01
2.699779293988789277e+02 1.338638676306710962e-01 1.824291708556760838e+01
2.695454223398425029e+02 1.340213787279926627e-01 1.821369176913343324e+01
2.691109337448042425e+02 1.341788898253142570e-01 1.818433255658018766e+01
2.686744547208124345e+02 1.343364009226358236e-01 1.815483884699436601e+01
2.682359767213759483e+02 1.344939120199573901e-01 1.812521006287347092e+01
2.677954915448174802e+02 1.346514231172789566e-01 1.809544565001472805e+01
2.673529913326153178e+02 1.348089342146005232e-01 1.806554507740301574e+01
2.669084685677494235e+02 1.349664453119221175e-01 1.803550783709914285e+01
2.664619160730379690e+02 1.351239564092436840e-01 1.800533344412742665e+01
2.660133270094792692e+02 1.352814675065652505e-01 1.797502143636361893e+01
2.655626948745806430e+02 1.354389786038868171e-01 1.794457137442206829e+01
2.651100135006982441e+02 1.355964897012083836e-01 1.791398284154345077e+01
2.646552771043516259e+02 1.357540007985299779e-01 1.788325544692711588e+01
2.641984897196683733e+02 1.359115118958515445e-01 1.785238946316665221e+01
2.637396760737457839e+02 1.360690229931731110e-01 1.782138656111858666e+01
2.632788634780527559e+02 1.362265340904946775e-01 1.779024858627030525e+01
2.628160791167828165e+02 1.363840451878162441e-01 1.775897737550895528e+01
2.623513500462003094e+02 1.365415562851378384e-01 1.772757475707727437e+01
2.618847031939950512e+02 1.366990673824594049e-01 1.769604255052995612e+01
2.614161653586650687e+02 1.368565784797809715e-01 1.766438256669199092e+01
2.609457632089155936e+02 1.370140895771025380e-01 1.763259660761800518e+01
2.604735232830823861e+02 1.371716006744241045e-01 1.760068646655331648e+01
2.599994719885744416e+02 1.373291117717456711e-01 1.756865392789629254e+01
2.595236356013324439e+02 1.374866228690672654e-01 1.753650076716170858e+01
2.590460402653121150e+02 1.376441339663888319e-01 1.750422875094589159e+01
2.585667119919861534e+02 1.378016450637103985e-01 1.747183963689303354e+01
2.580856766598599847e+02 1.379591561610319650e-01 1.743933517366249220e+01
2.576029600140163325e+02 1.381166672583535315e-01 1.740671710089795710e+01
2.571185876656695655e+02 1.382741783556751258e-01 1.737398714919744336e+01
2.566325850917423281e+02 1.384316894529966924e-01 1.734114704008456442e+01
2.561449776344623501e+02 1.385892005503182589e-01 1.730819848598138577e+01
2.556557905009719605e+02 1.387467116476398254e-01 1.727514319018197853e+01
2.551650487629629538e+02 1.389042227449613920e-01 1.724198284682776361e+01
2.546727773563216033e+02 1.390617338422829863e-01 1.720871914088354515e+01
2.541790010807958424e+02 1.392192449396045528e-01 1.717535374811498983e+01
2.536837445996790166e+02 1.393767560369261194e-01 1.714188833506725373e+01
2.531870324395096361e+02 1.395342671342476859e-01 1.710832455904475680e+01
2.526888889897871877e+02 1.396917782315692524e-01 1.707466406809188086e+01
2.521893385027078978e+02 1.398492893288908467e-01 1.704090850097521326e+01
2.516884050929116370e+02 1.400068004262124133e-01 1.700705948716638360e+01
2.511861127372516194e+02 1.401643115235339798e-01 1.697311864682649940e+01
2.506824852745729686e+02 1.403218226208555464e-01 1.693908759079122106e+01
2.501775464055122029e+02 1.404793337181771129e-01 1.690496792055718700e+01
2.496713196923103339e+02 1.406368448154987072e-01 1.687076122826939795e+01
2.491638285586416544e+02 1.407943559128202737e-01 1.683646909670963865e+01
2.486550962894578163e+02 1.409518670101418403e-01 1.680209309928593697e+01
2.481451460308415733e+02 1.411093781074634068e-01 1.676763480002268381e+01
2.476340007898884892e+02 1.412668892047849734e-01 1.673309575355264656e+01
2.471216834345882205e+02 1.414244003021065677e-01 1.669847750510898265e+01
2.466082166937283091e+02 1.415819113994281342e-01 1.666378159051862085e+01
2.460936231568111054e+02 1.417394224967497007e-01 1.662900953619680422e+01
2.455779252739842491e+02 1.418969335940712673e-01 1.659416285914226918e+01
2.450611453559798179e+02 1.420544446913928338e-01 1.655924306693321668e+01
2.445433055740782322e+02 1.422119557887144281e-01 1.652425165772479332e+01
2.440244279600750588e+02 1.423694668860359946e-01 1.648919012024692066e+01
2.435045344062625645e+02 1.425269779833575612e-01 1.645405993380301624e+01
2.429836466702062410e+02 1.426844890806791277e-01 1.641886256859274695e+01
2.424617933313738547e+02 1.428420001780006943e-01 1.638359995578457173e+01
2.419390235430539065e+02 1.429995112753222608e-01 1.634827541675874230e+01
2.414153897719548070e+02 1.431570223726438551e-01 1.631289249678957987e+01
2.408909438654579560e+02 1.433145334699654216e-01 1.627745469930224687e+01
2.403657370542311469e+02 1.434720445672869882e-01 1.624196548604944468e+01
2.398398199549293679e+02 1.436295556646085547e-01 1.620642827729387037e+01
2.393132425729835973e+02 1.437870667619301213e-01 1.617084645199666326e+01
2.387860543054662230e+02 1.439445778592517156e-01 1.613522334801102787e+01
2.382583039440404775e+02 1.441020889565732821e-01 1.609956226228151976e+01
2.377300396779857863e+02 1.442596000538948486e-01 1.606386645104850430e+01
2.372013090972894247e+02 1.444171111512164152e-01 1.602813913005702418e+01
2.366721591958218198e+02 1.445746222485379817e-01 1.599238347477141176e+01
2.361426363745702304e+02 1.447321333458595760e-01 1.595660262059375079e+01
2.356127864449417189e+02 1.448896444431811426e-01 1.592079966308708272e+01
2.350826546321324599e+02 1.450471555405027091e-01 1.588497765820307173e+01
2.345522855785527554e+02 1.452046666378242756e-01 1.584913962251345509e+01
2.340217233473173053e+02 1.453621777351458422e-01 1.581328853344586527e+01
2.334910114257849330e+02 1.455196888324674365e-01 1.577742732952303228e+01
2.329601927291598145e+02 1.456771999297890030e-01 1.574155891060612333e+01
2.324293096041357103e+02 1.458347110271105695e-01 1.570568613814095649e+01
2.318984038326017867e+02 1.459922221244321361e-01 1.566981183540848299e+01
2.313675166353839359e+02 1.461497332217537026e-01 1.563393878777751667e+01
2.308366886760384773e+02 1.463072443190752969e-01 1.559806974296114390e+01
2.303059600646878380e+02 1.464647554163968635e-01 1.556220741127586571e+01
2.297753703618962788e+02 1.466222665137184300e-01 1.552635446590349133e+01
2.292449585825871452e+02 1.467797776110399965e-01 1.549051354315588114e+01
2.287147631999944508e+02 1.469372887083615631e-01 1.545468724274190464e+01
2.281848221496511826e+02 1.470947998056831574e-01 1.541887812803694047e+01
2.276551728334117399e+02 1.472523109030047239e-01 1.538308872635475133e+01
2.271258521235063483e+02 1.474098220003262905e-01 1.534732152922135207e+01
2.265968963666223033e+02 1.475673330976478570e-01 1.531157899265084055e+01
2.260683413880170463e+02 1.477248441949694235e-01 1.527586353742333714e+01
2.255402224956534667e+02 1.478823552922910178e-01 1.524017754936437719e+01
2.250125744843641939e+02 1.480398663896125844e-01 1.520452337962633216e+01
2.244854316400362677e+02 1.481973774869341509e-01 1.516890334497113635e+01
2.239588277438148225e+02 1.483548885842557175e-01 1.513331972805439918e+01
2.234327960763335739e+02 1.485123996815772840e-01 1.509777477771119791e+01
2.229073694219538879e+02 1.486699107788988505e-01 1.506227070924257205e+01
2.223825800730276683e+02 1.488274218762204448e-01 1.502680970470355071e+01
2.218584598341761307e+02 1.489849329735420114e-01 1.499139391319227599e+01
2.213350400265733242e+02 1.491424440708635779e-01 1.495602545113945503e+01
2.208123514922529296e+02 1.492999551681851444e-01 1.492070640259939474e+01
2.202904245984158820e+02 1.494574662655067110e-01 1.488543881954104364e+01
2.197692892417585995e+02 1.496149773628283053e-01 1.485022472214047262e+01
2.192489748527976872e+02 1.497724884601498718e-01 1.481506609907311400e+01
2.187295104002097048e+02 1.499299995574714384e-01 1.477996490780698657e+01
2.182109253627413636e+02 1.500875106547930049e-01 1.474492314027652640e+01
2.176932579006071080e+02 1.502450217521145714e-01 1.470994337503927873e+01
2.171765506007702129e+02 1.504025328494361657e-01 1.467502848977654573e+01
2.166608454214135975e+02 1.505600439467577323e-01 1.464018131968176384e+01
2.161461836451003649e+02 1.507175550440792988e-01 1.460540465429545343e+01
2.156326058855803183e+02 1.508750661414008654e-01 1.457070123796517258e+01
2.151201520946219432e+02 1.510325772387224319e-01 1.453607377030715853e+01
2.146088615688589982e+02 1.511900883360440262e-01 1.450152490666894245e+01
2.140987729566681423e+02 1.513475994333655927e-01 1.446705725859411551e+01
2.135899242650511951e+02 1.515051105306871593e-01 1.443267339428737372e+01
2.130823528665352740e+02 1.516626216280087258e-01 1.439837583908072993e+01
2.125760955060917183e+02 1.518201327253302924e-01 1.436416707590111663e+01
2.120711883080503242e+02 1.519776438226518867e-01 1.433004954573750389e+01
2.115676667830330757e+02 1.521351549199734532e-01 1.429602564810949517e+01
2.110655658348871668e+02 1.522926660172950197e-01 1.426209774153578458e+01
2.105649197676183917e+02 1.524501771146165863e-01 1.422826814400262130e+01
2.100657622923312715e+02 1.526076882119381528e-01 1.419453913343283169e+01
2.095681265341612516e+02 1.527651993092597471e-01 1.416091294815419843e+01
2.090720450392100815e+02 1.529227104065813136e-01 1.412739178736809365e+01
2.085775497814666721e+02 1.530802215039028802e-01 1.409397781161716878e+01
2.080846721697317889e+02 1.532377326012244467e-01 1.406067314325323458e+01
2.075934430545228508e+02 1.533952436985460133e-01 1.402747986690384074e+01
2.071038927349788707e+02 1.535527547958676076e-01 1.399440002993887333e+01
2.066160509657431419e+02 1.537102658931891741e-01 1.396143564293560857e+01
2.061299469638357493e+02 1.538677769905107406e-01 1.392858868014312534e+01
2.056456094155148264e+02 1.540252880878323072e-01 1.389586107994588282e+01
2.051630664831122886e+02 1.541827991851538737e-01 1.386325474532568869e+01
2.046823458118580561e+02 1.543403102824754403e-01 1.383077154432279521e+01
2.042034745366813979e+02 1.544978213797970346e-01 1.379841331049545872e+01
2.037264792889885996e+02 1.546553324771186011e-01 1.376618184337796080e+01
2.032513862034232375e+02 1.548128435744401676e-01 1.373407890893739136e+01
2.027782209245994522e+02 1.549703546717617342e-01 1.370210624002858779e+01
2.023070086138083923e+02 1.551278657690833007e-01 1.367026553684741330e+01
2.018377739557018629e+02 1.552853768664048950e-01 1.363855846738224642e+01
2.013705411649457915e+02 1.554428879637264616e-01 1.360698666786366573e+01
2.009053339928477158e+02 1.556003990610480281e-01 1.357555174321226232e+01
2.004421757339518990e+02 1.557579101583695946e-01 1.354425526748424424e+01
1.999810892326060809e+02 1.559154212556911612e-01 1.351309878431521305e+01
1.995220968894944633e+02 1.560729323530127555e-01 1.348208380736158318e+01
1.990652206681409098e+02 1.562304434503343220e-01 1.345121182074001531e+01
1.986104821013757089e+02 1.563879545476558885e-01 1.342048427946440725e+01
1.981579022977738873e+02 1.565454656449774551e-01 1.338990260988092018e+01
1.977075019480472236e+02 1.567029767422990216e-01 1.335946821009991226e+01
1.972593013314175323e+02 1.568604878396206159e-01 1.332918245042658612e+01
1.968133203219348957e+02 1.570179989369421825e-01 1.329904667378793981e+01
1.963695783947734697e+02 1.571755100342637490e-01 1.326906219615815630e+01
1.959280946324805939e+02 1.573330211315853155e-01 1.323923030698089498e+01
1.954888877311927331e+02 1.574905322289068821e-01 1.320955226958931306e+01
1.950519760068095252e+02 1.576480433262284764e-01 1.318002932162321805e+01
1.946173759674832127e+02 1.578055544235500429e-01 1.315066257856957144e+01
1.941850976698333113e+02 1.579630655208716095e-01 1.312145271997306928e+01
1.937551492953223544e+02 1.581205766181931760e-01 1.309240029867054922e+01
1.937551492953223544e+02 1.581205766181931760e-01 1.309240029867054744e+01
1.493270842206958378e+02 1.826842454521749870e-01 9.958692873136875789e+00
1.254023334252896973e+02 2.073525430377324841e-01 6.877611993229564291e+00
9.820950590549739445e+01 2.322407203492417860e-01 5.370241473510394492e+00
8.455357171472041955e+01 2.568837818198746459e-01 4.820875327546736422e+00
7.043609401916901902e+01 2.811184729179193598e-01 2.993160056872158137e+00
6.067926578309769781e+01 3.057758170190760794e-01 2.171198344086661791e+00
5.222224826499294181e+01 3.308749588216616799e-01 1.841427133978806419e+00
4.493802699177201276e+01 3.553458836143503774e-01 1.435923446871498310e+00
4.002109441255939970e+01 3.797183506574301481e-01 1.419567627979118951e+00
3.487869684875806087e+01 4.042043120935024936e-01 8.697672582906507133e-01
3.123826764574164727e+01 4.287407985369371399e-01 5.724047625118249272e-01
2.804817534899617471e+01 4.533371424922238990e-01 4.433677034404314155e-01
2.497137241555229537e+01 4.779959634912051558e-01 6.250145382980977216e-01
2.253524752197725078e+01 5.026629933946460405e-01 4.584145625558910253e-01
2.056655556071959623e+01 5.271487506500315279e-01 4.636288530395583640e-01
1.897231605530096488e+01 5.515427964227138657e-01 3.367870960835125382e-01
1.744245276259743704e+01 5.762240530263548210e-01 2.991728048054242972e-01
1.600586012451358897e+01 6.007285446297923048e-01 1.776839003865892108e-01
1.476692285740914556e+01 6.252568531449649303e-01 3.211287843516699159e-01
1.395120413714566432e+01 6.499965502683907603e-01 2.328907276510238378e-01
1.309951507228712586e+01 6.746857991314229031e-01 2.211157183569916196e-01
1.250890515066227238e+01 6.991270364754236244e-01 1.069440880947402361e-01
1.202343395579801921e+01 7.235756604093172006e-01 1.637048724034980973e-01
1.180864619644254887e+01 7.479714013051395050e-01 1.368558647350221480e-01
1.166219572585566056e+01 7.726132299420060967e-01 1.505155018552904733e-01
1.147451111500510557e+01 7.972349387995918413e-01 1.067353244291057157e-01
1.093677301052091266e+01 8.217736356692634248e-01 1.916635175382082890e-01
1.051446148341855746e+01 8.463200505719705724e-01 1.338604311867547525e-01
1.016925022047925431e+01 8.708218859006343626e-01 1.659541793626033990e-01
9.973356815741601267e+00 8.954790463233904818e-01 1.087977978185716149e-01
9.726003834086229816e+00 9.199626960429320155e-01 1.112692786596797268e-01
9.722131543804581000e+00 9.443606208269833546e-01 1.798262782937468385e-01
9.704648047330501015e+00 9.688687146412832130e-01 1.358975725847079707e-01
9.824876002901199001e+00 9.930926048855095445e-01 1.593028207024584086e-01
1.005180872353799337e+01 1.017620455362175491e+00 1.626464730156286786e-01
1.042129061561258752e+01 1.042409919186157552e+00 2.672530927196323791e-01
1.094718495385633794e+01 1.066789561870425063e+00 2.687890622070933100e-01
1.122137506980229738e+01 1.090909765172895618e+00 3.123119998118311647e-01
1.134996220454564586e+01 1.115651582439790346e+00 3.720475571440823859e-01
1.174831891928580596e+01 1.140641543091339027e+00 3.237227767675767698e-01
1.228890465622461292e+01 1.164692026865203012e+00 6.598457884718249566e-01
1.328581416920920333e+01 1.188605021497627590e+00 4.180171551823116394e-01
1.460072396911887616e+01 1.214006438167991364e+00 5.426503170488768957e-01
1.597946807382657752e+01 1.240498485730926914e+00 1.011135933155612232e+00
1.771731130456906556e+01 1.264816150349954427e+00 1.115866349651771339e+00
1.998327190257932884e+01 1.284554513240047102e+00 2.396289319697842757e+00
2.293067922905189349e+01 1.309527810458392949e+00 2.757114517778526785e+00
2.822935690306554690e+01 1.335814856768205550e+00 7.490371163862299397e+00
2.994766333962170890e+01 1.360349523175663267e+00 3.267162734407867219e+01
