3.450471225903360732e+02 7.669903939428205850e-04 2.334963762483656424e+01
4.112622648567854640e+02 9.245014912643925459e-04 2.783047364975895732e+01
4.762548774329118828e+02 1.082012588585964507e-03 3.222858003172606800e+01
5.400288858948456436e+02 1.239523685907536251e-03 3.654422241787452919e+01
6.025833974643677493e+02 1.397034783229108429e-03 4.077734039312898773e+01
6.639153245848933693e+02 1.554545880550680173e-03 4.492772501986133449e+01
7.240229986791522379e+02 1.712056977872252134e-03 4.899526338400252712e+01
7.829061624636694887e+02 1.869568075193824095e-03 5.297993807495700480e+01
8.405680096826312138e+02 2.027079172515396273e-03 5.688196521615988388e+01
8.970117293420184978e+02 2.184590269836968017e-03 6.070156061040781026e+01
9.522456565876346986e+02 2.342101367158539761e-03 6.443928830423628540e+01
1.006278243436061757e+03 2.499612464480111939e-03 6.809572025292752073e+01
1.059119344580258030e+03 2.657123561801683683e-03 7.167152333208893822e+01
1.110782267442539023e+03 2.814634659123255861e-03 7.516759806651401732e+01
1.161280992328735692e+03 2.972145756444827605e-03 7.858489051560641769e+01
1.210629316784415778e+03 3.129656853766399783e-03 8.192433437122444673e+01
1.258842973601572567e+03 3.287167951087971527e-03 8.518699428502829107e+01
1.305939284505260275e+03 3.444679048409543271e-03 8.837404243315432950e+01
1.351935619797625804e+03 3.602190145731115449e-03 9.148665427899295821e+01
1.396848868855569663e+03 3.759701243052687193e-03 9.452597274130663152e+01
1.440696783091294037e+03 3.917212340374259805e-03 9.749319907353327608e+01
1.483497847792991024e+03 4.074723437695831549e-03 1.003895841911345741e+02
1.525271051230023431e+03 4.232234535017403293e-03 1.032164130467437957e+02
1.566034913278718022e+03 4.389745632338975037e-03 1.059749388964316239e+02
1.605807329575121003e+03 4.547256729660546781e-03 1.086663727533883872e+02
1.644606449050976380e+03 4.704767826982118525e-03 1.112919427715437735e+02
1.682450619947270070e+03 4.862278924303691137e-03 1.138528905922563155e+02
1.719358295941965025e+03 5.019790021625262881e-03 1.163504649918960752e+02
1.755347945804491928e+03 5.177301118946834625e-03 1.187859157680860847e+02
1.790437413125878720e+03 5.334812216268406369e-03 1.211604504120850692e+02
1.824643675698386687e+03 5.492323313589978981e-03 1.234752178257995894e+02
1.857983645536205586e+03 5.649834410911550725e-03 1.257313624598770758e+02
1.890474189993931986e+03 5.807345508233122469e-03 1.279300257428115373e+02
1.922132089962472037e+03 5.964856605554694213e-03 1.300723432520241829e+02
1.952974004598046349e+03 6.122367702876265957e-03 1.321594423270447578e+02
1.983016441660060309e+03 6.279878800197838569e-03 1.341924400622492897e+02
2.012275564090557509e+03 6.437389897519410313e-03 1.361724302179243011e+02
2.040766389495690419e+03 6.594900994840982057e-03 1.381004290484845001e+02
2.068503478820789496e+03 6.752412092162553801e-03 1.399774219057114806e+02
2.095501285826167987e+03 6.909923189484126413e-03 1.418043868880837124e+02
2.121774137510747551e+03 7.067434286805698157e-03 1.435822935160266809e+02
2.147336216973405953e+03 7.224945384127269901e-03 1.453121015721251297e+02
2.172201548855377951e+03 7.382456481448841645e-03 1.469947601159979342e+02
2.196383987047289793e+03 7.539967578770413389e-03 1.486312066524222928e+02
2.219897204385293662e+03 7.697478676091986001e-03 1.502223664340624794e+02
2.242754602145531408e+03 7.854989773413558612e-03 1.517691463368816187e+02
2.264968466007607731e+03 8.012500870735128622e-03 1.532723777434589749e+02
2.286550377014797505e+03 8.170011968056702101e-03 1.547328443530230118e+02
2.307511819863964774e+03 8.327523065378272110e-03 1.561513233449573477e+02
2.327864181999961147e+03 8.485034162699845589e-03 1.575285853175174964e+02
2.347618743994247325e+03 8.642545260021415598e-03 1.588653936367440451e+02
2.366786671173312698e+03 8.800056357342989077e-03 1.601625038699506547e+02
2.385379006368233604e+03 8.957567454664562556e-03 1.614206632950802884e+02
2.403406663670478792e+03 9.115078551986132566e-03 1.626406104781552244e+02
2.420880423090942713e+03 9.272589649307706045e-03 1.638230749118489200e+02
2.437810926030356768e+03 9.430100746629276054e-03 1.649687767089650947e+02
2.454208659461222396e+03 9.587611843950849533e-03 1.660784255320157854e+02
2.470083311824106204e+03 9.745122941272419542e-03 1.671526770061650211e+02
2.485443504948991631e+03 9.902634038593993021e-03 1.681921145781147970e+02
2.500297745489931003e+03 1.006014513591556303e-02 1.691973139005125404e+02
2.514654500984065180e+03 1.021765623323713651e-02 1.701688479789300459e+02
2.528522192526621438e+03 1.037516733055870999e-02 1.711072866761747377e+02
2.541909188164174338e+03 1.053267842788028000e-02 1.720131962652056075e+02
2.554823796946334369e+03 1.069018952520185348e-02 1.728871390266063202e+02
2.567274263580897696e+03 1.084770062252342349e-02 1.737296728868940363e+02
2.579268763642549857e+03 1.100521171984499696e-02 1.745413510942882169e+02
2.590815399289695051e+03 1.116272281716656697e-02 1.753227219288653487e+02
2.601922195447594277e+03 1.132023391448814045e-02 1.760743284442682182e+02
2.612597096419866830e+03 1.147774501180971046e-02 1.767967082384028856e+02
2.622847962893410568e+03 1.163525610913128394e-02 1.774903932507598938e+02
2.632682549502473194e+03 1.179276720645285742e-02 1.781559082441549151e+02
2.642107823488418944e+03 1.195027830377442743e-02 1.787937246978452777e+02
2.651129844568777116e+03 1.210778940109600091e-02 1.794042526781644256e+02
2.659754626419412034e+03 1.226530049841757092e-02 1.799878991357663551e+02
2.667988187642939465e+03 1.242281159573914440e-02 1.805450713547027419e+02
2.675836545789574302e+03 1.258032269306071441e-02 1.810761765478083021e+02
2.683305711820220949e+03 1.273783379038228789e-02 1.815816214820133894e+02
2.690401684981723520e+03 1.289534488770385789e-02 1.820618121315478390e+02
2.697130448066362533e+03 1.305285598502543137e-02 1.825171533571468956e+02
2.703497963029930361e+03 1.321036708234700485e-02 1.829480486095224308e+02
2.709510166944362936e+03 1.336787817966857486e-02 1.833548996554744690e+02
2.715172968263174880e+03 1.352538927699014834e-02 1.837381063251696105e+02
2.720492243378657804e+03 1.368290037431171835e-02 1.840980662791633620e+02
2.725473833452287636e+03 1.384041147163329183e-02 1.844351747939121537e+02
2.730123541500275678e+03 1.399792256895486184e-02 1.847498245645485895e+02
2.734447129717916141e+03 1.415543366627643532e-02 1.850424055238188146e+02
2.738450317027348774e+03 1.431294476359800533e-02 1.853133046761371361e+02
2.742138772712386071e+03 1.447045586091957881e-02 1.855629056668491614e+02
2.745517733394344759e+03 1.462796695824115228e-02 1.857915628626547857e+02
2.748591722568125988e+03 1.478547805556272229e-02 1.859995823723716910e+02
2.751365204372133576e+03 1.494298915288429577e-02 1.861872662881118856e+02
2.753842654845698689e+03 1.510050025020586578e-02 1.863549175073336528e+02
2.756028557805348555e+03 1.525801134752743926e-02 1.865028394537846452e+02
2.757927400973280783e+03 1.541552244484900927e-02 1.866313358155127275e+02
2.759543672343978415e+03 1.557303354217058275e-02 1.867407102989917007e+02
2.760881856775410142e+03 1.573054463949215276e-02 1.868312663984442565e+02
2.761946432792289215e+03 1.588805573681372624e-02 1.869033071795167587e+02
2.762741869589656744e+03 1.604556683413529972e-02 1.869571350765082514e+02
2.763272624225606251e+03 1.620307793145686973e-02 1.869930517024000380e+02
2.763543138993080902e+03 1.636058902877844320e-02 1.870113576710030259e+02
2.763557838960686695e+03 1.651810012610001321e-02 1.870123524305423643e+02
2.763321129673556243e+03 1.667561122342158669e-02 1.869963341080724888e+02
2.762837395005602502e+03 1.683312232074316017e-02 1.869635993641380480e+02
2.762110995155079308e+03 1.699063341806473018e-02 1.869144432571312393e+02
2.761146264775772124e+03 1.714814451538630366e-02 1.868491591168277921e+02
2.759947511236563969e+03 1.730565561270787367e-02 1.867680384266105591e+02
2.758519013002694919e+03 1.746316671002944715e-02 1.866713707139278142e+02
2.756865018132136811e+03 1.762067780735101716e-02 1.865594434485417707e+02
2.754989742714806653e+03 1.777818890467259064e-02 1.864325419369085068e+02
2.752897331998958180e+03 1.793570000199416065e-02 1.862909466915675694e+02
2.750591814491423065e+03 1.809321109931573412e-02 1.861349303250650564e+02
2.748077178516921322e+03 1.825072219663730760e-02 1.859647627307893174e+02
2.745357383103123539e+03 1.840823329395887761e-02 1.857807118195713940e+02
2.742436356781512131e+03 1.856574439128045109e-02 1.855830434385391925e+02
2.739317996476394455e+03 1.872325548860202110e-02 1.853720212959357525e+02
2.736006166477742227e+03 1.888076658592359458e-02 1.851479068916101483e+02
2.732504697493342064e+03 1.903827768324516459e-02 1.849109594528760567e+02
2.728817385776430910e+03 1.919578878056673807e-02 1.846614358754778777e+02
2.724947992324941879e+03 1.935329987788830808e-02 1.843995906694030964e+02
2.720900242148593861e+03 1.951081097520988156e-02 1.841256759092854622e+02
2.716677823600527972e+03 1.966832207253145504e-02 1.838399411891765567e+02
2.712284387770140711e+03 1.982583316985302505e-02 1.835426335814579772e+02
2.707723547933907412e+03 1.998334426717459852e-02 1.832339975996782471e+02
2.702998879061363368e+03 2.014085536449616853e-02 1.829142751651218646e+02
2.698113917373374534e+03 2.029836646181774201e-02 1.825837055769175663e+02
2.693072159949887464e+03 2.045587755913931202e-02 1.822425254854942125e+02
2.687877064384822916e+03 2.061338865646088550e-02 1.818909688692268105e+02
2.682532048485451014e+03 2.077089975378245551e-02 1.815292670140935058e+02
2.677040490014095212e+03 2.092841085110402899e-02 1.811576484961961739e+02
2.671405726469852198e+03 2.108592194842560247e-02 1.807763391669892599e+02
2.665631054908277292e+03 2.124343304574717248e-02 1.803855621410776280e+02
2.659719731797032637e+03 2.140094414306874596e-02 1.799855377864483046e+02
2.653674972905532286e+03 2.155845524039031597e-02 1.795764837170028159e+02
2.647499953226852085e+03 2.171596633771188944e-02 1.791586147872723132e+02
2.641197809973207313e+03 2.187347743503345945e-02 1.787321432951244162e+02
2.634771972552613533e+03 2.203098853235503293e-02 1.782973013115698961e+02
2.628226435117603160e+03 2.218849962967660294e-02 1.778543591243696653e+02
2.621565169947606591e+03 2.234601072699817642e-02 1.774035855411132729e+02
2.614792057079446295e+03 2.250352182431974990e-02 1.769452431272528372e+02
2.607910886211499928e+03 2.266103292164131991e-02 1.764795883349596863e+02
2.600925358577325824e+03 2.281854401896289339e-02 1.760068716299144569e+02
2.593839088788830850e+03 2.297605511628446340e-02 1.755273376160354246e+02
2.586655606648831053e+03 2.313356621360603688e-02 1.750412251581360294e+02
2.579378358932958690e+03 2.329107731092760689e-02 1.745487675025087242e+02
2.572010711140962030e+03 2.344858840824918036e-02 1.740501923954361985e+02
2.564555949217424313e+03 2.360609950557075037e-02 1.735457221996342696e+02
2.557017281242051467e+03 2.376361060289232385e-02 1.730355740086351375e+02
2.549397839089628633e+03 2.392112170021389733e-02 1.725199597591179099e+02
2.541700680059785554e+03 2.407863279753546734e-02 1.719990863411965734e+02
2.533928788476918271e+03 2.423614389485704082e-02 1.714731557066874075e+02
2.526085077260246180e+03 2.439365499217861083e-02 1.709423649753571226e+02
2.518172389464475600e+03 2.455116608950018431e-02 1.704069065391797722e+02
2.510193499791259910e+03 2.470867718682175432e-02 1.698669681646194931e+02
2.502151116071723663e+03 2.486618828414332780e-02 1.693227330929535697e+02
2.494047880720389458e+03 2.502369938146489781e-02 1.687743801386614564e+02
2.485886372160811334e+03 2.518121047878647129e-02 1.682220837858980360e+02
2.477669106223324889e+03 2.533872157610804476e-02 1.676660142830810969e+02
2.469398537515115095e+03 2.549623267342961477e-02 1.671063377356047397e+02
2.461077060763154350e+03 2.565374377075118825e-02 1.665432161967172249e+02
2.452707012130216299e+03 2.581125486807275826e-02 1.659768077565767044e+02
2.444290670504381524e+03 2.596876596539433174e-02 1.654072666295133160e+02
2.435830258762581252e+03 2.612627706271590175e-02 1.648347432395342764e+02
2.427327945008251845e+03 2.628378816003747523e-02 1.642593843040767183e+02
2.418785843783776272e+03 2.644129925735904524e-02 1.636813329160551689e+02
2.410206017258063184e+03 2.659881035468061872e-02 1.631007286242257805e+02
2.401590476389425476e+03 2.675632145200219220e-02 1.625177075118789389e+02
2.392941191475666983e+03 2.691383254932376221e-02 1.619324029107737886e+02
2.384260563971365627e+03 2.707134364664533568e-02 1.613449773294212548e+02
2.375551618349529690e+03 2.722885474396690569e-02 1.607556354365294453e+02
2.366817329448215332e+03 2.738636584128847917e-02 1.601645785419659660e+02
2.358060568225911993e+03 2.754387693861004918e-02 1.595720009259781875e+02
2.349284104795824533e+03 2.770138803593162266e-02 1.589780900445260841e+02
2.340490611385282136e+03 2.785889913325319267e-02 1.583830267295470264e+02
2.331682665221246225e+03 2.801641023057476615e-02 1.577869853842219925e+02
2.322862751343008313e+03 2.817392132789633963e-02 1.571901341733117761e+02
2.314033265343159201e+03 2.833143242521790964e-02 1.565926352086418376e+02
2.305196516038030040e+03 2.848894352253948312e-02 1.559946447298130749e+02
2.296354728068777149e+03 2.864645461986105313e-02 1.553963132802192320e+02
2.287510044434330666e+03 2.880396571718262660e-02 1.547977858784537091e+02
2.278664528957462153e+03 2.896147681450419661e-02 1.541992021851910692e+02
2.269820168685206227e+03 2.911898791182577009e-02 1.536006966656251223e+02
2.260978876224998203e+03 2.927649900914734010e-02 1.530023987475573222e+02
2.252142492017651875e+03 2.943401010646891358e-02 1.524044329752117335e+02
2.243312786548674467e+03 2.959152120379048706e-02 1.518069191588758429e+02
2.234491462499066074e+03 2.974903230111205707e-02 1.512099725204477068e+02
2.225680156836997867e+03 2.990654339843363055e-02 1.506137038349811235e+02
2.216880442851581847e+03 3.006405449575520056e-02 1.500182195683129578e+02
2.208093832130106421e+03 3.022156559307677404e-02 1.494236220108641078e+02
2.199321776479972414e+03 3.037907669039834405e-02 1.488300094076988955e+02
2.190565669796642851e+03 3.053658778771991752e-02 1.482374760849303925e+02
2.181826849878837038e+03 3.069409888504148753e-02 1.476461125725566887e+02
2.173106600192264978e+03 3.085160998236306101e-02 1.470560057238138825e+02
2.164406151583099472e+03 3.100912107968463102e-02 1.464672388311285545e+02
2.155726683942465570e+03 3.116663217700620450e-02 1.458798917387549920e+02
2.147069327823091044e+03 3.132414327432777451e-02 1.452940409521754077e+02
2.138435166009401655e+03 3.148165437164934799e-02 1.447097597443498103e+02
2.129825235042149870e+03 3.163916546897092147e-02 1.441271182588885154e+02
2.121240526698773465e+03 3.179667656629248801e-02 1.435461836102296616e+02
2.112681989430646809e+03 3.195418766361406149e-02 1.429670199808993232e+02
2.104150529758307130e+03 3.211169876093563497e-02 1.423896887159272922e+02
2.095647013625753516e+03 3.226920985825720151e-02 1.418142484144939601e+02
2.087172267714933241e+03 3.242672095557877499e-02 1.412407550188827088e+02
2.078727080721446782e+03 3.258423205290034846e-02 1.406692619008079248e+02
2.070312204592506987e+03 3.274174315022192194e-02 1.400998199451886705e+02
2.061928355728161932e+03 3.289925424754349542e-02 1.395324776314366773e+02
2.053576216253115490e+03 3.305676534486506196e-02 1.389672811195215445e+02
2.045256550687806339e+03 3.321427644218663544e-02 1.384042821452033820e+02
2.036970419106137570e+03 3.337178753950820892e-02 1.378435524446012721e+02
2.028718890330927024e+03 3.352929863682978240e-02 1.372851643458811566e+02
2.020502981453966413e+03 3.368680973415134894e-02 1.367291866765253303e+02
2.012323659578439219e+03 3.384432083147292242e-02 1.361756848812438250e+02
2.004181843510378712e+03 3.400183192879449590e-02 1.356247211364367899e+02
1.996078405400598513e+03 3.415934302611606938e-02 1.350763544613049305e+02
1.988014172338053640e+03 3.431685412343764285e-02 1.345306408256743680e+02
1.979989927896077006e+03 3.447436522075920939e-02 1.339876332546310493e+02
1.972006413632466320e+03 3.463187631808078287e-02 1.334473819300334583e+02
1.964064330544650602e+03 3.478938741540235635e-02 1.329099342889846298e+02
1.956164340481138424e+03 3.494689851272392983e-02 1.323753351193465164e+02
1.948307067510207389e+03 3.510440961004549637e-02 1.318436266523598874e+02
1.940493099247172950e+03 3.526192070736706985e-02 1.313148486524620751e+02
1.932722988141120823e+03 3.541943180468864333e-02 1.307890385043610593e+02
1.924997252722280791e+03 3.557694290201021681e-02 1.302662312974467227e+02
1.917316378811051436e+03 3.573445399933179029e-02 1.297464599076061802e+02
1.909680820689778102e+03 3.589196509665335683e-02 1.292297550765191261e+02
1.902091002238164492e+03 3.604947619397493030e-02 1.287161454884922591e+02
1.894547318033475221e+03 3.620698729129650378e-02 1.282056578449108315e+02
1.887050134416336277e+03 3.636449838861807726e-02 1.276983169363622608e+02
1.879599790523254114e+03 3.652200948593964380e-02 1.271941457125076198e+02
1.872196599286612354e+03 3.667952058326121728e-02 1.266931653497524479e+02
1.864840848403206792e+03 3.683703168058279076e-02 1.261953953167879376e+02
1.857532801272113147e+03 3.699454277790436424e-02 1.257008534380577487e+02
1.850272697902817072e+03 3.715205387522593772e-02 1.252095559552117123e+02
1.843060755794430861e+03 3.730956497254750426e-02 1.247215175866029853e+02
1.835897170786801325e+03 3.746707606986907774e-02 1.242367515848836774e+02
1.828782117884411264e+03 3.762458716719065122e-02 1.237552697927587388e+02
1.821715752053732103e+03 3.778209826451222469e-02 1.232770826969434381e+02
1.814698208994951528e+03 3.793960936183379123e-02 1.228021994803871451e+02
1.807729605888709784e+03 3.809712045915536471e-02 1.223306280728050979e+02
1.800810042118623187e+03 3.825463155647693819e-02 1.218623751995727389e+02
1.793939599970307654e+03 3.841214265379851167e-02 1.213974464290291024e+02
1.787118345307669642e+03 3.856965375112008515e-02 1.209358462182415366e+02
1.780346328226964260e+03 3.872716484844165169e-02 1.204775779572672008e+02
1.773623583689494126e+03 3.888467594576322517e-02 1.200226440119675999e+02
1.766950132133461466e+03 3.904218704308479865e-02 1.195710457654137429e+02
1.760325980065604199e+03 3.919969814040637213e-02 1.191227836579221133e+02
1.753751120633339497e+03 3.935720923772793867e-02 1.186778572257724562e+02
1.747225534177807276e+03 3.951472033504951215e-02 1.182362651386327173e+02
1.740749188768642625e+03 3.967223143237108562e-02 1.177980052357474818e+02
1.734322040720826408e+03 3.982974252969265910e-02 1.173630745609136881e+02
1.727944035094229093e+03 3.998725362701423258e-02 1.169314693962851379e+02
1.721615106176479230e+03 4.014476472433579912e-02 1.165031852950486808e+02
1.715335177949479657e+03 4.030227582165737260e-02 1.160782171129940110e+02
1.709104164540258125e+03 4.045978691897894608e-02 1.156565590390225964e+02
1.702921970656535223e+03 4.061729801630051956e-02 1.152382046246233784e+02
1.696788484343723439e+03 4.077480911362208610e-02 1.148231462937324778e+02
1.690703533653186469e+03 4.093232021094365958e-02 1.144113724104367549e+02
1.684666919294927084e+03 4.108983130826523306e-02 1.140028694886094911e+02
1.678678437009131812e+03 4.124734240558680654e-02 1.135976237058122251e+02
1.672737877910315319e+03 4.140485350290838001e-02 1.131956209265831745e+02
1.666845028748898130e+03 4.156236460022994655e-02 1.127968467201386886e+02
1.660999672163354489e+03 4.171987569755152003e-02 1.124012863774360369e+02
1.655201586923085415e+03 4.187738679487309351e-02 1.120089249276089873e+02
1.649450548162464429e+03 4.203489789219466699e-02 1.116197471538059034e+02
1.643746327606194882e+03 4.219240898951623353e-02 1.112337376084395544e+02
1.638088693786430213e+03 4.234992008683780701e-02 1.108508806278805139e+02
1.632477412251801297e+03 4.250743118415938049e-02 1.104711603466014651e+02
1.626912245768693992e+03 4.266494228148095397e-02 1.100945607107983335e+02
1.621392954515009706e+03 4.282245337880252745e-02 1.097210654915019887e+02
1.615919296266645460e+03 4.297996447612409399e-02 1.093506582971975547e+02
1.610491026576969489e+03 4.313747557344566746e-02 1.089833225859698018e+02
1.605107898949510627e+03 4.329498667076724094e-02 1.086190416771890028e+02
1.599769665004061608e+03 4.345249776808881442e-02 1.082577987627514062e+02
1.594476074636499561e+03 4.361000886541038096e-02 1.078995769178944357e+02
1.589226876172411266e+03 4.376751996273195444e-02 1.075443591115925557e+02
1.584021816514853072e+03 4.392503106005352792e-02 1.071921282165564691e+02
1.578860641286355985e+03 4.408254215737510140e-02 1.068428670188423553e+02
1.573743094965446517e+03 4.424005325469667488e-02 1.064965582270910005e+02
1.568668921017773755e+03 4.439756435201824142e-02 1.061531844814005723e+02
1.563637862022100535e+03 4.455507544933981490e-02 1.058127283618530328e+02
1.558649659791344448e+03 4.471258654666138838e-02 1.054751723967049628e+02
1.553704055488742597e+03 4.487009764398296185e-02 1.051404990702483389e+02
1.548800789739408856e+03 4.502760874130452839e-02 1.048086908303600353e+02
1.543939602737393443e+03 4.518511983862610187e-02 1.044797300957464898e+02
1.539120234348379881e+03 4.534263093594767535e-02 1.041535992628930671e+02
1.534342424208217608e+03 4.550014203326924883e-02 1.038302807127322751e+02
1.529605911817416654e+03 4.565765313059082231e-02 1.035097568170379674e+02
1.524910436631674884e+03 4.581516422791238885e-02 1.031920099445516854e+02
1.520255738148716773e+03 4.597267532523396233e-02 1.028770224668587048e+02
1.515641555991406221e+03 4.613018642255553581e-02 1.025647767640127626e+02
1.511067629987417604e+03 4.628769751987710929e-02 1.022552552299272719e+02
1.506533700245435512e+03 4.644520861719867583e-02 1.019484402775317875e+02
1.502039507228144885e+03 4.660271971452024931e-02 1.016443143437114145e+02
1.497584791822012903e+03 4.676023081184182278e-02 1.013428598940290328e+02
1.493169295404022705e+03 4.691774190916339626e-02 1.010440594272410948e+02
1.488792759905473531e+03 4.707525300648496974e-02 1.007478954796150674e+02
1.484454927872920280e+03 4.723276410380653628e-02 1.004543506290533088e+02
1.480155542526367526e+03 4.739027520112810976e-02 1.001634074990312797e+02
1.475894347814852836e+03 4.754778629844968324e-02 9.987504876235850304e+01
1.471671088469390725e+03 4.770529739577125672e-02 9.958925714476161772e+01
1.467485510053534426e+03 4.786280849309282326e-02 9.930601542830594042e+01
1.463337359011519766e+03 4.802031959041439674e-02 9.902530645465327552e+01
1.459226382714109150e+03 4.817783068773597022e-02 9.874711312816435793e+01
1.455152329502233442e+03 4.833534178505754370e-02 9.847141841885202496e+01
1.451114948728510853e+03 4.849285288237911717e-02 9.819820536519083021e+01
1.447113990796678536e+03 4.865036397970068371e-02 9.792745707678564315e+01
1.443149207199055581e+03 4.880787507702225719e-02 9.765915673690622612e+01
1.439220350552088576e+03 4.896538617434383067e-02 9.739328760489340198e+01
1.435327174630067930e+03 4.912289727166540415e-02 9.712983301844010953e+01
1.431469434397041823e+03 4.928040836898697069e-02 9.686877639575136811e+01
1.427646886037009835e+03 4.943791946630854417e-02 9.661010123758718748e+01
1.423859286982505182e+03 4.959543056363011765e-02 9.635379112919692091e+01
1.420106395941559640e+03 4.975294166095169113e-02 9.609982974214427998e+01
1.416387972923106190e+03 4.991045275827326461e-02 9.584820083602578222e+01
1.412703776457088452e+03 5.006796385559483115e-02 9.559888807035360969e+01
1.409053475999889088e+03 5.022547495291640463e-02 9.535186907695495506e+01
1.405436637622691933e+03 5.038298605023797810e-02 9.510711449149090413e+01
1.401852828237971607e+03 5.054049714755955158e-02 9.486459500655359989e+01
1.398301621912711425e+03 5.069800824488111812e-02 9.462428179888694046e+01
1.394782599724662987e+03 5.085551934220269160e-02 9.438614651965937696e+01
1.391295349621986588e+03 5.101303043952426508e-02 9.415016128496627346e+01
1.387839466286125116e+03 5.117054153684583856e-02 9.391629866654969305e+01
1.384414550998031928e+03 5.132805263416741204e-02 9.368453168274652398e+01
1.381020211507380736e+03 5.148556373148897858e-02 9.345483378963734822e+01
1.377656061904878243e+03 5.164307482881055206e-02 9.322717887240617074e+01
1.374321722497554219e+03 5.180058592613212554e-02 9.300154123690072083e+01
1.371016819686913550e+03 5.195809702345369901e-02 9.277789560138739944e+01
1.367740985849877006e+03 5.211560812077526555e-02 9.255621708849396612e+01
1.364493859222488027e+03 5.227311921809683903e-02 9.233648121734020719e+01
1.361275083786253845e+03 5.243063031541841251e-02 9.211866389584631065e+01
1.358084309122864624e+03 5.258814141273998599e-02 9.190274141090185367e+01
1.354921180875044683e+03 5.274565251006155947e-02 9.168868978284298521e+01
1.351785328160510744e+03 5.290316360738312601e-02 9.147648391374450227e+01
1.348676383080484811e+03 5.306067470470469949e-02 9.126609890757733012e+01
1.345593983863720723e+03 5.321818580202627297e-02 9.105751028296801053e+01
1.342537774743572754e+03 5.337569689934784645e-02 9.085069396487948268e+01
1.339507405837963233e+03 5.353320799666941299e-02 9.064562627648851389e+01
1.336502533032150950e+03 5.369071909399098647e-02 9.044228393125253262e+01
1.333522817864269882e+03 5.384823019131255994e-02 9.024064402516394523e+01
1.330567927413476582e+03 5.400574128863413342e-02 9.004068402918093739e+01
1.327637534190758288e+03 5.416325238595570690e-02 8.984238178183835544e+01
1.324731316032230552e+03 5.432076348327727344e-02 8.964571548202719953e+01
1.321848955994894368e+03 5.447827458059884692e-02 8.945066368194008533e+01
1.318990142254797320e+03 5.463578567792042040e-02 8.925720528018024424e+01
1.316154568007518264e+03 5.479329677524199388e-02 8.906531951502665834e+01
1.313341931370939164e+03 5.495080787256356042e-02 8.887498595785501720e+01
1.310551935290202664e+03 5.510831896988513390e-02 8.868618450670581410e+01
1.307784287426198716e+03 5.526583006720670738e-02 8.849889537873829681e+01
1.305038672707976502e+03 5.542334116452828086e-02 8.831309725282832801e+01
1.302314699567284379e+03 5.558085226184985433e-02 8.812876363121321788e+01
1.299611968447377649e+03 5.573836335917142087e-02 8.794586747554200201e+01
1.296930087229234914e+03 5.589587445649299435e-02 8.776438225078084088e+01
1.294268671074619760e+03 5.605338555381456783e-02 8.758428191459309176e+01
1.291627342273086470e+03 5.621089665113614131e-02 8.740554090698562106e+01
1.289005730092803788e+03 5.636840774845770785e-02 8.722813414021443634e+01
1.286403470635125359e+03 5.652591884577928133e-02 8.705203698894291620e+01
1.283820206692726742e+03 5.668342994310085481e-02 8.687722528064203686e+01
1.281255587611298324e+03 5.684094104042242829e-02 8.670367528623103226e+01
1.278709269154624963e+03 5.699845213774400177e-02 8.653136371094699086e+01
1.276180913372963687e+03 5.715596323506556831e-02 8.636026768543824517e+01
1.273670188474663973e+03 5.731347433238714179e-02 8.619036475707626721e+01
1.271176768700901448e+03 5.747098542970871526e-02 8.602163288147947640e+01
1.268700334203443617e+03 5.762849652703028874e-02 8.585405041424081674e+01
1.266240570925365546e+03 5.778600762435185528e-02 8.568759610285623296e+01
1.263797170484676144e+03 5.794351872167342876e-02 8.552224907884932747e+01
1.261369830012894681e+03 5.810102981899500224e-02 8.535798884684764687e+01
1.258958225575645884e+03 5.825854091631657572e-02 8.519479348593149837e+01
1.256561969038546977e+03 5.841605201363814920e-02 8.503263673071106155e+01
1.254180668302822141e+03 5.857356311095971574e-02 8.487149204752253695e+01
1.251813938903802409e+03 5.873107420828128922e-02 8.471133341930878657e+01
1.249461403855570552e+03 5.888858530560286270e-02 8.455213533510637092e+01
1.247122693499546131e+03 5.904609640292443618e-02 8.439387277979894009e+01
1.244797445356845401e+03 5.920360750024600272e-02 8.423652122412646293e+01
1.242485303984399025e+03 5.936111859756757619e-02 8.408005661494873095e+01
1.240185920834612261e+03 5.951862969488914967e-02 8.392445536574800258e+01
1.237898954118588563e+03 5.967614079221072315e-02 8.376969434737365816e+01
1.235624068672641897e+03 5.983365188953229663e-02 8.361575087900880021e+01
1.233360935828204674e+03 5.999116298685386317e-02 8.346260271936677100e+01
1.231109233284822039e+03 6.014867408417543665e-02 8.331022805809674026e+01
1.228868644986331446e+03 6.030618518149701013e-02 8.315860550740440260e+01
1.226638861000005363e+03 6.046369627881858361e-02 8.300771409387365907e+01
1.224419577398612546e+03 6.062120737614015015e-02 8.285753325048548845e+01
1.222210496145332854e+03 6.077871847346172363e-02 8.270804280883027104e+01
1.220011324981422149e+03 6.093622957078329710e-02 8.255922299150559240e+01
1.217821777022006700e+03 6.109374066810487058e-02 8.241105438476357392e+01
1.215641538832320975e+03 6.125125176542643712e-02 8.226351577820217642e+01
1.213470242838235208e+03 6.140876286274801060e-02 8.211658229776170970e+01
1.211307522228732978e+03 6.156627396006958408e-02 8.197022912102305270e+01
1.209153017627403187e+03 6.172378505739115756e-02 8.182443192867307857e+01
1.207006376953459039e+03 6.188129615471273104e-02 8.167916689510015260e+01
1.204867255286268119e+03 6.203880725203429758e-02 8.153441067922629770e+01
1.202735314733192354e+03 6.219631834935587106e-02 8.139014041556403356e+01
1.200610224300703521e+03 6.235382944667744454e-02 8.124633370549463507e+01
1.198491659768655381e+03 6.251134054399902495e-02 8.110296860876005098e+01
1.196379303567624220e+03 6.266885164132059149e-02 8.096002363516231526e+01
1.194272844659202065e+03 6.282636273864215803e-02 8.081747773646297617e+01
1.192171978419156403e+03 6.298387383596373845e-02 8.067531029847640411e+01
1.190076406523422520e+03 6.314138493328530499e-02 8.053350113335466176e+01
1.187985836836740646e+03 6.329889603060687153e-02 8.039203047205185726e+01
1.185899983303984982e+03 6.345640712792845195e-02 8.025087895696975693e+01
1.183818565843979968e+03 6.361391822525001849e-02 8.011002763477276289e+01
1.181741310245824252e+03 6.377142932257158503e-02 7.996945794937161622e+01
1.179667948067589123e+03 6.392894041989316545e-02 7.982915173506849271e+01
1.177598216537365033e+03 6.408645151721473199e-02 7.968909120986072026e+01
1.175531857589205629e+03 6.424396261453631241e-02 7.954925891020221229e+01
1.173468588080733525e+03 6.440147371185787895e-02 7.940963567560307013e+01
1.171408093058008490e+03 6.455898480917944549e-02 7.927020019285733099e+01
1.169350061988988273e+03 6.471649590650102590e-02 7.913093144799277923e+01
1.167294191063521794e+03 6.487400700382259244e-02 7.899180888191338568e+01
1.165240183082522663e+03 6.503151810114417286e-02 7.885281238289955752e+01
1.163187747349745223e+03 6.518902919846573940e-02 7.871392227928457430e+01
1.161136599566055565e+03 6.534654029578730594e-02 7.857511933229983470e+01
1.159086461726130210e+03 6.550405139310888636e-02 7.843638472908433812e+01
1.157037062017533572e+03 6.566156249043045290e-02 7.829770007585513270e+01
1.154988134722029145e+03 6.581907358775203332e-02 7.815904739122905198e+01
1.152939420119155329e+03 6.597658468507359986e-02 7.802040909969744575e+01
1.150890664391871269e+03 6.613409578239516640e-02 7.788176802524138509e+01
1.148841619534354322e+03 6.629160687971674681e-02 7.774310738509207397e+01
1.146792043261745448e+03 6.644911797703831335e-02 7.760441078362326550e+01
1.144741698921850457e+03 6.660662907435987989e-02 7.746566220637596700e+01
1.142690355408764162e+03 6.676414017168146031e-02 7.732684601421343018e+01
1.140637787078280326e+03 6.692165126900302685e-02 7.718794693759684833e+01
1.138583773665084891e+03 6.707916236632460727e-02 7.704895007098154736e+01
1.136528100201684992e+03 6.723667346364617381e-02 7.690984086733125480e+01
1.134470556938972777e+03 6.739418456096774035e-02 7.677060513274204823e+01
1.132410938299527970e+03 6.755169565828932077e-02 7.663122895561187420e+01
1.130349026511420789e+03 6.770920675561088731e-02 7.649169759912570044e+01
1.128284594323703686e+03 6.786671785293246772e-02 7.635199568501508338e+01
1.126217419611762125e+03 6.802422895025403426e-02 7.621210818191492820e+01
1.124147285792773573e+03 6.818174004757560080e-02 7.607202043347803055e+01
1.122073981745963920e+03 6.833925114489718122e-02 7.593171815297881722e+01
1.119997301734375242e+03 6.849676224221874776e-02 7.579118741801917736e+01
1.117917045328207905e+03 6.865427333954032818e-02 7.565041466534090375e+01
1.115833017329652193e+03 6.881178443686189472e-02 7.550938668573921575e+01
1.113745027699138291e+03 6.896929553418346126e-02 7.536809061907182183e+01
1.111652891483008716e+03 6.912680663150504168e-02 7.522651394936455915e+01
1.109556428742514754e+03 6.928431772882660822e-02 7.508464450000636248e+01
1.107455464484140521e+03 6.944182882614817476e-02 7.494247042903461420e+01
1.105349828591170308e+03 6.959933992346975518e-02 7.479998022450367046e+01
1.103239355756511259e+03 6.975685102079132172e-02 7.465716269993946241e+01
1.101123885416686562e+03 6.991436211811290213e-02 7.451400698987247040e+01
1.099003261686985525e+03 7.007187321543446867e-02 7.437050254544929828e+01
1.096877333297707310e+03 7.022938431275603521e-02 7.422663913011822956e+01
1.094745953531529040e+03 7.038689541007761563e-02 7.408240681539098205e+01
1.092608980161888667e+03 7.054440650739918217e-02 7.393779597667298731e+01
1.090466275392369653e+03 7.070191760472076259e-02 7.379279728916131376e+01
1.088317705797103372e+03 7.085942870204232913e-02 7.364740172381189609e+01
1.086163142709198155e+03 7.101693979936389567e-02 7.350160057362477062e+01
1.084002467680333211e+03 7.117445089668547609e-02 7.335538582309942512e+01
1.081835570574512531e+03 7.133196199400704263e-02 7.320875001923768366e+01
1.079662345263904172e+03 7.148947309132862304e-02 7.306168598027718986e+01
1.077482689482609430e+03 7.164698418865018958e-02 7.291418678579600510e+01
1.075296504774866435e+03 7.180449528597175612e-02 7.276624577320757226e+01
1.073103696443979970e+03 7.196200638329333654e-02 7.261785653430433740e+01
1.070904173502001413e+03 7.211951748061490308e-02 7.246901291185312743e+01
1.068697848620066452e+03 7.227702857793646962e-02 7.231970899623399873e+01
1.066484638079434717e+03 7.243453967525805004e-02 7.216993912212737428e+01
1.064264461723163549e+03 7.259205077257961658e-02 7.201969786524341544e+01
1.062037242908432972e+03 7.274956186990119700e-02 7.186898003909618637e+01
1.059802908459486616e+03 7.290707296722276354e-02 7.171778069181881676e+01
1.057561388621153810e+03 7.306458406454433008e-02 7.156609510301855437e+01
1.055312617012980354e+03 7.322209516186591050e-02 7.141391878067253174e+01
1.053056530583913172e+03 7.337960625918747704e-02 7.126124745806140481e+01
1.050793069567539760e+03 7.353711735650905745e-02 7.110807709074028082e+01
1.048522177437849905e+03 7.369462845383062399e-02 7.095440385354505963e+01
1.046243800865538788e+03 7.385213955115219053e-02 7.080022413763552436e+01
1.043957889674801208e+03 7.400965064847377095e-02 7.064553454757148643e+01
1.041664396800619215e+03 7.416716174579533749e-02 7.049033189842236879e+01
1.039363278246532445e+03 7.432467284311691791e-02 7.033461321290965884e+01
1.037054493042886861e+03 7.448218394043848445e-02 7.017837571858132151e+01
1.034738004954550206e+03 7.463969503776005099e-02 7.002161696337464036e+01
1.032413809203844039e+03 7.479720613508163141e-02 6.986433662397992350e+01
1.030081926480007269e+03 7.495471723240319795e-02 6.970653610045593496e+01
1.027742379863568203e+03 7.511222832972476449e-02 6.954821695468197618e+01
1.025395194106288955e+03 7.526973942704634490e-02 6.938938086163123842e+01
1.023040395603694947e+03 7.542725052436791144e-02 6.923002960751180979e+01
1.020678012367932524e+03 7.558476162168949186e-02 6.907016508792983700e+01
1.018308074000782085e+03 7.574227271901105840e-02 6.890978930606344477e+01
1.015930611666994878e+03 7.589978381633262494e-02 6.874890437085844042e+01
1.013545658067806812e+03 7.605729491365420536e-02 6.858751249523568561e+01
1.011153247414724547e+03 7.621480601097577190e-02 6.842561599431748220e+01
1.008753415403523150e+03 7.637231710829735232e-02 6.826321728366785635e+01
1.006346199188488072e+03 7.652982820561891886e-02 6.810031887754948343e+01
1.003931637356868350e+03 7.668733930294048540e-02 6.793692338719486656e+01
1.001509769903563438e+03 7.684485040026206581e-02 6.777303351909363016e+01
9.990806382060234228e+02 7.700236149758363235e-02 6.760865207329351279e+01
9.966442849993767368e+02 7.715987259490521277e-02 6.744378194171775931e+01
9.942007543517520389e+02 7.731738369222677931e-02 6.727842610649473443e+01
9.917500916398428217e+02 7.747489478954834585e-02 6.711258763830466023e+01
9.892923435246573263e+02 7.763240588686992627e-02 6.694626969473833356e+01
9.868275579274812799e+02 7.778991698419149281e-02 6.677947551867060838e+01
9.843557840060504986e+02 7.794742808151305935e-02 6.661220843664820279e+01
9.818770721309360852e+02 7.810493917883463977e-02 6.644447185729113414e+01
9.793914738621049310e+02 7.826245027615620631e-02 6.627626926970708610e+01
9.768990425495519503e+02 7.841996137347778673e-02 6.610760428413637158e+01
9.743998666606979668e+02 7.857747247079935327e-02 6.593848288724605311e+01
9.718940856310528034e+02 7.873498356812091981e-02 6.576891451475776762e+01
9.693818422334186380e+02 7.889249466544250022e-02 6.559890882823073355e+01
9.668632783519844907e+02 7.905000576276406676e-02 6.542847542909089498e+01
9.643385349802865676e+02 7.920751686008564718e-02 6.525762385849297686e+01
9.618077522192745619e+02 7.936502795740721372e-02 6.508636359718953202e+01
9.592710692755322270e+02 7.952253905472878026e-02 6.491470406541073146e+01
9.567286244595816243e+02 7.968005015205036068e-02 6.474265462274931338e+01
9.541805551843464173e+02 7.983756124937192722e-02 6.457022456805687227e+01
9.516269979637010010e+02 7.999507234669350764e-02 6.439742313934551987e+01
9.490680884111573050e+02 8.015258344401507418e-02 6.422425951369903885e+01
9.465039612386564158e+02 8.031009454133664072e-02 6.405074280719118462e+01
9.439347502554852554e+02 8.046760563865822113e-02 6.387688207481222946e+01
9.413605883672790924e+02 8.062511673597978767e-02 6.370268631040168827e+01
9.387816075751719609e+02 8.078262783330135421e-02 6.352816444659062256e+01
9.361979389750275686e+02 8.094013893062293463e-02 6.335332535474962867e+01
9.336097127567859388e+02 8.109765002794450117e-02 6.317817784494475575e+01
9.310170582039120291e+02 8.125516112526608159e-02 6.300273066589996773e+01
9.284201036929578095e+02 8.141267222258764813e-02 6.282699250496781218e+01
9.258189766932199518e+02 8.157018331990921467e-02 6.265097198810591550e+01
9.232138037664991543e+02 8.172769441723079509e-02 6.247467767986098863e+01
9.206047105669448456e+02 8.188520551455236163e-02 6.229811808335812628e+01
9.179918218410413147e+02 8.204271661187394205e-02 6.212130164030001112e+01
9.153752614276238546e+02 8.220022770919550859e-02 6.194423673096780902e+01
9.127551522580591836e+02 8.235773880651707513e-02 6.176693167423362496e+01
9.101316285931519587e+02 8.251524990383865554e-02 6.158939555564237622e+01
9.075048945832663776e+02 8.267276100116022208e-02 6.141164219022601856e+01
9.048751771509416812e+02 8.283027209848178862e-02 6.123368693402932905e+01
9.022426998706228005e+02 8.298778319580336904e-02 6.105554491652861060e+01
8.996076829615464021e+02 8.314529429312493558e-02 6.087723104015034181e+01
8.969703433167782123e+02 8.330280539044651600e-02 6.069875998223613323e+01
8.943308945323652779e+02 8.346031648776808254e-02 6.052014619701544262e+01
8.916895469365763347e+02 8.361782758508964908e-02 6.034140391758445077e+01
8.890465076192572269e+02 8.377533868241122950e-02 6.016254715789233387e+01
8.864019804612662483e+02 8.393284977973279604e-02 5.998358971473338386e+01
8.837561661639580279e+02 8.409036087705437645e-02 5.980454516974202761e+01
8.811092622787514301e+02 8.424787197437594299e-02 5.962542689139390006e+01
8.784614632367284912e+02 8.440538307169750953e-02 5.944624803700876470e+01
8.758129603782630284e+02 8.456289416901908995e-02 5.926702155475540934e+01
8.731639419827039319e+02 8.472040526634065649e-02 5.908776018566043575e+01
8.705145932980348107e+02 8.487791636366223691e-02 5.890847646561528705e+01
8.678650965705814997e+02 8.503542746098380345e-02 5.872918272738674261e+01
8.652156310746740928e+02 8.519293855830536999e-02 5.854989110262393837e+01
8.625663731423367153e+02 8.535044965562695041e-02 5.837061352386771063e+01
8.599174961929271603e+02 8.550796075294851695e-02 5.819136172655618822e+01
8.572691707627495816e+02 8.566547185027008349e-02 5.801214725102872194e+01
8.546215645346543397e+02 8.582298294759166390e-02 5.783298144452905376e+01
8.519748423675641789e+02 8.598049404491323044e-02 5.765387546320329903e+01
8.493291663259510642e+02 8.613800514223481086e-02 5.747484027409456786e+01
8.466846957092684534e+02 8.629551623955637740e-02 5.729588665713492190e+01
8.440415870812910271e+02 8.645302733687794394e-02 5.711702520713051712e+01
8.413999943170562119e+02 8.661053843419952436e-02 5.693826633693845451e+01
8.387600922387642868e+02 8.676804953152109090e-02 5.675962187692839933e+01
8.361221223624397680e+02 8.692556062884267132e-02 5.658110817069895404e+01
8.334863342686488750e+02 8.708307172616423786e-02 5.640274210758312989e+01
8.308529724910617915e+02 8.724058282348580440e-02 5.622454023538621470e+01
8.282222765784626972e+02 8.739809392080738482e-02 5.604651876458190429e+01
8.255944811567201214e+02 8.755560501812895136e-02 5.586869357250592572e+01
8.229698159906362207e+02 8.771311611545053177e-02 5.569108020754142530e+01
8.203485060456931706e+02 8.787062721277209831e-02 5.551369389329740045e+01
8.177307715496531273e+02 8.802813831009366485e-02 5.533654953277729760e+01
8.151168280539969828e+02 8.818564940741524527e-02 5.515966171253648298e+01
8.125068864951956584e+02 8.834316050473681181e-02 5.498304470682862899e+01
8.099011532557475448e+02 8.850067160205837835e-02 5.480671248173619148e+01
8.072998302250344977e+02 8.865818269937995877e-02 5.463067869928840992e+01
8.047031148599035077e+02 8.881569379670152531e-02 5.445495672156121003e+01
8.021112002450122418e+02 8.897320489402310573e-02 5.427955961476057212e+01
7.995242751528893450e+02 8.913071599134467227e-02 5.410450015328701312e+01
7.969425241037101841e+02 8.928822708866623881e-02 5.392979082378059275e+01
7.943661274247685924e+02 8.944573818598781922e-02 5.375544382914547725e+01
7.917952613096146024e+02 8.960324928330938576e-02 5.358147109255180851e+01
7.892300978768817004e+02 8.976076038063096618e-02 5.340788426141655520e+01
7.866708052287480086e+02 8.991827147795253272e-02 5.323469471135969400e+01
7.841175475090321925e+02 9.007578257527409926e-02 5.306191355013564248e+01
7.815704849609495568e+02 9.023329367259567968e-02 5.288955162154152845e+01
7.790297739844402258e+02 9.039080476991724622e-02 5.271761950929674612e+01
7.764955671931413690e+02 9.054831586723882664e-02 5.254612754089831839e+01
7.739680134709306003e+02 9.070582696456039318e-02 5.237508579144719079e+01
7.714472580280660168e+02 9.086333806188195972e-02 5.220450408744728321e+01
7.689334424568979784e+02 9.102084915920354014e-02 5.203439201057559416e+01
7.664267161242087241e+02 9.117836025652510668e-02 5.186475966861161169e+01
7.639272765019538838e+02 9.133587135384667322e-02 5.169562042465362595e+01
7.614353309662857328e+02 9.149338245116825363e-02 5.152698831202545904e+01
7.589510817007173955e+02 9.165089354848982017e-02 5.135887701266056382e+01
7.564747257771211935e+02 9.180840464581140059e-02 5.119129986258315057e+01
7.540064552375441735e+02 9.196591574313296713e-02 5.102426985744497046e+01
7.515464571754988583e+02 9.212342684045453367e-02 5.085779965802597502e+01
7.490949138166508874e+02 9.228093793777611409e-02 5.069190159569484422e+01
7.466520025989802889e+02 9.243844903509768063e-02 5.052658767783331939e+01
7.442178962522905294e+02 9.259596013241926105e-02 5.036186959321677392e+01
7.417927628771418540e+02 9.275347122974082759e-02 5.019775871735578221e+01
7.393767660231211494e+02 9.291098232706239413e-02 5.003426611779249811e+01
7.369700647664889175e+02 9.306849342438397454e-02 4.987140255935521793e+01
7.345728137871659555e+02 9.322600452170554108e-02 4.970917850936818638e+01
7.321851634450245001e+02 9.338351561902712150e-02 4.954760414281421532e+01
7.298072598555247623e+02 9.354102671634868804e-02 4.938668934745293626e+01
7.274392449646371688e+02 9.369853781367025458e-02 4.922644372889117648e+01
7.250812566230672473e+02 9.385604891099183500e-02 4.906687661560555824e+01
7.227334286597582604e+02 9.401356000831340154e-02 4.890799706391659640e+01
7.203958909546848872e+02 9.417107110563496808e-02 4.874981386291462826e+01
7.180687695108885009e+02 9.432858220295654850e-02 4.859233553933462701e+01
7.157521865258124762e+02 9.448609330027811504e-02 4.843557036238336622e+01
7.134462604618591968e+02 9.464360439759969545e-02 4.827952634851429536e+01
7.111511061162037777e+02 9.480111549492126199e-02 4.812421126615161882e+01
7.088668346898640493e+02 9.495862659224282853e-02 4.796963264036454433e+01
7.065935538559933775e+02 9.511613768956440895e-02 4.781579775748856775e+01
7.043313678274242875e+02 9.527364878688597549e-02 4.766271366969641576e+01
7.020803774234271941e+02 9.543115988420755591e-02 4.751038719951534262e+01
6.998406801357147060e+02 9.558867098152912245e-02 4.735882494429404943e+01
6.976123704167082451e+02 9.574618207885068899e-02 4.720803329570963314e+01
6.953955501538172257e+02 9.590369317617226941e-02 4.705801914857138257e+01
6.931903328843494592e+02 9.606120427349383595e-02 4.690879018604721296e+01
6.909968296358763382e+02 9.621871537081541637e-02 4.676035392146906844e+01
6.888151478349070658e+02 9.637622646813698291e-02 4.661271762448185285e+01
6.866453913793926631e+02 9.653373756545854945e-02 4.646588832594986229e+01
6.844876607104001778e+02 9.669124866278012986e-02 4.631987282280717722e+01
6.823420528829163914e+02 9.684875976010169640e-02 4.617467768284873841e+01
6.802086616358063793e+02 9.700627085742326294e-02 4.603030924946475722e+01
6.780875774608995243e+02 9.716378195474484336e-02 4.588677364631570299e+01
6.759788876712331103e+02 9.732129305206640990e-02 4.574407678195042593e+01
6.738826764684191630e+02 9.747880414938799032e-02 4.560222435436490684e+01
6.717990250091672806e+02 9.763631524670955686e-02 4.546122185550404282e+01
6.697280114709329837e+02 9.779382634403112340e-02 4.532107457570390352e+01
6.676697111167229650e+02 9.795133744135270382e-02 4.518178760807735728e+01
6.656241963590318846e+02 9.810884853867427036e-02 4.504336585284060135e+01
6.635915368229264004e+02 9.826635963599585077e-02 4.490581402158223767e+01
6.615717994082946234e+02 9.842387073331741731e-02 4.476913664147560468e+01
6.595650483512060873e+02 9.858138183063898385e-02 4.463333805943119614e+01
6.575713452844789799e+02 9.873889292796056427e-02 4.449842244619516407e+01
6.555907492973532271e+02 9.889640402528213081e-02 4.436439380038755331e+01
6.536233169943593566e+02 9.905391512260371123e-02 4.423125595248598785e+01
6.516691025533427819e+02 9.921142621992527777e-02 4.409901256875220099e+01
6.497281577826427110e+02 9.936893731724684431e-02 4.396766715510131718e+01
6.478005321774694494e+02 9.952644841456842473e-02 4.383722306091714671e+01
6.458862729754450811e+02 9.968395951188999127e-02 4.370768348281045945e+01
6.439854252113316306e+02 9.984147060921155781e-02 4.357905146832261778e+01
6.420980317709493193e+02 9.999898170653313823e-02 4.345132991957420643e+01
6.402241334442981042e+02 1.001564928038547048e-01 4.332452159685985293e+01
6.383637689778656750e+02 1.003140039011762852e-01 4.319862912218795259e+01
6.365169751261560123e+02 1.004715149984978517e-01 4.307365498276760007e+01
6.346837866016931002e+02 1.006290260958194183e-01 4.294960152762534733e+01
6.328642256444195482e+02 1.007865371931409987e-01 4.282647026175740734e+01
6.310582932030729353e+02 1.009440482904625652e-01 4.270426124936566481e+01
6.292659869125242267e+02 1.011015593877841456e-01 4.258297433039977875e+01
6.274873033166660434e+02 1.012590704851057122e-01 4.246260927098197158e+01
6.257222379014413036e+02 1.014165815824272787e-01 4.234316576564206969e+01
6.239707851273117285e+02 1.015740926797488591e-01 4.222464343951478583e+01
6.222329384611529122e+02 1.017316037770704257e-01 4.210704185049785053e+01
6.205086904075591292e+02 1.018891148743920061e-01 4.199036049137071558e+01
6.187980325396113130e+02 1.020466259717135726e-01 4.187459879187648681e+01
6.171009555290869457e+02 1.022041370690351392e-01 4.175975612076622667e+01
6.154174491761178842e+02 1.023616481663567196e-01 4.164583178780603845e+01
6.137475024383287519e+02 1.025191592636782861e-01 4.153282504574880107e+01
6.120911034594217881e+02 1.026766703609998527e-01 4.142073509226862171e+01
6.104482395972671611e+02 1.028341814583214331e-01 4.130956107186155180e+01
6.088188974514646361e+02 1.029916925556429996e-01 4.119930207771098907e+01
6.072030628903936531e+02 1.031492036529645800e-01 4.108995715351787936e+01
6.056007210777819409e+02 1.033067147502861466e-01 4.098152529529882315e+01
6.040118564987669743e+02 1.034642258476077131e-01 4.087400545314964262e+01
6.024364529854841521e+02 1.036217369449292935e-01 4.076739653297696009e+01
6.008744937421740815e+02 1.037792480422508601e-01 4.066169739819714835e+01
5.993259613698122621e+02 1.039367591395724405e-01 4.055690687140322837e+01
5.977908378902988034e+02 1.040942702368940070e-01 4.045302373600153345e+01
5.962691047701674734e+02 1.042517813342155736e-01 4.035004673781637052e+01
5.947607429438667168e+02 1.044092924315371540e-01 4.024797458666537153e+01
5.932657328365830836e+02 1.045668035288587205e-01 4.014680595790392204e+01
5.917840543866536791e+02 1.047243146261803010e-01 4.004653949394199230e+01
5.903156870675305754e+02 1.048818257235018675e-01 3.994717380573022325e+01
5.888606099093279909e+02 1.050393368208234340e-01 3.984870747421831538e+01
5.874188015199696338e+02 1.051968479181450145e-01 3.975113905178593399e+01
5.859902401059239310e+02 1.053543590154665810e-01 3.965446706364595997e+01
5.845749034925313481e+02 1.055118701127881475e-01 3.955869000921992296e+01
5.831727691439459704e+02 1.056693812101097280e-01 3.946380636348764881e+01
5.817838117851106290e+02 1.058268923074312945e-01 3.936981441606410215e+01
5.804079655211462523e+02 1.059844034047528749e-01 3.927670970778576276e+01
5.790451314793101574e+02 1.061419145020744415e-01 3.918448554784849591e+01
5.776952108569684015e+02 1.062994255993960080e-01 3.909313525019250335e+01
5.763581059441253274e+02 1.064569366967175884e-01 3.900265220269773181e+01
5.750337201108126237e+02 1.066144477940391549e-01 3.891302986633053962e+01
5.737219577946448226e+02 1.067719588913607354e-01 3.882426177430158276e+01
5.724227244885165646e+02 1.069294699886823019e-01 3.873634153123311563e+01
5.711359267285010901e+02 1.070869810860038684e-01 3.864926281234033212e+01
5.698614720818786736e+02 1.072444921833254489e-01 3.856301936262097740e+01
5.685992691353310420e+02 1.074020032806470154e-01 3.847760499605666951e+01
5.673492274833023430e+02 1.075595143779685958e-01 3.839301359482514897e+01
5.661112577165049515e+02 1.077170254752901624e-01 3.830923910852246905e+01
5.648852714105748873e+02 1.078745365726117289e-01 3.822627555339535377e+01
5.636711811148825291e+02 1.080320476699333093e-01 3.814411701158394408e+01
5.624689003414915760e+02 1.081895587672548759e-01 3.806275763037467641e+01
5.612783435542609141e+02 1.083470698645764424e-01 3.798219162146279615e+01
5.600994261580848388e+02 1.085045809618980228e-01 3.790241326022428581e+01
5.589320644882851639e+02 1.086620920592195894e-01 3.782341688499784027e+01
5.577761758001331600e+02 1.088196031565411698e-01 3.774519689637603648e+01
5.566316782585188321e+02 1.089771142538627363e-01 3.766774775650613805e+01
5.554984909277421821e+02 1.091346253511843029e-01 3.759106398839918484e+01
5.543765337614556756e+02 1.092921364485058833e-01 3.751514017524953459e+01
5.532657275927163028e+02 1.094496475458274498e-01 3.743997095976152423e+01
5.521659941241906608e+02 1.096071586431490302e-01 3.736555104348689582e+01
5.510772559184713373e+02 1.097646697404705968e-01 3.729187518616915753e+01
5.499994363885305120e+02 1.099221808377921633e-01 3.721893820509782813e+01
5.489324597882815624e+02 1.100796919351137437e-01 3.714673497446961647e+01
5.478762512032907352e+02 1.102372030324353103e-01 3.707526042475989669e+01
5.468307365415840877e+02 1.103947141297568907e-01 3.700450954210062804e+01
5.457958425245816443e+02 1.105522252270784572e-01 3.693447736766687939e+01
5.447714966781624071e+02 1.107097363244000238e-01 3.686515899707205079e+01
5.437576273238249769e+02 1.108672474217216042e-01 3.679654957976988783e+01
5.427541635699709559e+02 1.110247585190431707e-01 3.672864431846456057e+01
5.417610351835410256e+02 1.111822696163647373e-01 3.666143846042408683e+01
5.407781479925156418e+02 1.113397807136863177e-01 3.659492563294637080e+01
5.398053543396439409e+02 1.114972918110078842e-01 3.652909584393733411e+01
5.388425012324058798e+02 1.116548029083294646e-01 3.646393874026064452e+01
5.378894377429224960e+02 1.118123140056510312e-01 3.639944410849606982e+01
5.369460149721941207e+02 1.119698251029725977e-01 3.633560187251926266e+01
5.360120860150791486e+02 1.121273362002941781e-01 3.627240209113210767e+01
5.350875059260031321e+02 1.122848472976157447e-01 3.620983495574202493e+01
5.341721316853931967e+02 1.124423583949373251e-01 3.614789078809069167e+01
5.332658221668042415e+02 1.125998694922588916e-01 3.608656003802930456e+01
5.323684381047272609e+02 1.127573805895804582e-01 3.602583328134023333e+01
5.314798420630821738e+02 1.129148916869020386e-01 3.596570121760493777e+01
5.305998984043345672e+02 1.130724027842236051e-01 3.590615466811402712e+01
5.297284732592845558e+02 1.132299138815451855e-01 3.584718457382273726e+01
5.288654344974498827e+02 1.133874249788667521e-01 3.578878199334693733e+01
5.280106516980870310e+02 1.135449360761883186e-01 3.573093810100194645e+01
5.271639961217765631e+02 1.137024471735098990e-01 3.567364418487974120e+01
5.263253406826263472e+02 1.138599582708314656e-01 3.561689164496795712e+01
5.254945599210137743e+02 1.140174693681530321e-01 3.556067199130525580e+01
5.246715299769064131e+02 1.141749804654746125e-01 3.550497684217598504e+01
5.238561285637202900e+02 1.143324915627961791e-01 3.544979792234106952e+01
5.230482349427063582e+02 1.144900026601177595e-01 3.539512706130481234e+01
5.222477298978676572e+02 1.146475137574393260e-01 3.534095619161747237e+01
5.214544957113756709e+02 1.148050248547608926e-01 3.528727734721160658e+01
5.206684161394992998e+02 1.149625359520824730e-01 3.523408266177325743e+01
5.198893763889996080e+02 1.151200470494040395e-01 3.518136436714453197e+01
5.191172630940237696e+02 1.152775581467256200e-01 3.512911479175998863e+01
5.183519642934525109e+02 1.154350692440471865e-01 3.507732635911371233e+01
5.175933694087073036e+02 1.155925803413687530e-01 3.502599158625751841e+01
5.168413692220003668e+02 1.157500914386903335e-01 3.497510308232914156e+01
5.160958558550236148e+02 1.159076025360119000e-01 3.492465354711000458e+01
5.153567227480712063e+02 1.160651136333334804e-01 3.487463576961257417e+01
5.146238646395636351e+02 1.162226247306550470e-01 3.482504262669453965e+01
5.138971775459976925e+02 1.163801358279766135e-01 3.477586708170222352e+01
5.131765587422870567e+02 1.165376469252981939e-01 3.472710218314006170e+01
5.124619067424895320e+02 1.166951580226197605e-01 3.467874106336642370e+01
5.117531212768714113e+02 1.168526691199413270e-01 3.463077693704161675e+01
5.110500910303981073e+02 1.170101802172629074e-01 3.458320227138084846e+01
5.103526669159211338e+02 1.171676913145844739e-01 3.453600697752761306e+01
5.096606939063270261e+02 1.173252024119060544e-01 3.448918056466293081e+01
5.089740189058839519e+02 1.174827135092276209e-01 3.444271267266598358e+01
5.082924907204188116e+02 1.176402246065491874e-01 3.439659307009616640e+01
5.076159600282434781e+02 1.177977357038707679e-01 3.435081165222553068e+01
5.069442793518030044e+02 1.179552468011923344e-01 3.430535843912016247e+01
5.062773030300326127e+02 1.181127578985139148e-01 3.426022357376967875e+01
5.056148871914138567e+02 1.182702689958354814e-01 3.421539732026383263e+01
5.049568897276919870e+02 1.184277800931570479e-01 3.417087006201393251e+01
5.043031702682637842e+02 1.185852911904786283e-01 3.412663230001967207e+01
5.036535901552032897e+02 1.187428022878001949e-01 3.408267465117913275e+01
5.030080124189111075e+02 1.189003133851217753e-01 3.403898784664090726e+01
5.023663017543745468e+02 1.190578244824433418e-01 3.399556273019756958e+01
5.017283244980336008e+02 1.192153355797649084e-01 3.395239025672026401e+01
5.010939486052126313e+02 1.193728466770864888e-01 3.390946149063144333e+01
5.004630436281371431e+02 1.195303577744080553e-01 3.386676760441721967e+01
4.998354806944915367e+02 1.196878688717296219e-01 3.382429987717637232e+01
4.992111324865167035e+02 1.198453799690512023e-01 3.378204969320587736e+01
4.985898732206453587e+02 1.200028910663727688e-01 3.374000854062283139e+01
4.979715786276403264e+02 1.201604021636943492e-01 3.369816801002028228e+01
4.973561259332394116e+02 1.203179132610159158e-01 3.365651979315758524e+01
4.967433938392883306e+02 1.204754243583374823e-01 3.361505568168358593e+01
4.961332625053565266e+02 1.206329354556590627e-01 3.357376756589258093e+01
4.955256135308002285e+02 1.207904465529806293e-01 3.353264743351044075e+01
4.949203299373050413e+02 1.209479576503022097e-01 3.349168736851330408e+01
4.943172961518517923e+02 1.211054687476237762e-01 3.345087954997489987e+01
4.937163979901263815e+02 1.212629798449453428e-01 3.341021625094377612e+01
4.931175226403362899e+02 1.214204909422669232e-01 3.336968983734823979e+01
4.925205586474592110e+02 1.215780020395884897e-01 3.332929276693040066e+01
4.919253958978686683e+02 1.217355131369100563e-01 3.328901758820579460e+01
4.913319256043760674e+02 1.218930242342316367e-01 3.324885693945112308e+01
4.907400402916251210e+02 1.220505353315532032e-01 3.320880354771597354e+01
4.901496337818819597e+02 1.222080464288747836e-01 3.316885022786112813e+01
4.895606011811760254e+02 1.223655575261963502e-01 3.312898988162072555e+01
4.889728388657959499e+02 1.225230686235179167e-01 3.308921549668852435e+01
4.883862444691268934e+02 1.226805797208394971e-01 3.304952014582699604e+01
4.878007168669398084e+02 1.228380908181610637e-01 3.300989698587201104e+01
4.872161534469158823e+02 1.229956019154826441e-01 3.297033907295906374e+01
4.866324447240017435e+02 1.231531130128042106e-01 3.293083899813975535e+01
4.860494810443901770e+02 1.233106241101257772e-01 3.289138934104602185e+01
4.854671541027294666e+02 1.234681352074473576e-01 3.285198277256087351e+01
4.848853569294874433e+02 1.236256463047689241e-01 3.281261205396344138e+01
4.843039838786511950e+02 1.237831574020905046e-01 3.277327003609654099e+01
4.837229306157878455e+02 1.239406684994120711e-01 3.273394965855872840e+01
4.831420941064171757e+02 1.240981795967336376e-01 3.269464394891749492e+01
4.825613726047155296e+02 1.242556906940552180e-01 3.265534602194481550e+01
4.819806656425305960e+02 1.244132017913767846e-01 3.261604907887383575e+01
4.813998740186966643e+02 1.245707128886983511e-01 3.257674640667576682e+01
4.808188997886548464e+02 1.247282239860199315e-01 3.253743137735741442e+01
4.802376462543509774e+02 1.248857350833414981e-01 3.249809744727777883e+01
4.796560179544249536e+02 1.250432461806630924e-01 3.245873815648389638e+01
4.790739206546548417e+02 1.252007572779846589e-01 3.241934712806438768e+01
4.784912613386907196e+02 1.253582683753062255e-01 3.237991806752226864e+01
4.779079481990171985e+02 1.255157794726277920e-01 3.234044476216347164e+01
4.773238906281854952e+02 1.256732905699493585e-01 3.230092108050345701e+01
4.767389992102786209e+02 1.258308016672709251e-01 3.226134097168969816e+01
4.761531857126196883e+02 1.259883127645924916e-01 3.222169846494053047e+01
4.755663630776949162e+02 1.261458238619140859e-01 3.218198766899855201e+01
4.749784454153124216e+02 1.263033349592356525e-01 3.214220277160014660e+01
4.743893479949665561e+02 1.264608460565572190e-01 3.210233803895859950e+01
4.737989872384146111e+02 1.266183571538787855e-01 3.206238781526182891e+01
4.732072807124552014e+02 1.267758682512003521e-01 3.202234652218369604e+01
4.726141471218981565e+02 1.269333793485219464e-01 3.198220865840829319e+01
4.720195063027326796e+02 1.270908904458435129e-01 3.194196879916757936e+01
4.714232792154685399e+02 1.272484015431650795e-01 3.190162159579079670e+01
4.708253879386575704e+02 1.274059126404866460e-01 3.186116177526603366e+01
4.702257556626007613e+02 1.275634237378082125e-01 3.182058413981446776e+01
4.696243066831966075e+02 1.277209348351298068e-01 3.177988356647398049e+01
4.690209663959689124e+02 1.278784459324513734e-01 3.173905500669503965e+01
4.684156612902470442e+02 1.280359570297729399e-01 3.169809348594689524e+01
4.678083189434874498e+02 1.281934681270945064e-01 3.165699410333331087e+01
4.671988680157457452e+02 1.283509792244160730e-01 3.161575203121847721e+01
4.665872382442956336e+02 1.285084903217376673e-01 3.157436251486282686e+01
4.659733604383636703e+02 1.286660014190592338e-01 3.153282087206681439e+01
4.653571664740102278e+02 1.288235125163808004e-01 3.149112249282443798e+01
4.647385892891267645e+02 1.289810236137023669e-01 3.144926283898471553e+01
4.641175629060467145e+02 1.291385347110239334e-01 3.140723744578182774e+01
4.634940305137332643e+02 1.292960458083455277e-01 3.136504246876371482e+01
4.628679555786761739e+02 1.294535569056670943e-01 3.132267543567608215e+01
4.622393050800316701e+02 1.296110680029886608e-01 3.128013411196985416e+01
4.616080466519392189e+02 1.297685791003102274e-01 3.123741630741917419e+01
4.609741485804233889e+02 1.299260901976317939e-01 3.119451987591190800e+01
4.603375798003324917e+02 1.300836012949533882e-01 3.115144271524231456e+01
4.596983098923057582e+02 1.302411123922749547e-01 3.110818276690588746e+01
4.590563090797633095e+02 1.303986234895965213e-01 3.106473801589571693e+01
4.584115482259284704e+02 1.305561345869180878e-01 3.102110649050085911e+01
4.577639988308667398e+02 1.307136456842396544e-01 3.097728626210606251e+01
4.571136330285521581e+02 1.308711567815612486e-01 3.093327544499323878e+01
4.564604235839593684e+02 1.310286678788828152e-01 3.088907219614461397e+01
4.558043438901619879e+02 1.311861789762043817e-01 3.084467471504643754e+01
4.551453679654682674e+02 1.313436900735259483e-01 3.080008124349514276e+01
4.544834704505606737e+02 1.315012011708475148e-01 3.075529006540373089e+01
4.538186266056534919e+02 1.316587122681690813e-01 3.071029950660948415e+01
4.531508123076779952e+02 1.318162233654906756e-01 3.066510793468345852e+01
4.524800040474646039e+02 1.319737344628122422e-01 3.061971375873975987e+01
4.518061789269514179e+02 1.321312455601338087e-01 3.057411542924673498e+01
4.511293146563920118e+02 1.322887566574553753e-01 3.052831143783792456e+01
4.504493895515911959e+02 1.324462677547769418e-01 3.048230031712507326e+01
4.497663825311356049e+02 1.326037788520985361e-01 3.043608064051067075e+01
4.490802731136385546e+02 1.327612899494201026e-01 3.038965102200152657e+01
4.483910414149964936e+02 1.329188010467416692e-01 3.034301011602315512e+01
4.476986681456398287e+02 1.330763121440632357e-01 3.029615661723368447e+01
4.470031346078103525e+02 1.332338232413848023e-01 3.024908926033958423e+01
4.463044226928216176e+02 1.333913343387063966e-01 3.020180681991037730e+01
4.456025148783378427e+02 1.335488454360279631e-01 3.015430811019445301e+01
4.448973942256487248e+02 1.337063565333495296e-01 3.010659198493457822e+01
4.441890443769524950e+02 1.338638676306710962e-01 3.005865733718415456e+01
4.434774495526369265e+02 1.340213787279926627e-01 3.001050309912315939e+01
4.427625945485539773e+02 1.341788898253142570e-01 2.996212824187371027e+01
4.420444647333161470e+02 1.343364009226358236e-01 2.991353177531716057e+01
4.413230460455602042e+02 1.344939120199573901e-01 2.986471274790887875e+01
4.405983249912378596e+02 1.346514231172789566e-01 2.981567024649493902e+01
4.398702886408876225e+02 1.348089342146005232e-01 2.976640339612745834e+01
4.391389246269134787e+02 1.349664453119221175e-01 2.971691135988052679e+01
4.384042211408483354e+02 1.351239564092436840e-01 2.966719333866492647e+01
4.376661669306254225e+02 1.352814675065652505e-01 2.961724857104357156e+01
4.369247512978296868e+02 1.354389786038868171e-01 2.956707633304545979e+01
4.361799640949653849e+02 1.355964897012083836e-01 2.951667593798074307e+01
4.354317958065931862e+02 1.357540007985299779e-01 2.946604674193140738e+01
4.346802530699789031e+02 1.359115118958515445e-01 2.941518919404698096e+01
4.339253765680987271e+02 1.360690229931731110e-01 2.936410604737969976e+01
4.331672112359418634e+02 1.362265340904946775e-01 2.931280034271919632e+01
4.324058017990935241e+02 1.363840451878162441e-01 2.926127510668454690e+01
4.316411927726599629e+02 1.365415562851378384e-01 2.920953335165157583e+01
4.308734284602062985e+02 1.366990673824594049e-01 2.915757807568088467e+01
4.301025529527414619e+02 1.368565784797809715e-01 2.910541226244922441e+01
4.293286101277286662e+02 1.370140895771025380e-01 2.905303888118256594e+01
4.285516436481369738e+02 1.371716006744241045e-01 2.900046088659181009e+01
4.277716969615244693e+02 1.373291117717456711e-01 2.894768121881084610e+01
4.269888132991472958e+02 1.374866228690672654e-01 2.889470280333623364e+01
4.262030356751092768e+02 1.376441339663888319e-01 2.884152855096961687e+01
4.254144068855428031e+02 1.378016450637103985e-01 2.878816135776234830e+01
4.246229695078118311e+02 1.379591561610319650e-01 2.873460410496151951e+01
4.238287658997630274e+02 1.381166672583535315e-01 2.868085965895929945e+01
4.230318381989920340e+02 1.382741783556751258e-01 2.862693087124327818e+01
4.222322283221471366e+02 1.384316894529966924e-01 2.857282057834936140e+01
4.214299779642659587e+02 1.385892005503182589e-01 2.851853160181683222e+01
4.206251285981328465e+02 1.387467116476398254e-01 2.846406674814494764e+01
4.198177214736784890e+02 1.389042227449613920e-01 2.840942880875223864e+01
4.190077976173951697e+02 1.390617338422829863e-01 2.835462055993695785e+01
4.181953978317899328e+02 1.392192449396045528e-01 2.829964476284011710e+01
4.173805626948637268e+02 1.393767560369261194e-01 2.824450416341016989e+01
4.165633325596178338e+02 1.395342671342476859e-01 2.818920149236964434e+01
4.157437475535860472e+02 1.396917782315692524e-01 2.813373946518355950e+01
4.149218475783997633e+02 1.398492893288908467e-01 2.807812078202980643e+01
4.140976723093719443e+02 1.400068004262124133e-01 2.802234812777122386e+01
4.132712611951180861e+02 1.401643115235339798e-01 2.796642417192976637e+01
4.124426534571918523e+02 1.403218226208555464e-01 2.791035156866193390e+01
4.116118880897550412e+02 1.404793337181771129e-01 2.785413295673644285e+01
4.107790038592704036e+02 1.406368448154987072e-01 2.779777095951339305e+01
4.099440393042196433e+02 1.407943559128202737e-01 2.774126818492522162e+01
4.091070327348469959e+02 1.409518670101418403e-01 2.768462722545934440e+01
4.082680222329186108e+02 1.411093781074634068e-01 2.762785065814184904e+01
4.074270456515280898e+02 1.412668892047849734e-01 2.757094104452434991e+01
4.065841406149006048e+02 1.414244003021065677e-01 2.751390093067078269e+01
4.057393445182354981e+02 1.415819113994281342e-01 2.745673284714665385e+01
4.048926945275686649e+02 1.417394224967497007e-01 2.739943930900979652e+01
4.040442275796588092e+02 1.418969335940712673e-01 2.734202281580266813e+01
4.031939803818871724e+02 1.420544446913928338e-01 2.728448585154555062e+01
4.023419894121979610e+02 1.422119557887144281e-01 2.722683088473251800e+01
4.014882909190439477e+02 1.423694668860359946e-01 2.716906036832777005e+01
4.006329209213560034e+02 1.425269779833575612e-01 2.711117673976355391e+01
3.997759152164019838e+02 1.426844890806791277e-01 2.705318242147198760e+01
3.989173208253826601e+02 1.428420001780006943e-01 2.699508059541845739e+01
3.980572186191764104e+02 1.429995112753222608e-01 2.693687673420532391e+01
3.971956949201618272e+02 1.431570223726438551e-01 2.687857667934272143e+01
3.963328350317519835e+02 1.433145334699654216e-01 2.682018620338648418e+01
3.954687232426937840e+02 1.434720445672869882e-01 2.676171101022913845e+01
3.946034428315116998e+02 1.436295556646085547e-01 2.670315673540053680e+01
3.937370760710960553e+02 1.437870667619301213e-01 2.664452894637843983e+01
3.928697042334177922e+02 1.439445778592517156e-01 2.658583314290750366e+01
3.920014075943804528e+02 1.441020889565732821e-01 2.652707475732763598e+01
3.911322654387984699e+02 1.442596000538948486e-01 2.646825915491089987e+01
3.902623560654830044e+02 1.444171111512164152e-01 2.640939163420568292e+01
3.893917567924668788e+02 1.445746222485379817e-01 2.635047742739021004e+01
3.885205439623246662e+02 1.447321333458595760e-01 2.629152170063261806e+01
3.876487929476069212e+02 1.448896444431811426e-01 2.623252955445869006e+01
3.867765781563834935e+02 1.450471555405027091e-01 2.617350602412694727e+01
3.859039730378790409e+02 1.452046666378242756e-01 2.611445608001004715e+01
3.850310500882153519e+02 1.453621777351458422e-01 2.605538462798333654e+01
3.841578808562347831e+02 1.455196888324674365e-01 2.599629650981893647e+01
3.832845359494258446e+02 1.456771999297890030e-01 2.593719650358675821e+01
3.824110850399187029e+02 1.458347110271105695e-01 2.587808932406018414e+01
3.815375968705822061e+02 1.459922221244321361e-01 2.581897962312868344e+01
3.806641392611798551e+02 1.461497332217537026e-01 2.575987199021439267e+01
3.797907791146108138e+02 1.463072443190752969e-01 2.570077095269444101e+01
3.789175824232210630e+02 1.464647554163968635e-01 2.564168097632804333e+01
3.780446142751802654e+02 1.466222665137184300e-01 2.558260646568799856e+01
3.771719388609262182e+02 1.467797776110399965e-01 2.552355176459684927e+01
3.762996194796668874e+02 1.469372887083615631e-01 2.546452115656678927e+01
3.754277185459416728e+02 1.470947998056831574e-01 2.540551886524379555e+01
3.745562975962398014e+02 1.472523109030047239e-01 2.534654905485534115e+01
3.736854172956711295e+02 1.474098220003262905e-01 2.528761583066198781e+01
3.728151374446804880e+02 1.475673330976478570e-01 2.522872323941162875e+01
3.719455169858151748e+02 1.477248441949694235e-01 2.516987526979747614e+01
3.710766140105286013e+02 1.478823552922910178e-01 2.511107585291848920e+01
3.702084857660316288e+02 1.480398663896125844e-01 2.505232886274301052e+01
3.693411886621776148e+02 1.481973774869341509e-01 2.499363811657467593e+01
3.684747782783784942e+02 1.483548885842557175e-01 2.493500737552043489e+01
3.676093093705651995e+02 1.485123996815772840e-01 2.487644034496155854e+01
3.667448358781625757e+02 1.486699107788988505e-01 2.481794067502562484e+01
3.658814109311020388e+02 1.488274218762204448e-01 2.475951196106111141e+01
3.650190868568621454e+02 1.489849329735420114e-01 2.470115774411382503e+01
3.641579151875159255e+02 1.491424440708635779e-01 2.464288151140376826e+01
3.632979466668168698e+02 1.492999551681851444e-01 2.458468669680469532e+01
3.624392312572857691e+02 1.494574662655067110e-01 2.452657668132365387e+01
3.615818181473324557e+02 1.496149773628283053e-01 2.446855479358294261e+01
3.607257557583708376e+02 1.497724884601498718e-01 2.441062431030154301e+01
3.598710917519588861e+02 1.499299995574714384e-01 2.435278845677844473e+01
3.590178746288623302e+02 1.500875106547930049e-01 2.429505051510238189e+01
3.581661671732846912e+02 1.502450217521145714e-01 2.423741473393483403e+01
3.573160394526663026e+02 1.504025328494361657e-01 2.417988585480015473e+01
3.564675604999285952e+02 1.505600439467577323e-01 2.412246854921593098e+01
3.556207982364097688e+02 1.507175550440792988e-01 2.406516741347793698e+01
3.547758194830635716e+02 1.508750661414008654e-01 2.400798696941799903e+01
3.539326899716994603e+02 1.510325772387224319e-01 2.395093166516458538e+01
3.530914743562478861e+02 1.511900883360440262e-01 2.389400587590515812e+01
3.522522362240749771e+02 1.513475994333655927e-01 2.383721390465186829e+01
3.514150381073065432e+02 1.515051105306871593e-01 2.378055998300781226e+01
3.505799414941801615e+02 1.516626216280087258e-01 2.372404827193529187e+01
3.497470068404293215e+02 1.518201327253302924e-01 2.366768286252615283e+01
3.489162935806588166e+02 1.519776438226518867e-01 2.361146777677157971e+01
3.480878601397525927e+02 1.521351549199734532e-01 2.355540696833404013e+01
3.472617639442810287e+02 1.522926660172950197e-01 2.349950432331932859e+01
3.464380614339079330e+02 1.524501771146165863e-01 2.344376366104835441e+01
3.456168080728088512e+02 1.526076882119381528e-01 2.338818873482991023e+01
3.447980583610769258e+02 1.527651993092597471e-01 2.333278323273250621e+01
3.439818658461328482e+02 1.529227104065813136e-01 2.327755077835649189e+01
3.431682831341125279e+02 1.530802215039028802e-01 2.322249493160462919e+01
3.423573619012591962e+02 1.532377326012244467e-01 2.316761918945304544e+01
3.415491529052845294e+02 1.533952436985460133e-01 2.311292698672006907e+01
3.407437059967285222e+02 1.535527547958676076e-01 2.305842169683489828e+01
3.399410701302839470e+02 1.537102658931891741e-01 2.300410663260401734e+01
3.391412933761032491e+02 1.538677769905107406e-01 2.294998504697625918e+01
3.383444229310874221e+02 1.540252880878323072e-01 2.289606013380677751e+01
3.375505051301324215e+02 1.541827991851538737e-01 2.284233502861812326e+01
3.367595854573572751e+02 1.543403102824754403e-01 2.278881280936003861e+01
3.359717085572940505e+02 1.544978213797970346e-01 2.273549649716665044e+01
3.351869182460386583e+02 1.546553324771186011e-01 2.268238905711112707e+01
3.344052575223741428e+02 1.548128435744401676e-01 2.262949339895837042e+01
3.336267685788481003e+02 1.549703546717617342e-01 2.257681237791459239e+01
3.328514928128068959e+02 1.551278657690833007e-01 2.252434879537408463e+01
3.320794708373922504e+02 1.552853768664048950e-01 2.247210539966334508e+01
3.313107424924878046e+02 1.554428879637264616e-01 2.242008488678176903e+01
3.305453468556235634e+02 1.556003990610480281e-01 2.236828990113968274e+01
3.297833222528262809e+02 1.557579101583695946e-01 2.231672303629249754e+01
3.290247062694237457e+02 1.559154212556911612e-01 2.226538683567190446e+01
3.282695357607934739e+02 1.560729323530127555e-01 2.221428379331319647e+01
3.275178468630622888e+02 1.562304434503343220e-01 2.216341635457940384e+01
3.267696750037458173e+02 1.563879545476558885e-01 2.211278691688118059e+01
3.260250549123412611e+02 1.565454656449774551e-01 2.206239783039366742e+01
3.252840206308442816e+02 1.567029767422990216e-01 2.201225139876821046e+01
3.245466055242347920e+02 1.568604878396206159e-01 2.196234987984189502e+01
3.238128422908717425e+02 1.570179989369421825e-01 2.191269548634100062e+01
3.230827629728523789e+02 1.571755100342637490e-01 2.186329038658196922e+01
3.223563989662928861e+02 1.573330211315853155e-01 2.181413670516718994e+01
3.216337810315557704e+02 1.574905322289068821e-01 2.176523652367705708e+01
3.209149393034078912e+02 1.576480433262284764e-01 2.171659188135731711e+01
3.201999009423672078e+02 1.578055544235500429e-01 2.166820461618373983e+01
3.194886824943794750e+02 1.579630655208716095e-01 2.162007584783481917e+01
3.187812974202341252e+02 1.581205766181931760e-01 2.157220648721381906e+01
3.187812974202341252e+02 1.581205766181931760e-01 2.157220648721382616e+01
2.422202943909484247e+02 1.826842454521749870e-01 1.573802950854262583e+01
2.000141987548053635e+02 2.073525430377324841e-01 1.103220828260933573e+01
1.539249006005443619e+02 2.322407203492417860e-01 8.226312030491001792e+00
1.303115402228611970e+02 2.568837818198746459e-01 7.058434545102234559e+00
1.069678864800657578e+02 2.811184729179193598e-01 4.161581012474011132e+00
9.018617429973906496e+01 3.057758170190760794e-01 2.896424323707568860e+00
7.627744617783756098e+01 3.308749588216616799e-01 2.602385431482246769e+00
6.470993702094386890e+01 3.553458836143503774e-01 1.979036057620441325e+00
5.676355915821744702e+01 3.797183506574301481e-01 1.804511402021359290e+00
4.883032646632899088e+01 4.042043120935024936e-01 1.255843961687286070e+00
4.311209040439766937e+01 4.287407985369371399e-01 8.251825234755103544e-01
3.825509872286572488e+01 4.533371424922238990e-01 6.256651675193232176e-01
3.361686027522901554e+01 4.779959634912051558e-01 7.275880713482352213e-01
3.008721591738818901e+01 5.026629933946460405e-01 5.923133162653398953e-01
2.717428222172556929e+01 5.271487506500315279e-01 6.269582981503195596e-01
2.481460333205262714e+01 5.515427964227138657e-01 3.785183661776688191e-01
2.268326998358504198e+01 5.762240530263548210e-01 3.198701102130114271e-01
2.060187127198810231e+01 6.007285446297923048e-01 2.595409685733501837e-01
1.887185129399983552e+01 6.252568531449649303e-01 3.310821910210988150e-01
1.769802767264006960e+01 6.499965502683907603e-01 2.390128338274969677e-01
1.656767659989341013e+01 6.746857991314229031e-01 3.381380656616728153e-01
1.572788248550399004e+01 6.991270364754236244e-01 1.995961719949041757e-01
1.503818983175762725e+01 7.235756604093172006e-01 2.193387544606956174e-01
1.473768695038472032e+01 7.479714013051395050e-01 2.019869334721056398e-01
1.455264262374430650e+01 7.726132299420060967e-01 2.581705573663403142e-01
1.425639465661203786e+01 7.972349387995918413e-01 1.890712806939409685e-01
1.358709814331457011e+01 8.217736356692634248e-01 2.317231743738249194e-01
1.306739202353561247e+01 8.463200505719705724e-01 1.572271030359468358e-01
1.264519083305582114e+01 8.708218859006343626e-01 2.161160680931202838e-01
1.244412262628120480e+01 8.954790463233904818e-01 1.720606025957853724e-01
1.213506778731705360e+01 9.199626960429320155e-01 1.038099911184237750e-01
1.218782693395715455e+01 9.443606208269833546e-01 2.059697064477685746e-01
1.225771294108534448e+01 9.688687146412832130e-01 1.227702749362495210e-01
1.250308775073563972e+01 9.930926048855095445e-01 1.851835099917535643e-01
1.296991365560841913e+01 1.017620455362175491e+00 2.104240272771555065e-01
1.353510409510420587e+01 1.042409919186157552e+00 2.400554708239913126e-01
1.424409772982997424e+01 1.066789561870425063e+00 3.035608228282173360e-01
1.501502728522873120e+01 1.090909765172895618e+00 3.792167537259427679e-01
1.553966357063174719e+01 1.115651582439790346e+00 3.909266258917699077e-01
1.645805875550284014e+01 1.140641543091339027e+00 4.603250184220987751e-01
1.819465175206254060e+01 1.164692026865203012e+00 9.793287776185636284e-01
1.976216315194405482e+01 1.188605021497627590e+00 7.198874751179923370e-01
2.167398569383732720e+01 1.214006438167991364e+00 1.139344099003274380e+00
2.476706093683559828e+01 1.240498485730926914e+00 9.977109658833419603e-01
2.887344460419153336e+01 1.264816150349954427e+00 2.247570118313065191e+00
3.538328689476649913e+01 1.284554513240047102e+00 6.631714309483560221e+00
3.536101963808376780e+01 1.309527810458392949e+00 6.427015630556268455e+00
4.711453731931000988e+01 1.335814856768205550e+00 1.219239743128790465e+01
7.427060272720848388e+01 1.360349523175663267e+00 1.087182071300566122e+02
