3.427448632212696911e+00 7.669903939428205850e-04 2.335151555102247534e-01
4.085181979151402132e+00 9.245014912643925459e-04 2.783271195324242830e-01
4.730771600086884021e+00 1.082012588585964507e-03 3.223117205886366077e-01
5.364256488854069360e+00 1.239523685907536251e-03 3.654716153638785103e-01
5.985627777239641567e+00 1.397034783229108429e-03 4.078061996588068228e-01
6.594854795688922522e+00 1.554545880550680173e-03 4.493133839290993636e-01
7.191920969761763871e+00 1.712056977872252134e-03 4.899920389432534384e-01
7.776823743790148846e+00 1.869568075193824095e-03 5.298419905813102071e-01
8.349594842119612892e+00 2.027079172515396273e-03 5.688654002514418329e-01
8.910265942029784725e+00 2.184590269836968017e-03 6.070644261551760845e-01
9.458919838832414939e+00 2.342101367158539761e-03 6.444447092115106468e-01
9.995640488749064190e+00 2.499612464480111939e-03 6.810119694332701368e-01
1.052052578117422499e+01 2.657123561801683683e-03 7.167728761128729920e-01
1.103370790241934785e+01 2.814634659123255861e-03 7.517364352225123225e-01
1.153532572273421053e+01 2.972145756444827605e-03 7.859121081171069889e-01
1.202551629696028002e+01 3.129656853766399783e-03 8.193092324661737091e-01
1.250443590327774324e+01 3.287167951087971527e-03 8.519384556425745325e-01
1.297225660317894835e+01 3.444679048409543271e-03 8.838115003504123379e-01
1.342915094068596638e+01 3.602190145731115449e-03 9.149401221689728025e-01
1.387528668265719745e+01 3.759701243052687193e-03 9.453357512050892808e-01
1.431084015878643712e+01 3.917212340374259805e-03 9.750104009592646115e-01
1.473599498856094669e+01 4.074723437695831549e-03 1.003976581592181505e+00
1.515093978771925620e+01 4.232234535017403293e-03 1.032247143663612921e+00
1.555585851932214680e+01 4.389745632338975037e-03 1.059834620742214462e+00
1.595092894567879682e+01 4.547256729660546781e-03 1.086751123933862750e+00
1.633633134515472207e+01 4.704767826982118525e-03 1.113008935765614327e+00
1.671224797590931033e+01 4.862278924303691137e-03 1.138620473649660347e+00
1.707886214343666609e+01 5.019790021625262881e-03 1.163598226354048526e+00
1.743635730313862098e+01 5.177301118946834625e-03 1.187954692860173855e+00
1.778491070034677435e+01 5.334812216268406369e-03 1.211701949051766869e+00
1.812469098017378855e+01 5.492323313589978981e-03 1.234851484871910987e+00
1.845586613434053191e+01 5.649834410911550725e-03 1.257414745747521545e+00
1.877860371095175296e+01 5.807345508233122469e-03 1.279403146881548103e+00
1.909307039924442506e+01 5.964856605554694213e-03 1.300828044961505725e+00
1.939943167923117429e+01 6.122367702876265957e-03 1.321700714289370637e+00
1.969785152705812692e+01 6.279878800197838569e-03 1.342032326707339518e+00
1.998849049370505782e+01 6.437389897519410313e-03 1.361833820697951669e+00
2.027149775321311864e+01 6.594900994840982057e-03 1.381115359622688388e+00
2.054701794348504862e+01 6.752412092162553801e-03 1.399886797791850324e+00
2.081519463772512779e+01 6.909923189484126413e-03 1.418157916976869215e+00
2.107617014998160698e+01 7.067434286805698157e-03 1.435938413161750082e+00
2.133008536490377693e+01 7.224945384127269901e-03 1.453237884944259539e+00
2.157707959313725254e+01 7.382456481448841645e-03 1.470065823683878836e+00
2.181729044921456406e+01 7.539967578770413389e-03 1.486431605182382487e+00
2.205085374920400554e+01 7.697478676091986001e-03 1.502344482710558538e+00
2.227790261169308650e+01 7.854989773413558612e-03 1.517813525757406135e+00
2.249855907373994768e+01 8.012500870735128622e-03 1.532847048817369773e+00
2.271293817305489426e+01 8.170011968056702101e-03 1.547452889513033725e+00
2.292115399031264644e+01 8.327523065378272110e-03 1.561638820263291372e+00
2.312331964015676533e+01 8.485034162699845589e-03 1.575412547670460572e+00
2.331954717562780743e+01 8.642545260021415598e-03 1.588781706008896677e+00
2.350994750500612085e+01 8.800056357342989077e-03 1.601753851559411856e+00
2.369463031979119449e+01 8.957567454664562556e-03 1.614336457702442384e+00
2.387370403267631502e+01 9.115078551986132566e-03 1.626536910692211402e+00
2.404727572449531792e+01 9.272589649307706045e-03 1.638362506042162714e+00
2.421545109922888273e+01 9.430100746629276054e-03 1.649820445459490914e+00
2.437833432687931179e+01 9.587611843950849533e-03 1.660917826140071218e+00
2.453602164541005237e+01 9.745122941272419542e-03 1.671661204862839645e+00
2.468859869784620997e+01 9.902634038593993021e-03 1.682056416564063683e+00
2.483614998313847266e+01 1.006014513591556303e-02 1.692109218233190493e+00
2.497875961167841297e+01 1.021765623323713651e-02 1.701825340386788454e+00
2.511651123253720286e+01 1.037516733055870999e-02 1.711210482111249487e+00
2.524948796783908378e+01 1.053267842788028000e-02 1.720270306591598519e+00
2.537777235367506989e+01 1.069018952520185348e-02 1.729010437085891194e+00
2.550144628701115224e+01 1.084770062252342349e-02 1.737436453308019546e+00
2.562059097809496677e+01 1.100521171984499696e-02 1.745553888185138680e+00
2.573528690790989515e+01 1.116272281716656697e-02 1.753368224958971489e+00
2.584561379026114025e+01 1.132023391448814045e-02 1.760884894602704254e+00
2.595165053811676970e+01 1.147774501180971046e-02 1.768109273527771697e+00
2.605347523385681541e+01 1.163525610913128394e-02 1.775046681556894601e+00
2.615116490641099389e+01 1.179276720645285742e-02 1.781702366740279375e+00
2.624478876331738419e+01 1.195027830377442743e-02 1.788081044249691720e+00
2.633440699742850200e+01 1.210778940109600091e-02 1.794186815078268715e+00
2.642007934425224036e+01 1.226530049841757092e-02 1.800023749059844747e+00
2.650186558823527605e+01 1.242281159573914440e-02 1.805595919362501522e+00
2.657982550337051109e+01 1.258032269306071441e-02 1.810907398442092253e+00
2.665401879819738085e+01 1.273783379038228789e-02 1.815962254295067746e+00
2.672450506489633781e+01 1.289534488770385789e-02 1.820764546990236488e+00
2.679134373220008314e+01 1.305285598502543137e-02 1.825318325460565383e+00
2.685459402186670630e+01 1.321036708234700485e-02 1.829627624537656372e+00
2.691431490847607577e+01 1.336787817966857486e-02 1.833696462212633049e+00
2.697056508233333716e+01 1.352538927699014834e-02 1.837528837108730828e+00
2.702340291527063698e+01 1.368290037431171835e-02 1.841128726151330941e+00
2.707288642916267563e+01 1.384041147163329183e-02 1.844500082422899867e+00
2.711907326697667031e+01 1.399792256895486184e-02 1.847646833190597970e+00
2.716202066619436195e+01 1.415543366627643532e-02 1.850572878095493978e+00
2.720178543445326369e+01 1.431294476359800533e-02 1.853282087492983621e+00
2.723842388631964084e+01 1.447045586091957881e-02 1.855778298145076555e+00
2.727198803860335374e+01 1.462796695824115228e-02 1.858065054003775751e+00
2.730252282443208145e+01 1.478547805556272229e-02 1.860145416403448548e+00
2.733007258732895295e+01 1.494298915288429577e-02 1.862022406508178740e+00
2.735468178903233394e+01 1.510050025020586578e-02 1.863699053536156391e+00
2.737639496853360654e+01 1.525801134752743926e-02 1.865178391968892457e+00
2.739525670362027299e+01 1.541552244484900927e-02 1.866463458931110653e+00
2.741131157478451996e+01 1.557303354217058275e-02 1.867557291731806401e+00
2.742460413136266695e+01 1.573054463949215276e-02 1.868462925557300425e+00
2.743517885978105397e+01 1.588805573681372624e-02 1.869183391307797981e+00
2.744308015379180432e+01 1.604556683413529972e-02 1.869721713569526544e+00
2.744835228658737591e+01 1.620307793145686973e-02 1.870080908714877088e+00
2.745103938469389959e+01 1.636058902877844320e-02 1.870263983123730434e+00
2.745118540354339842e+01 1.651810012610001321e-02 1.870273931519171873e+00
2.744883410463582862e+01 1.667561122342158669e-02 1.870113735411520706e+00
2.744402903420490958e+01 1.683312232074316017e-02 1.869786361644816486e+00
2.743681350330749424e+01 1.699063341806473018e-02 1.869294761040284358e+00
2.742723056926014635e+01 1.714814451538630366e-02 1.868641867131597190e+00
2.741532301835094287e+01 1.730565561270787367e-02 1.867830594987011983e+00
2.740113334976006243e+01 1.746316671002944715e-02 1.866863840113869744e+00
2.738470376062387857e+01 1.762067780735101716e-02 1.865744477440991922e+00
2.736607613053121923e+01 1.777818890467259064e-02 1.864475360262403347e+00
2.734529163538103802e+01 1.793570000199416065e-02 1.863059293929100635e+00
2.732239029144743014e+01 1.809321109931573412e-02 1.861499004785803990e+00
2.729741171586443116e+01 1.825072219663730760e-02 1.859797191983456388e+00
2.727039523475038152e+01 1.840823329395887761e-02 1.857956534845843111e+00
2.724137987129653027e+01 1.856574439128045109e-02 1.855979692058052244e+00
2.721040433473130449e+01 1.872325548860202110e-02 1.853869300914605001e+00
2.717750701011724601e+01 1.888076658592359458e-02 1.851627976624308891e+00
2.714272594893573398e+01 1.903827768324516459e-02 1.849258311668785737e+00
2.710609886042158578e+01 1.919578878056673807e-02 1.846762875212091926e+00
2.706766310360890415e+01 1.935329987788830808e-02 1.844144212558795459e+00
2.702745568005089183e+01 1.951081097520988156e-02 1.841404844657969386e+00
2.698551322718082091e+01 1.966832207253145504e-02 1.838547267650867623e+00
2.694187201228087147e+01 1.982583316985302505e-02 1.835573952460016312e+00
2.689656792702698951e+01 1.998334426717459852e-02 1.832487344417556452e+00
2.684963648258169044e+01 2.014085536449616853e-02 1.829289862930900235e+00
2.680111280520621619e+01 2.029836646181774201e-02 1.825983901183795721e+00
2.675103163236422432e+01 2.045587755913931202e-02 1.822571825870858531e+00
2.669942730929373553e+01 2.061338865646088550e-02 1.819055976964021770e+00
2.664633378602094638e+01 2.077089975378245551e-02 1.815438667509080117e+00
2.659178461479452338e+01 2.092841085110402899e-02 1.811722183450887869e+00
2.653581294791733924e+01 2.108592194842560247e-02 1.807908783485632664e+00
2.647845153595536871e+01 2.124343304574717248e-02 1.804000698938808434e+00
2.641973272630379910e+01 2.140094414306874596e-02 1.800000133667517099e+00
2.635968846209086180e+01 2.155845524039031597e-02 1.795909263985795201e+00
2.629835028140211151e+01 2.171596633771188944e-02 1.791730238611750847e+00
2.623574934703536599e+01 2.187347743503345945e-02 1.787465180694807421e+00
2.617191972425023039e+01 2.203098853235503293e-02 1.783116411131715928e+00
2.610690108807004250e+01 2.218849962967660294e-02 1.778686633017468655e+00
2.604073289624652432e+01 2.234601072699817642e-02 1.774178534644154093e+00
2.597345369026003681e+01 2.250352182431974990e-02 1.769594741877464017e+00
2.590510111423417072e+01 2.266103292164131991e-02 1.764937819445368428e+00
2.583571193354692852e+01 2.281854401896289339e-02 1.760210272206112814e+00
2.576532205313948154e+01 2.297605511628446340e-02 1.755414546395604569e+00
2.569396653552080778e+01 2.313356621360603688e-02 1.750553030854092640e+00
2.562167961846787989e+01 2.329107731092760689e-02 1.745628058232089996e+00
2.554849473242179059e+01 2.344858840824918036e-02 1.740641906175591558e+00
2.547444451758016370e+01 2.360609950557075037e-02 1.735596798490593562e+00
2.539956084068721154e+01 2.376361060289232385e-02 1.730494906287020518e+00
2.532387481152257891e+01 2.392112170021389733e-02 1.725338349102115476e+00
2.524741679909022452e+01 2.407863279753546734e-02 1.720129196003410410e+00
2.517021644751091003e+01 2.423614389485704082e-02 1.714869466671493425e+00
2.509230269161800209e+01 2.439365499217861083e-02 1.709561132462565025e+00
2.501370377226130159e+01 2.455116608950018431e-02 1.704206117451102731e+00
2.493444725132080109e+01 2.470867718682175432e-02 1.698806299452759294e+00
2.485456002643302398e+01 2.486618828414332780e-02 1.693363511027683233e+00
2.477406834543326397e+01 2.502369938146489781e-02 1.687879540464481742e+00
2.469299782051678349e+01 2.518121047878647129e-02 1.682356132745036703e+00
2.461137344212310296e+01 2.533872157610804476e-02 1.676794990490449111e+00
2.452921959254519635e+01 2.549623267342961477e-02 1.671197774888251830e+00
2.444656005926933418e+01 2.565374377075118825e-02 1.665566106601262586e+00
2.436341804804735389e+01 2.581125486807275826e-02 1.659901566658209981e+00
2.427981619570572036e+01 2.596876596539433174e-02 1.654205697326421642e+00
2.419577658269663800e+01 2.612627706271590175e-02 1.648480002966951519e+00
2.411132074539201042e+01 2.628378816003747523e-02 1.642725950872170548e+00
2.402646968812696571e+01 2.644129925735904524e-02 1.636944972086308736e+00
2.394124389499641126e+01 2.659881035468061872e-02 1.631138462209159146e+00
2.385566334140621336e+01 2.675632145200219220e-02 1.625307782183077032e+00
2.376974759887015765e+01 2.691383254932376221e-02 1.619454265432883844e+00
2.368352052170165578e+01 2.707134364664533568e-02 1.613579537174390177e+00
2.359701215282875708e+01 2.722885474396690569e-02 1.607685644259283730e+00
2.351025204214178643e+01 2.738636584128847917e-02 1.601774599948146971e+00
2.342326870766653357e+01 2.754387693861004918e-02 1.595848347199707362e+00
2.333608966570469079e+01 2.770138803593162266e-02 1.589908760724327186e+00
2.324874146023039145e+01 2.785889913325319267e-02 1.583957648986818345e+00
2.316124969155283964e+01 2.801641023057476615e-02 1.577996756159253611e+00
2.307363904425557521e+01 2.817392132789633963e-02 1.572027764024493290e+00
2.298593331442326360e+01 2.833143242521790964e-02 1.566052293831170950e+00
2.289815543616797200e+01 2.848894352253948312e-02 1.560071908100952642e+00
2.281032750746645021e+01 2.864645461986105313e-02 1.554088112388853027e+00
2.272247081532058033e+01 2.880396571718262660e-02 1.548102356997440143e+00
2.263460586025354360e+01 2.896147681450419661e-02 1.542116038645782838e+00
2.254675238015386896e+01 2.911898791182577009e-02 1.536130502093964179e+00
2.245892937348092744e+01 2.927649900914734010e-02 1.530147041724094548e+00
2.237115512184303157e+01 2.943401010646891358e-02 1.524166903078578272e+00
2.228344721196308598e+01 2.959152120379048706e-02 1.518191284356651627e+00
2.219582255704303009e+01 2.974903230111205707e-02 1.512221337869962712e+00
2.210829741754108468e+01 2.990654339843363055e-02 1.506258171458141115e+00
2.202088742137373600e+01 3.006405449575520056e-02 1.500302849865184474e+00
2.193360758355616014e+01 3.022156559307677404e-02 1.494356396077569427e+00
2.184647232529335881e+01 3.037907669039834405e-02 1.488419792624952498e+00
2.175949549253501658e+01 3.053658778771991752e-02 1.482493982844328206e+00
2.167269037400632570e+01 3.069409888504148753e-02 1.476579872108488178e+00
2.158606971872766067e+01 3.085160998236306101e-02 1.470678329019646791e+00
2.149964575303492964e+01 3.100912107968463102e-02 1.464790186569056241e+00
2.141343019711347395e+01 3.116663217700620450e-02 1.458916243263478130e+00
2.132743428105664663e+01 3.132414327432777451e-02 1.453057264219264511e+00
2.124166876046203356e+01 3.148165437164934799e-02 1.447213982224943685e+00
2.115614393157601469e+01 3.163916546897092147e-02 1.441387098773036390e+00
2.107086964599854895e+01 3.179667656629248801e-02 1.435577285061900188e+00
2.098585532495982875e+01 3.195418766361406149e-02 1.429785182968414281e+00
2.090110997317940900e+01 3.211169876093563497e-02 1.424011405992215540e+00
2.081664219231887358e+01 3.226920985825720151e-02 1.418256540172237568e+00
2.073246019403895346e+01 3.242672095557877499e-02 1.412521144976305543e+00
2.064857181267148079e+01 3.258423205290034846e-02 1.406805754164487388e+00
2.056498451751639678e+01 3.274174315022192194e-02 1.401110876626901369e+00
2.048170542477376799e+01 3.289925424754349542e-02 1.395436997196652706e+00
2.039874131017720416e+01 3.305676534486506196e-02 1.389784577510561281e+00
2.031609976791997241e+01 3.321427644218663544e-02 1.384154134967839900e+00
2.023379132800974034e+01 3.337178753950820892e-02 1.378546386987374195e+00
2.015182660735957754e+01 3.352929863682978240e-02 1.372962056908992201e+00
2.007021570902394458e+01 3.368680973415134894e-02 1.367401833062874106e+00
1.998896823950661172e+01 3.384432083147292242e-02 1.361866369948754540e+00
1.990809332556236910e+01 3.400183192879449590e-02 1.356356289380640012e+00
1.982759963050680341e+01 3.415934302611606938e-02 1.350872181598007149e+00
1.974749537004357691e+01 3.431685412343764285e-02 1.345414606344129238e+00
1.966778832762361517e+01 3.447436522075920939e-02 1.339984093912512275e+00
1.958848586934590941e+01 3.463187631808078287e-02 1.334581146162101772e+00
1.950959495841206248e+01 3.478938741540235635e-02 1.329206237502079890e+00
1.943112216914661872e+01 3.494689851272392983e-02 1.323859815847086008e+00
1.935307370059262411e+01 3.510440961004549637e-02 1.318542303543494221e+00
1.927545538969574324e+01 3.526192070736706985e-02 1.313254098267657044e+00
1.919827272408575425e+01 3.541943180468864333e-02 1.307995573896724828e+00
1.912153085446703571e+01 3.557694290201021681e-02 1.302767081352814271e+00
1.904523460662816703e+01 3.573445399933179029e-02 1.297568949421238349e+00
1.896938849308149599e+01 3.589196509665335683e-02 1.292401485543519524e+00
1.889399672434151967e+01 3.604947619397493030e-02 1.287264976585793086e+00
1.881906321985348285e+01 3.620698729129650378e-02 1.282159689583387330e+00
1.874459161858028722e+01 3.636449838861807726e-02 1.277085872462113691e+00
1.867058528925878136e+01 3.652200948593964380e-02 1.272043754737042232e+00
1.859704734033299545e+01 3.667952058326121728e-02 1.267033548189256953e+00
1.852398062957488634e+01 3.683703168058279076e-02 1.262055447521331475e+00
1.845138777340042324e+01 3.699454277790436424e-02 1.257109630992034877e+00
1.837927115589030080e+01 3.715205387522593772e-02 1.252196261030929181e+00
1.830763293752343301e+01 3.730956497254750426e-02 1.247315484833383614e+00
1.823647506363126070e+01 3.746707606986907774e-02 1.242467434936577408e+00
1.816579927258178628e+01 3.762458716719065122e-02 1.237652229777084667e+00
1.809560710369988001e+01 3.778209826451222469e-02 1.232869974230492272e+00
1.802589990493309813e+01 3.793960936183379123e-02 1.228120760133679434e+00
1.795667884026919126e+01 3.809712045915536471e-02 1.223404666790177009e+00
1.788794489691314027e+01 3.825463155647693819e-02 1.218721761459147013e+00
1.781969889223076464e+01 3.841214265379851167e-02 1.214072099828458429e+00
1.775194148046648834e+01 3.856965375112008515e-02 1.209455726472371095e+00
1.768467315924027972e+01 3.872716484844165169e-02 1.204872675294180517e+00
1.761789427583244816e+01 3.888467594576322517e-02 1.200322969954406682e+00
1.755160503326131405e+01 3.904218704308479865e-02 1.195806624284869280e+00
1.748580549616011481e+01 3.919969814040637213e-02 1.191323642689090745e+00
1.742049559646023482e+01 3.935720923772793867e-02 1.186874020529493645e+00
1.735567513888478430e+01 3.951472033504951215e-02 1.182457744501687946e+00
1.729134380626059198e+01 3.967223143237108562e-02 1.178074792996381293e+00
1.722750116465227066e+01 3.982974252969265910e-02 1.173725136449164985e+00
1.716414666832430314e+01 3.998725362701423258e-02 1.169408737678588883e+00
1.710127966453749693e+01 4.014476472433579912e-02 1.165125552212944005e+00
1.703889939818304455e+01 4.030227582165737260e-02 1.160875528605988860e+00
1.697700501626092162e+01 4.045978691897894608e-02 1.156658608742065830e+00
1.691559557220653076e+01 4.061729801630051956e-02 1.152474728130877590e+00
1.685466995394394729e+01 4.077480911362208610e-02 1.148323811005692807e+00
1.679422645345973919e+01 4.093232021094365958e-02 1.144205740998020193e+00
1.673426309115117760e+01 4.108983130826523306e-02 1.140120383235748269e+00
1.667477783804895708e+01 4.124734240558680654e-02 1.136067599483373991e+00
1.661576861923570192e+01 4.140485350290838001e-02 1.132047248374911552e+00
1.655723331644427887e+01 4.156236460022994655e-02 1.128059185590917668e+00
1.649916977056244605e+01 4.171987569755152003e-02 1.124103264029135074e+00
1.644157578404540132e+01 4.187738679487309351e-02 1.120179333968862379e+00
1.638444912324059644e+01 4.203489789219466699e-02 1.116287243229342474e+00
1.632778752062628413e+01 4.219240898951623353e-02 1.112426837322282314e+00
1.627158867696824274e+01 4.234992008683780701e-02 1.108597959598787597e+00
1.621585026339607793e+01 4.250743118415938049e-02 1.104800451390825389e+00
1.616056992340260834e+01 4.266494228148095397e-02 1.101034152147443157e+00
1.610574527476850548e+01 4.282245337880252745e-02 1.097298899565898100e+00
1.605137391141466807e+01 4.297996447612409399e-02 1.093594529717858199e+00
1.599745340518499681e+01 4.313747557344566746e-02 1.089920877170866165e+00
1.594398130756178311e+01 4.329498667076724094e-02 1.086277775105210619e+00
1.589095515131562664e+01 4.345249776808881442e-02 1.082665055426334622e+00
1.583837245209301692e+01 4.361000886541038096e-02 1.079082548873001590e+00
1.578623070994229849e+01 4.376751996273195444e-02 1.075530085121257917e+00
1.573452741078143902e+01 4.392503106005352792e-02 1.072007492884435642e+00
1.568326002780857387e+01 4.408254215737510140e-02 1.068514600009252913e+00
1.563242602285815508e+01 4.424005325469667488e-02 1.065051233568209632e+00
1.558202284770340995e+01 4.439756435201824142e-02 1.061617219948326252e+00
1.553204794530790700e+01 4.455507544933981490e-02 1.058212384936411787e+00
1.548249875102784756e+01 4.471258654666138838e-02 1.054836553800980958e+00
1.543337269376597121e+01 4.487009764398296185e-02 1.051489551370865971e+00
1.538466719707970221e+01 4.502760874130452839e-02 1.048171202110718125e+00
1.533637968024459219e+01 4.518511983862610187e-02 1.044881330193462743e+00
1.528850755927441973e+01 4.534263093594767535e-02 1.041619759569795356e+00
1.524104824789997537e+01 4.550014203326924883e-02 1.038386314034870139e+00
1.519399915850767613e+01 4.565765313059082231e-02 1.035180817292249866e+00
1.514735770303880003e+01 4.581516422791238885e-02 1.032003093015166684e+00
1.510112129385210977e+01 4.597267532523396233e-02 1.028852964905298428e+00
1.505528734454939510e+01 4.613018642255553581e-02 1.025730256749009417e+00
1.500985327076688058e+01 4.628769751987710929e-02 1.022634792471273757e+00
1.496481649093215971e+01 4.644520861719867583e-02 1.019566396187243873e+00
1.492017442698919893e+01 4.660271971452024931e-02 1.016524892251645440e+00
1.487592450509151121e+01 4.676023081184182278e-02 1.013510105306002718e+00
1.483206415626504437e+01 4.691774190916339626e-02 1.010521860323806642e+00
1.478859081704191958e+01 4.707525300648496974e-02 1.007559982653686292e+00
1.474550193006576393e+01 4.723276410380653628e-02 1.004624298060652787e+00
1.470279494466976367e+01 4.739027520112810976e-02 1.001714632765485113e+00
1.466046731742879317e+01 4.754778629844968324e-02 9.988308134823427054e-01
1.461851651268532137e+01 4.770529739577125672e-02 9.959726674546001135e-01
1.457694000305165893e+01 4.786280849309282326e-02 9.931400224890626349e-01
1.453573526988816766e+01 4.802031959041439674e-02 9.903327069885470291e-01
1.449489980375866693e+01 4.817783068773597022e-02 9.875505499829129175e-01
1.445443110486392690e+01 4.833534178505754370e-02 9.847933811585908304e-01
1.441432668345408352e+01 4.849285288237911717e-02 9.820610308866857263e-01
1.437458406022032698e+01 4.865036397970068371e-02 9.793533302496602033e-01
1.433520076666703957e+01 4.880787507702225719e-02 9.766701110666893282e-01
1.429617434546486976e+01 4.896538617434383067e-02 9.740112059177157278e-01
1.425750235078565353e+01 4.912289727166540415e-02 9.713764481662687800e-01
1.421918234861941066e+01 4.928040836898697069e-02 9.687656719810616712e-01
1.418121191707428430e+01 4.943791946630854417e-02 9.661787123564250512e-01
1.414358864666045079e+01 4.959543056363011765e-02 9.636154051316515590e-01
1.410631014055795518e+01 4.975294166095169113e-02 9.610755870092448916e-01
1.406937401486906580e+01 4.991045275827326461e-02 9.585590955721088324e-01
1.403277787100483387e+01 5.006796385559483115e-02 9.560657674022235986e-01
1.399651842558396275e+01 5.022547495291640463e-02 9.535953787998707742e-01
1.396059136827133962e+01 5.038298605023797810e-02 9.511476360980445355e-01
1.392499239708862646e+01 5.054049714755955158e-02 9.487222461990953981e-01
1.388971728112520765e+01 5.069800824488111812e-02 9.463189208472808645e-01
1.385476185911036318e+01 5.085551934220269160e-02 9.439373765314869047e-01
1.382012203801904882e+01 5.101303043952426508e-02 9.415773343902390513e-01
1.378579379170978392e+01 5.117054153684583856e-02 9.392385201188997446e-01
1.375177315959584412e+01 5.132805263416741204e-02 9.369206638791364172e-01
1.371805624534610146e+01 5.148556373148897858e-02 9.346235002104075207e-01
1.368463921561667007e+01 5.164307482881055206e-02 9.323467679435490929e-01
1.365151829881211398e+01 5.180058592613212554e-02 9.300902101163747160e-01
1.361868978387511397e+01 5.195809702345369901e-02 9.278535738912145892e-01
1.358615001910380471e+01 5.211560812077526555e-02 9.256366104743382062e-01
1.355389541099661166e+01 5.227311921809683903e-02 9.234390750372538648e-01
1.352192242312324488e+01 5.243063031541841251e-02 9.212607266397888628e-01
1.349022757468158140e+01 5.258814141273998599e-02 9.191013281317645944e-01
1.345880734574266491e+01 5.274565251006155947e-02 9.169606396972600493e-01
1.342765805223004882e+01 5.290316360738312601e-02 9.148384103368344400e-01
1.339677603970328335e+01 5.306067470470469949e-02 9.127343910701760654e-01
1.336615771458838076e+01 5.321818580202627297e-02 9.106483370638605024e-01
1.333579954295672465e+01 5.337569689934784645e-02 9.085800075481544891e-01
1.330569804933272948e+01 5.353320799666941299e-02 9.065291657357829047e-01
1.327584981552936405e+01 5.369071909399098647e-02 9.044955787425916771e-01
1.324625147951117654e+01 5.384823019131255994e-02 9.024790175100840806e-01
1.321689973428322240e+01 5.400574128863413342e-02 9.004792567297230654e-01
1.318779132680643862e+01 5.416325238595570690e-02 8.984960747690328153e-01
1.315892305693773778e+01 5.432076348327727344e-02 8.965292535993897305e-01
1.313029177639452350e+01 5.447827458059884692e-02 8.945785787254705301e-01
1.310189438774312087e+01 5.463578567792042040e-02 8.926438391163357133e-01
1.307372784341023575e+01 5.479329677524199388e-02 8.907248271380778792e-01
1.304578914471718853e+01 5.495080787256356042e-02 8.888213384880238044e-01
1.301807534093580898e+01 5.510831896988513390e-02 8.869331721304114513e-01
1.299058352818074624e+01 5.526583006720670738e-02 8.850601302209220034e-01
1.296331057676498233e+01 5.542334116452828086e-02 8.832019995311664040e-01
1.293625259713263631e+01 5.558085226184985433e-02 8.813585150622073039e-01
1.290940562037589778e+01 5.573836335917142087e-02 8.795294064087882946e-01
1.288276575146792347e+01 5.589587445649299435e-02 8.777144081992306335e-01
1.285632916770392953e+01 5.605338555381456783e-02 8.759132599892212045e-01
1.283009211718144726e+01 5.621089665113614131e-02 8.741257061582740073e-01
1.280405091731852352e+01 5.636840774845770785e-02 8.723514958087705828e-01
1.277820195340911624e+01 5.652591884577928133e-02 8.705903826675395196e-01
1.275254167721394083e+01 5.668342994310085481e-02 8.688421249898505838e-01
1.272706660558662684e+01 5.684094104042242829e-02 8.671064854658097065e-01
1.270177331913349938e+01 5.699845213774400177e-02 8.653832311290546864e-01
1.267665846090617876e+01 5.715596323506556831e-02 8.636721332676744467e-01
1.265171873512629652e+01 5.731347433238714179e-02 8.619729673373266454e-01
1.262695090594123748e+01 5.747098542970871526e-02 8.602855128764658188e-01
1.260235179620991630e+01 5.762849652703028874e-02 8.586095534236131144e-01
1.257791828631792086e+01 5.778600762435185528e-02 8.569448764366367488e-01
1.255364731302152492e+01 5.794351872167342876e-02 8.552912732139869023e-01
1.252953586784422413e+01 5.810102981899500224e-02 8.536485387854573226e-01
1.250558073305615459e+01 5.825854091631657572e-02 8.520164539242193191e-01
1.248177805321099854e+01 5.841605201363814920e-02 8.503947559552511581e-01
1.245812393348301761e+01 5.857356311095971574e-02 8.487831795205752483e-01
1.243461455487817346e+01 5.873107420828128922e-02 8.471814644286951301e-01
1.241124617269094443e+01 5.888858530560286270e-02 8.455893555494584657e-01
1.238801511500026997e+01 5.904609640292443618e-02 8.440066027115834535e-01
1.236491778120300289e+01 5.920360750024600272e-02 8.424329606027421979e-01
1.234195064058470059e+01 5.936111859756757619e-02 8.408681886721868226e-01
1.231911023092556334e+01 5.951862969488914967e-02 8.393120510357698905e-01
1.229639315714182679e+01 5.967614079221072315e-02 8.377643163833845552e-01
1.227379608995976490e+01 5.983365188953229663e-02 8.362247578886196075e-01
1.225131576462347205e+01 5.999116298685386317e-02 8.346931531207210098e-01
1.222894897963326954e+01 6.014867408417543665e-02 8.331692839586383181e-01
1.220669259551575614e+01 6.030618518149701013e-02 8.316529365072277136e-01
1.218454353362331055e+01 6.046369627881858361e-02 8.301439010154598730e-01
1.216249877496257348e+01 6.062120737614015015e-02 8.286419717966042597e-01
1.214055535905126249e+01 6.077871847346172363e-02 8.271469471503420934e-01
1.211871038280233392e+01 6.093622957078329710e-02 8.256586292867444943e-01
1.209696099650887824e+01 6.109374066810487058e-02 8.241768240527185263e-01
1.207530408673656375e+01 6.125125176542643712e-02 8.227013193271849323e-01
1.205373600226975306e+01 6.140876286274801060e-02 8.212318663495413729e-01
1.203225309947303145e+01 6.156627396006958408e-02 8.197682168756325050e-01
1.201085180856097878e+01 6.172378505739115756e-02 8.183101276927694512e-01
1.198952863221761511e+01 6.188129615471273104e-02 8.168573605256720382e-01
1.196828014425078734e+01 6.203880725203429758e-02 8.154096819447891331e-01
1.194710298827932782e+01 6.219631834935587106e-02 8.139668632768555234e-01
1.192599387645285702e+01 6.235382944667744454e-02 8.125286805176704652e-01
1.190494958820286087e+01 6.251134054399902495e-02 8.110949142470064155e-01
1.188396696902430172e+01 6.266885164132059149e-02 8.096653495456002103e-01
1.186304292928653048e+01 6.282636273864215803e-02 8.082397759141402016e-01
1.184217444307267719e+01 6.298387383596373845e-02 8.068179871941891790e-01
1.182135854704718270e+01 6.314138493328530499e-02 8.053997814910329733e-01
1.180059233934960439e+01 6.329889603060687153e-02 8.039849610983125228e-01
1.177987297851514903e+01 6.345640712792845195e-02 8.025733324244768152e-01
1.175919768241993069e+01 6.361391822525001849e-02 8.011647059209257016e-01
1.173856372725112429e+01 6.377142932257158503e-02 7.997588960118435786e-01
1.171796844650070213e+01 6.392894041989316545e-02 7.983557210256418957e-01
1.169740922998250987e+01 6.408645151721473199e-02 7.969550031279928337e-01
1.167688351425602811e+01 6.424396261453631241e-02 7.955565676693892030e-01
1.165638848678960571e+01 6.440147371185787895e-02 7.941602230295227161e-01
1.163592101905852694e+01 6.455898480917944549e-02 7.927657560591927499e-01
1.161547802646200722e+01 6.471649590650102590e-02 7.913729566017756456e-01
1.159505649116967341e+01 6.487400700382259244e-02 7.899816190497760404e-01
1.157465346102069503e+01 6.503151810114417286e-02 7.885915422698236421e-01
1.155426604844874738e+01 6.518902919846573940e-02 7.872025295294297065e-01
1.153389142943179557e+01 6.534654029578730594e-02 7.858143884254348288e-01
1.151352684246596780e+01 6.550405139310888636e-02 7.844269308140989772e-01
1.149316958756305951e+01 6.566156249043045290e-02 7.830399727427987955e-01
1.147281702527023484e+01 6.581907358775203332e-02 7.816533343832406944e-01
1.145246657571221505e+01 6.597658468507359986e-02 7.802668399662040510e-01
1.143211571765403889e+01 6.613409578239516640e-02 7.788803177176842896e-01
1.141176198758518368e+01 6.629160687971674681e-02 7.774935997964955714e-01
1.139140297882304154e+01 6.644911797703831335e-02 7.761065222331898772e-01
1.137103634063582547e+01 6.660662907435987989e-02 7.747189248702973652e-01
1.135065977738456766e+01 6.676414017168146031e-02 7.733306513038717966e-01
1.133027104768287963e+01 6.692165126900302685e-02 7.719415488262452163e-01
1.130986796357438884e+01 6.707916236632460727e-02 7.705514683699826728e-01
1.128944838972745401e+01 6.723667346364617381e-02 7.691602644530209920e-01
1.126901024264609141e+01 6.739418456096774035e-02 7.677677951249060051e-01
1.124855148027285523e+01 6.755169565828932077e-02 7.663739212584292915e-01
1.122806993941884812e+01 6.770920675561088731e-02 7.649784954735866505e-01
1.120756336273747600e+01 6.786671785293246772e-02 7.635813639753266102e-01
1.118702954380341374e+01 6.802422895025403426e-02 7.621823764379084265e-01
1.116646633123950494e+01 6.818174004757560080e-02 7.607813862860733911e-01
1.114587162792463282e+01 6.833925114489718122e-02 7.593782506410748923e-01
1.112524339021660680e+01 6.849676224221874776e-02 7.579728302677338769e-01
1.110457962719072533e+01 6.865427333954032818e-02 7.565649895225612376e-01
1.108387839989307189e+01 6.881178443686189472e-02 7.551545963028843955e-01
1.106313782060797735e+01 6.896929553418346126e-02 7.537415219969376690e-01
1.104235605213952987e+01 6.912680663150504168e-02 7.523256414349132060e-01
1.102153130710630791e+01 6.928431772882660822e-02 7.509068328409085336e-01
1.100066184724925122e+01 6.944182882614817476e-02 7.494849777857712780e-01
1.097974598275190239e+01 6.959933992346975518e-02 7.480599611407875438e-01
1.095878207157313255e+01 6.975685102079132172e-02 7.466316710322198347e-01
1.093776851879145440e+01 6.991436211811290213e-02 7.451999987966339001e-01
1.091670377596086006e+01 7.007187321543446867e-02 7.437648389370119517e-01
1.089558634047751795e+01 7.022938431275603521e-02 7.423260890796039568e-01
1.087441475495762688e+01 7.038689541007761563e-02 7.408836499315414326e-01
1.085318760662535631e+01 7.054440650739918217e-02 7.394374252391384683e-01
1.083190352671073420e+01 7.070191760472076259e-02 7.379873217468663205e-01
1.081056118985765480e+01 7.085942870204232913e-02 7.365332491570223405e-01
1.078915931798224292e+01 7.101693979936389567e-02 7.350751203926039201e-01
1.076769673450453091e+01 7.117445089668547609e-02 7.336128552921599155e-01
1.074617234541316613e+01 7.133196199400704263e-02 7.321463793197138248e-01
1.072458509651099767e+01 7.148947309132862304e-02 7.306756206518667529e-01
1.070293397196253160e+01 7.164698418865018958e-02 7.292005100788332417e-01
1.068121799377941628e+01 7.180449528597175612e-02 7.277209809693880871e-01
1.065943622131315394e+01 7.196200638329333654e-02 7.262369692363036533e-01
1.063758775075524987e+01 7.211951748061490308e-02 7.247484133022951136e-01
1.061567171464390746e+01 7.227702857793646962e-02 7.232552540664110019e-01
1.059368728137769011e+01 7.243453967525805004e-02 7.217574348708970522e-01
1.057163365473549277e+01 7.259205077257961658e-02 7.202549014684948014e-01
1.054951007340294922e+01 7.274956186990119700e-02 7.187476019901719582e-01
1.052731581050501219e+01 7.290707296722276354e-02 7.172354869132787636e-01
1.050505017314424805e+01 7.306458406454433008e-02 7.157185090300899333e-01
1.048271250194522253e+01 7.322209516186591050e-02 7.141966234167642646e-01
1.046030217060436129e+01 7.337960625918747704e-02 7.126697874026769464e-01
1.043781858544533847e+01 7.353711735650905745e-02 7.111379605401262349e-01
1.041526118497963793e+01 7.369462845383062399e-02 7.096011045743944035e-01
1.039262943947250406e+01 7.385213955115219053e-02 7.080591834141772845e-01
1.036992285051376861e+01 7.400965064847377095e-02 7.065121631023418836e-01
1.034714095059357319e+01 7.416716174579533749e-02 7.049600117870213900e-01
1.032428330268289152e+01 7.432467284311691791e-02 7.034026996930352604e-01
1.030134949981879977e+01 7.448218394043848445e-02 7.018401990936340429e-01
1.027833918206770036e+01 7.463969503776005099e-02 7.002724854662180087e-01
1.025525230197158599e+01 7.479720613508163141e-02 6.986995555774307975e-01
1.023208906504239835e+01 7.495471723240319795e-02 6.971214234289857536e-01
1.020884970054541263e+01 7.511222832972476449e-02 6.955381046409314649e-01
1.018553445434674565e+01 7.526973942704634490e-02 6.939496159643484541e-01
1.016214358864045586e+01 7.542725052436791144e-02 6.923559752627529429e-01
1.013867738167895283e+01 7.558476162168949186e-02 6.907572014937310989e-01
1.011513612750491831e+01 7.574227271901105840e-02 6.891533146906759777e-01
1.009152013568645856e+01 7.589978381633262494e-02 6.875443359447404035e-01
1.006782973105400814e+01 7.605729491365420536e-02 6.859302873869139727e-01
1.004406525343993728e+01 7.621480601097577190e-02 6.843111921702814682e-01
1.002022705742026432e+01 7.637231710829735232e-02 6.826870744524258239e-01
9.996315512058798092e+00 7.652982820561891886e-02 6.810579593779957364e-01
9.972331000653369415e+00 7.668733930294048540e-02 6.794238730614170496e-01
9.948273920484393074e+00 7.684485040026206581e-02 6.777848425697612367e-01
9.924144682565540165e+00 7.700236149758363235e-02 6.761408959057590984e-01
9.899943711396675283e+00 7.715987259490521277e-02 6.744920619909681170e-01
9.875671444718728154e+00 7.731738369222677931e-02 6.728383706490712601e-01
9.851328333270961579e+00 7.747489478954834585e-02 6.711798525893395428e-01
9.826914840550093899e+00 7.763240588686992627e-02 6.695165393902208217e-01
9.802431442571526432e+00 7.778991698419149281e-02 6.678484634830719191e-01
9.777878627632665243e+00 7.794742808151305935e-02 6.661756581360344098e-01
9.753256896078342564e+00 7.810493917883463977e-02 6.644981574380515177e-01
9.728566760067991481e+00 7.826245027615620631e-02 6.628159962830045826e-01
9.703808749541888545e+00 7.841996137347778673e-02 6.611292107762020143e-01
9.678983743271421858e+00 7.857747247079935327e-02 6.594378607891278055e-01
9.654093126308129769e+00 7.873498356812091981e-02 6.577420406865882585e-01
9.629138316853801172e+00 7.889249466544250022e-02 6.560418470919452405e-01
9.604120724283378152e+00 7.905000576276406676e-02 6.543373760271805617e-01
9.579041749124705518e+00 7.920751686008564718e-02 6.526287229115147470e-01
9.553902783039319502e+00 7.936502795740721372e-02 6.509159825600991933e-01
9.528705208804774784e+00 7.952253905472878026e-02 6.491992491828111334e-01
9.503450400297785094e+00 7.968005015205036068e-02 6.474786163831054431e-01
9.478139722478983842e+00 7.983756124937192722e-02 6.457541771569775824e-01
9.452774531378496548e+00 7.999507234669350764e-02 6.440260238919776059e-01
9.427356174082889950e+00 8.015258344401507418e-02 6.422942483663253155e-01
9.401885988723188703e+00 8.031009454133664072e-02 6.405589417480882508e-01
9.376365304464096440e+00 8.046760563865822113e-02 6.388201945944538274e-01
9.350795441494099691e+00 8.062511673597978767e-02 6.370780968510487696e-01
9.325177711017023086e+00 8.078262783330135421e-02 6.353327378513685675e-01
9.299513415244385683e+00 8.094013893062293463e-02 6.335842063162544502e-01
9.273803847388919053e+00 8.109765002794450117e-02 6.318325903534520727e-01
9.248050291659088984e+00 8.125516112526608159e-02 6.300779774572377034e-01
9.222254023254741639e+00 8.141267222258764813e-02 6.283204545081231274e-01
9.196416308363700054e+00 8.157018331990921467e-02 6.265601077726229429e-01
9.170538404159387369e+00 8.172769441723079509e-02 6.247970229030919143e-01
9.144621558799268968e+00 8.188520551455236163e-02 6.230312849376203888e-01
9.118667011424722801e+00 8.204271661187394205e-02 6.212629783000229722e-01
9.092675992161195708e+00 8.220022770919550859e-02 6.194921867998529619e-01
9.066649722120002863e+00 8.235773880651707513e-02 6.177189936325210295e-01
9.040589534950902006e+00 8.251524990383865554e-02 6.159434896607842713e-01
9.014497458536000707e+00 8.267276100116022208e-02 6.141658130460722065e-01
8.988375746959730961e+00 8.283027209848178862e-02 6.123861173611837572e-01
8.962226621048968056e+00 8.298778319580336904e-02 6.106045539130496858e-01
8.936052268302391965e+00 8.314529429312493558e-02 6.088212717379203331e-01
8.909854843178885986e+00 8.330280539044651600e-02 6.070364176210159002e-01
8.883636467387148627e+00 8.346031648776808254e-02 6.052501361162569982e-01
8.857399230176120852e+00 8.361782758508964908e-02 6.034625695660512656e-01
8.831145188626598141e+00 8.377533868241122950e-02 6.016738581211620307e-01
8.804876367943613502e+00 8.393284977973279604e-02 5.998841397606283765e-01
8.778594761749307196e+00 8.409036087705437645e-02 5.980935503117180696e-01
8.752302332376634908e+00 8.424787197437594299e-02 5.963022234699392188e-01
8.726001011163386778e+00 8.440538307169750953e-02 5.945102908190709190e-01
8.699692698746487096e+00 8.456289416901908995e-02 5.927178818512145453e-01
8.673379265356853551e+00 8.472040526634065649e-02 5.909251239868841266e-01
8.647062551114014894e+00 8.487791636366223691e-02 5.891321425950761803e-01
8.620744366321199337e+00 8.503542746098380345e-02 5.873390610133767398e-01
8.594426491759978859e+00 8.519293855830536999e-02 5.855460005680350744e-01
8.568110678985185302e+00 8.535044965562695041e-02 5.837530805940549516e-01
8.541798650619330857e+00 8.550796075294851695e-02 5.819604184552572557e-01
8.515492100646753215e+00 8.566547185027008349e-02 5.801681295643170699e-01
8.489192694707652365e+00 8.582298294759166390e-02 5.783763274027974299e-01
8.462902070391359999e+00 8.598049404491323044e-02 5.765851235411318942e-01
8.436621837529163059e+00 8.613800514223481086e-02 5.747946276585724767e-01
8.410353578486654769e+00 8.629551623955637740e-02 5.730049475631090461e-01
8.384098848455167285e+00 8.645302733687794394e-02 5.712161892113247763e-01
8.357859175918065375e+00 8.661053843419952436e-02 5.694284567401649566e-01
8.331636297432682525e+00 8.676804953152109090e-02 5.676418684628415923e-01
8.305432612044581830e+00 8.692556062884267132e-02 5.658565878284844697e-01
8.279250598906649827e+00 8.708307172616423786e-02 5.640727837440077108e-01
8.253092687039556452e+00 8.724058282348580440e-02 5.622906217007728191e-01
8.226961255947719209e+00 8.739809392080738482e-02 5.605102638165537776e-01
8.200858636234876542e+00 8.755560501812895136e-02 5.587318688774782771e-01
8.174787110218440844e+00 8.771311611545053177e-02 5.569555923798822361e-01
8.148748912542851386e+00 8.787062721277209831e-02 5.551815865720995946e-01
8.122746230791465294e+00 8.802813831009366485e-02 5.534100004961509667e-01
8.096781206096837380e+00 8.818564940741524527e-02 5.516409800293209376e-01
8.070855933749356836e+00 8.834316050473681181e-02 5.498746679256272252e-01
8.044972463803540919e+00 8.850067160205837835e-02 5.481112038571256395e-01
8.019132801682529177e+00 8.865818269937995877e-02 5.463507244550974695e-01
7.993338908779876739e+00 8.881569379670152531e-02 5.445933633510484650e-01
7.967592703058960169e+00 8.897320489402310573e-02 5.428392512175467255e-01
7.941896059649589112e+00 8.913071599134467227e-02 5.410885158088714064e-01
7.916250811441772228e+00 8.928822708866623881e-02 5.393412820014663600e-01
7.890658749676456196e+00 8.944573818598781922e-02 5.375976718341863858e-01
7.865121624532977584e+00 8.960324928330938576e-02 5.358578045483234353e-01
7.839641145713391879e+00 8.976076038063096618e-02 5.341217966274142137e-01
7.814218983023188514e+00 8.991827147795253272e-02 5.323897618368076401e-01
7.788856766948383914e+00 9.007578257527409926e-02 5.306618112629813977e-01
7.763556089229210144e+00 9.023329367259567968e-02 5.289380533526277794e-01
7.738318503429591821e+00 9.039080476991724622e-02 5.272185939514535402e-01
7.713145525503055211e+00 9.054831586723882664e-02 5.255035363427342787e-01
7.688038634354391831e+00 9.070582696456039318e-02 5.237929812855829370e-01
7.662999272397310158e+00 9.086333806188195972e-02 5.220870270529411883e-01
7.638028846107841829e+00 9.102084915920354014e-02 5.203857694692856084e-01
7.613128839187604413e+00 9.117836025652510668e-02 5.186893096205404952e-01
7.588301213180224103e+00 9.133587135384667322e-02 5.169977811484364194e-01
7.563548028010456115e+00 9.149338245116825363e-02 5.153113243974971613e-01
7.538871292023132220e+00 9.165089354848982017e-02 5.136300761980618912e-01
7.514272962787740262e+00 9.180840464581140059e-02 5.119541699210987673e-01
7.489754947911121619e+00 9.196591574313296713e-02 5.102837355335759773e-01
7.465319105844955061e+00 9.212342684045453367e-02 5.086188996534769524e-01
7.440967246687241854e+00 9.228093793777611409e-02 5.069597856044051332e-01
7.416701132978585242e+00 9.243844903509768063e-02 5.053065134698355720e-01
7.392522480491958703e+00 9.259596013241926105e-02 5.036592001469230029e-01
7.368432959016785411e+00 9.275347122974082759e-02 5.020179593999215539e-01
7.344434193136408773e+00 9.291098232706239413e-02 5.003829019131540434e-01
7.320527762999379462e+00 9.306849342438397454e-02 4.987541353435617220e-01
7.296715205084193023e+00 9.322600452170554108e-02 4.971317643728053737e-01
7.272998012957102354e+00 9.338351561902712150e-02 4.955158907588957939e-01
7.249377638023440262e+00 9.354102671634868804e-02 4.939066133873826203e-01
7.225855490271847259e+00 9.369853781367025458e-02 4.923040283220588287e-01
7.202432939011558233e+00 9.385604891099183500e-02 4.907082288551938842e-01
7.179111313602532185e+00 9.401356000831340154e-02 4.891193055572757298e-01
7.155891904178528051e+00 9.417107110563496808e-02 4.875373463262774321e-01
7.132775962362654987e+00 9.432858220295654850e-02 4.859624364364057425e-01
7.109764701975959333e+00 9.448609330027811504e-02 4.843946585863794230e-01
7.086859299738296869e+00 9.464360439759969545e-02 4.828340929471799381e-01
7.064060895961797648e+00 9.480111549492126199e-02 4.812808172092977732e-01
7.041370595236971397e+00 9.495862659224282853e-02 4.797349066294764874e-01
7.018789467111071545e+00 9.511613768956440895e-02 4.781964340769319088e-01
6.996318546759026091e+00 9.527364878688597549e-02 4.766654700790622368e-01
6.973958835646571153e+00 9.543115988420755591e-02 4.751420828666277352e-01
6.951711302185888286e+00 9.558867098152912245e-02 4.736263384184208891e-01
6.929576884599041087e+00 9.574618207885068899e-02 4.721183006563540729e-01
6.907556594961882013e+00 9.590369317617226941e-02 4.706180385340646977e-01
6.885651561071938431e+00 9.606120427349383595e-02 4.691256288894116167e-01
6.863862885796823576e+00 9.621871537081541637e-02 4.676411468617566736e-01
6.842191636233809326e+00 9.637622646813698291e-02 4.661646651533961072e-01
6.820638844430015446e+00 9.653373756545854945e-02 4.646962540786271356e-01
6.799205508094380512e+00 9.669124866278012986e-02 4.632359816122568197e-01
6.777892591300968661e+00 9.684875976010169640e-02 4.617839134375175125e-01
6.756701025183887488e+00 9.700627085742326294e-02 4.603401129934127090e-01
6.735631708623539993e+00 9.716378195474484336e-02 4.589046415214718122e-01
6.714685508924509882e+00 9.732129305206640990e-02 4.574775581119359114e-01
6.693863262484728516e+00 9.747880414938799032e-02 4.560589197493475355e-01
6.673165775456268101e+00 9.763631524670955686e-02 4.546487813575720294e-01
6.652593824397446731e+00 9.779382634403112340e-02 4.532471958442253479e-01
6.632148156916557014e+00 9.795133744135270382e-02 4.518542141445323623e-01
6.611829492306961598e+00 9.810884853867427036e-02 4.504698852645960261e-01
6.591638522173729697e+00 9.826635963599585077e-02 4.490942563240917229e-01
6.571575911051979801e+00 9.842387073331741731e-02 4.477273725983938468e-01
6.551642297016383232e+00 9.858138183063898385e-02 4.463692775601036389e-01
6.531838292282788672e+00 9.873889292796056427e-02 4.450200129200365673e-01
6.512164483800983561e+00 9.889640402528213081e-02 4.436796186676095211e-01
6.492621433839447675e+00 9.905391512260371123e-02 4.423481331106789427e-01
6.473209680561723189e+00 9.921142621992527777e-02 4.410255929148111376e-01
6.453929738594389676e+00 9.936893731724684431e-02 4.397120331419769879e-01
6.434782099587083692e+00 9.952644841456842473e-02 4.384074872887082086e-01
6.415767232764189032e+00 9.968395951188999127e-02 4.371119873236838926e-01
6.396885585468463198e+00 9.984147060921155781e-02 4.358255637247678282e-01
6.378137583696642743e+00 9.999898170653313823e-02 4.345482455155008084e-01
6.359523632627090528e+00 1.001564928038547048e-01 4.332800603010488749e-01
6.341044117139400527e+00 1.003140039011762852e-01 4.320210343036041678e-01
6.322699402326239948e+00 1.004715149984978517e-01 4.307711923972586399e-01
6.304489832996725163e+00 1.006290260958194183e-01 4.295305580741671236e-01
6.286415630066364280e+00 1.007865371931409987e-01 4.282991463855019831e-01
6.268476802959231264e+00 1.009440482904625652e-01 4.270769579733335042e-01
6.250673328181842514e+00 1.011015593877841456e-01 4.258639912370295599e-01
6.233005171403728006e+00 1.012590704851057122e-01 4.246602438376243516e-01
6.215472287785508421e+00 1.014165815824272787e-01 4.234657127201712501e-01
6.198074622301415815e+00 1.015740926797488591e-01 4.222803941357141655e-01
6.180812110056113973e+00 1.017316037770704257e-01 4.211042836628766106e-01
6.163684676595664769e+00 1.018891148743920061e-01 4.199373762290442569e-01
6.146692238213146808e+00 1.020466259717135726e-01 4.187796661311892765e-01
6.129834702248741607e+00 1.022041370690351392e-01 4.176311470563152106e-01
6.113111967384332601e+00 1.023616481663567196e-01 4.164918121015275809e-01
6.096523923932949174e+00 1.025191592636782861e-01 4.153616537937546704e-01
6.080070454122700419e+00 1.026766703609998527e-01 4.142406641090916053e-01
6.063751432375811490e+00 1.028341814583214331e-01 4.131288344918117583e-01
6.047566725582393055e+00 1.029916925556429996e-01 4.120261558730184959e-01
6.031516193369142798e+00 1.031492036529645800e-01 4.109326186889531995e-01
6.015599688363264974e+00 1.033067147502861466e-01 4.098482128989741069e-01
5.999817056451329123e+00 1.034642258476077131e-01 4.087729280031954238e-01
5.984168137033457846e+00 1.036217369449292935e-01 4.077067530598024181e-01
5.968652763272723760e+00 1.037792480422508601e-01 4.066496767020458813e-01
5.953270762339795574e+00 1.039367591395724405e-01 4.056016871549080194e-01
5.938021955653229433e+00 1.040942702368940070e-01 4.045627722514743008e-01
5.922906159114971203e+00 1.042517813342155736e-01 4.035329194489792881e-01
5.907923183341617701e+00 1.044092924315371540e-01 4.025121158445610359e-01
5.893072833891124240e+00 1.045668035288587205e-01 4.015003481907088445e-01
5.878354911485439871e+00 1.047243146261803010e-01 4.004976029104295177e-01
5.863769212228676864e+00 1.048818257235018675e-01 3.995038661121134704e-01
5.849315527821151051e+00 1.050393368208234340e-01 3.985191236041153995e-01
5.834993645769445791e+00 1.051968479181450145e-01 3.975433609090684439e-01
5.820803349592375220e+00 1.053543590154665810e-01 3.965765632779145733e-01
5.806744419022904502e+00 1.055118701127881475e-01 3.956187157036627489e-01
5.792816630206236717e+00 1.056693812101097280e-01 3.946698029348847947e-01
5.779019732078226390e+00 1.058268923074312945e-01 3.937298078663543643e-01
5.765353070086788989e+00 1.059844034047528749e-01 3.927986859028500533e-01
5.751815662101591897e+00 1.061419145020744415e-01 3.918763701309495029e-01
5.738406526688705434e+00 1.062994255993960080e-01 3.909627936846771235e-01
5.725124693267679810e+00 1.064569366967175884e-01 3.900578904375147649e-01
5.711969201986279110e+00 1.066144477940391549e-01 3.891615949938666552e-01
5.698939103596861955e+00 1.067719588913607354e-01 3.882738426806384702e-01
5.686033459334174367e+00 1.069294699886823019e-01 3.873945695389091060e-01
5.673251340795149922e+00 1.070869810860038684e-01 3.865237123157439503e-01
5.660591829819979992e+00 1.072444921833254489e-01 3.856612084560895881e-01
5.648054018374857321e+00 1.074020032806470154e-01 3.848069960947869683e-01
5.635637008436359174e+00 1.075595143779685958e-01 3.839610140486933720e-01
5.623339911877265784e+00 1.077170254752901624e-01 3.831232018089029134e-01
5.611161850353882485e+00 1.078745365726117289e-01 3.822934995330703467e-01
5.599101955194885072e+00 1.080320476699333093e-01 3.814718480378378462e-01
5.587159367291647527e+00 1.081895587672548759e-01 3.806581887913625950e-01
5.575333236989989061e+00 1.083470698645764424e-01 3.798524639059414620e-01
5.563622723983298712e+00 1.085045809618980228e-01 3.790546161307302153e-01
5.552026997207152981e+00 1.086620920592195894e-01 3.782645888445627103e-01
5.540545234735247071e+00 1.088196031565411698e-01 3.774823260488609500e-01
5.529176623676768543e+00 1.089771142538627363e-01 3.767077723606435669e-01
5.517920360074993091e+00 1.091346253511843029e-01 3.759408730056164050e-01
5.506775648807380463e+00 1.092921364485058833e-01 3.751815738113661869e-01
5.495741703486759278e+00 1.094496475458274498e-01 3.744298212006283433e-01
5.484817746364033297e+00 1.096071586431490302e-01 3.736855621846575937e-01
5.474003008231987266e+00 1.097646697404705968e-01 3.729487443566755767e-01
5.463296728330463203e+00 1.099221808377921633e-01 3.722193158854087969e-01
5.452698154252603402e+00 1.100796919351137437e-01 3.714972255087019004e-01
5.442206541852588231e+00 1.102372030324353103e-01 3.707824225272313146e-01
5.431821155154322511e+00 1.103947141297568907e-01 3.700748567982845572e-01
5.421541266261374226e+00 1.105522252270784572e-01 3.693744787296233123e-01
5.411366155268226841e+00 1.107097363244000238e-01 3.686812392734379884e-01
5.401295110172477543e+00 1.108672474217216042e-01 3.679950899203646708e-01
5.391327426788241617e+00 1.110247585190431707e-01 3.673159826935866734e-01
5.381462407471091502e+00 1.111822696163647373e-01 3.666438700619616409e-01
5.371699116784274253e+00 1.113397807136863177e-01 3.659786882933434571e-01
5.362036088007422485e+00 1.114972918110078842e-01 3.653203374587548624e-01
5.352471801423462239e+00 1.116548029083294646e-01 3.646687140185062015e-01
5.343004757823970330e+00 1.118123140056510312e-01 3.640237158301803388e-01
5.333633478153945617e+00 1.119698251029725977e-01 3.633852421244307407e-01
5.324356503163929943e+00 1.121273362002941781e-01 3.627531934812799896e-01
5.315172393069387269e+00 1.122848472976157447e-01 3.621274718069146803e-01
5.306079727217292152e+00 1.124423583949373251e-01 3.615079803109665368e-01
5.297077103759576744e+00 1.125998694922588916e-01 3.608946234842673739e-01
5.288163139333369678e+00 1.127573805895804582e-01 3.602873070770614139e-01
5.279336468748023314e+00 1.129148916869020386e-01 3.596859380776829540e-01
5.270595744678345795e+00 1.130724027842236051e-01 3.590904246916559739e-01
5.261939637364495326e+00 1.132299138815451855e-01 3.585006763212471026e-01
5.253366834317796830e+00 1.133874249788667521e-01 3.579166035454239836e-01
5.244876040032885101e+00 1.135449360761883186e-01 3.573381181002411311e-01
5.236465975705451470e+00 1.137024471735098990e-01 3.567651328596121441e-01
5.228135378956131341e+00 1.138599582708314656e-01 3.561975618164965329e-01
5.219883003559747436e+00 1.140174693681530321e-01 3.556353200644528090e-01
5.211707619180293349e+00 1.141749804654746125e-01 3.550783237795830938e-01
5.203608011111260367e+00 1.143324915627961791e-01 3.545264902028414933e-01
5.195582980021216102e+00 1.144900026601177595e-01 3.539797376226994641e-01
5.187631341704645571e+00 1.146475137574393260e-01 3.534379853581715025e-01
5.179751926837755427e+00 1.148050248547608926e-01 3.529011537421762323e-01
5.171943580739368329e+00 1.149625359520824730e-01 3.523691641052475454e-01
5.164205163136449173e+00 1.151200470494040395e-01 3.518419387595588255e-01
5.156535547934584685e+00 1.152775581467256200e-01 3.513194009832855680e-01
5.148933622992970527e+00 1.154350692440471865e-01 3.508014750052755315e-01
5.141398289903957419e+00 1.155925803413687530e-01 3.502880859900283084e-01
5.133928463777013285e+00 1.157500914386903335e-01 3.497791600229769315e-01
5.126523073027025923e+00 1.159076025360119000e-01 3.492746240960646897e-01
5.119181059166921344e+00 1.160651136333334804e-01 3.487744060936162072e-01
5.111901376604279790e+00 1.162226247306550470e-01 3.482784347784800283e-01
5.104682992442165279e+00 1.163801358279766135e-01 3.477866397784598052e-01
5.097524886283844481e+00 1.165376469252981939e-01 3.472989515730088295e-01
5.090426050041346073e+00 1.166951580226197605e-01 3.468153014801878542e-01
5.083385487707634987e+00 1.168526691199413270e-01 3.463356216411425659e-01
5.076402093559641671e+00 1.170101802172629074e-01 3.458598367219662961e-01
5.069474386673431532e+00 1.171676913145844739e-01 3.453878458259807549e-01
5.062600827121748637e+00 1.173252024119060544e-01 3.449195440365578902e-01
5.055779894162287569e+00 1.174827135092276209e-01 3.444548277441579764e-01
5.049010085941455728e+00 1.176402246065491874e-01 3.439935946261458155e-01
5.042289919205565241e+00 1.177977357038707679e-01 3.435357436271148091e-01
5.035617929019219119e+00 1.179552468011923344e-01 3.430811749396996957e-01
5.028992668490719353e+00 1.181127578985139148e-01 3.426297899858689600e-01
5.022412708504425893e+00 1.182702689958354814e-01 3.421814913986898077e-01
5.015876637459688148e+00 1.184277800931570479e-01 3.417361830045411164e-01
5.009383061016426275e+00 1.185852911904786283e-01 3.412937698057801339e-01
5.002930601847058512e+00 1.187428022878001949e-01 3.408541579638412755e-01
4.996517899394621764e+00 1.189003133851217753e-01 3.404172547827554185e-01
4.990143609636947808e+00 1.190578244824433418e-01 3.399829686930849748e-01
4.983806404856879091e+00 1.192153355797649084e-01 3.395512092362664158e-01
4.977504973418080070e+00 1.193728466770864888e-01 3.391218870493372672e-01
4.971238019546678544e+00 1.195303577744080553e-01 3.386949138500595091e-01
4.965004263118271588e+00 1.196878688717296219e-01 3.382702024224071291e-01
4.958802439450294308e+00 1.198453799690512023e-01 3.378476666024204378e-01
4.952631299099738982e+00 1.200028910663727688e-01 3.374272212644242597e-01
4.946489607665854216e+00 1.201604021636943492e-01 3.370087823075861300e-01
4.940376145597890734e+00 1.203179132610159158e-01 3.365922666428175503e-01
4.934289708007686848e+00 1.204754243583374823e-01 3.361775921800050915e-01
4.928229104487056311e+00 1.206329354556590627e-01 3.357646778155694012e-01
4.922193158929609957e+00 1.207904465529806293e-01 3.353534434203253589e-01
4.916180709357356626e+00 1.209479576503022097e-01 3.349438098276679154e-01
4.910190607751484748e+00 1.211054687476237762e-01 3.345356988220438699e-01
4.904221719887579489e+00 1.212629798449453428e-01 3.341290331277243508e-01
4.898272925174861570e+00 1.214204909422669232e-01 3.337237363978527993e-01
4.892343116499725753e+00 1.215780020395884897e-01 3.333197332037841076e-01
4.886431200073023895e+00 1.217355131369100563e-01 3.329169490246807195e-01
4.880536095281482467e+00 1.218930242342316367e-01 3.325153102373891723e-01
4.874656734542619496e+00 1.220505353315532032e-01 3.321147441065556150e-01
4.868792063163599693e+00 1.222080464288747836e-01 3.317151787750092229e-01
4.862941039203561466e+00 1.223655575261963502e-01 3.313165432543829780e-01
4.857102633339480668e+00 1.225230686235179167e-01 3.309187674159738135e-01
4.851275828735420959e+00 1.226805797208394971e-01 3.305217819818357938e-01
4.845459620896408026e+00 1.228380908181610637e-01 3.301255185148235238e-01
4.839652990545858735e+00 1.229956019154826441e-01 3.297299075707074145e-01
4.833854850138416204e+00 1.231531130128042106e-01 3.293348750540450731e-01
4.828064110452443991e+00 1.233106241101257772e-01 3.289403467551874072e-01
4.822279695660887988e+00 1.234681352074473576e-01 3.285462493770703873e-01
4.816500543205757268e+00 1.236256463047689241e-01 3.281525105266630549e-01
4.810725603675948037e+00 1.237831574020905046e-01 3.277590587066442351e-01
4.804953840688640732e+00 1.239406684994120711e-01 3.273658233073205581e-01
4.799184230773807514e+00 1.240981795967336376e-01 3.269727345987595846e-01
4.793415763262004248e+00 1.242556906940552180e-01 3.265797237231436445e-01
4.787647440175246238e+00 1.244132017913767846e-01 3.261867226873360059e-01
4.781878276120881566e+00 1.245707128886983511e-01 3.257936643556494372e-01
4.776107298188478900e+00 1.247282239860199315e-01 3.254004824428219922e-01
4.770333545849487322e+00 1.248857350833414981e-01 3.250071115071804240e-01
4.764556070859774728e+00 1.250432461806630924e-01 3.246134869439996629e-01
4.758773937164718859e+00 1.252007572779846589e-01 3.242195449790370443e-01
4.752986220807152939e+00 1.253582683753062255e-01 3.238252226622606034e-01
4.747192009837599258e+00 1.255157794726277920e-01 3.234304578617331338e-01
4.741390404227177058e+00 1.256732905699493585e-01 3.230351892576774908e-01
4.735580515782814359e+00 1.258308016672709251e-01 3.226393563367019879e-01
4.729761468064898722e+00 1.259883127645924916e-01 3.222428993861878865e-01
4.723932396307031212e+00 1.261458238619140859e-01 3.218457594888234352e-01
4.718092447338150919e+00 1.263033349592356525e-01 3.214478785172976694e-01
4.712240779506677413e+00 1.264608460565572190e-01 3.210491991291317682e-01
4.706376562606777725e+00 1.266183571538787855e-01 3.206496647616562390e-01
4.700498977806632617e+00 1.267758682512003521e-01 3.202492196271235492e-01
4.694607217578601777e+00 1.269333793485219464e-01 3.198478087079497101e-01
4.688700485631364323e+00 1.270908904458435129e-01 3.194453777520915305e-01
4.682777996843774382e+00 1.272484015431650795e-01 3.190418732685396108e-01
4.676838977200504566e+00 1.274059126404866460e-01 3.186372425229341832e-01
4.670882663729543083e+00 1.275634237378082125e-01 3.182314335333065181e-01
4.664908304441080844e+00 1.277209348351298068e-01 3.178243950659147554e-01
4.658915158268196244e+00 1.278784459324513734e-01 3.174160766312041915e-01
4.652902495009035633e+00 1.280359570297729399e-01 3.170064284798657095e-01
4.646869595270417541e+00 1.281934681270945064e-01 3.165954015989955184e-01
4.640815750412917495e+00 1.283509792244160730e-01 3.161829477083529238e-01
4.634740262497412111e+00 1.285084903217376673e-01 3.157690192567179643e-01
4.628642444232788478e+00 1.286660014190592338e-01 3.153535694183298155e-01
4.622521618925086173e+00 1.288235125163808004e-01 3.149365520894205073e-01
4.616377120427806346e+00 1.289810236137023669e-01 3.145179218848305758e-01
4.610208293366516052e+00 1.291385347110239334e-01 3.140976341533109339e-01
4.604014573421451040e+00 1.292960458083455277e-01 3.136756504472488771e-01
4.597795597695136571e+00 1.294535569056670943e-01 3.132519460421131496e-01
4.591551038182384303e+00 1.296110680029886608e-01 3.128264985906158424e-01
4.585280573384140190e+00 1.297685791003102274e-01 3.123992861887371353e-01
4.578983888276701997e+00 1.299260901976317939e-01 3.119702873736293625e-01
4.572660674281312509e+00 1.300836012949533882e-01 3.115394811215440596e-01
4.566310629234038743e+00 1.302411123922749547e-01 3.111068468457815483e-01
4.559933457355865194e+00 1.303986234895965213e-01 3.106723643946510682e-01
4.553528869223117503e+00 1.305561345869180878e-01 3.102360140494580532e-01
4.547096581738055754e+00 1.307136456842396544e-01 3.097977765224987357e-01
4.540636318099725344e+00 1.308711567815612486e-01 3.093576329550757897e-01
4.534147807775075201e+00 1.310286678788828152e-01 3.089155649155286287e-01
4.527630786470139057e+00 1.311861789762043817e-01 3.084715543972723073e-01
4.521084996101574660e+00 1.313436900735259483e-01 3.080255838168567406e-01
4.514510184768258938e+00 1.315012011708475148e-01 3.075776360120318631e-01
4.507906106723046591e+00 1.316587122681690813e-01 3.071276942398239451e-01
4.501272522344818228e+00 1.318162233654906756e-01 3.066757421746307832e-01
4.494609198110478765e+00 1.319737344628122422e-01 3.062217639063137820e-01
4.487915906567238267e+00 1.321312455601338087e-01 3.057657439383103526e-01
4.481192426304870580e+00 1.322887566574553753e-01 3.053076671857427038e-01
4.474438541928262403e+00 1.324462677547769418e-01 3.048475189735481150e-01
4.467654044029893967e+00 1.326037788520985361e-01 3.043852850346039918e-01
4.460838729162479588e+00 1.327612899494201026e-01 3.039209515078640234e-01
4.453992399811711245e+00 1.329188010467416692e-01 3.034545049365007796e-01
4.447114864368951537e+00 1.330763121440632357e-01 3.029859322660459209e-01
4.440205937104190426e+00 1.332338232413848023e-01 3.025152208425466172e-01
4.433265438138830561e+00 1.333913343387063966e-01 3.020423584107125303e-01
4.426293193418655569e+00 1.335488454360279631e-01 3.015673331120733436e-01
4.419289034686767259e+00 1.337063565333495296e-01 3.010901334831356246e-01
4.412252799456588548e+00 1.338638676306710962e-01 3.006107484535426311e-01
4.405184330984861063e+00 1.340213787279926627e-01 3.001291673442353924e-01
4.398083478244571687e+00 1.341788898253142570e-01 2.996453798656077416e-01
4.390950095898096706e+00 1.343364009226358236e-01 2.991593761156768339e-01
4.383784044270019109e+00 1.344939120199573901e-01 2.986711465782307950e-01
4.376585189320221225e+00 1.346514231172789566e-01 2.981806821209963543e-01
4.369353402616781956e+00 1.348089342146005232e-01 2.976879739937909330e-01
4.362088561308942403e+00 1.349664453119221175e-01 2.971930138266819510e-01
4.354790548099930270e+00 1.351239564092436840e-01 2.966957936281349739e-01
4.347459251219849996e+00 1.352814675065652505e-01 2.961963057831666912e-01
4.340094564398380150e+00 1.354389786038868171e-01 2.956945430514844597e-01
4.332696386837638691e+00 1.355964897012083836e-01 2.951904985656378932e-01
4.325264624018126725e+00 1.357540007985299779e-01 2.946841658859287727e-01
4.317799341869646312e+00 1.359115118958515445e-01 2.941755495042138180e-01
4.310300944507467591e+00 1.360690229931731110e-01 2.936646769532293977e-01
4.302769878283283056e+00 1.362265340904946775e-01 2.931515786433175341e-01
4.295206587468717530e+00 1.363840451878162441e-01 2.926362848431033337e-01
4.287611514244651367e+00 1.365415562851378384e-01 2.921188256787671245e-01
4.279985098690665346e+00 1.366990673824594049e-01 2.915992311333269194e-01
4.272327778774963392e+00 1.368565784797809715e-01 2.910775310459495224e-01
4.264639990344539555e+00 1.370140895771025380e-01 2.905537551112825634e-01
4.256922167115758882e+00 1.371716006744241045e-01 2.900279328788117339e-01
4.249174740665248251e+00 1.373291117717456711e-01 2.895000937522405615e-01
4.241398140421049234e+00 1.374866228690672654e-01 2.889702669888872255e-01
4.233592793654167075e+00 1.376441339663888319e-01 2.884384816991094613e-01
4.225759125470438526e+00 1.378016450637103985e-01 2.879047668457497822e-01
4.217897558802610192e+00 1.379591561610319650e-01 2.873691512435965212e-01
4.210008514402906243e+00 1.381166672583535315e-01 2.868316635588767927e-01
4.202092410835734704e+00 1.382741783556751258e-01 2.862923323087598337e-01
4.194149664470770311e+00 1.384316894529966924e-01 2.857511858608857147e-01
4.186180689476369565e+00 1.385892005503182589e-01 2.852082524329168645e-01
4.178185897813188276e+00 1.387467116476398254e-01 2.846635600921026965e-01
4.170165699228208567e+00 1.389042227449613920e-01 2.841171367548739335e-01
4.162120501248944393e+00 1.390617338422829863e-01 2.835690101864457580e-01
4.154050709177997902e+00 1.392192449396045528e-01 2.830192080004489963e-01
4.145956726087891120e+00 1.393767560369261194e-01 2.824677576585766792e-01
4.137838952816159654e+00 1.395342671342476859e-01 2.819146864702504196e-01
4.129697787960711963e+00 1.396917782315692524e-01 2.813600215923037218e-01
4.121533627875503925e+00 1.398492893288908467e-01 2.808037900286883271e-01
4.113346866666407031e+00 1.400068004262124133e-01 2.802460186301908296e-01
4.105137896187446067e+00 1.401643115235339798e-01 2.796867340941784907e-01
4.096907106037174451e+00 1.403218226208555464e-01 2.791259629643507156e-01
4.088654883555401298e+00 1.404793337181771129e-01 2.785637316305167865e-01
4.080381613820137865e+00 1.406368448154987072e-01 2.780000663283875850e-01
4.072087679644798008e+00 1.407943559128202737e-01 2.774349931393852442e-01
4.063773461575646451e+00 1.409518670101418403e-01 2.768685379904687327e-01
4.055439337889414020e+00 1.411093781074634068e-01 2.763007266539715956e-01
4.047085684591362309e+00 1.412668892047849734e-01 2.757315847474701709e-01
4.038712875413342118e+00 1.414244003021065677e-01 2.751611377336515840e-01
4.030321281812223155e+00 1.415819113994281342e-01 2.745894109202058897e-01
4.021911272968535123e+00 1.417394224967497007e-01 2.740164294597343120e-01
4.013483215785330849e+00 1.418969335940712673e-01 2.734422183496718062e-01
4.005037474887195970e+00 1.420544446913928338e-01 2.728668024322190577e-01
3.996574412619652072e+00 1.422119557887144281e-01 2.722902063943019590e-01
3.988094389048619792e+00 1.423694668860359946e-01 2.717124547675353052e-01
3.979597761960116831e+00 1.425269779833575612e-01 2.711335719282020329e-01
3.971084886938315961e+00 1.426844890806791277e-01 2.705535821025714105e-01
3.962556231057831280e+00 1.428420001780006943e-01 2.699725171128566359e-01
3.954012597631492820e+00 1.429995112753222608e-01 2.693904316894828455e-01
3.945454844123394977e+00 1.431570223726438551e-01 2.688073842522489820e-01
3.936883817875966418e+00 1.433145334699654216e-01 2.682234325313568313e-01
3.928300356152674144e+00 1.434720445672869882e-01 2.676386335703183073e-01
3.919705286182165516e+00 1.436295556646085547e-01 2.670530437289649339e-01
3.911099425203847790e+00 1.437870667619301213e-01 2.664667186865516402e-01
3.902483580514715999e+00 1.439445778592517156e-01 2.658797134449485400e-01
3.893858549517553502e+00 1.441020889565732821e-01 2.652920823319236399e-01
3.885225119770379987e+00 1.442596000538948486e-01 2.647038790045125878e-01
3.876584069036973723e+00 1.444171111512164152e-01 2.641151564524605866e-01
3.867936165338766497e+00 1.445746222485379817e-01 2.635259670017581213e-01
3.859282167007697328e+00 1.447321333458595760e-01 2.629363623182418008e-01
3.850622822740184859e+00 1.448896444431811426e-01 2.623463934112709728e-01
3.841958871652194407e+00 1.450471555405027091e-01 2.617561106374810542e-01
3.833291043335217640e+00 1.452046666378242756e-01 2.611655637045957601e-01
3.824620057913310056e+00 1.453621777351458422e-01 2.605748016753145491e-01
3.815946626100940264e+00 1.455196888324674365e-01 2.599838729712524166e-01
3.807271449261844243e+00 1.456771999297890030e-01 2.593928253769512415e-01
3.798595219468589690e+00 1.458347110271105695e-01 2.588017060439369854e-01
3.789918619563130253e+00 1.459922221244321361e-01 2.582105614948454475e-01
3.781242323217960166e+00 1.461497332217537026e-01 2.576194376275894315e-01
3.772566994998106438e+00 1.463072443190752969e-01 2.570283797195810904e-01
3.763893290423819149e+00 1.464647554163968635e-01 2.564374324320044529e-01
3.755221856033913674e+00 1.466222665137184300e-01 2.558466398141299170e-01
3.746553329449787917e+00 1.467797776110399965e-01 2.552560453076762603e-01
3.737888339440003538e+00 1.469372887083615631e-01 2.546656917512108431e-01
3.729227505985468927e+00 1.470947998056831574e-01 2.540756213845901668e-01
3.720571440345172842e+00 1.472523109030047239e-01 2.534858758534380696e-01
3.711920745122453624e+00 1.474098220003262905e-01 2.528964962136619476e-01
3.703276014331692956e+00 1.475673330976478570e-01 2.523075229359952321e-01
3.694637833465537202e+00 1.477248441949694235e-01 2.517189959105781694e-01
3.686006779562481572e+00 1.478823552922910178e-01 2.511309544515620829e-01
3.677383421274926345e+00 1.480398663896125844e-01 2.505434373017459970e-01
3.668768318937568385e+00 1.481973774869341509e-01 2.499564826372362991e-01
3.660162024636099964e+00 1.483548885842557175e-01 2.493701280721273283e-01
3.651565082276349017e+00 1.485123996815772840e-01 2.487844106632120800e-01
3.642978027653559714e+00 1.486699107788988505e-01 2.481993669147019854e-01
3.634401388522055854e+00 1.488274218762204448e-01 2.476150327829734765e-01
3.625835684665176029e+00 1.489849329735420114e-01 2.470314436813323966e-01
3.617281427965271856e+00 1.491424440708635779e-01 2.464486344847835186e-01
3.608739122474100558e+00 1.492999551681851444e-01 2.458666395348259870e-01
3.600209264483220650e+00 1.494574662655067110e-01 2.452854926442497030e-01
3.591692342594729581e+00 1.496149773628283053e-01 2.447052271019546366e-01
3.583188837791940973e+00 1.497724884601498718e-01 2.441258756777661409e-01
3.574699223510311885e+00 1.499299995574714384e-01 2.435474706272675316e-01
3.566223981521380093e+00 1.500875106547930049e-01 2.429700447739864821e-01
3.557763735478027822e+00 1.502450217521145714e-01 2.423936406079545414e-01
3.549319181379545274e+00 1.504025328494361657e-01 2.418183055482285848e-01
3.540891004949061394e+00 1.505600439467577323e-01 2.412440863137417790e-01
3.532479880868040212e+00 1.507175550440792988e-01 2.406710288711484957e-01
3.524086472887518973e+00 1.508750661414008654e-01 2.400991784424035824e-01
3.515711433939769925e+00 1.510325772387224319e-01 2.395285795123693329e-01
3.507355406250188157e+00 1.511900883360440262e-01 2.389592758364391667e-01
3.499019021449692346e+00 1.513475994333655927e-01 2.383913104481952816e-01
3.490702900687207233e+00 1.515051105306871593e-01 2.378247256670720233e-01
3.482407654742428083e+00 1.516626216280087258e-01 2.372595631060389065e-01
3.474133884138897344e+00 1.518201327253302924e-01 2.366958636793046189e-01
3.465882179257005369e+00 1.519776438226518867e-01 2.361336676100158072e-01
3.457653120447305994e+00 1.521351549199734532e-01 2.355730144379770963e-01
3.449447278143829010e+00 1.522926660172950197e-01 2.350139430273716357e-01
3.441265212977383303e+00 1.524501771146165863e-01 2.344564915744803135e-01
3.433107475888988347e+00 1.526076882119381528e-01 2.339006976154098805e-01
3.424974608243162244e+00 1.527651993092597471e-01 2.333465980338114698e-01
3.416867141941266617e+00 1.529227104065813136e-01 2.327942290686028093e-01
3.408785599534617905e+00 1.530802215039028802e-01 2.322436263216747510e-01
3.400730494337652843e+00 1.532377326012244467e-01 2.316948247656011595e-01
3.392702330540778188e+00 1.533952436985460133e-01 2.311478587513277616e-01
3.384701603323215569e+00 1.535527547958676076e-01 2.306027620158594971e-01
3.376728798965486167e+00 1.537102658931891741e-01 2.300595676899256092e-01
3.368784394961727546e+00 1.538677769905107406e-01 2.295183083056306916e-01
3.360868860131828395e+00 1.540252880878323072e-01 2.289790158040951873e-01
3.352982654733143608e+00 1.541827991851538737e-01 2.284417215430662729e-01
3.345126230572024628e+00 1.543403102824754403e-01 2.279064563045166136e-01
3.337300031114972754e+00 1.544978213797970346e-01 2.273732503022176110e-01
3.329504491599405203e+00 1.546553324771186011e-01 2.268421331892853665e-01
3.321740039144140955e+00 1.548128435744401676e-01 2.263131340657092705e-01
3.314007092859441617e+00 1.549703546717617342e-01 2.257862814858478673e-01
3.306306063956614416e+00 1.551278657690833007e-01 2.252616034658971034e-01
3.298637355857243492e+00 1.552853768664048950e-01 2.247391274913319859e-01
3.291001364301927801e+00 1.554428879637264616e-01 2.242188805243152672e-01
3.283398477458595366e+00 1.556003990610480281e-01 2.237008890110765980e-01
3.275829076030283726e+00 1.557579101583695946e-01 2.231851788892563471e-01
3.268293533362464309e+00 1.559154212556911612e-01 2.226717755952166422e-01
3.260792215549809914e+00 1.560729323530127555e-01 2.221607040713166892e-01
3.253325481542475472e+00 1.562304434503343220e-01 2.216519887731531746e-01
3.245893683251785511e+00 1.563879545476558885e-01 2.211456536767609227e-01
3.238497165655454868e+00 1.565454656449774551e-01 2.206417222857814942e-01
3.231136266902054910e+00 1.567029767422990216e-01 2.201402176385811871e-01
3.223811318415170213e+00 1.568604878396206159e-01 2.196411623153464443e-01
3.216522644996659075e+00 1.570179989369421825e-01 2.191445784451198919e-01
3.209270564929545433e+00 1.571755100342637490e-01 2.186504877128100099e-01
3.202055390080147390e+00 1.573330211315853155e-01 2.181589113661492330e-01
3.194877425999665288e+00 1.574905322289068821e-01 2.176698702226153859e-01
3.187736972025084992e+00 1.576480433262284764e-01 2.171833846763064346e-01
3.180634297949352263e+00 1.578055544235500429e-01 2.166994731084583292e-01
3.173569568127929674e+00 1.579630655208716095e-01 2.162181467167562099e-01
3.166542916270566277e+00 1.581205766181931760e-01 2.157394146109656019e-01
3.166542916270566277e+00 1.581205766181931760e-01 2.157394146109656019e-01
2.466684912066033242e+00 1.826842454521749870e-01 1.696509562430831564e-01
2.096296434920190688e+00 2.073525430377324841e-01 1.117924903422066740e-01
1.664035409959438772e+00 2.322407203492417860e-01 9.622860268864019684e-02
1.448226780611270748e+00 2.568837818198746459e-01 8.999426581274114212e-02
1.223337200526365187e+00 2.811184729179193598e-01 5.783906212774438810e-02
1.073246992546416756e+00 3.057758170190760794e-01 4.371433083042325363e-02
9.363698176886032787e-01 3.308749588216616799e-01 3.745707469650401411e-02
8.171922067870056594e-01 3.553458836143503774e-01 3.038384616643551028e-02
7.388290744476431193e-01 3.797183506574301481e-01 3.217007071225633924e-02
6.514730849343877139e-01 4.042043120935024936e-01 1.749037408458962647e-02
5.923835766825737981e-01 4.287407985369371399e-01 1.346909134166521596e-02
5.394962396370205360e-01 4.533371424922238990e-01 1.176465612463181189e-02
4.866039033033463523e-01 4.779959634912051558e-01 1.682039392318773405e-02
4.442457744404899045e-01 5.026629933946460405e-01 1.139966725197607590e-02
4.123922197129042955e-01 5.271487506500315279e-01 1.248074980307465817e-02
3.832096593571923115e-01 5.515427964227138657e-01 8.810554104660160701e-03
3.575221802555394457e-01 5.762240530263548210e-01 7.462867428038220952e-03
3.338526888775636969e-01 6.007285446297923048e-01 6.339317235714199590e-03
3.106535735018475242e-01 6.252568531449649303e-01 9.595423782359994991e-03
2.976773442771721845e-01 6.499965502683907603e-01 9.240521963009621503e-03
2.827531175940787844e-01 6.746857991314229031e-01 7.095290072951183045e-03
2.731242381078416992e-01 6.991270364754236244e-01 5.525888722087602019e-03
2.650645626120189391e-01 7.235756604093172006e-01 4.849138706080869353e-03
2.626225366642678249e-01 7.479714013051395050e-01 6.182162709418490693e-03
2.609905956935233418e-01 7.726132299420060967e-01 5.192901061396470140e-03
2.587445152350388300e-01 7.972349387995918413e-01 5.405961116661742692e-03
2.497532356716182511e-01 8.217736356692634248e-01 6.312373193104945691e-03
2.421245897069705111e-01 8.463200505719705724e-01 5.062334691387551308e-03
2.354214973818638257e-01 8.708218859006343626e-01 4.363391740081531099e-03
2.320889941205543372e-01 8.954790463233904818e-01 4.474887839698202772e-03
2.282574887194058211e-01 9.199626960429320155e-01 4.861445346025020098e-03
2.290614777043202266e-01 9.443606208269833546e-01 5.832611526926306106e-03
2.297900075089538141e-01 9.688687146412832130e-01 6.012208990428967795e-03
2.289410509359172397e-01 9.930926048855095445e-01 7.265011677834284400e-03
2.338486318817694642e-01 1.017620455362175491e+00 5.499023660050622250e-03
2.417448082867076076e-01 1.042409919186157552e+00 7.064749024940520511e-03
2.539328879684387696e-01 1.066789561870425063e+00 6.594630128203242056e-03
2.603731124965228405e-01 1.090909765172895618e+00 8.270388938646360336e-03
2.574323187328821927e-01 1.115651582439790346e+00 1.354742368002332178e-02
2.648474012038078418e-01 1.140641543091339027e+00 8.482659878184816565e-03
2.688255204014325939e-01 1.164692026865203012e+00 1.519548997478334905e-02
2.784233884743221310e-01 1.188605021497627590e+00 1.310341763408187990e-02
2.987817227458362535e-01 1.214006438167991364e+00 1.183888478482979234e-02
3.219479435721499527e-01 1.240498485730926914e+00 1.701621932874588031e-02
3.659334983807167041e-01 1.264816150349954427e+00 3.553837625098925368e-02
3.898931084994816665e-01 1.284554513240047102e+00 4.946793842021263155e-02
4.203467324796431037e-01 1.309527810458392949e+00 7.091165321768737317e-02
6.132215893898587122e-01 1.335814856768205550e+00 1.075223842880429354e-01
5.900209567616214734e-01 1.360349523175663267e+00 7.063984573165690284e-01
