8.010226268008146633e+01 7.669903939428205850e-04 5.423056887768913370e+00
9.547402604796022274e+01 9.245014912643925459e-04 6.463750925867011610e+00
1.105619806605208737e+02 1.082012588585964507e-03 7.485230637504897366e+00
1.253670378354061086e+02 1.239523685907536251e-03 8.487557720408128503e+00
1.398889903152567058e+02 1.397034783229108429e-03 9.470718142907523784e+00
1.541271213276309311e+02 1.554545880550680173e-03 1.043466337831237212e+01
1.680810435143795303e+02 1.712056977872252134e-03 1.137936720182940142e+01
1.817506971474620627e+02 1.869568075193824095e-03 1.230482556977057840e+01
1.951368236506406220e+02 2.027079172515396273e-03 1.321108867776215590e+01
2.082401633477088581e+02 2.184590269836968017e-03 1.409820664696068881e+01
2.210626512324543000e+02 2.342101367158539761e-03 1.496631047967544248e+01
2.336062494300711307e+02 2.499612464480111939e-03 1.581553301505716469e+01
2.458732456953392784e+02 2.657123561801683683e-03 1.664602913792311512e+01
2.578667293298876757e+02 2.814634659123255861e-03 1.745800799915016199e+01
2.695899458444211518e+02 2.972145756444827605e-03 1.825168932523029852e+01
2.810460983220755224e+02 3.129656853766399783e-03 1.902728997023833202e+01
2.922388391110501971e+02 3.287167951087971527e-03 1.978505720424375980e+01
3.031721894283892311e+02 3.444679048409543271e-03 2.052526327035254283e+01
3.138501817682487172e+02 3.602190145731115449e-03 2.124818117514998406e+01
3.242767369785836422e+02 3.759701243052687193e-03 2.195407636658720918e+01
3.344559760277778651e+02 3.917212340374259805e-03 2.264322784110235531e+01
3.443921902526187182e+02 4.074723437695831549e-03 2.331592612935895659e+01
3.540897877563498923e+02 4.232234535017403293e-03 2.397246966730443063e+01
3.635530679053511562e+02 4.389745632338975037e-03 2.461314952921911825e+01
3.727861851493934751e+02 4.547256729660546781e-03 2.523824697828696983e+01
3.817933527405307927e+02 4.704767826982118525e-03 2.584804725870467124e+01
3.905788302002106320e+02 4.862278924303691137e-03 2.644283874718410132e+01
3.991469015269448164e+02 5.019790021625262881e-03 2.702291147757521372e+01
4.075018542227103922e+02 5.177301118946834625e-03 2.758855572091842845e+01
4.156478306550917523e+02 5.334812216268406369e-03 2.814005192241355147e+01
4.235887721975603313e+02 5.492323313589978981e-03 2.867766691962340886e+01
4.313286049532900392e+02 5.649834410911550725e-03 2.920166651628618837e+01
4.388712446577852120e+02 5.807345508233122469e-03 2.971231581423159085e+01
4.462205869741113133e+02 5.964856605554694213e-03 3.020987855635166852e+01
4.533804993047775156e+02 6.122367702876265957e-03 3.069461657225163265e+01
4.603548139057092499e+02 6.279878800197838569e-03 3.116678931205434466e+01
4.671472829839080987e+02 6.437389897519410313e-03 3.162665080643686366e+01
4.737613928580653351e+02 6.594900994840982057e-03 3.207443708499386759e+01
4.802005238336273010e+02 6.752412092162553801e-03 3.251037700004636122e+01
4.864680313331712114e+02 6.909923189484126413e-03 3.293469771930361389e+01
4.925672413517738164e+02 7.067434286805698157e-03 3.334762441818394763e+01
4.985014464782951222e+02 7.224945384127269901e-03 3.374938001044909441e+01
5.042739025158489312e+02 7.382456481448841645e-03 3.414018491940436206e+01
5.098878256280065671e+02 7.539967578770413389e-03 3.452025688469182541e+01
5.153463899467670899e+02 7.697478676091986001e-03 3.488981080034600524e+01
5.206527065618093957e+02 7.854989773413558612e-03 3.524905729233109497e+01
5.258096275784563431e+02 8.012500870735128622e-03 3.559818945293811510e+01
5.308198415215779278e+02 8.170011968056702101e-03 3.593738929978835017e+01
5.356860145493442360e+02 8.327523065378272110e-03 3.626683733624020789e+01
5.404107902429914247e+02 8.485034162699845589e-03 3.658671253715596805e+01
5.449967873732297221e+02 8.642545260021415598e-03 3.689719219768383596e+01
5.494465979567919476e+02 8.800056357342989077e-03 3.719845180168319132e+01
5.537627855732523585e+02 8.957567454664562556e-03 3.749066490777025251e+01
5.579478839154443222e+02 9.115078551986132566e-03 3.777400305117900103e+01
5.620043955495621049e+02 9.272589649307706045e-03 3.804863565981801088e+01
5.659347908636217426e+02 9.430100746629276054e-03 3.831472998307944522e+01
5.697415043953169516e+02 9.587611843950849533e-03 3.857245084322883599e+01
5.734267853041405942e+02 9.745122941272419542e-03 3.882195051211807169e+01
5.769926351372579347e+02 9.902634038593993021e-03 3.906336449783115938e+01
5.804410287038841716e+02 1.006014513591556303e-02 3.929682649824831486e+01
5.837739317322923398e+02 1.021765623323713651e-02 3.952246959645468394e+01
5.869932991693220856e+02 1.037516733055870999e-02 3.974042614561449938e+01
5.901010736466347453e+02 1.053267842788028000e-02 3.995082766513379369e+01
5.930991840998184443e+02 1.069018952520185348e-02 4.015380474717161974e+01
5.959895445275896009e+02 1.084770062252342349e-02 4.034948697263584450e+01
5.987740528794978445e+02 1.100521171984499696e-02 4.053800283587901987e+01
6.014545900615943310e+02 1.116272281716656697e-02 4.071947967738030627e+01
6.040330190503516405e+02 1.132023391448814045e-02 4.089404362375656632e+01
6.065111841060273719e+02 1.147774501180971046e-02 4.106181953450563782e+01
6.088909100773611272e+02 1.163525610913128394e-02 4.122293095493312620e+01
6.111739971931011723e+02 1.179276720645285742e-02 4.137749976353020998e+01
6.133620628897112965e+02 1.195027830377442743e-02 4.152563546344525491e+01
6.154565139231202693e+02 1.210778940109600091e-02 4.166743329440273413e+01
6.174587463607406335e+02 1.226530049841757092e-02 4.180298777249679887e+01
6.193701574137246553e+02 1.242281159573914440e-02 4.193239349125461501e+01
6.211921440489111319e+02 1.258032269306071441e-02 4.205574502766292966e+01
6.229261017034378938e+02 1.273783379038228789e-02 4.217313685514523058e+01
6.245734230950390611e+02 1.289534488770385789e-02 4.228466326301674627e+01
6.261354971215416754e+02 1.305285598502543137e-02 4.239041828197873940e+01
6.276137078436075853e+02 1.321036708234700485e-02 4.249049561524821428e+01
6.290094335451428833e+02 1.336787817966857486e-02 4.258498857494619472e+01
6.303240458663217396e+02 1.352538927699014834e-02 4.267399002340200553e+01
6.315589090043456508e+02 1.368290037431171835e-02 4.275759231904324764e+01
6.327153789776256190e+02 1.384041147163329183e-02 4.283588726657977475e+01
6.337948029491967645e+02 1.399792256895486184e-02 4.290896607119771744e+01
6.347985186055685745e+02 1.415543366627643532e-02 4.297691929650655851e+01
6.357278535874412455e+02 1.431294476359800533e-02 4.303983682599780280e+01
6.365841240120390694e+02 1.447045586091957881e-02 4.309780776300433303e+01
6.373685455545228251e+02 1.462796695824115228e-02 4.315091441076372547e+01
6.380821683386383256e+02 1.478547805556272229e-02 4.319922786440638163e+01
6.387260287085937307e+02 1.494298915288429577e-02 4.324281828616504697e+01
6.393011657713827844e+02 1.510050025020586578e-02 4.328175602531764099e+01
6.398086204394656988e+02 1.525801134752743926e-02 4.331611155337517260e+01
6.402494345319992135e+02 1.541552244484900927e-02 4.334595540323354612e+01
6.406246499313510867e+02 1.557303354217058275e-02 4.337135811206810132e+01
6.409353077917505743e+02 1.573054463949215276e-02 4.339239016775805879e+01
6.411824477971700844e+02 1.588805573681372624e-02 4.340912195864374468e+01
6.413671074657098643e+02 1.604556683413529972e-02 4.342162372643235813e+01
6.414903214978928645e+02 1.620307793145686973e-02 4.342996552207636540e+01
6.415531211665307865e+02 1.636058902877844320e-02 4.343421716446648873e+01
6.415565337458263002e+02 1.651810012610001321e-02 4.343444820178098098e+01
6.415015819776324406e+02 1.667561122342158669e-02 4.343072787535039936e+01
6.413892835728552200e+02 1.683312232074316017e-02 4.342312508590178055e+01
6.412206507461253295e+02 1.699063341806473018e-02 4.341170836205524353e+01
6.409966897819573433e+02 1.714814451538630366e-02 4.339654583095208551e+01
6.407184006307091977e+02 1.730565561270787367e-02 4.337770519090054222e+01
6.403867765327934194e+02 1.746316671002944715e-02 4.335525368593451390e+01
6.400028036696136269e+02 1.762067780735101716e-02 4.332925808218109154e+01
6.395674608012286626e+02 1.777818890467259064e-02 4.329978464333000687e+01
6.390817102418927789e+02 1.793570000199416065e-02 4.326689851966248312e+01
6.385464872044835829e+02 1.809321109931573412e-02 4.323066302665142757e+01
6.379627175736511617e+02 1.825072219663730760e-02 4.319114084823308275e+01
6.373313204327721451e+02 1.840823329395887761e-02 4.314839420788612756e+01
6.366532077855700891e+02 1.856574439128045109e-02 4.310248484978497885e+01
6.359292842982026741e+02 1.872325548860202110e-02 4.305347402133854473e+01
6.351604470608066322e+02 1.888076658592359458e-02 4.300142245704646626e+01
6.343475853674558493e+02 1.903827768324516459e-02 4.294639036360192108e+01
6.334915805136433846e+02 1.919578878056673807e-02 4.288843740618082734e+01
6.325933056103868921e+02 1.935329987788830808e-02 4.282762269585647630e+01
6.316536254140847859e+02 1.951081097520988156e-02 4.276400477808042666e+01
6.306733961713561030e+02 1.966832207253145504e-02 4.269764162217803971e+01
6.296534654780880373e+02 1.982583316985302505e-02 4.262859061180564169e+01
6.285946721519442235e+02 1.998334426717459852e-02 4.255690853631922010e+01
6.274978461176804103e+02 2.014085536449616853e-02 4.248265158300997513e+01
6.263638083045959775e+02 2.029836646181774201e-02 4.240587533016176991e+01
6.251933705554746439e+02 2.045587755913931202e-02 4.232663474088619893e+01
6.239873355464681026e+02 2.061338865646088550e-02 4.224498415769850368e+01
6.227464967173060586e+02 2.077089975378245551e-02 4.216097729779274061e+01
6.214716382113336977e+02 2.092841085110402899e-02 4.207466724898230837e+01
6.201635348248377113e+02 2.108592194842560247e-02 4.198610646626907794e+01
6.188229519651869168e+02 2.124343304574717248e-02 4.189534676900947119e+01
6.174506456173204469e+02 2.140094414306874596e-02 4.180243933864574757e+01
6.160473623181301264e+02 2.155845524039031597e-02 4.170743471697158355e+01
6.146138391383306043e+02 2.171596633771188944e-02 4.161038280490466690e+01
6.131508043778574120e+02 2.187347743503345945e-02 4.151133290956629907e+01
6.116590541695386491e+02 2.203098853235503293e-02 4.141033893047777781e+01
6.101395157509441560e+02 2.218849962967660294e-02 4.130746364317035102e+01
6.085931112818299198e+02 2.234601072699817642e-02 4.120276947939873224e+01
6.070207415079441944e+02 2.250352182431974990e-02 4.109631742115355024e+01
6.054232862030780780e+02 2.266103292164131991e-02 4.098816703058895428e+01
6.038016046040232823e+02 2.281854401896289339e-02 4.087837647947001329e+01
6.021565358384625597e+02 2.297605511628446340e-02 4.076700257814142248e+01
6.004888993457533388e+02 2.313356621360603688e-02 4.065410080401551340e+01
5.987994952905951322e+02 2.329107731092760689e-02 4.053972532957801889e+01
5.970891049695909487e+02 2.344858840824918036e-02 4.042392904991309166e+01
5.953584912107112359e+02 2.360609950557075037e-02 4.030676360974767647e+01
5.936083987656912768e+02 2.376361060289232385e-02 4.018827943001726055e+01
5.918395546953881876e+02 2.392112170021389733e-02 4.006852573395554629e+01
5.900526687481291219e+02 2.407863279753546734e-02 3.994755057270892706e+01
5.882484337311308309e+02 2.423614389485704082e-02 3.982540085048243128e+01
5.864275258749870545e+02 2.439365499217861083e-02 3.970212234921596206e+01
5.845906051913307238e+02 2.455116608950018431e-02 3.957775975279876945e+01
5.827383158237182670e+02 2.470867718682175432e-02 3.945235667082480546e+01
5.808712863917959339e+02 2.486618828414332780e-02 3.932595566189332459e+01
5.789901303288261261e+02 2.502369938146489781e-02 3.919859825646022955e+01
5.770954462126474027e+02 2.518121047878647129e-02 3.907032497924425485e+01
5.751878180901602491e+02 2.533872157610804476e-02 3.894117537119543471e+01
5.732678157953860136e+02 2.549623267342961477e-02 3.881118801102818594e+01
5.713359952612291863e+02 2.565374377075118825e-02 3.868040053632807940e+01
5.693928988249875829e+02 2.581125486807275826e-02 3.854884966423541215e+01
5.674390555277104795e+02 2.596876596539433174e-02 3.841657121171234479e+01
5.654749814075273662e+02 2.612627706271590175e-02 3.828360011540151220e+01
5.635011797869691463e+02 2.628378816003747523e-02 3.814997045107843121e+01
5.615181415544341235e+02 2.644129925735904524e-02 3.801571545270706309e+01
5.595263454398838121e+02 2.659881035468061872e-02 3.788086753110485461e+01
5.575262582848029069e+02 2.675632145200219220e-02 3.774545829221955273e+01
5.555183374913891612e+02 2.691383254932376221e-02 3.760951870294344701e+01
5.535031405543519440e+02 2.707134364664533568e-02 3.747308650659892493e+01
5.514813696013593471e+02 2.722885474396690569e-02 3.733620923840103956e+01
5.494537152373857225e+02 2.738636584128847917e-02 3.719893365345935621e+01
5.474208439518932892e+02 2.754387693861004918e-02 3.706130487422289832e+01
5.453833988232357797e+02 2.770138803593162266e-02 3.692336643816964425e+01
5.433420002056819840e+02 2.785889913325319267e-02 3.678516034431905268e+01
5.412972463992829262e+02 2.801641023057476615e-02 3.664672709858327693e+01
5.392497143028361961e+02 2.817392132789633963e-02 3.650810575797382285e+01
5.371999600501982286e+02 2.833143242521790964e-02 3.636933397368107279e+01
5.351485196302243139e+02 2.848894352253948312e-02 3.623044803304516392e+01
5.330959094906071414e+02 2.864645461986105313e-02 3.609148290043697216e+01
5.310426271258971838e+02 2.880396571718262660e-02 3.595247225706791738e+01
5.289891516499980071e+02 2.896147681450419661e-02 3.581344853974901810e+01
5.269359443534204956e+02 2.911898791182577009e-02 3.567444297861783298e+01
5.248834492456152248e+02 2.927649900914734010e-02 3.553548563385529491e+01
5.228320935826400273e+02 2.943401010646891358e-02 3.539660543140968230e+01
5.207822883805154106e+02 2.959152120379048706e-02 3.525783019775163751e+01
5.187344289145294169e+02 2.974903230111205707e-02 3.511918669367793200e+01
5.166888952048178680e+02 2.990654339843363055e-02 3.498070064718610439e+01
5.146460524885021641e+02 3.006405449575520056e-02 3.484239678543890051e+01
5.126062516787012555e+02 3.022156559307677404e-02 3.470429886584020807e+01
5.105698298107074038e+02 3.037907669039834405e-02 3.456642970624187683e+01
5.085371104756280261e+02 3.053658778771991752e-02 3.442881121430202285e+01
5.065084042417808519e+02 3.069409888504148753e-02 3.429146441601413642e+01
5.044840090641430947e+02 3.085160998236306101e-02 3.415440948342750715e+01
5.024642106821308403e+02 3.100912107968463102e-02 3.401766576157756816e+01
5.004492830060094093e+02 3.116663217700620450e-02 3.388125179464646664e+01
4.984394884921960625e+02 3.132414327432777451e-02 3.374518535137174524e+01
4.964350785077556907e+02 3.148165437164934799e-02 3.360948344972327817e+01
4.944362936843419902e+02 3.163916546897092147e-02 3.347416238086567120e+01
4.924433642618598697e+02 3.179667656629248801e-02 3.333923773242479172e+01
4.904565104221232446e+02 3.195418766361406149e-02 3.320472441107698103e+01
4.884759426127528172e+02 3.211169876093563497e-02 3.307063666447739081e+01
4.865018618615771402e+02 3.226920985825720151e-02 3.293698810254559817e+01
4.845344600817876994e+02 3.242672095557877499e-02 3.280379171812498384e+01
4.825739203680922174e+02 3.258423205290034846e-02 3.267105990703293372e+01
4.806204172841064519e+02 3.274174315022192194e-02 3.253880448751752397e+01
4.786741171412150493e+02 3.289925424754349542e-02 3.240703671913714601e+01
4.767351782938240490e+02 3.305676534486506196e-02 3.227576732274940952e+01
4.748037782244078926e+02 3.321427644218663544e-02 3.214500831421407412e+01
4.728801630278117045e+02 3.337178753950820892e-02 3.201477635456292603e+01
4.709645808299306395e+02 3.352929863682978240e-02 3.188508824233323580e+01
4.690572677473657563e+02 3.368680973415134894e-02 3.175595996301301227e+01
4.671584482919248558e+02 3.384432083147292242e-02 3.162740671642640677e+01
4.652683357632921570e+02 3.400183192879449590e-02 3.149944294331804429e+01
4.633871326301998579e+02 3.415934302611606938e-02 3.137208235115907939e+01
4.615150309003259963e+02 3.431685412343764285e-02 3.124533793918977764e+01
4.596522124792503519e+02 3.447436522075920939e-02 3.111922202272155502e+01
4.577988495186986029e+02 3.463187631808078287e-02 3.099374625671357109e+01
4.559551047543563982e+02 3.478938741540235635e-02 3.086892165864338722e+01
4.541211318335365945e+02 3.494689851272392983e-02 3.074475863069053716e+01
4.522970756329177107e+02 3.510440961004549637e-02 3.062126698124797741e+01
4.504830725666682838e+02 3.526192070736706985e-02 3.049845594578263430e+01
4.486792508851603429e+02 3.541943180468864333e-02 3.037633420705875054e+01
4.468857309645450187e+02 3.557694290201021681e-02 3.025490991474269720e+01
4.451026255874270987e+02 3.573445399933179029e-02 3.013419070440506431e+01
4.433300402148911417e+02 3.589196509665335683e-02 3.001418371593731749e+01
4.415680732500858880e+02 3.604947619397493030e-02 2.989489561139686202e+01
4.398168162936352701e+02 3.620698729129650378e-02 2.977633259229885354e+01
4.380763543910623525e+02 3.636449838861807726e-02 2.965850041636713641e+01
4.363467662724877982e+02 3.652200948593964380e-02 2.954140441376230797e+01
4.346281245847771402e+02 3.667952058326121728e-02 2.942504950279843712e+01
4.329204961163856638e+02 3.683703168058279076e-02 2.930944020516539439e+01
4.312239420150831393e+02 3.699454277790436424e-02 2.919458066066930257e+01
4.295385179987746369e+02 3.715205387522593772e-02 2.908047464150530459e+01
4.278642745596100667e+02 3.730956497254750426e-02 2.896712556607624123e+01
4.262012571615675256e+02 3.746707606986907774e-02 2.885453651236931805e+01
4.245495064317213973e+02 3.762458716719065122e-02 2.874271023090526711e+01
4.229090583453460681e+02 3.778209826451222469e-02 2.863164915727024251e+01
4.212799444050724560e+02 3.793960936183379123e-02 2.852135542424491632e+01
4.196621918142411118e+02 3.809712045915536471e-02 2.841183087354086112e+01
4.180558236446356659e+02 3.825463155647693819e-02 2.830307706715634097e+01
4.164608589987601022e+02 3.841214265379851167e-02 2.819509529836275874e+01
4.148773131668389169e+02 3.856965375112008515e-02 2.808788660233383183e+01
4.133051977786554971e+02 3.872716484844165169e-02 2.798145176642530885e+01
4.117445209504331274e+02 3.888467594576322517e-02 2.787579134011906490e+01
4.101952874268753249e+02 3.904218704308479865e-02 2.777090564463943423e+01
4.086574987185131249e+02 3.919969814040637213e-02 2.766679478225188760e+01
4.071311532345278010e+02 3.935720923772793867e-02 2.756345864525535205e+01
4.056162464111394002e+02 3.951472033504951215e-02 2.746089692467429799e+01
4.041127708357531674e+02 3.967223143237108562e-02 2.735910911866370299e+01
4.026207163669460556e+02 3.982974252969265910e-02 2.725809454063227122e+01
4.011400702504349169e+02 3.998725362701423258e-02 2.715785232709376018e+01
3.996708172311739418e+02 4.014476472433579912e-02 2.705838144525611355e+01
3.982129396616559802e+02 4.030227582165737260e-02 2.695968070035363695e+01
3.967664176065766242e+02 4.045978691897894608e-02 2.686174874273294222e+01
3.953312289439512597e+02 4.061729801630051956e-02 2.676458407469874956e+01
3.939073476836608165e+02 4.077480911362208610e-02 2.666818493667659951e+01
3.924947339080418942e+02 4.093232021094365958e-02 2.657254862617406133e+01
3.910933413521686361e+02 4.108983130826523306e-02 2.647767201097845557e+01
3.897031225973775008e+02 4.124734240558680654e-02 2.638355188076706526e+01
3.883240291511616533e+02 4.140485350290838001e-02 2.629018495251626675e+01
3.869560115078950844e+02 4.156236460022994655e-02 2.619756787461253822e+01
3.855990192073684852e+02 4.171987569755152003e-02 2.610569723081547622e+01
3.842530008911718369e+02 4.187738679487309351e-02 2.601456954407500888e+01
3.829179043570281920e+02 4.203489789219466699e-02 2.592418128020984369e+01
3.815936766111098564e+02 4.219240898951623353e-02 2.583452885144938804e+01
3.802802639184424720e+02 4.234992008683780701e-02 2.574560861984618754e+01
3.789776118514307655e+02 4.250743118415938049e-02 2.565741690056120206e+01
3.776856653365846910e+02 4.266494228148095397e-02 2.556994996502722017e+01
3.764043686995007079e+02 4.282245337880252745e-02 2.548320404399418138e+01
3.751336657081529893e+02 4.297996447612409399e-02 2.539717533046010445e+01
3.738734996145583409e+02 4.313747557344566746e-02 2.531185998249177871e+01
3.726238131948658747e+02 4.329498667076724094e-02 2.522725412593898753e+01
3.713845487879176517e+02 4.345249776808881442e-02 2.514335385704510983e+01
3.701556483323511202e+02 4.361000886541038096e-02 2.506015524495895619e+01
3.689370534022623360e+02 4.376751996273195444e-02 2.497765433414933511e+01
3.677287052415092035e+02 4.392503106005352792e-02 2.489584714672734123e+01
3.665305447966766224e+02 4.408254215737510140e-02 2.481472968467821261e+01
3.653425127487710142e+02 4.424005325469667488e-02 2.473429793200704907e+01
3.641645495436596889e+02 4.439756435201824142e-02 2.465454785679967742e+01
3.629965954213213308e+02 4.455507544933981490e-02 2.457547541320288786e+01
3.618385904439438150e+02 4.471258654666138838e-02 2.449707654332678075e+01
3.606904745228929414e+02 4.487009764398296185e-02 2.441934717907050967e+01
3.595521874446097286e+02 4.502760874130452839e-02 2.434228324387561315e+01
3.584236688954643455e+02 4.518511983862610187e-02 2.426588065440869002e+01
3.573048584855969807e+02 4.534263093594767535e-02 2.419013532217543272e+01
3.561956957717922023e+02 4.550014203326924883e-02 2.411504315506924101e+01
3.550961202794156293e+02 4.565765313059082231e-02 2.404060005885647655e+01
3.540060715234297390e+02 4.581516422791238885e-02 2.396680193859908314e+01
3.529254890285536703e+02 4.597267532523396233e-02 2.389364470001963525e+01
3.518543123485572437e+02 4.613018642255553581e-02 2.382112425080745766e+01
3.507924810847569006e+02 4.628769751987710929e-02 2.374923650187084689e+01
3.497399349037053753e+02 4.644520861719867583e-02 2.367797736853470525e+01
3.486966135541359790e+02 4.660271971452024931e-02 2.360734277168771200e+01
3.476624568831624629e+02 4.676023081184182278e-02 2.353732863887907811e+01
3.466374048517715778e+02 4.691774190916339626e-02 2.346793090536739257e+01
3.456213975496336275e+02 4.707525300648496974e-02 2.339914551512331542e+01
3.446143752092497152e+02 4.723276410380653628e-02 2.333096842178743202e+01
3.436162782194616057e+02 4.739027520112810976e-02 2.326339558958479614e+01
3.426270471383551239e+02 4.754778629844968324e-02 2.319642299419863107e+01
3.416466227055509535e+02 4.770529739577125672e-02 2.313004662360232544e+01
3.406749458539429725e+02 4.786280849309282326e-02 2.306426247885420366e+01
3.397119577208738974e+02 4.802031959041439674e-02 2.299906657485411898e+01
3.387575996587788723e+02 4.817783068773597022e-02 2.293445494106405746e+01
3.378118132453163298e+02 4.833534178505754370e-02 2.287042362219392189e+01
3.368745402930065325e+02 4.849285288237911717e-02 2.280696867885427181e+01
3.359457228583859205e+02 4.865036397970068371e-02 2.274408618817586003e+01
3.350253032507037005e+02 4.880787507702225719e-02 2.268177224439859785e+01
3.341132240401739750e+02 4.896538617434383067e-02 2.262002295943009500e+01
3.332094280658029106e+02 4.912289727166540415e-02 2.255883446337566767e+01
3.323138584427974251e+02 4.928040836898697069e-02 2.249820290503986797e+01
3.314264585695743790e+02 4.943791946630854417e-02 2.243812445240105191e+01
3.305471721343967602e+02 4.959543056363011765e-02 2.237859529306062711e+01
3.296759431216324856e+02 4.975294166095169113e-02 2.231961163466678855e+01
3.288127158176521334e+02 4.991045275827326461e-02 2.226116970531383998e+01
3.279574341654810041e+02 5.006796385559483115e-02 2.220326570985101000e+01
3.271100214298270430e+02 5.022547495291640463e-02 2.214589445317096406e+01
3.262703768746524702e+02 5.038298605023797810e-02 2.208904911527578463e+01
3.254383999592238297e+02 5.054049714755955158e-02 2.203272288939002266e+01
3.246139918037183634e+02 5.069800824488111812e-02 2.197690908118459419e+01
3.237970551558543093e+02 5.085551934220269160e-02 2.192160110651771632e+01
3.229874943583067193e+02 5.101303043952426508e-02 2.186679248922880348e+01
3.221852153168741211e+02 5.117054153684583856e-02 2.181247685898336997e+01
3.213901254694227418e+02 5.132805263416741204e-02 2.175864794917045586e+01
3.206021337555247328e+02 5.148556373148897858e-02 2.170529959484710858e+01
3.198211505868151221e+02 5.164307482881055206e-02 2.165242573073146204e+01
3.190470878180403815e+02 5.180058592613212554e-02 2.160002038924273648e+01
3.182798587187721751e+02 5.195809702345369901e-02 2.154807769858615885e+01
3.175193779457673600e+02 5.211560812077526555e-02 2.149659188088172357e+01
3.167655615159708304e+02 5.227311921809683903e-02 2.144555725033641025e+01
3.160183267801300531e+02 5.243063031541841251e-02 2.139496821145787564e+01
3.152775923890677063e+02 5.258814141273998599e-02 2.134481925677101088e+01
3.145432760791807709e+02 5.274565251006155947e-02 2.129510481689261070e+01
3.138152917506058088e+02 5.290316360738312601e-02 2.124581906271817289e+01
3.130935539960966594e+02 5.306067470470469949e-02 2.119695621203461045e+01
3.123779788309060450e+02 5.321818580202627297e-02 2.114851057893429598e+01
3.116684836642473329e+02 5.337569689934784645e-02 2.110047657188315284e+01
3.109649872714288676e+02 5.353320799666941299e-02 2.105284869183398300e+01
3.102674097666392754e+02 5.369071909399098647e-02 2.100562153038398350e+01
3.095756725763748705e+02 5.384823019131255994e-02 2.095878976797583348e+01
3.088896984134738659e+02 5.400574128863413342e-02 2.091234817213965158e+01
3.082094112517669373e+02 5.416325238595570690e-02 2.086629159577688952e+01
3.075347363013070208e+02 5.432076348327727344e-02 2.082061497548327367e+01
3.068655999841686821e+02 5.447827458059884692e-02 2.077531332991046398e+01
3.062019299108072232e+02 5.463578567792042040e-02 2.073038175816543927e+01
3.055436548569558113e+02 5.479329677524199388e-02 2.068581543824645053e+01
3.048907047410541509e+02 5.495080787256356042e-02 2.064160962551489575e+01
3.042430106021847109e+02 5.510831896988513390e-02 2.059775965120152463e+01
3.036005045741845265e+02 5.526583006720670738e-02 2.055426092065386356e+01
3.029631135137221349e+02 5.542334116452828086e-02 2.051110848194624836e+01
3.023307465187124308e+02 5.558085226184985433e-02 2.046829618085581970e+01
3.017033108325513240e+02 5.573836335917142087e-02 2.042581773760561248e+01
3.010807154252929649e+02 5.589587445649299435e-02 2.038366698931638865e+01
3.004628709572169214e+02 5.605338555381456783e-02 2.034183788753992417e+01
2.998496897433104209e+02 5.621089665113614131e-02 2.030032449585451459e+01
2.992410857186374642e+02 5.636840774845770785e-02 2.025912098752032620e+01
2.986369744045774155e+02 5.652591884577928133e-02 2.021822164319371851e+01
2.980372728758918015e+02 5.668342994310085481e-02 2.017762084869766070e+01
2.974418997286164199e+02 5.684094104042242829e-02 2.013731309284787230e+01
2.968507750487396493e+02 5.699845213774400177e-02 2.009729296533237886e+01
2.962638203816468945e+02 5.715596323506556831e-02 2.005755515464283434e+01
2.956809587023167865e+02 5.731347433238714179e-02 2.001809444605670407e+01
2.951021143862412828e+02 5.747098542970871526e-02 1.997890571966858886e+01
2.945272131810488077e+02 5.762849652703028874e-02 1.993998394846897071e+01
2.939561821788127531e+02 5.778600762435185528e-02 1.990132419646953110e+01
2.933889497890353937e+02 5.794351872167342876e-02 1.986292161687407898e+01
2.928254457011734644e+02 5.810102981899500224e-02 1.982477144954146908e+01
2.922655947142625337e+02 5.825854091631657572e-02 1.978686860324089025e+01
2.917093067233859074e+02 5.841605201363814920e-02 1.974920697771908706e+01
2.911564907032976635e+02 5.857356311095971574e-02 1.971178041041497053e+01
2.906070574010004748e+02 5.873107420828128922e-02 1.967458285875162360e+01
2.900609192996799948e+02 5.888858530560286270e-02 1.963760839769467026e+01
2.895179905835541376e+02 5.904609640292443618e-02 1.960085121737239433e+01
2.889781871035983158e+02 5.920360750024600272e-02 1.956430562075538759e+01
2.884414263441438493e+02 5.936111859756757619e-02 1.952796602139513737e+01
2.879076273902975913e+02 5.951862969488914967e-02 1.949182694121833137e+01
2.873767108961902181e+02 5.967614079221072315e-02 1.945588300837715323e+01
2.868485990539863337e+02 5.983365188953229663e-02 1.942012895515128079e+01
2.863232155636847551e+02 5.999116298685386317e-02 1.938455961590327803e+01
2.858004856036335468e+02 6.014867408417543665e-02 1.934916992508242473e+01
2.852803358017854407e+02 6.030618518149701013e-02 1.931395491527865005e+01
2.847626942076412320e+02 6.046369627881858361e-02 1.927890971532304576e+01
2.842474902648701232e+02 6.062120737614015015e-02 1.924402954843426627e+01
2.837346547845929194e+02 6.077871847346172363e-02 1.920930973040968937e+01
2.832241199193039165e+02 6.093622957078329710e-02 1.917474566785992707e+01
2.827158190690343531e+02 6.109374066810487058e-02 1.914033285185592348e+01
2.822096794702912348e+02 6.125125176542643712e-02 1.910606635618777460e+01
2.817056157911949867e+02 6.140876286274801060e-02 1.907194040374477595e+01
2.812035428770218459e+02 6.156627396006958408e-02 1.903794922940999257e+01
2.807033772989826730e+02 6.172378505739115756e-02 1.900408718491516069e+01
2.802050373219581729e+02 6.188129615471273104e-02 1.897034873665624488e+01
2.797084428730503873e+02 6.203880725203429758e-02 1.893672846356442463e+01
2.792135155109011748e+02 6.219631834935587106e-02 1.890322105502882266e+01
2.787201783957725638e+02 6.235382944667744454e-02 1.886982130887088616e+01
2.782283562603586233e+02 6.251134054399902495e-02 1.883652412936840292e+01
2.777379753813104344e+02 6.266885164132059149e-02 1.880332452532757870e+01
2.772489635514463657e+02 6.282636273864215803e-02 1.877021760820169760e+01
2.767612500526277017e+02 6.298387383596373845e-02 1.873719859025473156e+01
2.762747656292917782e+02 6.314138493328530499e-02 1.870426278276947940e+01
2.757894424625994816e+02 6.329889603060687153e-02 1.867140559429734026e+01
2.753052141452071737e+02 6.345640712792845195e-02 1.863862252895030025e+01
2.748220156566164860e+02 6.361391822525001849e-02 1.860590918473207722e+01
2.743397833391057361e+02 6.377142932257158503e-02 1.857326125190869348e+01
2.738584548742134075e+02 6.392894041989316545e-02 1.854067451141624190e+01
2.733779692597656208e+02 6.408645151721473199e-02 1.850814483330574944e+01
2.728982665860721681e+02 6.424396261453631241e-02 1.847566816159119796e+01
2.724192811219804753e+02 6.440147371185787895e-02 1.844324004616381529e+01
2.719409397513229578e+02 6.455898480917944549e-02 1.841085553693703858e+01
2.714631703844699473e+02 6.471649590650102590e-02 1.837850975332258940e+01
2.709859024922707817e+02 6.487400700382259244e-02 1.834619792037926445e+01
2.705090670803253374e+02 6.503151810114417286e-02 1.831391536707099021e+01
2.700325966638595787e+02 6.518902919846573940e-02 1.828165752456594007e+01
2.695564252431813088e+02 6.534654029578730594e-02 1.824941992457477369e+01
2.690804882796986703e+02 6.550405139310888636e-02 1.821719819772709670e+01
2.686047226724908796e+02 6.566156249043045290e-02 1.818498807198524148e+01
2.681290667353980552e+02 6.581907358775203332e-02 1.815278537109323764e+01
2.676534601746363364e+02 6.597658468507359986e-02 1.812058601306126704e+01
2.671778440668936696e+02 6.613409578239516640e-02 1.808838600868275037e+01
2.667021608379250779e+02 6.629160687971674681e-02 1.805618146008519886e+01
2.662263542416002338e+02 6.644911797703831335e-02 1.802396855931171515e+01
2.657503693394050970e+02 6.660662907435987989e-02 1.799174358693318965e+01
2.652741524803895459e+02 6.676414017168146031e-02 1.795950291069073401e+01
2.647976512815303067e+02 6.692165126900302685e-02 1.792724298416626638e+01
2.643208146085071917e+02 6.707916236632460727e-02 1.789496034548092851e+01
2.638435925568825269e+02 6.723667346364617381e-02 1.786265161602100449e+01
2.633659364336604654e+02 6.739418456096774035e-02 1.783031349918939767e+01
2.628877985142972875e+02 6.755169565828932077e-02 1.779794276395484687e+01
2.624091282433088281e+02 6.770920675561088731e-02 1.776553598762666653e+01
2.619298728646687096e+02 6.786671785293246772e-02 1.773308959853383016e+01
2.614499808124223250e+02 6.802422895025403426e-02 1.770060010557513408e+01
2.609694018071355117e+02 6.818174004757560080e-02 1.766806410474896083e+01
2.604880868373816725e+02 6.833925114489718122e-02 1.763547827789990308e+01
2.600059881415804739e+02 6.849676224221874776e-02 1.760283939148928667e+01
2.595230591902019341e+02 6.865427333954032818e-02 1.757014429539023226e+01
2.590392546683159480e+02 6.881178443686189472e-02 1.753738992170636024e+01
2.585545304584714472e+02 6.896929553418346126e-02 1.750457328361257581e+01
2.580688436239057069e+02 6.912680663150504168e-02 1.747169147421837820e+01
2.575821523920607206e+02 6.928431772882660822e-02 1.743874166545186100e+01
2.570944161384083486e+02 6.944182882614817476e-02 1.740572110696466623e+01
2.566055953705633215e+02 6.959933992346975518e-02 1.737262712505639684e+01
2.561156517126886456e+02 6.975685102079132172e-02 1.733945712161882469e+01
2.556245478901718684e+02 6.991436211811290213e-02 1.730620857309846272e+01
2.551322477145700134e+02 7.007187321543446867e-02 1.727287902947732690e+01
2.546387160688092877e+02 7.022938431275603521e-02 1.723946611327089684e+01
2.541439188926446775e+02 7.038689541007761563e-02 1.720596751854375128e+01
2.536478231683557567e+02 7.054440650739918217e-02 1.717238100994107697e+01
2.531503969066748141e+02 7.070191760472076259e-02 1.713870442173607600e+01
2.526516091329515632e+02 7.085942870204232913e-02 1.710493565689321116e+01
2.521514299773261314e+02 7.101693979936389567e-02 1.707107269317311804e+01
2.516498319421675944e+02 7.117445089668547609e-02 1.703711366894028600e+01
2.511467894595405710e+02 7.133196199400704263e-02 1.700305685320279991e+01
2.506422778920001804e+02 7.148947309132862304e-02 1.696890057796453632e+01
2.501362734986445560e+02 7.164698418865018958e-02 1.693464323592679932e+01
2.496287534230903589e+02 7.180449528597175612e-02 1.690028327967427302e+01
2.491196956816169177e+02 7.196200638329333654e-02 1.686581922087240315e+01
2.486090791514845648e+02 7.211951748061490308e-02 1.683124962947643155e+01
2.480968835594054838e+02 7.227702857793646962e-02 1.679657313295095022e+01
2.475830894701775549e+02 7.243453967525805004e-02 1.676178841550032672e+01
2.470676782754658234e+02 7.259205077257961658e-02 1.672689421730921566e+01
2.465506321827343186e+02 7.274956186990119700e-02 1.669188933379325590e+01
2.460319342043218285e+02 7.290707296722276354e-02 1.665677261485940619e+01
2.455115681466517117e+02 7.306458406454433008e-02 1.662154296417550370e+01
2.449895185995836755e+02 7.322209516186591050e-02 1.658619933844933669e+01
2.444657709258936791e+02 7.337960625918747704e-02 1.655074074671640361e+01
2.439403112508830418e+02 7.353711735650905745e-02 1.651516624963643309e+01
2.434131264521084859e+02 7.369462845383062399e-02 1.647947495879812863e+01
2.428842041492377177e+02 7.385213955115219053e-02 1.644366603603231525e+01
2.423535326940196626e+02 7.400965064847377095e-02 1.640773869273295560e+01
2.418211011603687837e+02 7.416716174579533749e-02 1.637169218918582558e+01
2.412868993345609852e+02 7.432467284311691791e-02 1.633552583390475377e+01
2.407509177055419798e+02 7.448218394043848445e-02 1.629923898297548490e+01
2.402131478613704871e+02 7.463969503776005099e-02 1.626283106689555069e+01
2.396735886929144215e+02 7.479720613508163141e-02 1.622630201057488009e+01
2.391322450031550488e+02 7.495471723240319795e-02 1.618965213918328772e+01
2.385891221502083397e+02 7.511222832972476449e-02 1.615288181547420265e+01
2.380442258801654134e+02 7.526973942704634490e-02 1.611599142846755939e+01
2.374975623207147351e+02 7.542725052436791144e-02 1.607898139301810758e+01
2.369491379748414772e+02 7.558476162168949186e-02 1.604185214938879156e+01
2.363989597145622952e+02 7.574227271901105840e-02 1.600460416282661313e+01
2.358470347747356470e+02 7.589978381633262494e-02 1.596723792314356771e+01
2.352933707469130127e+02 7.605729491365420536e-02 1.592975394430035330e+01
2.347379755732533795e+02 7.621480601097577190e-02 1.589215276399440491e+01
2.341808575404867270e+02 7.637231710829735232e-02 1.585443494325116021e+01
2.336220252739344687e+02 7.652982820561891886e-02 1.581660106601928639e+01
2.330614877315787510e+02 7.668733930294048540e-02 1.577865173876912053e+01
2.324992541981859517e+02 7.684485040026206581e-02 1.574058759009484376e+01
2.319353342794800596e+02 7.700236149758363235e-02 1.570240927032000577e+01
2.313697378963680933e+02 7.715987259490521277e-02 1.566411745110657350e+01
2.308024752792117340e+02 7.731738369222677931e-02 1.562571282506710801e+01
2.302335569621542390e+02 7.747489478954834585e-02 1.558719610538068423e+01
2.296629937774909251e+02 7.763240588686992627e-02 1.554856802541179306e+01
2.290907968500889638e+02 7.778991698419149281e-02 1.550982933833249255e+01
2.285169775918558912e+02 7.794742808151305935e-02 1.547098081674798387e+01
2.279415476962576008e+02 7.810493917883463977e-02 1.543202325232541661e+01
2.273645191328765520e+02 7.826245027615620631e-02 1.539295745542550975e+01
2.267859042868480799e+02 7.841996137347778673e-02 1.535378426454260037e+01
2.262057236957744522e+02 7.857747247079935327e-02 1.531450507010663564e+01
2.256240097294368923e+02 7.873498356812091981e-02 1.527512206360583669e+01
2.250407955323646831e+02 7.889249466544250022e-02 1.523563748898016534e+01
2.244561140427968553e+02 7.905000576276406676e-02 1.519605357620337749e+01
2.238699979922084822e+02 7.920751686008564718e-02 1.515637254125096689e+01
2.232824799048616455e+02 7.936502795740721372e-02 1.511659658606977530e+01
2.226935920973926102e+02 7.952253905472878026e-02 1.507672789855000772e+01
2.221033666784178706e+02 7.968005015205036068e-02 1.503676865249860839e+01
2.215118355481777996e+02 7.983756124937192722e-02 1.499672100761509519e+01
2.209190303981995385e+02 7.999507234669350764e-02 1.495658710946874592e+01
2.203249827109919181e+02 8.015258344401507418e-02 1.491636908947796059e+01
2.197297237597655624e+02 8.031009454133664072e-02 1.487606906489130587e+01
2.191332846081808441e+02 8.046760563865822113e-02 1.483568913877042839e+01
2.185356961101165894e+02 8.062511673597978767e-02 1.479523139997443337e+01
2.179369889094728023e+02 8.078262783330135421e-02 1.475469792314650519e+01
2.173371934399920917e+02 8.094013893062293463e-02 1.471409076870179966e+01
2.167363399251079557e+02 8.109765002794450117e-02 1.467341198281723003e+01
2.161344583778167987e+02 8.125516112526608159e-02 1.463266359742274503e+01
2.155315786005765517e+02 8.141267222258764813e-02 1.459184763019449171e+01
2.149277301852265225e+02 8.157018331990921467e-02 1.455096608454937801e+01
2.143229425129322863e+02 8.172769441723079509e-02 1.451002094964136901e+01
2.137172447541492204e+02 8.188520551455236163e-02 1.446901420035897345e+01
2.131106658686193498e+02 8.204271661187394205e-02 1.442794779732507138e+01
2.125032346053749563e+02 8.220022770919550859e-02 1.438682368689712732e+01
2.118949795027809557e+02 8.235773880651707513e-02 1.434564380117008930e+01
2.112859317293169283e+02 8.251524990383865554e-02 1.430441025030204472e+01
2.106761386782374643e+02 8.267276100116022208e-02 1.426312624289544573e+01
2.100656530293292974e+02 8.283027209848178862e-02 1.422179534545977297e+01
2.094545266851231986e+02 8.298778319580336904e-02 1.418042107188300349e+01
2.088428107692426750e+02 8.314529429312493558e-02 1.413900688331977840e+01
2.082305556331445473e+02 8.330280539044651600e-02 1.409755618864778093e+01
2.076178108628869268e+02 8.346031648776808254e-02 1.405607234492588908e+01
2.070046252859172284e+02 8.361782758508964908e-02 1.401455865785381327e+01
2.063910469778870151e+02 8.377533868241122950e-02 1.397301838223340553e+01
2.057771232694853154e+02 8.393284977973279604e-02 1.393145472243131522e+01
2.051629007532832532e+02 8.409036087705437645e-02 1.388987083284238366e+01
2.045484252905985159e+02 8.424787197437594299e-02 1.384826981835436044e+01
2.039337420183661322e+02 8.440538307169750953e-02 1.380665473481309213e+01
2.033188953560172934e+02 8.456289416901908995e-02 1.376502858948821562e+01
2.027039290123698549e+02 8.472040526634065649e-02 1.372339434153965065e+01
2.020888859925141219e+02 8.487791636366223691e-02 1.368175490248380299e+01
2.014738086047091201e+02 8.503542746098380345e-02 1.364011313666042646e+01
2.008587384672689495e+02 8.519293855830536999e-02 1.359847186169884736e+01
2.002437165154547358e+02 8.535044965562695041e-02 1.355683384898457788e+01
1.996287830083560095e+02 8.550796075294851695e-02 1.351520182412517102e+01
1.990139775357646670e+02 8.566547185027008349e-02 1.347357846741563137e+01
1.983993390250471407e+02 8.582298294759166390e-02 1.343196641430362526e+01
1.977849057479982946e+02 8.598049404491323044e-02 1.339036825585357526e+01
1.971707153276848601e+02 8.613800514223481086e-02 1.334878653920987723e+01
1.965568047452779581e+02 8.629551623955637740e-02 1.330722376805954354e+01
1.959432103468641344e+02 8.645302733687794394e-02 1.326568240309330626e+01
1.953299678543429536e+02 8.661053843419952436e-02 1.322416486274339320e+01
1.947171178524721142e+02 8.676804953152109090e-02 1.318267389466564765e+01
1.941047164088977866e+02 8.692556062884267132e-02 1.314121329473328537e+01
1.934928214634396966e+02 8.708307172616423786e-02 1.309978698556883359e+01
1.928814897842870266e+02 8.724058282348580440e-02 1.305839881047343809e+01
1.922707769823935280e+02 8.739809392080738482e-02 1.301705253440150933e+01
1.916607375258644197e+02 8.755560501812895136e-02 1.297575184493467049e+01
1.910514247543142972e+02 8.771311611545053177e-02 1.293450035325387759e+01
1.904428908932015361e+02 8.787062721277209831e-02 1.289330159510981666e+01
1.898351870681287608e+02 8.802813831009366485e-02 1.285215903179113717e+01
1.892283633191055401e+02 8.818564940741524527e-02 1.281107605109002101e+01
1.886224686147727425e+02 8.834316050473681181e-02 1.277005596826517042e+01
1.880175508665719804e+02 8.850067160205837835e-02 1.272910202700116677e+01
1.874136569428735299e+02 8.865818269937995877e-02 1.268821740036490731e+01
1.868108326830403030e+02 8.881569379670152531e-02 1.264740519175777322e+01
1.862091229114365376e+02 8.897320489402310573e-02 1.260666843586405328e+01
1.856085714513713185e+02 8.913071599134467227e-02 1.256601009959490156e+01
1.850092211389751355e+02 8.928822708866623881e-02 1.252543308302787217e+01
1.844111138370061553e+02 8.944573818598781922e-02 1.248494022034155115e+01
1.838142904485790154e+02 8.960324928330938576e-02 1.244453428074509205e+01
1.832187909308217115e+02 8.976076038063096618e-02 1.240421796940274568e+01
1.826246543084467362e+02 8.991827147795253272e-02 1.236399392835268074e+01
1.820319186872387718e+02 9.007578257527409926e-02 1.232386473742013067e+01
1.814406212674618359e+02 9.023329367259567968e-02 1.228383291512507114e+01
1.808507983571686850e+02 9.039080476991724622e-02 1.224390091958326998e+01
1.802624853854263165e+02 9.054831586723882664e-02 1.220407114940170423e+01
1.796757169154428198e+02 9.070582696456039318e-02 1.216434594456724838e+01
1.790905266575999235e+02 9.086333806188195972e-02 1.212472758732901390e+01
1.785069474823866358e+02 9.102084915920354014e-02 1.208521830307397948e+01
1.779250140651167271e+02 9.117836025652510668e-02 1.204582043937876357e+01
1.773447722486603197e+02 9.133587135384667322e-02 1.200653709988218765e+01
1.767662701751347640e+02 9.149338245116825363e-02 1.196737154388596025e+01
1.761895547811924416e+02 9.165089354848982017e-02 1.192832694907978031e+01
1.756146718168247105e+02 9.180840464581140059e-02 1.188940641281445210e+01
1.750416658643552807e+02 9.196591574313296713e-02 1.185061295338768517e+01
1.744705803573116896e+02 9.212342684045453367e-02 1.181194951132180115e+01
1.739014575991567142e+02 9.228093793777611409e-02 1.177341895063183586e+01
1.733343387818979693e+02 9.243844903509768063e-02 1.173502406008546117e+01
1.727692640045456471e+02 9.259596013241926105e-02 1.169676755445260774e+01
1.722062722914368464e+02 9.275347122974082759e-02 1.165865207574602991e+01
1.716454016104058837e+02 9.291098232706239413e-02 1.162068019445148082e+01
1.710866888908098531e+02 9.306849342438397454e-02 1.158285441074808553e+01
1.705301700414009645e+02 9.322600452170554108e-02 1.154517715571830294e+01
1.699758799680376740e+02 9.338351561902712150e-02 1.150765079254701639e+01
1.694238525912432181e+02 9.354102671634868804e-02 1.147027761771025922e+01
1.688741208635990745e+02 9.369853781367025458e-02 1.143305986215281322e+01
1.683267167869760215e+02 9.385604891099183500e-02 1.139599969245473865e+01
1.677816714295976794e+02 9.401356000831340154e-02 1.135909921198664208e+01
1.672390149429394910e+02 9.417107110563496808e-02 1.132236046205372659e+01
1.666987765784516853e+02 9.432858220295654850e-02 1.128578542302800436e+01
1.661609847041195565e+02 9.448609330027811504e-02 1.124937601546942822e+01
1.656256668208432643e+02 9.464360439759969545e-02 1.121313410123484644e+01
1.650928495786450299e+02 9.480111549492126199e-02 1.117706148457524939e+01
1.645625587927035554e+02 9.495862659224282853e-02 1.114115991322131904e+01
1.640348194592082507e+02 9.511613768956440895e-02 1.110543107945679786e+01
1.635096557710392347e+02 9.527364878688597549e-02 1.106987662118006810e+01
1.629870911332653804e+02 9.543115988420755591e-02 1.103449812295334098e+01
1.624671481784672551e+02 9.558867098152912245e-02 1.099929711704010593e+01
1.619498488336576258e+02 9.574618207885068899e-02 1.096427508793572869e+01
1.614352167518725309e+02 9.590369317617226941e-02 1.092943363699023074e+01
1.609232782906575210e+02 9.606120427349383595e-02 1.089477454865343731e+01
1.604140592249259782e+02 9.621871537081541637e-02 1.086029956793001539e+01
1.599075844936091357e+02 9.637622646813698291e-02 1.082601038322722609e+01
1.594038782164877830e+02 9.653373756545854945e-02 1.079190862749448776e+01
1.589029637108313580e+02 9.669124866278012986e-02 1.075799587934986867e+01
1.584048635078350458e+02 9.684875976010169640e-02 1.072427366419289463e+01
1.579095993688603699e+02 9.700627085742326294e-02 1.069074345530406234e+01
1.574171923014735910e+02 9.716378195474484336e-02 1.065740667493066418e+01
1.569276625752883092e+02 9.732129305206640990e-02 1.062426469535938445e+01
1.564410297376045946e+02 9.747880414938799032e-02 1.059131883997505952e+01
1.559573126288522076e+02 9.763631524670955686e-02 1.055857038430623263e+01
1.554765293978306886e+02 9.779382634403112340e-02 1.052602055705693118e+01
1.549986975167540209e+02 9.795133744135270382e-02 1.049367054112519604e+01
1.545238337960932427e+02 9.810884853867427036e-02 1.046152147460798787e+01
1.540519543992213585e+02 9.826635963599585077e-02 1.042957445179263054e+01
1.535830748568647550e+02 9.842387073331741731e-02 1.039783052413522313e+01
1.531172100813474799e+02 9.858138183063898385e-02 1.036629070122500629e+01
1.526543743806519728e+02 9.873889292796056427e-02 1.033495595173625148e+01
1.521945814722722901e+02 9.889640402528213081e-02 1.030382720436622890e+01
1.517378444968800864e+02 9.905391512260371123e-02 1.027290534876033057e+01
1.512841760317951696e+02 9.921142621992527777e-02 1.024219123642409812e+01
1.508335881042594053e+02 9.936893731724684431e-02 1.021168568162188528e+01
1.503860922045247150e+02 9.952644841456842473e-02 1.018138946226292774e+01
1.499416992987465278e+02 9.968395951188999127e-02 1.015130332077425557e+01
1.495004198416891938e+02 9.984147060921155781e-02 1.012142796496085317e+01
1.490622637892427917e+02 9.999898170653313823e-02 1.009176406885311117e+01
1.486272406107554218e+02 1.001564928038547048e-01 1.006231227354169455e+01
1.481953593011761825e+02 1.003140039011762852e-01 1.003307318799967263e+01
1.477666283930177542e+02 1.004715149984978517e-01 1.000404738989239561e+01
1.473410559447496269e+02 1.006290260958194183e-01 9.975235424791705441e+00
1.469186471193469856e+02 1.007865371931409987e-01 9.946637642239625876e+00
1.464994021370580697e+02 1.009440482904625652e-01 9.918254057147343872e+00
1.460833204488210981e+02 1.011015593877841456e-01 9.890084632342453830e+00
1.456704012523050267e+02 1.012590704851057122e-01 9.862129313505811012e+00
1.452606434995770996e+02 1.014165815824272787e-01 9.834388029690614985e+00
1.448540459046403157e+02 1.015740926797488591e-01 9.806860693832707199e+00
1.444506069508379653e+02 1.017316037770704257e-01 9.779547203251924614e+00
1.440503248981208344e+02 1.018891148743920061e-01 9.752447440144013768e+00
1.436531977901901769e+02 1.020466259717135726e-01 9.725561272064288332e+00
1.432592234615106008e+02 1.022041370690351392e-01 9.698888552402381791e+00
1.428683995441953414e+02 1.023616481663567196e-01 9.672429120848422102e+00
1.424807234747706275e+02 1.025191592636782861e-01 9.646182803850940957e+00
1.420961925008115827e+02 1.026766703609998527e-01 9.620149415066183707e+00
1.417148036874634442e+02 1.028341814583214331e-01 9.594328755799590880e+00
1.413365539238398298e+02 1.029916925556429996e-01 9.568720615438955690e+00
1.409614399293024860e+02 1.031492036529645800e-01 9.543324771879589719e+00
1.405894582596292537e+02 1.033067147502861466e-01 9.518140991941912432e+00
1.402206053130639418e+02 1.034642258476077131e-01 9.493169031781015121e+00
1.398548773362567488e+02 1.036217369449292935e-01 9.468408637288851182e+00
1.394922704300929581e+02 1.037792480422508601e-01 9.443859544488839575e+00
1.391327805554105339e+02 1.039367591395724405e-01 9.419521479922972063e+00
1.387764035386157957e+02 1.040942702368940070e-01 9.395394161031996205e+00
1.384231350771875100e+02 1.042517813342155736e-01 9.371477296528034628e+00
1.380729707450815056e+02 1.044092924315371540e-01 9.347770586760512757e+00
1.377259059980289635e+02 1.045668035288587205e-01 9.324273724074847891e+00
1.373819361787397781e+02 1.047243146261803010e-01 9.300986393164722088e+00
1.370410565220011563e+02 1.048818257235018675e-01 9.277908271417274477e+00
1.367032621596800652e+02 1.050393368208234340e-01 9.255039029251777905e+00
1.363685481256324579e+02 1.051968479181450145e-01 9.232378330451993520e+00
1.360369093605169724e+02 1.053543590154665810e-01 9.209925832492055875e+00
1.357083407165137601e+02 1.055118701127881475e-01 9.187681186855977344e+00
1.353828369619541263e+02 1.056693812101097280e-01 9.165644039351054317e+00
1.350603922292648065e+02 1.058268923074312945e-01 9.143813992732777507e+00
1.347409912210310949e+02 1.059844034047528749e-01 9.122190011340638449e+00
1.344246109840681811e+02 1.061419145020744415e-01 9.100770541205719155e+00
1.341112285814667473e+02 1.062994255993960080e-01 9.079554029460965126e+00
1.338008213299721376e+02 1.064569366967175884e-01 9.058538940412176999e+00
1.334933667970568081e+02 1.066144477940391549e-01 9.037723755339797549e+00
1.331888427980311462e+02 1.067719588913607354e-01 9.017106972303308154e+00
1.328872273931875725e+02 1.069294699886823019e-01 8.996687105947886565e+00
1.325884988849911110e+02 1.070869810860038684e-01 8.976462687314199940e+00
1.322926358153001445e+02 1.072444921833254489e-01 8.956432263650237147e+00
1.319996169626260212e+02 1.074020032806470154e-01 8.936594398225798486e+00
1.317094213394307189e+02 1.075595143779685958e-01 8.916947670149523830e+00
1.314220281894587572e+02 1.077170254752901624e-01 8.897490674188277993e+00
1.311374169851033855e+02 1.078745365726117289e-01 8.878222020588816932e+00
1.308555674248091236e+02 1.080320476699333093e-01 8.859140334901944414e+00
1.305764594305085495e+02 1.081895587672548759e-01 8.840244257808986816e+00
1.303000731450923126e+02 1.083470698645764424e-01 8.821532444950497265e+00
1.300263889299112634e+02 1.085045809618980228e-01 8.803003566757142906e+00
1.297553873623138543e+02 1.086620920592195894e-01 8.784656308282997372e+00
1.294870492332136678e+02 1.088196031565411698e-01 8.766489369040851187e+00
1.292213555446911926e+02 1.089771142538627363e-01 8.748501462839829657e+00
1.289582875076237656e+02 1.091346253511843029e-01 8.730691317624978964e+00
1.286978265393507854e+02 1.092921364485058833e-01 8.713057675319157980e+00
1.284399542613643916e+02 1.094496475458274498e-01 8.695599291666702868e+00
1.281846524970355006e+02 1.096071586431490302e-01 8.678314936079479125e+00
1.279319032693657618e+02 1.097646697404705968e-01 8.661203391484704639e+00
1.276816887987714324e+02 1.099221808377921633e-01 8.644263454174877737e+00
1.274339915008921906e+02 1.100796919351137437e-01 8.627493933659444281e+00
1.271887939844348665e+02 1.102372030324353103e-01 8.610893652518846864e+00
1.269460790490394118e+02 1.103947141297568907e-01 8.594461446259980875e+00
1.267058296831741018e+02 1.105522252270784572e-01 8.578196163173767985e+00
1.264680290620614187e+02 1.107097363244000238e-01 8.562096664194672968e+00
1.262326605456259330e+02 1.108672474217216042e-01 8.546161822761828120e+00
1.259997076764707487e+02 1.110247585190431707e-01 8.530390524681983777e+00
1.257691541500780659e+02 1.111822696163647373e-01 8.514781666112073211e+00
1.255409781045299979e+02 1.113397807136863177e-01 8.499333766963765413e+00
1.253151452613784329e+02 1.114972918110078842e-01 8.484044506528897855e+00
1.250916201035990838e+02 1.116548029083294646e-01 8.468911480245655099e+00
1.248703675934715278e+02 1.118123140056510312e-01 8.453932316001877112e+00
1.246513531642772392e+02 1.119698251029725977e-01 8.439104673573018189e+00
1.244345427121692893e+02 1.121273362002941781e-01 8.424426244071714365e+00
1.242199025882118804e+02 1.122848472976157447e-01 8.409894749408850956e+00
1.240073995905880935e+02 1.124423583949373251e-01 8.395507941766004123e+00
1.237970009569682190e+02 1.125998694922588916e-01 8.381263603078759061e+00
1.235886743570366804e+02 1.127573805895804582e-01 8.367159544530801796e+00
1.233823878851774367e+02 1.129148916869020386e-01 8.353193606058651355e+00
1.231781100533047493e+02 1.130724027842236051e-01 8.339363655866353753e+00
1.229758097838493995e+02 1.132299138815451855e-01 8.325667589950603187e+00
1.227754564028833357e+02 1.133874249788667521e-01 8.312103331635265491e+00
1.225770196333923820e+02 1.135449360761883186e-01 8.298668831115941558e+00
1.223804695886794889e+02 1.137024471735098990e-01 8.285362065013357480e+00
1.221857767659120668e+02 1.138599582708314656e-01 8.272181035936499782e+00
1.219929120397939073e+02 1.140174693681530321e-01 8.259123772054204338e+00
1.218018466563716800e+02 1.141749804654746125e-01 8.246188326675836677e+00
1.216125522269661872e+02 1.143324915627961791e-01 8.233372777840422430e+00
1.214250007222261871e+02 1.144900026601177595e-01 8.220675227914099992e+00
1.212391644663054819e+02 1.146475137574393260e-01 8.208093803195886551e+00
1.210550161311558242e+02 1.148050248547608926e-01 8.195626653531302708e+00
1.208725287309387539e+02 1.149625359520824730e-01 8.183271951934036892e+00
1.206916756165458935e+02 1.151200470494040395e-01 8.171027894214967446e+00
1.205124304702347615e+02 1.152775581467256200e-01 8.158892698619011341e+00
1.203347673003700322e+02 1.154350692440471865e-01 8.146864605469060550e+00
1.201586604362714326e+02 1.155925803413687530e-01 8.134941876817213924e+00
1.199840845231646682e+02 1.157500914386903335e-01 8.123122796102936860e+00
1.198110145172339855e+02 1.159076025360119000e-01 8.111405667818097243e+00
1.196394256807754317e+02 1.160651136333334804e-01 8.099788817178845690e+00
1.194692935774435654e+02 1.162226247306550470e-01 8.088270589803801869e+00
1.193005940675967338e+02 1.163801358279766135e-01 8.076849351398939447e+00
1.191333033037332427e+02 1.165376469252981939e-01 8.065523487448587048e+00
1.189673977260171398e+02 1.166951580226197605e-01 8.054291402912523878e+00
1.188028540569538052e+02 1.168526691199413270e-01 8.043151521865512521e+00
1.186396464548955976e+02 1.170101802172629074e-01 8.032102094784869806e+00
1.184777403094454939e+02 1.171676913145844739e-01 8.021140778488948797e+00
1.183170996312508123e+02 1.173252024119060544e-01 8.010265136438501798e+00
1.181576888793267983e+02 1.174827135092276209e-01 7.999472762449531871e+00
1.179994729541332390e+02 1.176402246065491874e-01 7.988761280224587757e+00
1.178424171908249178e+02 1.177977357038707679e-01 7.978128342895777436e+00
1.176864873526698858e+02 1.179552468011923344e-01 7.967571632579210750e+00
1.175316496246321520e+02 1.181127578985139148e-01 7.957088859940498971e+00
1.173778706071166766e+02 1.182702689958354814e-01 7.946677763771314851e+00
1.172251173098678834e+02 1.184277800931570479e-01 7.936336110576287517e+00
1.170733571460239233e+02 1.185852911904786283e-01 7.926061694170474681e+00
1.169225579263187740e+02 1.187428022878001949e-01 7.915852335286839292e+00
1.167726878534293746e+02 1.189003133851217753e-01 7.905705881193534346e+00
1.166237155164644150e+02 1.190578244824433418e-01 7.895620205320789786e+00
1.164756098855937978e+02 1.192153355797649084e-01 7.885593206897307361e+00
1.163283403068093662e+02 1.193728466770864888e-01 7.875622810595579004e+00
1.161818764968216726e+02 1.195303577744080553e-01 7.865706966186352567e+00
1.160361885380820581e+02 1.196878688717296219e-01 7.855843648201649820e+00
1.158912468739302426e+02 1.198453799690512023e-01 7.846030855606233700e+00
1.157470223038666859e+02 1.200028910663727688e-01 7.836266611477543442e+00
1.156034859789416913e+02 1.201604021636943492e-01 7.826548962693534506e+00
1.154606093972621608e+02 1.203179132610159158e-01 7.816875979628465920e+00
1.153183643996116103e+02 1.204754243583374823e-01 7.807245755856381031e+00
1.151767231651823806e+02 1.206329354556590627e-01 7.797656407862162631e+00
1.150356582074114300e+02 1.207904465529806293e-01 7.788106074759614472e+00
1.148951423699277967e+02 1.209479576503022097e-01 7.778592918017094071e+00
1.147551488225980734e+02 1.211054687476237762e-01 7.769115121189782869e+00
1.146156510576749383e+02 1.212629798449453428e-01 7.759670889658946358e+00
1.144766228860403459e+02 1.214204909422669232e-01 7.750258450377573105e+00
1.143380384335487321e+02 1.215780020395884897e-01 7.740876051622819887e+00
1.141998721374579020e+02 1.217355131369100563e-01 7.731521962754379196e+00
1.140620987429566355e+02 1.218930242342316367e-01 7.722194473979368645e+00
1.139246932997738924e+02 1.220505353315532032e-01 7.712891896122793689e+00
1.137876311588801030e+02 1.222080464288747836e-01 7.703612560404213383e+00
1.136508879692697178e+02 1.223655575261963502e-01 7.694354818219903969e+00
1.135144396748264057e+02 1.225230686235179167e-01 7.685117040930634857e+00
1.133782625112671241e+02 1.226805797208394971e-01 7.675897619654775461e+00
1.132423330027271646e+02 1.228380908181610637e-01 7.666694965037107679e+00
1.131066273278836860e+02 1.229956019154826441e-01 7.657507464334306846e+00
1.129711200699169495e+02 1.231531130128042106e-01 7.648333396785250038e+00
1.128357857728313007e+02 1.233106241101257772e-01 7.639171038976545702e+00
1.127005992936732639e+02 1.234681352074473576e-01 7.630018688688275930e+00
1.125655357995983081e+02 1.236256463047689241e-01 7.620874664695413081e+00
1.124305707650152044e+02 1.237831574020905046e-01 7.611737306574489992e+00
1.122956799688144400e+02 1.239406684994120711e-01 7.602604974515974945e+00
1.121608394916688525e+02 1.240981795967336376e-01 7.593476049141481887e+00
1.120260257134113573e+02 1.242556906940552180e-01 7.584348931326279519e+00
1.118912153104846965e+02 1.244132017913767846e-01 7.575222042026606317e+00
1.117563852534609481e+02 1.245707128886983511e-01 7.566093822111755962e+00
1.116215128046319052e+02 1.247282239860199315e-01 7.556962732200929622e+00
1.114865755156639722e+02 1.248857350833414981e-01 7.547827252504466955e+00
1.113515512253204065e+02 1.250432461806630924e-01 7.538685882669658334e+00
1.112164180572432315e+02 1.252007572779846589e-01 7.529537141630545882e+00
1.110811544178018266e+02 1.253582683753062255e-01 7.520379567462296855e+00
1.109457389939950644e+02 1.255157794726277920e-01 7.511211717239159036e+00
1.108101507514158186e+02 1.256732905699493585e-01 7.502032166896661636e+00
1.106743689322695303e+02 1.258308016672709251e-01 7.492839511097461269e+00
1.105383730534494617e+02 1.259883127645924916e-01 7.483632363101045293e+00
1.104021429046614315e+02 1.261458238619140859e-01 7.474409354636758707e+00
1.102656585466036603e+02 1.263033349592356525e-01 7.465169135780597820e+00
1.101289003091940799e+02 1.264608460565572190e-01 7.455910374835164944e+00
1.099918487898470261e+02 1.266183571538787855e-01 7.446631758213026586e+00
1.098544848517967552e+02 1.267758682512003521e-01 7.437331990323199804e+00
1.097167896224654555e+02 1.269333793485219464e-01 7.428009793460666366e+00
1.095787444918771882e+02 1.270908904458435129e-01 7.418663907698992865e+00
1.094403311111120445e+02 1.272484015431650795e-01 7.409293090785672220e+00
1.093015313908022392e+02 1.274059126404866460e-01 7.399896118040311777e+00
1.091623274996711785e+02 1.275634237378082125e-01 7.390471782255720434e+00
1.090227018631052829e+02 1.277209348351298068e-01 7.381018893601226871e+00
1.088826371617677893e+02 1.278784459324513734e-01 7.371536279528821289e+00
1.087421163302473275e+02 1.280359570297729399e-01 7.362022784681673926e+00
1.086011225557400763e+02 1.281934681270945064e-01 7.352477270804893550e+00
1.084596392767661968e+02 1.283509792244160730e-01 7.342898616658657396e+00
1.083176501819206692e+02 1.285084903217376673e-01 7.333285717933618386e+00
1.081751392086510606e+02 1.286660014190592338e-01 7.323637487168165094e+00
1.080320905420689996e+02 1.288235125163808004e-01 7.313952853667955445e+00
1.078884886137889936e+02 1.289810236137023669e-01 7.304230763427309370e+00
1.077443181071773495e+02 1.291385347110239334e-01 7.294470179484554784e+00
1.075995658336221368e+02 1.292960458083455277e-01 7.284670208948653247e+00
1.074542233119141770e+02 1.294535569056670943e-01 7.274830277627588160e+00
1.073082828763053982e+02 1.296110680029886608e-01 7.264949866537414813e+00
1.071617370131013445e+02 1.297685791003102274e-01 7.255028466988482805e+00
1.070145783599418365e+02 1.299260901976317939e-01 7.245065580536709682e+00
1.068667997050903296e+02 1.300836012949533882e-01 7.235060718935504731e+00
1.067183939867298648e+02 1.302411123922749547e-01 7.225013404088066693e+00
1.065693542922642791e+02 1.303986234895965213e-01 7.214923168000098030e+00
1.064196738576268331e+02 1.305561345869180878e-01 7.204789552732989044e+00
1.062693460665930871e+02 1.307136456842396544e-01 7.194612110357302193e+00
1.061183644500995058e+02 1.308711567815612486e-01 7.184390402906638329e+00
1.059667226855686977e+02 1.310286678788828152e-01 7.174124002331953243e+00
1.058144145962355651e+02 1.311861789762043817e-01 7.163812490455945259e+00
1.056614341504825489e+02 1.313436900735259483e-01 7.153455458928028143e+00
1.055077754611754415e+02 1.315012011708475148e-01 7.143052509179399934e+00
1.053534327850035908e+02 1.316587122681690813e-01 7.132603252378337366e+00
1.051984005218264286e+02 1.318162233654906756e-01 7.122107309385974361e+00
1.050426732140193167e+02 1.319737344628122422e-01 7.111564310712016557e+00
1.048862455458255454e+02 1.321312455601338087e-01 7.100973896470861746e+00
1.047291123427079924e+02 1.322887566574553753e-01 7.090335716337708760e+00
1.045712685707076020e+02 1.324462677547769418e-01 7.079649429505128211e+00
1.044127093358003577e+02 1.326037788520985361e-01 7.068914704639524871e+00
1.042534298832576383e+02 1.327612899494201026e-01 7.058131219837830983e+00
1.040934255970094142e+02 1.329188010467416692e-01 7.047298662584403850e+00
1.039326919990059821e+02 1.330763121440632357e-01 7.036416729707804407e+00
1.037712247485859081e+02 1.332338232413848023e-01 7.025485127338008340e+00
1.036090196418400211e+02 1.333913343387063966e-01 7.014503570863343640e+00
1.034460726109797264e+02 1.335488454360279631e-01 7.003471784887739027e+00
1.032823797237044090e+02 1.337063565333495296e-01 6.992389503187874666e+00
1.031179371825705857e+02 1.338638676306710962e-01 6.981256468670490101e+00
1.029527413243608578e+02 1.340213787279926627e-01 6.970072433329648653e+00
1.027867886194510305e+02 1.341788898253142570e-01 6.958837158203907691e+00
1.026200756711825761e+02 1.343364009226358236e-01 6.947550413333814845e+00
1.024525992152274370e+02 1.344939120199573901e-01 6.936211977718903299e+00
1.022843561189589963e+02 1.346514231172789566e-01 6.924821639275131169e+00
1.021153433808187714e+02 1.348089342146005232e-01 6.913379194791974491e+00
1.019455581296846276e+02 1.349664453119221175e-01 6.901884449889674755e+00
1.017749976242355245e+02 1.351239564092436840e-01 6.890337218976219091e+00
1.016036592523181241e+02 1.352814675065652505e-01 6.878737325204468789e+00
1.014315405303085527e+02 1.354389786038868171e-01 6.867084600428942309e+00
1.012586391024782841e+02 1.355964897012083836e-01 6.855378885162883407e+00
1.010849527598297897e+02 1.357540007985299779e-01 6.843620029853473952e+00
1.009104830431961801e+02 1.359115118958515445e-01 6.831808138817689446e+00
1.007352393970799795e+02 1.360690229931731110e-01 6.819943851464115525e+00
1.005592322530834224e+02 1.362265340904946775e-01 6.808027874029627391e+00
1.003824719941957255e+02 1.363840451878162441e-01 6.796060909459934685e+00
1.002049689545437872e+02 1.365415562851378384e-01 6.784043657392673232e+00
1.000267334191454154e+02 1.366990673824594049e-01 6.771976814140724166e+00
9.984777562367379744e+01 1.368565784797809715e-01 6.759861072676233817e+00
9.966810575422776708e+01 1.370140895771025380e-01 6.747697122615109677e+00
9.948773394711152207e+01 1.371716006744241045e-01 6.735485650202052810e+00
9.930667028862200141e+01 1.373291117717456711e-01 6.723227338296211109e+00
9.912492481484179052e+01 1.374866228690672654e-01 6.710922866357122096e+00
9.894250751144188882e+01 1.376441339663888319e-01 6.698572910431382255e+00
9.875942831349149742e+01 1.378016450637103985e-01 6.686178143139757779e+00
9.857569710527299378e+01 1.379591561610319650e-01 6.673739233664666592e+00
9.839132372010806193e+01 1.381166672583535315e-01 6.661256847738401099e+00
9.820631794018746064e+01 1.382741783556751258e-01 6.648731647631599628e+00
9.802068949640917594e+01 1.384316894529966924e-01 6.636164292142304966e+00
9.783444806822464557e+01 1.385892005503182589e-01 6.623555436585528255e+00
9.764760328348944540e+01 1.387467116476398254e-01 6.610905732783165512e+00
9.746016471832393790e+01 1.389042227449613920e-01 6.598215829054553616e+00
9.727214189697761526e+01 1.390617338422829863e-01 6.585486370207276785e+00
9.708354429170195488e+01 1.392192449396045528e-01 6.572717997528570777e+00
9.689438132262972658e+01 1.393767560369261194e-01 6.559911348777148099e+00
9.670466235766022578e+01 1.395342671342476859e-01 6.547067058175429111e+00
9.651439671235075934e+01 1.396917782315692524e-01 6.534185756402190570e+00
9.632359364981576277e+01 1.398492893288908467e-01 6.521268070585746202e+00
9.613226238063003848e+01 1.400068004262124133e-01 6.508314624297375062e+00
9.594041206274087585e+01 1.401643115235339798e-01 6.495326037545403608e+00
9.574805180138341143e+01 1.403218226208555464e-01 6.482302926769443197e+00
9.555519064900411763e+01 1.404793337181771129e-01 6.469245904835235095e+00
9.536183760518929375e+01 1.406368448154987072e-01 6.456155581029791257e+00
9.516800161659988078e+01 1.407943559128202737e-01 6.443032561056989849e+00
9.497369157691164787e+01 1.409518670101418403e-01 6.429877447033525151e+00
9.477891632675950007e+01 1.411093781074634068e-01 6.416690837485139021e+00
9.458368465369225930e+01 1.412668892047849734e-01 6.403473327343554011e+00
9.438800529212733181e+01 1.414244003021065677e-01 6.390225507943403827e+00
9.419188692331391621e+01 1.415819113994281342e-01 6.376947967019756192e+00
9.399533817530131330e+01 1.417394224967497007e-01 6.363641288705949250e+00
9.379836762291235175e+01 1.418969335940712673e-01 6.350306053531797446e+00
9.360098378772015337e+01 1.420544446913928338e-01 6.336942838422025659e+00
9.340319513803440543e+01 1.422119557887144281e-01 6.323552216695335737e+00
9.320501008888851402e+01 1.423694668860359946e-01 6.310134758063538740e+00
9.300643700203275444e+01 1.425269779833575612e-01 6.296691028631082432e+00
9.280748418775856123e+01 1.426844890806791277e-01 6.283221591018565810e+00
9.260816256197955454e+01 1.428420001780006943e-01 6.269727184251565610e+00
9.240849089877009703e+01 1.429995112753222608e-01 6.256209079366253256e+00
9.220848923776360095e+01 1.431570223726438551e-01 6.242668633079252238e+00
9.200817738204189311e+01 1.433145334699654216e-01 6.229107186092267767e+00
9.180757489913325742e+01 1.434720445672869882e-01 6.215526063159624748e+00
9.160670112204418558e+01 1.436295556646085547e-01 6.201926573158131895e+00
9.140557515032438118e+01 1.437870667619301213e-01 6.188310009159175173e+00
9.120421585116136498e+01 1.439445778592517156e-01 6.174677648502852279e+00
9.100264186050682724e+01 1.441020889565732821e-01 6.161030752874197880e+00
9.080087158423235394e+01 1.442596000538948486e-01 6.147370568381441025e+00
9.059892319931012139e+01 1.444171111512164152e-01 6.133698325635933202e+00
9.039681465502580693e+01 1.445746222485379817e-01 6.120015239834283527e+00
9.019456367421364007e+01 1.447321333458595760e-01 6.106322510841945217e+00
8.999218775451802799e+01 1.448896444431811426e-01 6.092621323278652135e+00
8.978970416968030577e+01 1.450471555405027091e-01 6.078912846605526887e+00
8.958712997084714402e+01 1.452046666378242756e-01 6.065198235213662414e+00
8.938448198790351285e+01 1.453621777351458422e-01 6.051478628514360913e+00
8.918177683082468832e+01 1.455196888324674365e-01 6.037755151030671286e+00
8.897903089105176377e+01 1.456771999297890030e-01 6.024028912490520860e+00
8.877626034288357459e+01 1.458347110271105695e-01 6.010301007920932470e+00
8.857348114489209934e+01 1.459922221244321361e-01 5.996572517743870456e+00
8.837070904135153171e+01 1.461497332217537026e-01 5.982844507872974837e+00
8.816795956368714826e+01 1.463072443190752969e-01 5.969118029811668613e+00
8.796524803194044750e+01 1.464647554163968635e-01 5.955394120752323772e+00
8.776258955624948044e+01 1.466222665137184300e-01 5.941673803676511767e+00
8.755999903834501197e+01 1.467797776110399965e-01 5.927958087456279834e+00
8.735749117305982736e+01 1.469372887083615631e-01 5.914247966956335034e+00
8.715508044985206482e+01 1.470947998056831574e-01 5.900544423137175976e+00
8.695278115434159361e+01 1.472523109030047239e-01 5.886848423159118049e+00
8.675060736985858512e+01 1.474098220003262905e-01 5.873160920487118908e+00
8.654857297900234414e+01 1.475673330976478570e-01 5.859482854996322487e+00
8.634669166521233308e+01 1.477248441949694235e-01 5.845815153078422810e+00
8.614497691434758053e+01 1.478823552922910178e-01 5.832158727748581128e+00
8.594344201627728808e+01 1.480398663896125844e-01 5.818514478753132657e+00
8.574210006647909665e+01 1.481973774869341509e-01 5.804883292677766704e+00
8.554096396764478527e+01 1.483548885842557175e-01 5.791266043056258361e+00
8.534004643129595991e+01 1.485123996815772840e-01 5.777663590479836131e+00
8.513935997940336620e+01 1.486699107788988505e-01 5.764076782706816005e+00
8.493891694601487075e+01 1.488274218762204448e-01 5.750506454772832399e+00
8.473872947888989415e+01 1.489849329735420114e-01 5.736953429101474988e+00
8.453880954113543567e+01 1.491424440708635779e-01 5.723418515615052549e+00
8.433916891285109330e+01 1.492999551681851444e-01 5.709902511845967865e+00
8.413981919277426869e+01 1.494574662655067110e-01 5.696406203048114847e+00
8.394077179993348636e+01 1.496149773628283053e-01 5.682930362308773908e+00
8.374203797530003612e+01 1.497724884601498718e-01 5.669475750660466495e+00
8.354362878344568344e+01 1.499299995574714384e-01 5.656043117193171987e+00
8.334555548376317802e+01 1.500875106547930049e-01 5.642633224186574203e+00
8.314783265152769332e+01 1.502450217521145714e-01 5.629247058411129601e+00
8.295047655280883703e+01 1.504025328494361657e-01 5.615885721106900874e+00
8.275350321351392324e+01 1.505600439467577323e-01 5.602550297254563105e+00
8.255692840149761480e+01 1.507175550440792988e-01 5.589241854364198403e+00
8.236076762916164284e+01 1.508750661414008654e-01 5.575961442651293787e+00
8.216503615606427502e+01 1.510325772387224319e-01 5.562710095213414974e+00
8.196974899153548222e+01 1.511900883360440262e-01 5.549488828207261193e+00
8.177492089730363034e+01 1.513475994333655927e-01 5.536298641026470513e+00
8.158056639012440314e+01 1.515051105306871593e-01 5.523140516479641882e+00
8.138669974441609156e+01 1.516626216280087258e-01 5.510015420968720434e+00
8.119333499490242900e+01 1.518201327253302924e-01 5.496924304667924588e+00
8.100048593925338025e+01 1.519776438226518867e-01 5.483868101702547015e+00
8.080816614073350479e+01 1.521351549199734532e-01 5.470847730328231684e+00
8.061638893085009272e+01 1.522926660172950197e-01 5.457864093110277537e+00
8.042516741200122965e+01 1.524501771146165863e-01 5.444918077102907539e+00
8.023451446012671795e+01 1.526076882119381528e-01 5.432010554028735783e+00
8.004444272735571531e+01 1.527651993092597471e-01 5.419142380458022323e+00
7.985496464465572330e+01 1.529227104065813136e-01 5.406314397988025711e+00
7.966609242447610484e+01 1.530802215039028802e-01 5.393527433421940742e+00
7.947783806339282364e+01 1.532377326012244467e-01 5.380782298947992537e+00
7.929021334474582261e+01 1.533952436985460133e-01 5.368079792317961285e+00
7.910322984127631685e+01 1.535527547958676076e-01 5.355420697025740751e+00
7.891689891775567389e+01 1.537102658931891741e-01 5.342805782485326560e+00
7.873123173361031490e+01 1.538677769905107406e-01 5.330235804208514949e+00
7.854623924554243786e+01 1.540252880878323072e-01 5.317711503982332388e+00
7.836193221014079313e+01 1.541827991851538737e-01 5.305233610045788417e+00
7.817832118648736639e+01 1.543403102824754403e-01 5.292802837266361138e+00
7.799541653875505176e+01 1.544978213797970346e-01 5.280419887315856542e+00
7.781322843879632956e+01 1.546553324771186011e-01 5.268085448845664764e+00
7.763176686872544963e+01 1.548128435744401676e-01 5.255800197661582018e+00
7.745104162349018395e+01 1.549703546717617342e-01 5.243564796897919322e+00
7.727106231343327636e+01 1.551278657690833007e-01 5.231379897190926442e+00
7.709183836684530888e+01 1.552853768664048950e-01 5.219246136851610984e+00
7.691337903250601471e+01 1.554428879637264616e-01 5.207164142037798094e+00
7.673569338221564351e+01 1.556003990610480281e-01 5.195134526925509810e+00
7.655879031331386386e+01 1.557579101583695946e-01 5.183157893879489109e+00
7.638267855118807859e+01 1.559154212556911612e-01 5.171234833623029381e+00
7.620736665176856661e+01 1.560729323530127555e-01 5.159365925406891762e+00
7.603286300401245512e+01 1.562304434503343220e-01 5.147551737177476383e+00
7.585917583237367978e+01 1.563879545476558885e-01 5.135792825744041501e+00
7.568631319926205947e+01 1.565454656449774551e-01 5.124089736945190765e+00
7.551428300748477795e+01 1.567029767422990216e-01 5.112443005814159669e+00
7.534309300268061804e+01 1.568604878396206159e-01 5.100853156743629491e+00
7.517275077573322051e+01 1.570179989369421825e-01 5.089320703649082844e+00
7.500326376517577387e+01 1.571755100342637490e-01 5.077846150131639646e+00
7.483463925957784113e+01 1.573330211315853155e-01 5.066429989639622988e+00
7.466688439991952464e+01 1.574905322289068821e-01 5.055072705629305219e+00
7.450000618194965796e+01 1.576480433262284764e-01 5.043774771724559791e+00
7.433401091094889068e+01 1.578055544235500429e-01 5.032536614803411190e+00
7.416890242803808064e+01 1.579630655208716095e-01 5.021358494916155379e+00
7.400468385812281724e+01 1.581205766181931760e-01 5.010240623624111933e+00
7.400468385812281724e+01 1.581205766181931760e-01 5.010240623624111933e+00
5.735089175520085547e+01 1.826842454521749870e-01 3.870394519959298840e+00
4.847150493290664031e+01 2.073525430377324841e-01 2.647245373077478536e+00
3.823487944303457198e+01 2.322407203492417860e-01 2.129477502232934416e+00
3.315576455386558052e+01 2.568837818198746459e-01 1.968642060224360169e+00
2.781759821055673143e+01 2.811184729179193598e-01 1.235898078265120770e+00
2.422985098163351481e+01 3.057758170190760794e-01 9.239943457073312993e-01
2.101855634451086630e+01 3.308749588216616799e-01 7.725074310440946945e-01
1.824909931256777185e+01 3.553458836143503774e-01 6.326193495467642425e-01
1.641169599433662185e+01 3.797183506574301481e-01 6.303662955226126963e-01
1.442034888292694106e+01 4.042043120935024936e-01 3.771393283151028841e-01
1.303983135975662400e+01 4.287407985369371399e-01 2.657281088808332581e-01
1.181957215979071130e+01 4.533371424922238990e-01 2.242143783896244080e-01
1.060748245893993058e+01 4.779959634912051558e-01 3.195533535406462344e-01
9.650087841890650608e+00 5.026629933946460405e-01 2.189697037634464882e-01
8.893069584639267333e+00 5.271487506500315279e-01 2.224338412568674372e-01
8.260476949773471134e+00 5.515427964227138657e-01 1.611538729006412596e-01
7.661460842593093901e+00 5.762240530263548210e-01 1.396491024822177907e-01
7.095138744214938953e+00 6.007285446297923048e-01 9.491968264345317097e-02
6.593272007132453538e+00 6.252568531449649303e-01 1.730622342523543411e-01
6.277226279463667957e+00 6.499965502683907603e-01 1.483818424037969541e-01
5.928018583088356053e+00 6.746857991314229031e-01 1.062205905413990403e-01
5.706261143245022538e+00 6.991270364754236244e-01 8.439319070101883313e-02
5.511820036153571856e+00 7.235756604093172006e-01 7.454852145209629743e-02
5.439091937665300414e+00 7.479714013051395050e-01 8.971891929983247249e-02
5.388517789146790804e+00 7.726132299420060967e-01 6.316320275194457767e-02
5.324995551902277136e+00 7.972349387995918413e-01 8.398575978591338309e-02
5.112611564216004822e+00 8.217736356692634248e-01 1.055184755768569654e-01
4.936999469466674562e+00 8.463200505719705724e-01 6.900709614001734882e-02
4.787462932103534463e+00 8.708218859006343626e-01 7.703001287944262476e-02
4.705141169666178236e+00 8.954790463233904818e-01 6.896510529900667930e-02
4.607609273082077905e+00 9.199626960429320155e-01 6.387949546366572529e-02
4.601763967724682658e+00 9.443606208269833546e-01 9.189259191548040939e-02
4.589966778288134819e+00 9.688687146412832130e-01 8.214197545912962917e-02
4.592236283831689470e+00 9.930926048855095445e-01 9.991927820792799453e-02
4.678570211220966613e+00 1.017620455362175491e+00 7.492701167940246654e-02
4.827584954594640543e+00 1.042409919186157552e+00 1.100009913989959121e-01
5.060325499334339838e+00 1.066789561870425063e+00 8.050115686143434479e-02
5.145655166984454354e+00 1.090909765172895618e+00 1.106493463310601055e-01
5.113859011422647427e+00 1.115651582439790346e+00 2.071654825729126459e-01
5.244922221824628750e+00 1.140641543091339027e+00 1.258630788708536286e-01
5.338373628361474665e+00 1.164692026865203012e+00 3.136669560910216314e-01
5.558405167241654787e+00 1.188605021497627590e+00 1.799926749491053968e-01
5.998542014019854207e+00 1.214006438167991364e+00 2.600981522008281588e-01
6.418880984001876122e+00 1.240498485730926914e+00 3.449982460506990645e-01
7.293125418652369518e+00 1.264816150349954427e+00 6.742307295325804528e-01
7.560021822488842247e+00 1.284554513240047102e+00 6.794495042534409723e-01
8.616182391364560544e+00 1.309527810458392949e+00 1.207812593466147888e+00
1.283030462456671295e+01 1.335814856768205550e+00 2.715015988439917205e+00
1.341404320262224914e+01 1.360349523175663267e+00 1.636884998930149138e+01
