3.231642028187326332e+02 7.669903939428205850e-04 2.185283940696468008e+01
3.851799747643857472e+02 9.245014912643925459e-04 2.604643725352898187e+01
4.460507499634219357e+02 1.082012588585964507e-03 3.016260873353697392e+01
5.057802050315777933e+02 1.239523685907536251e-03 3.420160246516034164e+01
5.643675038107097635e+02 1.397034783229108429e-03 3.816336190615377433e+01
6.218097545573513116e+02 1.554545880550680173e-03 4.204769151256459025e+01
6.781053945155540532e+02 1.712056977872252134e-03 4.585448560853368605e+01
7.332541827187840227e+02 1.869568075193824095e-03 4.958372789954908200e+01
7.872591103636819980e+02 2.027079172515396273e-03 5.323562065473358018e+01
8.401231642091806862e+02 2.184590269836968017e-03 5.681036584312561644e+01
8.918541507853814210e+02 2.342101367158539761e-03 6.030849135378948489e+01
9.424599860812094221e+02 2.499612464480111939e-03 6.373053247755635908e+01
9.919498998041024151e+02 2.657123561801683683e-03 6.707711334083823829e+01
1.040336355418447056e+03 2.814634659123255861e-03 7.034907674145534884e+01
1.087632446597812532e+03 2.972145756444827605e-03 7.354730809290106208e+01
1.133851095846176804e+03 3.129656853766399783e-03 7.667268123392886991e+01
1.179007038180439622e+03 3.287167951087971527e-03 7.972619256808583543e+01
1.223116496780282660e+03 3.444679048409543271e-03 8.270893913067835967e+01
1.266195740321717494e+03 3.602190145731115449e-03 8.562202103354168514e+01
1.308260587055831593e+03 3.759701243052687193e-03 8.846650793011419012e+01
1.349327662598657525e+03 3.917212340374259805e-03 9.124352406904108648e+01
1.389414279899735220e+03 4.074723437695831549e-03 9.395424017747173195e+01
1.428538222990664963e+03 4.232234535017403293e-03 9.659985883781845928e+01
1.466716837215538817e+03 4.389745632338975037e-03 9.918155296779798391e+01
1.503966883267543835e+03 4.547256729660546781e-03 1.017004559501716159e+02
1.540305359071528983e+03 4.704767826982118525e-03 1.041577172096551749e+02
1.575749449221374334e+03 4.862278924303691137e-03 1.065544987937992971e+02
1.610316437061115039e+03 5.019790021625262881e-03 1.088919694277854973e+02
1.644023620069151320e+03 5.177301118946834625e-03 1.111712987925819789e+02
1.676887710194351939e+03 5.334812216268406369e-03 1.133936169747874771e+02
1.708924608495854727e+03 5.492323313589978981e-03 1.155599992274428445e+02
1.740150154426377867e+03 5.649834410911550725e-03 1.176715166376717860e+02
1.770580145611361104e+03 5.807345508233122469e-03 1.197292374641761370e+02
1.800230298696088994e+03 5.964856605554694213e-03 1.217342244896603063e+02
1.829116216311586186e+03 6.122367702876265957e-03 1.236875327870163233e+02
1.857253359293660878e+03 6.279878800197838569e-03 1.255902078407349478e+02
1.884656865529108018e+03 6.437389897519410313e-03 1.274432732970190472e+02
1.911340800206137374e+03 6.594900994840982057e-03 1.292476802646129954e+02
1.937318800813607368e+03 6.752412092162553801e-03 1.310043509306009923e+02
1.962604404453043344e+03 6.909923189484126413e-03 1.327142006937280314e+02
1.987211029503797135e+03 7.067434286805698157e-03 1.343781369245708674e+02
2.011151959571331190e+03 7.224945384127269901e-03 1.359970578800971452e+02
2.034440329852862988e+03 7.382456481448841645e-03 1.375718517816906115e+02
2.057089115624019541e+03 7.539967578770413389e-03 1.391033960366012536e+02
2.079111122588445596e+03 7.697478676091986001e-03 1.405925565853722219e+02
2.100518902112136402e+03 7.854989773413558612e-03 1.420401821698597757e+02
2.121323960715783414e+03 8.012500870735128622e-03 1.434470508779419049e+02
2.141537144971848193e+03 8.170011968056702101e-03 1.448138961708252168e+02
2.161169211216678377e+03 8.327523065378272110e-03 1.461414454078172867e+02
2.180230824702342488e+03 8.485034162699845589e-03 1.474304197889726709e+02
2.198732550585436456e+03 8.642545260021415598e-03 1.486815337457425699e+02
2.216684846086432117e+03 8.800056357342989077e-03 1.498954944107785252e+02
2.234098053699060074e+03 8.957567454664562556e-03 1.510730011587407091e+02
2.250982395342117798e+03 9.115078551986132566e-03 1.522147452108350194e+02
2.267347967357233756e+03 9.272589649307706045e-03 1.533214092965538384e+02
2.283204736266539840e+03 9.430100746629276054e-03 1.543936673668041806e+02
2.298562523957791200e+03 9.587611843950849533e-03 1.554321835921035699e+02
2.313430404429777809e+03 9.745122941272419542e-03 1.564375715696157556e+02
2.327816452715242576e+03 9.902634038593993021e-03 1.574103773449492394e+02
2.341728635975468478e+03 1.006014513591556303e-02 1.583511396692853168e+02
2.355174884735623891e+03 1.021765623323713651e-02 1.592603948164174312e+02
2.368163086024312634e+03 1.037516733055870999e-02 1.601386761188371395e+02
2.380701077185839040e+03 1.053267842788028000e-02 1.609865135493103594e+02
2.392796640309133181e+03 1.069018952520185348e-02 1.618044333441534661e+02
2.404457497221877475e+03 1.084770062252342349e-02 1.625929576647285160e+02
2.415691305003068919e+03 1.100521171984499696e-02 1.633526042939957676e+02
2.426505651971491716e+03 1.116272281716656697e-02 1.640838863652488726e+02
2.436908054110921512e+03 1.132023391448814045e-02 1.647873121203815003e+02
2.446905951896520946e+03 1.147774501180971046e-02 1.654633846952840202e+02
2.456506707489712880e+03 1.163525610913128394e-02 1.661126019301558472e+02
2.465717583725139320e+03 1.179276720645285742e-02 1.667354549485735618e+02
2.474545105981085271e+03 1.195027830377442743e-02 1.673323850062285203e+02
2.482994949667246146e+03 1.210778940109600091e-02 1.679037758826838456e+02
2.491072747071616504e+03 1.226530049841757092e-02 1.684500084415503522e+02
2.498784135096490900e+03 1.242281159573914440e-02 1.689714638584638635e+02
2.506134749658504006e+03 1.258032269306071441e-02 1.694685232424089634e+02
2.513130220502874181e+03 1.273783379038228789e-02 1.699415672850496151e+02
2.519776166403668867e+03 1.289534488770385789e-02 1.703909759361646650e+02
2.526078190723938860e+03 1.305285598502543137e-02 1.708171281034172466e+02
2.532041877311700318e+03 1.321036708234700485e-02 1.712204013748349212e+02
2.537672786709249522e+03 1.336787817966857486e-02 1.716011717624785149e+02
2.542976452655444064e+03 1.352538927699014834e-02 1.719598134659205471e+02
2.547958378861244000e+03 1.368290037431171835e-02 1.722966986542027996e+02
2.552624036041134787e+03 1.384041147163329183e-02 1.726121972650972509e+02
2.556978859183514487e+03 1.399792256895486184e-02 1.729066768205247513e+02
2.561028245044729829e+03 1.415543366627643532e-02 1.731805022570989081e+02
2.564777549852359243e+03 1.431294476359800533e-02 1.734340357708180136e+02
2.568232083343723843e+03 1.447045586091957881e-02 1.736676364139409827e+02
2.571396750033140961e+03 1.462796695824115228e-02 1.738816358369500676e+02
2.574275786535056341e+03 1.478547805556272229e-02 1.740763205259546282e+02
2.576873373871811964e+03 1.494298915288429577e-02 1.742519732078436903e+02
2.579193704211917520e+03 1.510050025020586578e-02 1.744088773632271625e+02
2.581240977007851598e+03 1.525801134752743926e-02 1.745473169652671572e+02
2.583019395370061829e+03 1.541552244484900927e-02 1.746675762344832492e+02
2.584533162664015890e+03 1.557303354217058275e-02 1.747699394086397717e+02
2.585786479317583598e+03 1.573054463949215276e-02 1.748546905268564444e+02
2.586783539827035383e+03 1.588805573681372624e-02 1.749221132271494810e+02
2.587528529950657230e+03 1.604556683413529972e-02 1.749724905566596647e+02
2.588025624079515183e+03 1.620307793145686973e-02 1.750061047938595209e+02
2.588278982775931127e+03 1.636058902877844320e-02 1.750232372821018885e+02
2.588292750470259762e+03 1.651810012610001321e-02 1.750241682738718794e+02
2.588071053307562124e+03 1.667561122342158669e-02 1.750091767851761801e+02
2.587617997136070244e+03 1.683312232074316017e-02 1.749785404595200475e+02
2.586937665629869571e+03 1.699063341806473018e-02 1.749325354409604074e+02
2.586034118538610528e+03 1.714814451538630366e-02 1.748714362557483923e+02
2.584911390057451172e+03 1.730565561270787367e-02 1.747955157021029038e+02
2.583573487310978180e+03 1.746316671002944715e-02 1.747050447476908914e+02
2.582024388944941620e+03 1.762067780735101716e-02 1.746002924343983125e+02
2.580268043664455490e+03 1.777818890467259064e-02 1.744815257794815011e+02
2.578308333825751561e+03 1.793570000199416065e-02 1.743490073135873217e+02
2.576149032447395712e+03 1.809321109931573412e-02 1.742029921737888571e+02
2.573793874914190837e+03 1.825072219663730760e-02 1.740437329523084884e+02
2.571246569171915780e+03 1.840823329395887761e-02 1.738714803859015774e+02
2.568510794604228977e+03 1.856574439128045109e-02 1.736864832799107035e+02
2.565590200992146038e+03 1.872325548860202110e-02 1.734889884379041405e+02
2.562488407552018089e+03 1.888076658592359458e-02 1.732792405966225999e+02
2.559209002047797185e+03 1.903827768324516459e-02 1.730574823659492552e+02
2.555755539973997202e+03 1.919578878056673807e-02 1.728239541736602121e+02
2.552131543805719502e+03 1.935329987788830808e-02 1.725788942147103455e+02
2.548340502312230910e+03 1.951081097520988156e-02 1.723225384048162709e+02
2.544385869930981244e+03 1.966832207253145504e-02 1.720551203381268408e+02
2.540271066198947665e+03 1.982583316985302505e-02 1.717768712487691687e+02
2.535999475238282685e+03 1.998334426717459852e-02 1.714880199760679318e+02
2.531574445293631015e+03 2.014085536449616853e-02 1.711887929332580427e+02
2.526999288318409981e+03 2.029836646181774201e-02 1.708794140795079102e+02
2.522277279607440505e+03 2.045587755913931202e-02 1.705601048950775862e+02
2.517411657473722698e+03 2.061338865646088550e-02 1.702310843594623293e+02
2.512405622966879946e+03 2.077089975378245551e-02 1.698925689323525319e+02
2.507262339631243321e+03 2.092841085110402899e-02 1.695447725372758612e+02
2.501984933301414458e+03 2.108592194842560247e-02 1.691879065477723145e+02
2.496576491933387842e+03 2.124343304574717248e-02 1.688221797759746039e+02
2.491040065469349884e+03 2.140094414306874596e-02 1.684477984634659435e+02
2.485378665734327569e+03 2.155845524039031597e-02 1.680649662742909243e+02
2.479595266363047358e+03 2.171596633771188944e-02 1.676738842900100224e+02
2.473692805605444391e+03 2.187347743503345945e-02 1.672747511994116394e+02
2.467674495376164032e+03 2.203098853235503293e-02 1.668677841968951725e+02
2.461544076518225665e+03 2.218849962967660294e-02 1.664532362437757058e+02
2.455305269388737543e+03 2.234601072699817642e-02 1.660313589160812171e+02
2.448961707952233610e+03 2.250352182431974990e-02 1.656023979478458443e+02
2.442516941564080298e+03 2.266103292164131991e-02 1.651665933517076610e+02
2.435974436725266514e+03 2.281854401896289339e-02 1.647241795375697961e+02
2.429337578808684611e+03 2.297605511628446340e-02 1.642753854293335110e+02
2.422609673756736356e+03 2.313356621360603688e-02 1.638204345796937957e+02
2.415793949750232059e+03 2.329107731092760689e-02 1.633595452829918884e+02
2.408893558848619705e+03 2.344858840824918036e-02 1.628929306861307964e+02
2.401911578601580459e+03 2.360609950557075037e-02 1.624207988975529418e+02
2.394851013632114245e+03 2.376361060289232385e-02 1.619433530942912967e+02
2.387714797191223170e+03 2.392112170021389733e-02 1.614607916270992689e+02
2.380505792684318294e+03 2.407863279753546734e-02 1.609733081236686303e+02
2.373226795169672187e+03 2.423614389485704082e-02 1.604810915899565202e+02
2.365880532828903142e+03 2.439365499217861083e-02 1.599843265096227185e+02
2.358469668409929909e+03 2.455116608950018431e-02 1.594831929416036473e+02
2.350996800642576545e+03 2.470867718682175432e-02 1.589778666158377121e+02
2.343464465627072059e+03 2.486618828414332780e-02 1.584685190271580666e+02
2.335875138195770887e+03 2.502369938146489781e-02 1.579553175273740635e+02
2.328231233248370700e+03 2.518121047878647129e-02 1.574384254155601752e+02
2.320535107061020881e+03 2.533872157610804476e-02 1.569180020265803535e+02
2.312789058569494955e+03 2.549623267342961477e-02 1.563942028178578028e+02
2.304995330626964460e+03 2.565374377075118825e-02 1.558671794544279123e+02
2.297156111236548441e+03 2.581125486807275826e-02 1.553370798922842084e+02
2.289273534759038284e+03 2.596876596539433174e-02 1.548040484600473690e+02
2.281349683096309946e+03 2.612627706271590175e-02 1.542682259389887918e+02
2.273386586850482672e+03 2.628378816003747523e-02 1.537297496414148839e+02
2.265386226459470436e+03 2.644129925735904524e-02 1.531887534874544201e+02
2.257350533309242110e+03 2.659881035468061872e-02 1.526453680802714530e+02
2.249281390822952744e+03 2.675632145200219220e-02 1.520997207797142039e+02
2.241180644341941388e+03 2.691383254932376221e-02 1.515519363704819966e+02
2.233050543020317946e+03 2.707134364664533568e-02 1.510021669436885929e+02
2.224893919518739949e+03 2.722885474396690569e-02 1.504506040480201818e+02
2.216713560010763558e+03 2.738636584128847917e-02 1.498974360886366242e+02
2.208512153378430412e+03 2.754387693861004918e-02 1.493428448917022990e+02
2.200292294054117065e+03 2.770138803593162266e-02 1.487870058965558258e+02
2.192056484792251013e+03 2.785889913325319267e-02 1.482300883431382488e+02
2.183807139371827361e+03 2.801641023057476615e-02 1.476722554547406503e+02
2.175546585230720211e+03 2.817392132789633963e-02 1.471136646161402268e+02
2.167277066032821949e+03 2.833143242521790964e-02 1.465544675471942639e+02
2.159000744169121845e+03 2.848894352253948312e-02 1.459948104719667015e+02
2.150719703193833539e+03 2.864645461986105313e-02 1.454348342834623509e+02
2.142435950196701015e+03 2.880396571718262660e-02 1.448746747040461855e+02
2.134151418112667670e+03 2.896147681450419661e-02 1.443144624416262332e+02
2.125867967970065820e+03 2.911898791182577009e-02 1.437543233416795374e+02
2.117587391078594010e+03 2.927649900914734010e-02 1.431943785352064822e+02
2.109311411158142619e+03 2.943401010646891358e-02 1.426347445826850731e+02
2.101041686409867907e+03 2.959152120379048706e-02 1.420755336141198768e+02
2.092779811530586812e+03 2.974903230111205707e-02 1.415168534652587198e+02
2.084527319671799887e+03 2.990654339843363055e-02 1.409588078100643713e+02
2.076285684344481979e+03 3.006405449575520056e-02 1.404014962895193435e+02
2.068056321270919398e+03 3.022156559307677404e-02 1.398450146368498679e+02
2.059840590184754546e+03 3.037907669039834405e-02 1.392894547992477783e+02
2.051639796580474922e+03 3.053658778771991752e-02 1.387349050561733748e+02
2.043455193413483130e+03 3.069409888504148753e-02 1.381814501343164068e+02
2.035287982751978689e+03 3.085160998236306101e-02 1.376291713192991324e+02
2.027139317381757337e+03 3.100912107968463102e-02 1.370781465641952934e+02
2.019010302365142479e+03 3.116663217700620450e-02 1.365284505949466904e+02
2.010901996555106507e+03 3.132414327432777451e-02 1.359801550127511405e+02
2.002815414065787536e+03 3.148165437164934799e-02 1.354333283935002328e+02
1.994751525700430420e+03 3.163916546897092147e-02 1.348880363843395855e+02
1.986711260337856856e+03 3.179667656629248801e-02 1.343443417974231693e+02
1.978695506278571202e+03 3.195418766361406149e-02 1.338023047009395725e+02
1.970705112551494040e+03 3.211169876093563497e-02 1.332619825074750963e+02
1.962740890182378052e+03 3.226920985825720151e-02 1.327234300597855849e+02
1.954803613424927335e+03 3.242672095557877499e-02 1.321866997140470801e+02
1.946894020955594897e+03 3.258423205290034846e-02 1.316518414206493617e+02
1.939012817033034935e+03 3.274174315022192194e-02 1.311189028026000187e+02
1.931160672623137998e+03 3.289925424754349542e-02 1.305879292316007820e+02
1.923338226590197110e+03 3.305676534486506196e-02 1.300589639085962972e+02
1.915546194968696909e+03 3.321427644218663544e-02 1.295320552528930591e+02
1.907785570602556618e+03 3.337178753950820892e-02 1.290072704020592482e+02
1.900057354529754775e+03 3.352929863682978240e-02 1.284846770477576001e+02
1.892362499338028783e+03 3.368680973415134894e-02 1.279643396053740076e+02
1.884701910796791253e+03 3.384432083147292242e-02 1.274463193243702932e+02
1.877076449441313116e+03 3.400183192879449590e-02 1.269306743954090848e+02
1.869486932110524549e+03 3.415934302611606938e-02 1.264174600543419444e+02
1.861934133439324114e+03 3.431685412343764285e-02 1.259067286831218127e+02
1.854418787306753302e+03 3.447436522075920939e-02 1.253985299077303637e+02
1.846941588240946658e+03 3.463187631808078287e-02 1.248929106931831541e+02
1.839503192782013002e+03 3.478938741540235635e-02 1.243899154356894172e+02
1.832104220803968246e+03 3.494689851272392983e-02 1.238895860520431427e+02
1.824745256796623835e+03 3.510440961004549637e-02 1.233919620663062773e+02
1.817426851108678193e+03 3.526192070736706985e-02 1.228970806938684888e+02
1.810149521152846091e+03 3.541943180468864333e-02 1.224049769229397384e+02
1.802913752574123009e+03 3.557694290201021681e-02 1.219156835935498719e+02
1.795720000382134231e+03 3.573445399933179029e-02 1.214292314741200016e+02
1.788568690048597773e+03 3.589196509665335683e-02 1.209456493356744033e+02
1.781460218570727420e+03 3.604947619397493030e-02 1.204649640237495305e+02
1.774394955501662253e+03 3.620698729129650378e-02 1.199872005280728757e+02
1.767373243948672553e+03 3.636449838861807726e-02 1.195123820500634508e+02
1.760395401540197099e+03 3.652200948593964380e-02 1.190405300682241716e+02
1.753461721362419212e+03 3.667952058326121728e-02 1.185716644014745214e+02
1.746572472866377439e+03 3.683703168058279076e-02 1.181058032704904974e+02
1.739727902746354857e+03 3.699454277790436424e-02 1.176429633571030280e+02
1.732928235790413510e+03 3.715205387522593772e-02 1.171831598618118875e+02
1.726173675703852268e+03 3.730956497254750426e-02 1.167264065594694813e+02
1.719464405906337106e+03 3.746707606986907774e-02 1.162727158531836977e+02
1.712800590303550962e+03 3.762458716719065122e-02 1.158220988264983760e+02
1.706182374033977112e+03 3.778209826451222469e-02 1.153745652938914930e+02
1.699609884191685751e+03 3.793960936183379123e-02 1.149301238496512525e+02
1.693083230525709496e+03 3.809712045915536471e-02 1.144887819151689428e+02
1.686602506116747008e+03 3.825463155647693819e-02 1.140505457846984712e+02
1.680167788031853206e+03 3.841214265379851167e-02 1.136154206696276248e+02
1.673779137957839566e+03 3.856965375112008515e-02 1.131834107413095012e+02
1.667436602813852005e+03 3.872716484844165169e-02 1.127545191724857574e+02
1.661140215343943737e+03 3.888467594576322517e-02 1.123287481773576388e+02
1.654889994690125604e+03 3.904218704308479865e-02 1.119060990503359818e+02
1.648685946946476861e+03 3.919969814040637213e-02 1.114865722035114572e+02
1.642528065695005807e+03 3.935720923772793867e-02 1.110701672028900617e+02
1.636416332523619531e+03 3.951472033504951215e-02 1.106568828034188385e+02
1.630350717526978997e+03 3.967223143237108562e-02 1.102467169828548776e+02
1.624331179790574197e+03 3.982974252969265910e-02 1.098396669744985843e+02
1.618357667858582545e+03 3.998725362701423258e-02 1.094357292988314896e+02
1.612430120186117620e+03 4.014476472433579912e-02 1.090348997940977824e+02
1.606548465576157014e+03 4.030227582165737260e-02 1.086371736458498560e+02
1.600712623601799351e+03 4.045978691897894608e-02 1.082425454155022067e+02
1.594922505014211083e+03 4.061729801630051956e-02 1.078510090679172748e+02
1.589178004958974725e+03 4.077480911362208610e-02 1.074625575126848389e+02
1.583478962392451194e+03 4.093232021094365958e-02 1.070771798597968854e+02
1.577825190663634203e+03 4.108983130826523306e-02 1.066948634876374058e+02
1.572216498466885241e+03 4.124734240558680654e-02 1.063155954598372688e+02
1.566652690164255091e+03 4.140485350290838001e-02 1.059393625470702887e+02
1.561133566030473048e+03 4.156236460022994655e-02 1.055661512436194016e+02
1.555658922489100405e+03 4.171987569755152003e-02 1.051959477833460284e+02
1.550228552340002580e+03 4.187738679487309351e-02 1.048287381550717470e+02
1.544842244978552117e+03 4.203489789219466699e-02 1.044645081174015502e+02
1.539499786606691487e+03 4.219240898951623353e-02 1.041032432129957925e+02
1.534200960436287005e+03 4.234992008683780701e-02 1.037449287823216082e+02
1.528945546884895521e+03 4.250743118415938049e-02 1.033895499768907627e+02
1.523733323764280840e+03 4.266494228148095397e-02 1.030370917720073720e+02
1.518564066461883385e+03 4.282245337880252745e-02 1.026875389790393740e+02
1.513437548115475010e+03 4.297996447612409399e-02 1.023408762572286861e+02
1.508353539781251129e+03 4.313747557344566746e-02 1.019970881250580561e+02
1.503311810595569341e+03 4.329498667076724094e-02 1.016561589711879066e+02
1.498312127930517363e+03 4.345249776808881442e-02 1.013180730649761898e+02
1.493354257543599033e+03 4.361000886541038096e-02 1.009828145666001973e+02
1.488437963721614096e+03 4.376751996273195444e-02 1.006503675367862201e+02
1.483563009419051468e+03 4.392503106005352792e-02 1.003207159461675957e+02
1.478729156391082824e+03 4.408254215737510140e-02 9.999384368427814707e+01
1.473936165321430963e+03 4.424005325469667488e-02 9.966973456819862065e+01
1.469183795945175689e+03 4.439756435201824142e-02 9.934837235086125418e+01
1.464471807166758708e+03 4.455507544933981490e-02 9.902974072902931368e+01
1.459799957173345547e+03 4.471258654666138838e-02 9.871382335096268434e+01
1.455168003543624081e+03 4.487009764398296185e-02 9.840060382377521364e+01
1.450575703352287292e+03 4.502760874130452839e-02 9.809006572049969463e+01
1.446022813270301867e+03 4.518511983862610187e-02 9.778219258686863213e+01
1.441509089661093640e+03 4.534263093594767535e-02 9.747696794781793983e+01
1.437034288672829916e+03 4.550014203326924883e-02 9.717437531372753767e+01
1.432598166326922183e+03 4.565765313059082231e-02 9.687439818640582700e+01
1.428200478602810790e+03 4.581516422791238885e-02 9.657702006482315937e+01
1.423840981519299021e+03 4.597267532523396233e-02 9.628222445061169310e+01
1.419519431212392192e+03 4.613018642255553581e-02 9.598999485332880965e+01
1.415235584009916238e+03 4.628769751987710929e-02 9.570031479550330289e+01
1.410989196502887808e+03 4.644520861719867583e-02 9.541316781746101583e+01
1.406780025613870976e+03 4.660271971452024931e-02 9.512853748194780223e+01
1.402607828662336942e+03 4.676023081184182278e-02 9.484640737854881820e+01
1.398472363427164055e+03 4.691774190916339626e-02 9.456676112791501509e+01
1.394373388206391837e+03 4.707525300648496974e-02 9.428958238580385398e+01
1.390310661874296102e+03 4.723276410380653628e-02 9.401485484693859007e+01
1.386283943935892012e+03 4.739027520112810976e-02 9.374256224869424159e+01
1.382292994578992193e+03 4.754778629844968324e-02 9.347268837461733426e+01
1.378337574723793296e+03 4.770529739577125672e-02 9.320521705777950672e+01
1.374417446070231563e+03 4.786280849309282326e-02 9.294013218397932974e+01
1.370532371143071487e+03 4.802031959041439674e-02 9.267741769479171410e+01
1.366682113334845326e+03 4.817783068773597022e-02 9.241705759047107449e+01
1.362866436946724662e+03 4.833534178505754370e-02 9.215903593271549710e+01
1.359085107227407434e+03 4.849285288237911717e-02 9.190333684729617403e+01
1.355337890410048431e+03 4.865036397970068371e-02 9.164994452655466262e+01
1.351624553747346226e+03 4.880787507702225719e-02 9.139884323177560077e+01
1.347944865544834556e+03 4.896538617434383067e-02 9.115001729543793374e+01
1.344298595192461335e+03 4.912289727166540415e-02 9.090345112335020872e+01
1.340685513194476471e+03 4.928040836898697069e-02 9.065912919667179892e+01
1.337105391197712379e+03 4.943791946630854417e-02 9.041703607382517305e+01
1.333558002018353136e+03 4.959543056363011765e-02 9.017715639230605973e+01
1.330043119667189103e+03 4.975294166095169113e-02 8.993947487039116595e+01
1.326560519373408169e+03 4.991045275827326461e-02 8.970397630874720107e+01
1.323109974981007326e+03 5.006796385559483115e-02 8.947064541437197249e+01
1.319691176909474962e+03 5.022547495291640463e-02 8.923946125297543119e+01
1.316303718749799600e+03 5.038298605023797810e-02 8.901039634258148681e+01
1.312947194880905954e+03 5.054049714755955158e-02 8.878342325449560235e+01
1.309621206382488481e+03 5.069800824488111812e-02 8.855851501313915719e+01
1.306325360900385022e+03 5.085551934220269160e-02 8.833564508694571771e+01
1.303059272515121393e+03 5.101303043952426508e-02 8.811478737947199136e+01
1.299822561613479820e+03 5.117054153684583856e-02 8.789591622071297650e+01
1.296614854763211724e+03 5.132805263416741204e-02 8.767900635863016134e+01
1.293435784590541971e+03 5.148556373148897858e-02 8.746403295086756202e+01
1.290284989660579640e+03 5.164307482881055206e-02 8.725097155666553306e+01
1.287162114360517307e+03 5.180058592613212554e-02 8.703979812896223223e+01
1.284066808785510148e+03 5.195809702345369901e-02 8.683048900667664327e+01
1.280998728627167566e+03 5.211560812077526555e-02 8.662302090716822534e+01
1.277957535064636659e+03 5.227311921809683903e-02 8.641737091887181066e+01
1.274942894658148816e+03 5.243063031541841251e-02 8.621351649409916718e+01
1.271954479212955448e+03 5.258814141273998599e-02 8.601143543983795325e+01
1.268991956845152117e+03 5.274565251006155947e-02 8.581110531360964444e+01
1.266054980193842766e+03 5.290316360738312601e-02 8.561250262635884667e+01
1.263143204692423524e+03 5.306067470470469949e-02 8.541560407798421295e+01
1.260256291513212773e+03 5.321818580202627297e-02 8.522038675645887906e+01
1.257393907452318899e+03 5.337569689934784645e-02 8.502682813004490470e+01
1.254555724817216515e+03 5.353320799666941299e-02 8.483490603969094934e+01
1.251741421316952255e+03 5.369071909399098647e-02 8.464459869160813810e+01
1.248950679954943098e+03 5.384823019131255994e-02 8.445588465002050782e+01
1.246183188924214846e+03 5.400574128863413342e-02 8.426874283008123712e+01
1.243438641505137639e+03 5.416325238595570690e-02 8.408315249095714705e+01
1.240716735965490898e+03 5.432076348327727344e-02 8.389909322907108447e+01
1.238017175462827936e+03 5.447827458059884692e-02 8.371654497149950203e+01
1.235339667949100658e+03 5.463578567792042040e-02 8.353548796952318867e+01
1.232683926077451133e+03 5.479329677524199388e-02 8.335590279232435762e+01
1.230049667111153440e+03 5.495080787256356042e-02 8.317777032082919675e+01
1.227436612834595962e+03 5.510831896988513390e-02 8.300107174168820734e+01
1.224844489448840932e+03 5.526583006720670738e-02 8.282578854021400616e+01
1.222273001864766456e+03 5.542334116452828086e-02 8.265190076204535785e+01
1.219721783347414657e+03 5.558085226184985433e-02 8.247938360802433522e+01
1.217190459679966125e+03 5.573836335917142087e-02 8.230821177305834624e+01
1.214678663611622596e+03 5.589587445649299435e-02 8.213836042310745711e+01
1.212186034710623744e+03 5.605338555381456783e-02 8.196980518524522097e+01
1.209712219220954921e+03 5.621089665113614131e-02 8.180252213796872240e+01
1.207256869922630813e+03 5.636840774845770785e-02 8.163648780175117281e+01
1.204819645995490191e+03 5.652591884577928133e-02 8.147167912983123017e+01
1.202400212886329655e+03 5.668342994310085481e-02 8.130807349922854144e+01
1.199998242179367708e+03 5.684094104042242829e-02 8.114564870198417168e+01
1.197613411469880930e+03 5.699845213774400177e-02 8.098438293661584453e+01
1.195245404240929702e+03 5.715596323506556831e-02 8.082425479978186900e+01
1.192893909743120275e+03 5.731347433238714179e-02 8.066524327815051265e+01
1.190558622877282232e+03 5.747098542970871526e-02 8.050732774046646512e+01
1.188239244079986975e+03 5.762849652703028874e-02 8.035048792980944654e+01
1.185935479211828351e+03 5.778600762435185528e-02 8.019470395603957513e+01
1.183647039448428814e+03 5.794351872167342876e-02 8.003995628842697840e+01
1.181373641129254111e+03 5.810102981899500224e-02 7.988622574542853272e+01
1.179114980863876326e+03 5.825854091631657572e-02 7.973349181133657737e+01
1.176870695133431127e+03 5.841605201363814920e-02 7.958172990447008033e+01
1.174640416706082078e+03 5.857356311095971574e-02 7.943091519207133899e+01
1.172423785499943733e+03 5.873107420828128922e-02 7.928102332487286219e+01
1.170220448437580899e+03 5.888858530560286270e-02 7.913203042725841385e+01
1.168030059304193173e+03 5.904609640292443618e-02 7.898391308767318719e+01
1.165852278609340829e+03 5.920360750024600272e-02 7.883664834927364495e+01
1.163686773452185662e+03 5.936111859756757619e-02 7.869021370081475197e+01
1.161533217390053778e+03 5.951862969488914967e-02 7.854458706776202348e+01
1.159391290310330760e+03 5.967614079221072315e-02 7.839974680362900017e+01
1.157260678305441843e+03 5.983365188953229663e-02 7.825567168152298336e+01
1.155141073551010322e+03 5.999116298685386317e-02 7.811234088590633462e+01
1.153032174186904740e+03 6.014867408417543665e-02 7.796973400455227932e+01
1.150933684201273536e+03 6.030618518149701013e-02 7.782783102070338543e+01
1.148845313317350701e+03 6.046369627881858361e-02 7.768661230541719931e+01
1.146766776882997192e+03 6.062120737614015015e-02 7.754605861009676460e+01
1.144697795762915348e+03 6.077871847346172363e-02 7.740615105920211647e+01
1.142638096233437182e+03 6.093622957078329710e-02 7.726687114313563143e+01
1.140587409603953120e+03 6.109374066810487058e-02 7.712820069264252254e+01
1.138545442317759807e+03 6.125125176542643712e-02 7.699011985698606964e+01
1.136511850112310867e+03 6.140876286274801060e-02 7.685260535662585824e+01
1.134486289439778602e+03 6.156627396006958408e-02 7.671563396035168125e+01
1.132468423715436302e+03 6.172378505739115756e-02 7.657918290780857262e+01
1.130457923187492042e+03 6.188129615471273104e-02 7.644322990069463231e+01
1.128454464810211903e+03 6.203880725203429758e-02 7.630775309418152119e+01
1.126457732120139099e+03 6.219631834935587106e-02 7.617273108854412556e+01
1.124467415115385393e+03 6.235382944667744454e-02 7.603814292099812633e+01
1.122483210137874948e+03 6.251134054399902495e-02 7.590396805773717404e+01
1.120504819758466056e+03 6.266885164132059149e-02 7.577018638616461033e+01
1.118531952664834535e+03 6.282636273864215803e-02 7.563677820731196277e+01
1.116564323552044470e+03 6.298387383596373845e-02 7.550372422843922493e+01
1.114601653015770580e+03 6.314138493328530499e-02 7.537100555581433525e+01
1.112643667447997359e+03 6.329889603060687153e-02 7.523860368766032991e+01
1.110690098935241167e+03 6.345640712792845195e-02 7.510650050727277005e+01
1.108740685159099712e+03 6.361391822525001849e-02 7.497467827629493797e+01
1.106795169299152349e+03 6.377142932257158503e-02 7.484311962815165487e+01
1.104853299938081591e+03 6.392894041989316545e-02 7.471180756163360570e+01
1.102914830968996057e+03 6.408645151721473199e-02 7.458072543463028126e+01
1.100979520692514825e+03 6.424396261453631241e-02 7.444985690307355242e+01
1.099047103923175882e+03 6.440147371185787895e-02 7.431918403473181911e+01
1.097117285681447356e+03 6.455898480917944549e-02 7.418868688265469302e+01
1.095189775129256304e+03 6.471649590650102590e-02 7.405834577994320966e+01
1.093264287724118503e+03 6.487400700382259244e-02 7.392814148541557984e+01
1.091340545115341911e+03 6.503151810114417286e-02 7.379805517658788006e+01
1.089418275042662117e+03 6.518902919846573940e-02 7.366806844282005784e+01
1.087497211237222018e+03 6.534654029578730594e-02 7.353816327861979119e+01
1.085577093324821362e+03 6.550405139310888636e-02 7.340832207710015211e+01
1.083657666731393647e+03 6.566156249043045290e-02 7.327852762358774896e+01
1.081738682590577127e+03 6.581907358775203332e-02 7.314876308937262195e+01
1.079819897653405405e+03 6.597658468507359986e-02 7.301901202560138415e+01
1.077901074199937057e+03 6.613409578239516640e-02 7.288925835730140079e+01
1.075981979952901384e+03 6.629160687971674681e-02 7.275948637754154902e+01
1.074062387993167249e+03 6.644911797703831335e-02 7.262968074171590160e+01
1.072142076677044088e+03 6.660662907435987989e-02 7.249982646195165614e+01
1.070220829555383716e+03 6.676414017168146031e-02 7.236990890163856704e+01
1.068298435294355841e+03 6.692165126900302685e-02 7.223991377007170911e+01
1.066374687597892944e+03 6.707916236632460727e-02 7.210982711720720317e+01
1.064449385131759982e+03 6.723667346364617381e-02 7.197963532852743640e+01
1.062522331449156127e+03 6.739418456096774035e-02 7.184932512001043392e+01
1.060593334010400667e+03 6.755169565828932077e-02 7.171888347183936219e+01
1.058662188854678561e+03 6.770920675561088731e-02 7.158829659188346284e+01
1.056728683143317994e+03 6.786671785293246772e-02 7.145755008767825700e+01
1.054792608838867864e+03 6.802422895025403426e-02 7.132662989142487220e+01
1.052853763094207579e+03 6.818174004757560080e-02 7.119552228630222146e+01
1.050911948177861859e+03 6.833925114489718122e-02 7.106421390141665029e+01
1.048966971400729108e+03 6.849676224221874776e-02 7.093269170684736480e+01
1.047018645044285904e+03 6.865427333954032818e-02 7.080094300879120794e+01
1.045066786290185519e+03 6.881178443686189472e-02 7.066895544480242108e+01
1.043111217151184064e+03 6.896929553418346126e-02 7.053671697912130867e+01
1.041151764403402694e+03 6.912680663150504168e-02 7.040421589809399450e+01
1.039188259519824214e+03 6.928431772882660822e-02 7.027144080567539675e+01
1.037220538605036836e+03 6.944182882614817476e-02 7.013838061901641652e+01
1.035248442331142769e+03 6.959933992346975518e-02 7.000502456412981189e+01
1.033271815874840286e+03 6.975685102079132172e-02 6.987136217163592278e+01
1.031290508855602184e+03 6.991436211811290213e-02 6.973738327258196534e+01
1.029304375274940639e+03 7.007187321543446867e-02 6.960307799433515186e+01
1.027313273456692741e+03 7.022938431275603521e-02 6.946843675654466210e+01
1.025317065988361492e+03 7.038689541007761563e-02 6.933345026717509541e+01
1.023315619663406778e+03 7.054440650739918217e-02 6.919810951860392834e+01
1.021308805424472894e+03 7.070191760472076259e-02 6.906240578378265127e+01
1.019296498307571824e+03 7.085942870204232913e-02 6.892633061246240800e+01
1.017278577805877376e+03 7.101693979936389567e-02 6.878987585579405106e+01
1.015254932983073104e+03 7.117445089668547609e-02 6.865303401210050538e+01
1.013225460687997270e+03 7.133196199400704263e-02 6.851579810614819621e+01
1.011190061523454460e+03 7.148947309132862304e-02 6.837816141655245872e+01
1.009148639709258987e+03 7.164698418865018958e-02 6.824011746651596866e+01
1.007101103033721756e+03 7.180449528597175612e-02 6.810166002054856449e+01
1.005047362805820853e+03 7.196200638329333654e-02 6.796278308123257261e+01
1.002987333808071867e+03 7.211951748061490308e-02 6.782348088603632164e+01
1.000920934250014398e+03 7.227702857793646962e-02 6.768374790416835651e+01
9.988480857223585190e+02 7.243453967525805004e-02 6.754357883347695690e+01
9.967687131517219541e+02 7.259205077257961658e-02 6.740296859738944590e+01
9.946827447559794564e+02 7.274956186990119700e-02 6.726191234189279555e+01
9.925901120001880145e+02 7.290707296722276354e-02 6.712040543255325531e+01
9.904907495530555934e+02 7.306458406454433008e-02 6.697844345157251666e+01
9.883845952439830853e+02 7.322209516186591050e-02 6.683602219488325602e+01
9.862715900206204651e+02 7.337960625918747704e-02 6.669313766927839993e+01
9.841516779069463610e+02 7.353711735650905745e-02 6.654978608957701169e+01
9.820248059618356820e+02 7.369462845383062399e-02 6.640596387582225191e+01
9.798909242381326976e+02 7.385213955115219053e-02 6.626166765051384289e+01
9.777499857421864817e+02 7.400965064847377095e-02 6.611689423587195336e+01
9.756019463938467879e+02 7.416716174579533749e-02 6.597164065113180698e+01
9.734467649869126262e+02 7.432467284311691791e-02 6.582590410986944107e+01
9.712844031500289930e+02 7.448218394043848445e-02 6.567968201735732237e+01
9.691148269460993561e+02 7.463969503776005099e-02 6.553297207871898422e+01
9.669380319004458215e+02 7.479720613508163141e-02 6.538577399137010104e+01
9.647540373901940711e+02 7.495471723240319795e-02 6.523808906562045706e+01
9.625628650321027635e+02 7.511222832972476449e-02 6.508991876322714631e+01
9.603645380081757139e+02 7.526973942704634490e-02 6.494126465179138563e+01
9.581590810399313796e+02 7.542725052436791144e-02 6.479212840301865128e+01
9.559465203629832786e+02 7.558476162168949186e-02 6.464251179099979083e+01
9.537268837017641090e+02 7.574227271901105840e-02 6.449241669050179837e+01
9.515002002445538665e+02 7.589978381633262494e-02 6.434184507527912444e+01
9.492665006186730352e+02 7.605729491365420536e-02 6.419079901639632624e+01
9.470258168659313469e+02 7.621480601097577190e-02 6.403928068056778500e+01
9.447781824182749233e+02 7.637231710829735232e-02 6.388729232851088113e+01
9.425236320736609059e+02 7.652982820561891886e-02 6.373483631331477284e+01
9.402622019721312654e+02 7.668733930294048540e-02 6.358191507882233395e+01
9.379939295721056851e+02 7.684485040026206581e-02 6.342853115802710562e+01
9.357188536268726011e+02 7.700236149758363235e-02 6.327468717148347110e+01
9.334370141612942007e+02 7.715987259490521277e-02 6.312038582573159573e+01
9.311484524486950249e+02 7.731738369222677931e-02 6.296562991173450285e+01
9.288532109879743075e+02 7.747489478954834585e-02 6.281042230333032705e+01
9.265513334808949821e+02 7.763240588686992627e-02 6.265476595569666074e+01
9.242428648095702783e+02 7.778991698419149281e-02 6.249866390382812398e+01
9.219278510141482457e+02 7.794742808151305935e-02 6.234211926102731383e+01
9.196063392706935247e+02 7.810493917883463977e-02 6.218513521740923267e+01
9.172783778692356691e+02 7.826245027615620631e-02 6.202771503841678680e+01
9.149440167763076488e+02 7.841996137347778673e-02 6.186986210286056576e+01
9.126033388487186357e+02 7.857747247079935327e-02 6.171158201364006146e+01
9.102564746789657875e+02 7.873498356812091981e-02 6.155288360161224404e+01
9.079035579851872626e+02 7.889249466544250022e-02 6.139377590899459847e+01
9.055447216532638777e+02 7.905000576276406676e-02 6.123426792172612210e+01
9.031800977349090545e+02 7.920751686008564718e-02 6.107436856933820479e+01
9.008098174458573340e+02 7.936502795740721372e-02 6.091408672483206033e+01
8.984340111641987505e+02 7.952253905472878026e-02 6.075343120456620483e+01
8.960528084287891488e+02 7.968005015205036068e-02 6.059241076814888061e+01
8.936663379378122727e+02 7.983756124937192722e-02 6.043103411834081840e+01
8.912747275474205253e+02 7.999507234669350764e-02 6.026930990096339968e+01
8.888781042705039681e+02 8.015258344401507418e-02 6.010724670481531717e+01
8.864765942755607284e+02 8.031009454133664072e-02 5.994485306159628379e+01
8.840703228856804117e+02 8.046760563865822113e-02 5.978213744583816691e+01
8.816594145776109599e+02 8.062511673597978767e-02 5.961910827484204844e+01
8.792439929809625028e+02 8.078262783330135421e-02 5.945577390862423783e+01
8.768241808774871515e+02 8.094013893062293463e-02 5.929214264986772776e+01
8.744001002004670227e+02 8.109765002794450117e-02 5.912822274388062738e+01
8.719718720341980998e+02 8.125516112526608159e-02 5.896402237856136708e+01
8.695396166135801650e+02 8.141267222258764813e-02 5.879954968437098017e+01
8.671034533237950654e+02 8.157018331990921467e-02 5.863481273431133900e+01
8.646635007000827500e+02 8.172769441723079509e-02 5.846981954390993508e+01
8.622198764275951817e+02 8.188520551455236163e-02 5.830457807121011626e+01
8.597726973413832638e+02 8.204271661187394205e-02 5.813909621677010620e+01
8.573220794264120741e+02 8.220022770919550859e-02 5.797338182366407011e+01
8.548681378177300303e+02 8.235773880651707513e-02 5.780744267749363274e+01
8.524109982613094871e+02 8.251524990383865554e-02 5.764128728138658175e+01
8.499508519602799197e+02 8.267276100116022208e-02 5.747492856478026368e+01
8.474879114457326068e+02 8.283027209848178862e-02 5.730838089934001545e+01
8.450223861130007208e+02 8.298778319580336904e-02 5.714165844468681144e+01
8.425544822149971651e+02 8.314529429312493558e-02 5.697477514794636022e+01
8.400844028894101712e+02 8.330280539044651600e-02 5.680774474558832310e+01
8.376123481860054198e+02 8.346031648776808254e-02 5.664058076527263097e+01
8.351385150940142239e+02 8.361782758508964908e-02 5.647329652770116581e+01
8.326630975696256201e+02 8.377533868241122950e-02 5.630590514847717998e+01
8.301862865635554272e+02 8.393284977973279604e-02 5.613841953996930556e+01
8.277082700486597560e+02 8.409036087705437645e-02 5.597085241317897442e+01
8.252292330476292364e+02 8.424787197437594299e-02 5.580321627961306064e+01
8.227493576607085970e+02 8.440538307169750953e-02 5.563552345315833492e+01
8.202688230934480771e+02 8.456289416901908995e-02 5.546778605195807188e+01
8.177878056845029278e+02 8.472040526634065649e-02 5.530001600029188324e+01
8.153064789334131319e+02 8.487791636366223691e-02 5.513222503045423650e+01
8.128250135284259841e+02 8.503542746098380345e-02 5.496442468463577313e+01
8.103435773742772881e+02 8.519293855830536999e-02 5.479662631680211859e+01
8.078623356199982481e+02 8.535044965562695041e-02 5.462884109457400683e+01
8.053814506866750662e+02 8.550796075294851695e-02 5.446108000110449865e+01
8.029010822951842101e+02 8.566547185027008349e-02 5.429335383695455164e+01
8.004213874939146081e+02 8.582298294759166390e-02 5.412567322196755981e+01
7.979425206864209486e+02 8.598049404491323044e-02 5.395804859713930313e+01
7.954646336590319606e+02 8.613800514223481086e-02 5.379049022648491984e+01
7.929878756084151519e+02 8.629551623955637740e-02 5.362300819890280934e+01
7.905123931690563950e+02 8.645302733687794394e-02 5.345561243003290031e+01
7.880383304572243333e+02 8.661053843419952436e-02 5.328831266522958998e+01
7.855658512078795184e+02 8.676804953152109090e-02 5.312111997649206074e+01
7.830951816200783924e+02 8.692556062884267132e-02 5.295404965973370537e+01
7.806265554459648683e+02 8.708307172616423786e-02 5.278711752161877513e+01
7.781602017108618838e+02 8.724058282348580440e-02 5.262033904917700511e+01
7.756963447713476398e+02 8.739809392080738482e-02 5.245372941373064890e+01
7.732352043732971651e+02 8.755560501812895136e-02 5.228730347481944563e+01
7.707769957098079203e+02 8.771311611545053177e-02 5.212107578411769282e+01
7.683219294790309277e+02 8.787062721277209831e-02 5.195506058934464022e+01
7.658702119418636585e+02 8.802813831009366485e-02 5.178927183816600888e+01
7.634220449794922843e+02 8.818564940741524527e-02 5.162372318208497290e+01
7.609776261507778372e+02 8.834316050473681181e-02 5.145842798032273180e+01
7.585371487494221583e+02 8.850067160205837835e-02 5.129339930368408318e+01
7.561008018609641113e+02 8.865818269937995877e-02 5.112864993841176897e+01
7.536687704195194328e+02 8.881569379670152531e-02 5.096419239002297985e+01
7.512412352642993483e+02 8.897320489402310573e-02 5.080003888713162752e+01
7.488183731958616818e+02 8.913071599134467227e-02 5.063620138525185155e+01
7.464003570320957124e+02 8.928822708866623881e-02 5.047269157058384081e+01
7.439873556639215622e+02 8.944573818598781922e-02 5.030952086378042765e+01
7.415795341106787646e+02 8.960324928330938576e-02 5.014670042369240832e+01
7.391770535752214073e+02 8.976076038063096618e-02 4.998424115109419574e+01
7.367800714986719868e+02 8.991827147795253272e-02 4.982215369238642211e+01
7.343887416148336342e+02 9.007578257527409926e-02 4.966044844327534236e+01
7.320032140042821993e+02 9.023329367259567968e-02 4.949913555243048791e+01
7.296236351480595204e+02 9.039080476991724622e-02 4.933822492511570346e+01
7.272501479810320006e+02 9.054831586723882664e-02 4.917772622679720484e+01
7.248828919448483248e+02 9.070582696456039318e-02 4.901764888672464338e+01
7.225220030405189391e+02 9.086333806188195972e-02 4.885800210148669720e+01
7.201676138805943310e+02 9.102084915920354014e-02 4.869879483853934232e+01
7.178198643590021675e+02 9.117836025652510668e-02 4.854003655771605708e+01
7.154789394240084448e+02 9.133587135384667322e-02 4.838173976549099820e+01
7.131450332999511375e+02 9.149338245116825363e-02 4.822391759559994995e+01
7.108183353478469826e+02 9.165089354848982017e-02 4.806658285291387500e+01
7.084990301412519784e+02 9.180840464581140059e-02 4.790974801856840060e+01
7.061872975428889276e+02 9.196591574313296713e-02 4.775342525514582803e+01
7.038833127807835126e+02 9.212342684045453367e-02 4.759762641182338427e+01
7.015872465238326185e+02 9.228093793777611409e-02 4.744236302948322503e+01
6.992992649568836896e+02 9.243844903509768063e-02 4.728764634578953263e+01
6.970195298552004033e+02 9.259596013241926105e-02 4.713348730022393340e+01
6.947481986583902653e+02 9.275347122974082759e-02 4.697989653908459218e+01
6.924854245437104510e+02 9.291098232706239413e-02 4.682688442044322841e+01
6.902313564987907739e+02 9.306849342438397454e-02 4.667446101906288192e+01
6.879861393937370622e+02 9.322600452170554108e-02 4.652263613127347952e+01
6.857499140525852681e+02 9.338351561902712150e-02 4.637141927980373168e+01
6.835228173241397371e+02 9.354102671634868804e-02 4.622081971857141269e+01
6.813049821521445892e+02 9.369853781367025458e-02 4.607084643742827268e+01
6.790965376448010602e+02 9.385604891099183500e-02 4.592150816686109494e+01
6.768976091436087472e+02 9.401356000831340154e-02 4.577281338264670296e+01
6.747083182915425823e+02 9.417107110563496808e-02 4.562477031046218912e+01
6.725287831005196040e+02 9.432858220295654850e-02 4.547738693044725977e+01
6.703591180182104381e+02 9.448609330027811504e-02 4.533067098172198683e+01
6.681994339941210228e+02 9.464360439759969545e-02 4.518462996685536837e+01
6.660498385449791385e+02 9.480111549492126199e-02 4.503927115628688682e+01
6.639104358194240376e+02 9.495862659224282853e-02 4.489460159270096540e+01
6.617813266619681372e+02 9.511613768956440895e-02 4.475062809535204167e+01
6.596626086762564682e+02 9.527364878688597549e-02 4.460735726434241144e+01
6.575543762875921630e+02 9.543115988420755591e-02 4.446479548485016409e+01
6.554567208047546956e+02 9.558867098152912245e-02 4.432294893130937652e+01
6.533697306899845216e+02 9.574618207885068899e-02 4.418182358566713930e+01
6.512935013689819925e+02 9.590369317617226941e-02 4.404142590074982877e+01
6.492281391785088545e+02 9.606120427349383595e-02 4.390176306720588428e+01
6.471737481047575784e+02 9.621871537081541637e-02 4.376284211673489466e+01
6.451304287612388180e+02 9.637622646813698291e-02 4.362466985297055544e+01
6.430982784566857617e+02 9.653373756545854945e-02 4.348725285607278579e+01
6.410773912621839372e+02 9.669124866278012986e-02 4.335059748726693130e+01
6.390678580774842885e+02 9.684875976010169640e-02 4.321470989332807022e+01
6.370697666965244252e+02 9.700627085742326294e-02 4.307959601101158142e+01
6.350832018721335999e+02 9.716378195474484336e-02 4.294526157142858125e+01
6.331082453799484711e+02 9.732129305206640990e-02 4.281171210436811236e+01
6.311449760815073660e+02 9.747880414938799032e-02 4.267895294256354077e+01
6.291934699865538505e+02 9.763631524670955686e-02 4.254698922590568344e+01
6.272538003145220955e+02 9.779382634403112340e-02 4.241582590560054911e+01
6.253260375552321193e+02 9.795133744135270382e-02 4.228546774827357524e+01
6.234102495287717147e+02 9.810884853867427036e-02 4.215591934001899688e+01
6.215065014445792713e+02 9.826635963599585077e-02 4.202718509039510764e+01
6.196148559597462508e+02 9.842387073331741731e-02 4.189926923636671319e+01
6.177353732364847474e+02 9.858138183063898385e-02 4.177217584619118895e+01
6.158681109988539220e+02 9.873889292796056427e-02 4.164590882325448007e+01
6.140131245886486795e+02 9.889640402528213081e-02 4.152047190985025082e+01
6.121704670205353978e+02 9.905391512260371123e-02 4.139586869090835108e+01
6.103401890363952589e+02 9.921142621992527777e-02 4.127210259766950884e+01
6.085223391588780260e+02 9.936893731724684431e-02 4.114917691130681021e+01
6.067169637442034400e+02 9.952644841456842473e-02 4.102709476649603459e+01
6.049241070341793147e+02 9.968395951188999127e-02 4.090585915493349489e+01
6.031438112074588389e+02 9.984147060921155781e-02 4.078547292880177366e+01
6.013761164300395876e+02 9.999898170653313823e-02 4.066593880418481177e+01
5.996210609050162930e+02 1.001564928038547048e-01 4.054725936443215772e+01
5.978786809215705489e+02 1.003140039011762852e-01 4.042943706347171684e+01
5.961490109032325790e+02 1.004715149984978517e-01 4.031247422907333089e+01
5.944320833610548789e+02 1.006290260958194183e-01 4.019637305968219465e+01
5.927279191245208949e+02 1.007865371931409987e-01 4.008113496381871954e+01
5.910365190821993338e+02 1.009440482904625652e-01 3.996676000156918462e+01
5.893578810189574142e+02 1.011015593877841456e-01 3.985324802314312365e+01
5.876920016978749572e+02 1.012590704851057122e-01 3.974059880965513969e+01
5.860388768911765283e+02 1.014165815824272787e-01 3.962881207521687799e+01
5.843985014106417566e+02 1.015740926797488591e-01 3.951788746899323712e+01
5.827708691374778027e+02 1.017316037770704257e-01 3.940782457722240650e+01
5.811559730516380569e+02 1.018891148743920061e-01 3.929862292519851508e+01
5.795538052606397059e+02 1.020466259717135726e-01 3.919028197922022372e+01
5.779643570278566358e+02 1.022041370690351392e-01 3.908280114850401787e+01
5.763876188002973322e+02 1.023616481663567196e-01 3.897617978706259123e+01
5.748235802358948376e+02 1.025191592636782861e-01 3.887041719555005415e+01
5.732722302302789785e+02 1.026766703609998527e-01 3.876551262307260259e+01
5.717335569430850910e+02 1.028341814583214331e-01 3.866146526896730506e+01
5.702075478237672996e+02 1.029916925556429996e-01 3.855827428454778527e+01
5.686941896369334017e+02 1.031492036529645800e-01 3.845593877481731937e+01
5.671934684872297794e+02 1.033067147502861466e-01 3.835445780015160011e+01
5.657053698437470075e+02 1.034642258476077131e-01 3.825383037794919971e+01
5.642298785639882226e+02 1.036217369449292935e-01 3.815405548425209048e+01
5.627669789173827439e+02 1.037792480422508601e-01 3.805513205533597443e+01
5.613166546083537014e+02 1.039367591395724405e-01 3.795705898926990329e+01
5.598788887989737759e+02 1.040942702368940070e-01 3.785983514744845735e+01
5.584536641311710810e+02 1.042517813342155736e-01 3.776345935609322169e+01
5.570409627485328201e+02 1.044092924315371540e-01 3.766793040772729029e+01
5.556407663176821643e+02 1.045668035288587205e-01 3.757324706262068759e+01
5.542530560492688210e+02 1.047243146261803010e-01 3.747940805020989075e+01
5.528778127185400990e+02 1.048818257235018675e-01 3.738641207048878101e+01
5.515150166855223688e+02 1.050393368208234340e-01 3.729425779537346841e+01
5.501646479148269009e+02 1.051968479181450145e-01 3.720294387004138770e+01
5.488266859950696244e+02 1.053543590154665810e-01 3.711246891424472238e+01
5.475011101579099204e+02 1.055118701127881475e-01 3.702283152359768792e+01
5.461878992967276645e+02 1.056693812101097280e-01 3.693403027083951429e+01
5.448870297394116733e+02 1.058268923074312945e-01 3.684606355522719667e+01
5.435984397701421358e+02 1.059844034047528749e-01 3.675892720344610609e+01
5.423220367866949800e+02 1.061419145020744415e-01 3.667261495359741019e+01
5.410577282525080136e+02 1.062994255993960080e-01 3.658712054822249371e+01
5.398054226543622462e+02 1.064569366967175884e-01 3.650243779906272579e+01
5.385650294905708506e+02 1.066144477940391549e-01 3.641856058626066783e+01
5.373364592593237603e+02 1.067719588913607354e-01 3.633548285757214558e+01
5.361196234471642583e+02 1.069294699886823019e-01 3.625319862758679790e+01
5.349144345176566731e+02 1.070869810860038684e-01 3.617170197696193412e+01
5.337208059001725360e+02 1.072444921833254489e-01 3.609098705166412913e+01
5.325386519788346504e+02 1.074020032806470154e-01 3.601104806222167554e+01
5.313678880816156607e+02 1.075595143779685958e-01 3.593187928298731748e+01
5.302084304695730452e+02 1.077170254752901624e-01 3.585347505141046298e+01
5.290601963262239451e+02 1.078745365726117289e-01 3.577582976731854814e+01
5.279231037470657384e+02 1.080320476699333093e-01 3.569893789220843416e+01
5.267970717292347445e+02 1.081895587672548759e-01 3.562279394854719072e+01
5.256820201612996470e+02 1.083470698645764424e-01 3.554739251908181075e+01
5.245778698131841793e+02 1.085045809618980228e-01 3.547272824615784970e+01
5.234845423262313489e+02 1.086620920592195894e-01 3.539879583104750083e+01
5.224019602033908996e+02 1.088196031565411698e-01 3.532559003328607616e+01
5.213300467995427425e+02 1.089771142538627363e-01 3.525310567001763928e+01
5.202687263119365753e+02 1.091346253511843029e-01 3.518133761534856774e+01
5.192179237707712218e+02 1.092921364485058833e-01 3.511028079971050175e+01
5.181775650298782239e+02 1.094496475458274498e-01 3.503993020923028467e+01
5.171475767575485634e+02 1.096071586431490302e-01 3.497028088510974442e+01
5.161278864274619309e+02 1.097646697404705968e-01 3.490132792301226061e+01
5.151184223097467338e+02 1.099221808377921633e-01 3.483306647245829879e+01
5.141191134621402625e+02 1.100796919351137437e-01 3.476549173622755262e+01
5.131298897212888050e+02 1.102372030324353103e-01 3.469859896977064295e+01
5.121506816941381430e+02 1.103947141297568907e-01 3.463238348062706251e+01
5.111814207494422817e+02 1.105522252270784572e-01 3.456684062785087264e+01
5.102220390093957576e+02 1.107097363244000238e-01 3.450196582144489810e+01
5.092724693413542809e+02 1.108672474217216042e-01 3.443775452180079810e+01
5.083326453496707700e+02 1.110247585190431707e-01 3.437420223914716644e+01
5.074025012554731688e+02 1.111822696163647373e-01 3.431130452541977860e+01
5.064819488591398340e+02 1.113397807136863177e-01 3.424905541643026652e+01
5.055708498678561682e+02 1.114972918110078842e-01 3.418744556061483308e+01
5.046690609919014605e+02 1.116548029083294646e-01 3.412646526851151663e+01
5.037764408752566396e+02 1.118123140056510312e-01 3.406610498141807142e+01
5.028928500621099715e+02 1.119698251029725977e-01 3.400635526912708428e+01
5.020181509640576110e+02 1.121273362002941781e-01 3.394720682770804387e+01
5.011522078279860466e+02 1.122848472976157447e-01 3.388865047733544600e+01
5.002948867046370651e+02 1.124423583949373251e-01 3.383067716016314108e+01
4.994460554178172060e+02 1.125998694922588916e-01 3.377327793824225921e+01
4.986055835342488649e+02 1.127573805895804582e-01 3.371644399148239302e+01
4.977733423340604304e+02 1.129148916869020386e-01 3.366016661565629420e+01
4.969492047818624201e+02 1.130724027842236051e-01 3.360443722044373516e+01
4.961330454984516791e+02 1.132299138815451855e-01 3.354924732751836558e+01
4.953247407330729857e+02 1.133874249788667521e-01 3.349458856867181566e+01
4.945241683362782510e+02 1.135449360761883186e-01 3.344045268397850634e+01
4.937312077333136244e+02 1.137024471735098990e-01 3.338683151999593690e+01
4.929457398980859466e+02 1.138599582708314656e-01 3.333371702800440062e+01
4.921676473276331762e+02 1.140174693681530321e-01 3.328110126228052934e+01
4.913968140171373307e+02 1.141749804654746125e-01 3.322897637840761575e+01
4.906331254354405473e+02 1.143324915627961791e-01 3.317733463162011276e+01
4.898764685010562516e+02 1.144900026601177595e-01 3.312616837518129387e+01
4.891267315586769087e+02 1.146475137574393260e-01 3.307547005879482782e+01
4.883838043561493123e+02 1.148050248547608926e-01 3.302523222704770944e+01
4.876475780219302578e+02 1.149625359520824730e-01 3.297544751788581152e+01
4.869179450429784310e+02 1.151200470494040395e-01 3.292610866111892420e+01
4.861947992431136640e+02 1.152775581467256200e-01 3.287720847695734960e+01
4.854780357618011521e+02 1.154350692440471865e-01 3.282873987457725207e+01
4.847675510333655780e+02 1.155925803413687530e-01 3.278069585071515490e+01
4.840632427666213289e+02 1.157500914386903335e-01 3.273306948829036855e+01
4.833650099249124992e+02 1.159076025360119000e-01 3.268585395505541413e+01
4.826727527065590948e+02 1.160651136333334804e-01 3.263904250227370341e+01
4.819863725256807925e+02 1.162226247306550470e-01 3.259262846342277697e+01
4.813057719934175225e+02 1.163801358279766135e-01 3.254660525292447204e+01
4.806308548995171464e+02 1.165376469252981939e-01 3.250096636489982416e+01
4.799615261942852271e+02 1.166951580226197605e-01 3.245570537194849692e+01
4.792976919671036740e+02 1.168526691199413270e-01 3.241081592369614128e+01
4.786392479625474152e+02 1.170101802172629074e-01 3.236629097023735113e+01
4.779860545485884131e+02 1.171676913145844739e-01 3.232212106944874108e+01
4.773379665299467547e+02 1.173252024119060544e-01 3.227829640301160907e+01
4.766948405202359140e+02 1.174827135092276209e-01 3.223480727492728448e+01
4.760565349140308058e+02 1.176402246065491874e-01 3.219164410962834211e+01
4.754229098596384233e+02 1.177977357038707679e-01 3.214879745013730172e+01
4.747938272325436060e+02 1.179552468011923344e-01 3.210625795627101553e+01
4.741691506095195336e+02 1.181127578985139148e-01 3.206401640288991217e+01
4.735487452433925455e+02 1.182702689958354814e-01 3.202206367819162836e+01
4.729324780384261544e+02 1.184277800931570479e-01 3.198039078204643459e+01
4.723202175263337494e+02 1.185852911904786283e-01 3.193898882437513009e+01
4.717118338428872448e+02 1.187428022878001949e-01 3.189784902356733198e+01
4.711071987051119550e+02 1.189003133851217753e-01 3.185696270493933469e+01
4.705061853890511543e+02 1.190578244824433418e-01 3.181632129923050911e+01
4.699086687081000946e+02 1.192153355797649084e-01 3.177591634113825947e+01
4.693145249918683248e+02 1.193728466770864888e-01 3.173573946788861377e+01
4.687236320655910049e+02 1.195303577744080553e-01 3.169578241784402550e+01
4.681358692300465236e+02 1.196878688717296219e-01 3.165603702914531681e+01
4.675511172419795116e+02 1.198453799690512023e-01 3.161649523838794451e+01
4.669692582950279416e+02 1.200028910663727688e-01 3.157714907933216963e+01
4.663901760011210627e+02 1.201604021636943492e-01 3.153799068164521913e+01
4.658137553723512951e+02 1.203179132610159158e-01 3.149901226967540424e+01
4.652398828033044538e+02 1.204754243583374823e-01 3.146020616125726832e+01
4.646684460538407961e+02 1.206329354556590627e-01 3.142156476654724173e+01
4.640993342322962008e+02 1.207904465529806293e-01 3.138308058688767233e+01
4.635324377791315555e+02 1.209479576503022097e-01 3.134474621370112146e+01
4.629676484509790271e+02 1.211054687476237762e-01 3.130655432741164645e+01
4.624048593051040257e+02 1.212629798449453428e-01 3.126849769639398602e+01
4.618439646842481920e+02 1.214204909422669232e-01 3.123056917594870185e+01
4.612848602018768247e+02 1.215780020395884897e-01 3.119276170730456954e+01
4.607274427277795326e+02 1.217355131369100563e-01 3.115506831664485787e+01
4.601716103740611743e+02 1.218930242342316367e-01 3.111748211415999421e+01
4.596172624814622623e+02 1.220505353315532032e-01 3.107999629312259415e+01
4.590642996060503833e+02 1.222080464288747836e-01 3.104260412898749166e+01
4.585126235062401747e+02 1.223655575261963502e-01 3.100529897851395589e+01
4.579621371301453792e+02 1.225230686235179167e-01 3.096807427891049969e+01
4.574127446032510989e+02 1.226805797208394971e-01 3.093092354700117141e+01
4.568643512146362013e+02 1.228380908181610637e-01 3.089384037829401919e+01
4.563168608596643026e+02 1.229956019154826441e-01 3.085681827405193189e+01
4.557701709968339401e+02 1.231531130128042106e-01 3.081985030026757499e+01
4.552241789265925149e+02 1.233106241101257772e-01 3.078292951224590013e+01
4.546787832123234239e+02 1.234681352074473576e-01 3.074604905069348959e+01
4.541338836685118849e+02 1.236256463047689241e-01 3.070920214091827560e+01
4.535893813492248228e+02 1.237831574020905046e-01 3.067238209205051547e+01
4.530451785369283471e+02 1.239406684994120711e-01 3.063558229628661067e+01
4.525011787315983725e+02 1.240981795967336376e-01 3.059879622815280342e+01
4.519572866401407509e+02 1.242556906940552180e-01 3.056201744378971341e+01
4.514134081661022719e+02 1.244132017913767846e-01 3.052523958025656015e+01
4.508694503996643448e+02 1.245707128886983511e-01 3.048845635485455929e+01
4.503253216079207277e+02 1.247282239860199315e-01 3.045166156446946815e+01
4.497809312254166798e+02 1.248857350833414981e-01 3.041484908493184491e+01
4.492361898449601085e+02 1.250432461806630924e-01 3.037801287039566134e+01
4.486910092086721420e+02 1.252007572779846589e-01 3.034114695273314766e+01
4.481453021993081052e+02 1.253582683753062255e-01 3.030424544094789496e+01
4.475989828317934780e+02 1.255157794726277920e-01 3.026730252060252013e+01
4.470519662450121814e+02 1.256732905699493585e-01 3.023031245326333405e+01
4.465041686938127441e+02 1.258308016672709251e-01 3.019326957595984950e+01
4.459555075412426959e+02 1.259883127645924916e-01 3.015616830065963327e+01
4.454059012509835611e+02 1.261458238619140859e-01 3.011900311375671180e+01
4.448552693800073143e+02 1.263033349592356525e-01 3.008176857557505812e+01
4.443035325714245687e+02 1.264608460565572190e-01 3.004445931988488994e+01
4.437506125475323984e+02 1.266183571538787855e-01 3.000707005343267042e+01
4.431964321030504834e+02 1.267758682512003521e-01 2.996959555548360754e+01
4.426409150985369934e+02 1.269333793485219464e-01 2.993203067737649192e+01
4.420839864539900077e+02 1.270908904458435129e-01 2.989437034209099053e+01
4.415255721426108266e+02 1.272484015431650795e-01 2.985660954382594667e+01
4.409655991847366181e+02 1.274059126404866460e-01 2.981874334758906997e+01
4.404039956419464943e+02 1.275634237378082125e-01 2.978076688879837519e+01
4.398406906112998058e+02 1.277209348351298068e-01 2.974267537289256680e+01
4.392756142197431473e+02 1.278784459324513734e-01 2.970446407495285257e+01
4.387086976186591301e+02 1.280359570297729399e-01 2.966612833933431048e+01
4.381398729785485671e+02 1.281934681270945064e-01 2.962766357930633632e+01
4.375690734838528897e+02 1.283509792244160730e-01 2.958906527670237807e+01
4.369962333279140694e+02 1.285084903217376673e-01 2.955032898157933019e+01
4.364212877080439625e+02 1.286660014190592338e-01 2.951145031188395862e+01
4.358441728207292272e+02 1.288235125163808004e-01 2.947242495312870503e+01
4.352648258569464019e+02 1.289810236137023669e-01 2.943324865807488067e+01
4.346831850233384102e+02 1.291385347110239334e-01 2.939391724816468354e+01
4.340991971118296533e+02 1.292960458083455277e-01 2.935442712538964116e+01
4.335128279058683916e+02 1.294535569056670943e-01 2.931477597597613638e+01
4.329240464787957308e+02 1.296110680029886608e-01 2.927496170861794056e+01
4.323328225173970054e+02 1.297685791003102274e-01 2.923498227349083933e+01
4.317391263189998654e+02 1.299260901976317939e-01 2.919483566205634162e+01
4.311429287886074349e+02 1.300836012949533882e-01 2.915451990686795014e+01
4.305442014360575627e+02 1.302411123922749547e-01 2.911403308137890278e+01
4.299429163732037864e+02 1.303986234895965213e-01 2.907337329975165829e+01
4.293390463111263671e+02 1.305561345869180878e-01 2.903253871666927211e+01
4.287325645573592396e+02 1.307136456842396544e-01 2.899152752714789472e+01
4.281234450131424296e+02 1.308711567815612486e-01 2.895033796635090795e+01
4.275116621706982869e+02 1.310286678788828152e-01 2.890896830940481266e+01
4.268971911105140862e+02 1.311861789762043817e-01 2.886741687121546462e+01
4.262800074986593017e+02 1.313436900735259483e-01 2.882568200628663035e+01
4.256600875841067477e+02 1.315012011708475148e-01 2.878376210853887684e+01
4.250374081960700892e+02 1.316587122681690813e-01 2.874165561112949163e+01
4.244119467413677285e+02 1.318162233654906756e-01 2.869936098627426446e+01
4.237836812017839065e+02 1.319737344628122422e-01 2.865687674506900606e+01
4.231525901314537350e+02 1.321312455601338087e-01 2.861420143731275445e+01
4.225186526542485126e+02 1.322887566574553753e-01 2.857133365133091729e+01
4.218818484611869053e+02 1.324462677547769418e-01 2.852827201380029010e+01
4.212421578078404423e+02 1.326037788520985361e-01 2.848501518957350953e+01
4.205995615117539046e+02 1.327612899494201026e-01 2.844156188150471465e+01
4.199540409498754343e+02 1.329188010467416692e-01 2.839791083027569130e+01
4.193055780559816981e+02 1.330763121440632357e-01 2.835406081422183533e+01
4.186541553181278914e+02 1.332338232413848023e-01 2.831001064915962218e+01
4.179997557760822247e+02 1.333913343387063966e-01 2.826575918821319533e+01
4.173423630187770641e+02 1.335488454360279631e-01 2.822130532164199224e+01
4.166819611817565487e+02 1.337063565333495296e-01 2.817664797666814991e+01
4.160185349446321652e+02 1.338638676306710962e-01 2.813178611730442569e+01
4.153520695285362194e+02 1.340213787279926627e-01 2.808671874418201142e+01
4.146825506935691124e+02 1.341788898253142570e-01 2.804144489437791421e+01
4.140099647362671362e+02 1.343364009226358236e-01 2.799596364124375825e+01
4.133342984870401438e+02 1.344939120199573901e-01 2.795027409423242304e+01
4.126555393076334894e+02 1.346514231172789566e-01 2.790437539872654327e+01
4.119736750885734864e+02 1.348089342146005232e-01 2.785826673586566926e+01
4.112886942466179221e+02 1.349664453119221175e-01 2.781194732237389289e+01
4.106005857221938413e+02 1.351239564092436840e-01 2.776541641038659947e+01
4.099093389768417524e+02 1.352814675065652505e-01 2.771867328727762825e+01
4.092149439906408475e+02 1.354389786038868171e-01 2.767171727548518234e+01
4.085173912596505374e+02 1.355964897012083836e-01 2.762454773233882221e+01
4.078166718719014625e+02 1.357540007985299779e-01 2.757716405519803260e+01
4.071127920437235730e+02 1.359115118958515445e-01 2.752956666442018019e+01
4.064057898779749394e+02 1.360690229931731110e-01 2.748175813657667632e+01
4.056957074598637973e+02 1.362265340904946775e-01 2.743374131753130030e+01
4.049825866784744335e+02 1.363840451878162441e-01 2.738551903988561520e+01
4.042664692257611705e+02 1.365415562851378384e-01 2.733709412291099383e+01
4.035473965955531526e+02 1.366990673824594049e-01 2.728846937248126281e+01
4.028254100826033550e+02 1.368565784797809715e-01 2.723964758100848371e+01
4.021005507816623208e+02 1.370140895771025380e-01 2.719063152738018729e+01
4.013728595865896978e+02 1.371716006744241045e-01 2.714142397689940367e+01
4.006423771894955621e+02 1.373291117717456711e-01 2.709202768122656124e+01
3.999091440799057295e+02 1.374866228690672654e-01 2.704244537832302697e+01
3.991732005439657769e+02 1.376441339663888319e-01 2.699267979239732185e+01
3.984345866636734286e+02 1.378016450637103985e-01 2.694273363385316244e+01
3.976933423161324868e+02 1.379591561610319650e-01 2.689260959923902661e+01
3.969495071728509288e+02 1.381166672583535315e-01 2.684231037120074959e+01
3.962031206990544092e+02 1.382741783556751258e-01 2.679183861843501191e+01
3.954542221530336406e+02 1.384316894529966924e-01 2.674119699564523955e+01
3.947028505855229810e+02 1.385892005503182589e-01 2.669038814349963573e+01
3.939490448390993720e+02 1.387467116476398254e-01 2.663941468859045614e+01
3.931928435476187360e+02 1.389042227449613920e-01 2.658827924339594162e+01
3.924342851356698247e+02 1.390617338422829863e-01 2.653698440624339483e+01
3.916734078180609231e+02 1.392192449396045528e-01 2.648553276127441691e+01
3.909102495993323600e+02 1.393767560369261194e-01 2.643392687841203070e+01
3.901448482732945422e+02 1.395342671342476859e-01 2.638216931332935289e+01
3.893772414225892931e+02 1.396917782315692524e-01 2.633026260741997859e+01
3.886074664182831384e+02 1.398492893288908467e-01 2.627820928777048337e+01
3.878355604194769626e+02 1.400068004262124133e-01 2.622601186713400878e+01
3.870615603729515897e+02 1.401643115235339798e-01 2.617367284390626025e+01
3.862855030128259841e+02 1.403218226208555464e-01 2.612119470210251393e+01
3.855074248602489888e+02 1.404793337181771129e-01 2.606857991133661656e+01
3.847273622231103900e+02 1.406368448154987072e-01 2.601583092680158416e+01
3.839453511957782439e+02 1.407943559128202737e-01 2.596295018925172826e+01
3.831614276588574626e+02 1.409518670101418403e-01 2.590994012498641297e+01
3.823756272789651689e+02 1.411093781074634068e-01 2.585680314583482797e+01
3.815879855085483428e+02 1.412668892047849734e-01 2.580354164914366066e+01
3.807985375857003874e+02 1.414244003021065677e-01 2.575015801776467583e+01
3.800073185340136774e+02 1.415819113994281342e-01 2.569665462004479295e+01
3.792143631624506952e+02 1.417394224967497007e-01 2.564303380981731451e+01
3.784197060652377331e+02 1.418969335940712673e-01 2.558929792639479217e+01
3.776233816217704771e+02 1.420544446913928338e-01 2.553544929456259283e+01
3.768254239965585839e+02 1.422119557887144281e-01 2.548149022457519663e+01
3.760258671391747498e+02 1.423694668860359946e-01 2.542742301215271183e+01
3.752247447842258907e+02 1.425269779833575612e-01 2.537324993847893850e+01
3.744220904587139671e+02 1.426844890806791277e-01 2.531897327069912151e+01
3.736179482017509486e+02 1.428420001780006943e-01 2.526459598680291663e+01
3.728123937553767746e+02 1.429995112753222608e-01 2.521012320857860090e+01
3.720055079673968521e+02 1.431570223726438551e-01 2.515556040307387775e+01
3.711973707312742476e+02 1.433145334699654216e-01 2.510091297280239075e+01
3.703880609901557364e+02 1.434720445672869882e-01 2.504618625601602844e+01
3.695776567410343318e+02 1.436295556646085547e-01 2.499138552698631699e+01
3.687662350390461938e+02 1.437870667619301213e-01 2.493651599629506421e+01
3.679538720018864524e+02 1.439445778592517156e-01 2.488158281113296155e+01
3.671406428143535550e+02 1.441020889565732821e-01 2.482659105560682278e+01
3.663266217330119616e+02 1.442596000538948486e-01 2.477154575105487311e+01
3.655118820909549413e+02 1.444171111512164152e-01 2.471645185636893416e+01
3.646964963026988471e+02 1.445746222485379817e-01 2.466131426832525975e+01
3.638805358691652145e+02 1.447321333458595760e-01 2.460613782192147170e+01
3.630640713827704644e+02 1.448896444431811426e-01 2.455092729072078228e+01
3.622471725326181513e+02 1.450471555405027091e-01 2.449568738720297745e+01
3.614299081097763064e+02 1.452046666378242756e-01 2.444042276312143613e+01
3.606123460126560758e+02 1.453621777351458422e-01 2.438513800986672919e+01
3.597945532524659029e+02 1.455196888324674365e-01 2.432983765883545857e+01
3.589765959587608677e+02 1.456771999297890030e-01 2.427452618180556954e+01
3.581585393850583046e+02 1.458347110271105695e-01 2.421920799131600432e+01
3.573404479145481218e+02 1.459922221244321361e-01 2.416388744105291408e+01
3.565223850658583160e+02 1.461497332217537026e-01 2.410856882623946973e+01
3.557044134989001236e+02 1.463072443190752969e-01 2.405325638403116884e+01
3.548865950207789410e+02 1.464647554163968635e-01 2.399795429391553725e+01
3.540689905917668057e+02 1.466222665137184300e-01 2.394266667811594118e+01
3.532516603313382006e+02 1.467797776110399965e-01 2.388739760199980466e+01
3.524346635242594061e+02 1.469372887083615631e-01 2.383215107449034775e+01
3.516180586267342960e+02 1.470947998056831574e-01 2.377693104848219363e+01
3.508019032726023170e+02 1.472523109030047239e-01 2.372174142126043606e+01
3.499862542795864897e+02 1.474098220003262905e-01 2.366658603492321333e+01
3.491711676555821100e+02 1.475673330976478570e-01 2.361146867680690420e+01
3.483566986049946763e+02 1.477248441949694235e-01 2.355639307991471654e+01
3.475429015351124917e+02 1.478823552922910178e-01 2.350136292334762089e+01
3.467298300625229786e+02 1.480398663896125844e-01 2.344638183273825049e+01
3.459175370195615073e+02 1.481973774869341509e-01 2.339145338068692581e+01
3.451060744607888182e+02 1.483548885842557175e-01 2.333658108719972901e+01
3.442954936695096535e+02 1.485123996815772840e-01 2.328176842012926784e+01
3.434858451643056014e+02 1.486699107788988505e-01 2.322701879561645555e+01
3.426771787056030689e+02 1.488274218762204448e-01 2.317233557853459303e+01
3.418695433022672319e+02 1.489849329735420114e-01 2.311772208293533026e+01
3.410629872182022382e+02 1.491424440708635779e-01 2.306318157249496892e+01
3.402575579789881886e+02 1.492999551681851444e-01 2.300871726096325887e+01
3.394533023785184014e+02 1.494574662655067110e-01 2.295433231261216633e+01
3.386502664856691354e+02 1.496149773628283053e-01 2.290002984268697972e+01
3.378484956509639119e+02 1.497724884601498718e-01 2.284581291785688251e+01
3.370480345132604043e+02 1.499299995574714384e-01 2.279168455666718884e+01
3.362489284974013799e+02 1.500875106547930049e-01 2.273764783081267282e+01
3.354512364058104481e+02 1.502450217521145714e-01 2.268370671659985405e+01
3.346550238622444908e+02 1.504025328494361657e-01 2.262986565160381502e+01
3.338603555215509004e+02 1.505600439467577323e-01 2.257612900788056720e+01
3.330672949974905350e+02 1.507175550440792988e-01 2.252250108708633292e+01
3.322759048732259544e+02 1.508750661414008654e-01 2.246898612118674521e+01
3.314862467118494465e+02 1.510325772387224319e-01 2.241558827316879032e+01
3.306983810669333366e+02 1.511900883360440262e-01 2.236231163775420683e+01
3.299123674931272490e+02 1.513475994333655927e-01 2.230916024211613902e+01
3.291282645567638951e+02 1.515051105306871593e-01 2.225613804659626638e+01
3.283461298464911806e+02 1.516626216280087258e-01 2.220324894542380179e+01
3.275660199839346660e+02 1.518201327253302924e-01 2.215049676743644369e+01
3.267879906343509333e+02 1.519776438226518867e-01 2.209788527680083448e+01
3.260120965173126137e+02 1.521351549199734532e-01 2.204541817373510071e+01
3.252383914173918811e+02 1.522926660172950197e-01 2.199309909523122641e+01
3.244669281948436037e+02 1.524501771146165863e-01 2.194093161577749385e+01
3.236977587963006613e+02 1.526076882119381528e-01 2.188891924808173783e+01
3.229309342654551642e+02 1.527651993092597471e-01 2.183706544379363379e+01
3.221665047537455848e+02 1.529227104065813136e-01 2.178537359422728414e+01
3.214045195310219469e+02 1.530802215039028802e-01 2.173384703108254712e+01
3.206450269962154493e+02 1.532377326012244467e-01 2.168248902716641879e+01
3.198880746879790422e+02 1.533952436985460133e-01 2.163130279711265658e+01
3.191337092953270940e+02 1.535527547958676076e-01 2.158029149810116820e+01
3.183819766682410659e+02 1.537102658931891741e-01 2.152945823057523711e+01
3.176329218282602938e+02 1.538677769905107406e-01 2.147880603895767848e+01
3.168865889790537267e+02 1.540252880878323072e-01 2.142833791236570207e+01
3.161430215169542635e+02 1.541827991851538737e-01 2.137805678532325260e+01
3.154022620414738753e+02 1.543403102824754403e-01 2.132796553847205701e+01
3.146643523657843957e+02 1.544978213797970346e-01 2.127806699928039791e+01
3.139293335271609635e+02 1.546553324771186011e-01 2.122836394274929361e+01
3.131972457973998303e+02 1.548128435744401676e-01 2.117885909211690176e+01
3.124681286931935347e+02 1.549703546717617342e-01 2.112955511956016608e+01
3.117420209864648655e+02 1.551278657690833007e-01 2.108045464689364934e+01
3.110189607146664912e+02 1.552853768664048950e-01 2.103156024626590082e+01
3.102989851910329548e+02 1.554428879637264616e-01 2.098287444085280384e+01
3.095821310147939016e+02 1.556003990610480281e-01 2.093439970554819496e+01
3.088684340813358062e+02 1.557579101583695946e-01 2.088613846765096582e+01
3.081579295923217501e+02 1.559154212556911612e-01 2.083809310754943311e+01
3.074506520657577653e+02 1.560729323530127555e-01 2.079026595940200295e+01
3.067466353460142727e+02 1.562304434503343220e-01 2.074265931181484746e+01
3.060459126137905628e+02 1.563879545476558885e-01 2.069527540851574443e+01
3.053485163960360751e+02 1.565454656449774551e-01 2.064811644902492560e+01
3.046544785757999989e+02 1.567029767422990216e-01 2.060118458932112873e+01
3.039638304020521673e+02 1.568604878396206159e-01 2.055448194250572413e+01
3.032766024994187433e+02 1.570179989369421825e-01 2.050801057946104322e+01
3.025928248778841407e+02 1.571755100342637490e-01 2.046177252950644387e+01
3.019125269424200724e+02 1.573330211315853155e-01 2.041576978104941276e+01
3.012357375025640636e+02 1.574905322289068821e-01 2.037000428223332804e+01
3.005624847819333922e+02 1.576480433262284764e-01 2.032447794158074927e+01
2.998927942185233633e+02 1.578055544235500429e-01 2.027919247924639734e+01
2.992266813089344168e+02 1.579630655208716095e-01 2.023414894313321355e+01
2.985641586602715165e+02 1.581205766181931760e-01 2.018934818575221257e+01
2.985641586602715165e+02 1.581205766181931760e-01 2.018934818575221257e+01
2.275765909735796697e+02 1.826842454521749870e-01 1.487966177262697620e+01
1.886533253162350263e+02 2.073525430377324841e-01 1.037364547690749106e+01
1.457109419160032360e+02 2.322407203492417860e-01 7.811449533662617739e+00
1.238011152060159219e+02 2.568837818198746459e-01 6.758465016837569728e+00
1.019114393504002436e+02 2.811184729179193598e-01 4.033092422593630211e+00
8.626728037713262154e+01 3.057758170190760794e-01 2.820470577709509818e+00
7.321815777170421313e+01 3.308749588216616799e-01 2.504595975083587778e+00
6.225662893634113715e+01 3.553458836143503774e-01 1.903672033129772068e+00
5.476297147807743926e+01 3.797183506574301481e-01 1.775190186202918463e+00
4.721054261543447694e+01 4.042043120935024936e-01 1.202403977305208649e+00
4.178489533716368953e+01 4.287407985369371399e-01 7.976677823959779090e-01
3.713551717971542132e+01 4.533371424922238990e-01 5.912652979985792978e-01
3.271190589565538431e+01 4.779959634912051558e-01 7.220089651421752741e-01
2.930895015041319596e+01 5.026629933946460405e-01 5.663405705383635080e-01
2.650921515551318564e+01 5.271487506500315279e-01 5.980166725288420526e-01
2.424568874858091760e+01 5.515427964227138657e-01 3.809189026998863747e-01
2.217738915848795145e+01 5.762240530263548210e-01 3.155351575714922530e-01
2.016964001690619313e+01 6.007285446297923048e-01 2.559316354463736509e-01
1.848911977116877026e+01 6.252568531449649303e-01 3.336850502414284159e-01
1.736045885946921530e+01 6.499965502683907603e-01 2.356094965077926151e-01
1.625602634120662771e+01 6.746857991314229031e-01 3.275894247752992872e-01
1.543960546000313094e+01 6.991270364754236244e-01 1.816497970739975598e-01
1.477570673077125463e+01 7.235756604093172006e-01 2.170071673434788573e-01
1.448168506097480268e+01 7.479714013051395050e-01 1.936636938973806121e-01
1.430218628635600986e+01 7.726132299420060967e-01 2.495899795909991004e-01
1.401486436124671542e+01 7.972349387995918413e-01 1.728528192052205537e-01
1.334661658191942557e+01 8.217736356692634248e-01 2.271038787330641184e-01
1.283028697365333137e+01 8.463200505719705724e-01 1.570640050400221310e-01
1.242102024469708788e+01 8.708218859006343626e-01 1.982279900340688517e-01
1.221608190436285746e+01 8.954790463233904818e-01 1.608528278378253407e-01
1.189917323362466384e+01 9.199626960429320155e-01 1.207132182012797678e-01
1.194326928340831806e+01 9.443606208269833546e-01 1.945138904735662366e-01
1.199573553213836519e+01 9.688687146412832130e-01 1.331591172677100143e-01
1.223075309735140337e+01 9.930926048855095445e-01 1.848751458636728739e-01
1.263955446990711806e+01 1.017620455362175491e+00 1.782630022994257935e-01
1.320470158845904685e+01 1.042409919186157552e+00 2.502028750312433325e-01
1.385854145721151731e+01 1.066789561870425063e+00 3.050927573053323072e-01
1.454818102270422031e+01 1.090909765172895618e+00 4.056471905076143303e-01
1.501809463064462236e+01 1.115651582439790346e+00 4.146719376734274154e-01
1.580573288147432187e+01 1.140641543091339027e+00 3.653317531479813862e-01
1.722535419625124575e+01 1.164692026865203012e+00 9.613151655652268923e-01
1.882387561657003516e+01 1.188605021497627590e+00 6.013289585156982309e-01
2.062431145702737467e+01 1.214006438167991364e+00 1.059970492293037969e+00
2.345102467320149131e+01 1.240498485730926914e+00 1.335881745096919593e+00
2.739718414259343149e+01 1.264816150349954427e+00 2.148430196124851310e+00
3.240329664751751437e+01 1.284554513240047102e+00 6.849623355529303126e+00
3.376767617283077527e+01 1.309527810458392949e+00 6.641324881616244902e+00
4.327854694166451566e+01 1.335814856768205550e+00 1.429839724413842106e+01
5.646819254409414413e+01 1.360349523175663267e+00 8.060381701205265870e+01
