1.195787129314836772e+00 7.669903939428205850e-04 8.167388236571240800e-02
1.425260756840136311e+00 9.245014912643925459e-04 9.734724228159763459e-02
1.650497614448565020e+00 1.082012588585964507e-03 1.127312250672912880e-01
1.871511306523711671e+00 1.239523685907536251e-03 1.278267599206394933e-01
2.088298739074541555e+00 1.397034783229108429e-03 1.426336355178592363e-01
2.300849211938140293e+00 1.554545880550680173e-03 1.571511210233145772e-01
2.509156942532670964e+00 1.712056977872252134e-03 1.713788214788249387e-01
2.713221039222620590e+00 1.869568075193824095e-03 1.853166759844759315e-01
2.913052570172139255e+00 2.027079172515396273e-03 1.989654405108869650e-01
3.108662587124764176e+00 2.184590269836968017e-03 2.123258699071272071e-01
3.300079976164221662e+00 2.342101367158539761e-03 2.253999371318834710e-01
3.487334028398838992e+00 2.499612464480111939e-03 2.381896428075718497e-01
3.670458896018944817e+00 2.657123561801683683e-03 2.506973195751006633e-01
3.849500696911883679e+00 2.814634659123255861e-03 2.629261173487092984e-01
4.024507880894168110e+00 2.972145756444827605e-03 2.748793453165615519e-01
4.195528264412670794e+00 3.129656853766399783e-03 2.865602694068152823e-01
4.362616370658404463e+00 3.287167951087971527e-03 2.979726136273481707e-01
4.525832229391135719e+00 3.444679048409543271e-03 3.091204780921495976e-01
4.685236038718253226e+00 3.602190145731115449e-03 3.200079744135802540e-01
4.840886330064011034e+00 3.759701243052687193e-03 3.306391003672827789e-01
4.992844622301768176e+00 3.917212340374259805e-03 3.410180577757239706e-01
5.141174977608126362e+00 4.074723437695831549e-03 3.511492221724318852e-01
5.285943201279303061e+00 4.232234535017403293e-03 3.610370881483665473e-01
5.427213475359716099e+00 4.389745632338975037e-03 3.706860394241899836e-01
5.565047818541461133e+00 4.547256729660546781e-03 3.801003119606668479e-01
5.699509127332205161e+00 4.704767826982118525e-03 3.892842016745555189e-01
5.830660988960993052e+00 4.862278924303691137e-03 3.982420516598211835e-01
5.958567356056761355e+00 5.019790021625262881e-03 4.069782299677370818e-01
6.083292233549081551e+00 5.177301118946834625e-03 4.154971082217808753e-01
6.204897459764068479e+00 5.334812216268406369e-03 4.238029100634762014e-01
6.323441872536153419e+00 5.492323313589978981e-03 4.318996541966961256e-01
6.438984081740842136e+00 5.649834410911550725e-03 4.397913437554098470e-01
6.551582542482415228e+00 5.807345508233122469e-03 4.474819713025025569e-01
6.661295410218635027e+00 5.964856605554694213e-03 4.549755089345954295e-01
6.768180418526423381e+00 6.122367702876265957e-03 4.622758999332762797e-01
6.872294776305489350e+00 6.279878800197838569e-03 4.693870517439681644e-01
6.973694497464664188e+00 6.437389897519410313e-03 4.763127901925962582e-01
7.072431626663863824e+00 6.594900994840982057e-03 4.830566700000034075e-01
7.168556625970083473e+00 6.752412092162553801e-03 4.896221377937892139e-01
7.262119585992466320e+00 6.909923189484126413e-03 4.960126148304794258e-01
7.353170158038873971e+00 7.067434286805698157e-03 5.022314923617252624e-01
7.441757494720597776e+00 7.224945384127269901e-03 5.082821275775272207e-01
7.527930199501869701e+00 7.382456481448841645e-03 5.141678401603957393e-01
7.611736284097662342e+00 7.539967578770413389e-03 5.198919093755659526e-01
7.693223132764848593e+00 7.697478676091986001e-03 5.254575716320329937e-01
7.772437188648377848e+00 7.854989773413558612e-03 5.308679990595711606e-01
7.849421028708277071e+00 8.012500870735128622e-03 5.361260997222832003e-01
7.924214787933612669e+00 8.170011968056702101e-03 5.412346148943436575e-01
7.996858267417606747e+00 8.327523065378272110e-03 5.461962630443881750e-01
8.067390931219222239e+00 8.485034162699845589e-03 5.510137396211549632e-01
8.135851873019527503e+00 8.642545260021415598e-03 5.556897147760704314e-01
8.202279787109345577e+00 8.800056357342989077e-03 5.602268313816658463e-01
8.266712943262310986e+00 8.957567454664562556e-03 5.646277033153720426e-01
8.329189165095110425e+00 9.115078551986132566e-03 5.688949139814961642e-01
8.389745811557984823e+00 9.272589649307706045e-03 5.730310150469969388e-01
8.448419761237069281e+00 9.430100746629276054e-03 5.770385253693122163e-01
8.505247357535688835e+00 9.587611843950849533e-03 5.809199272521698987e-01
8.560262176483830032e+00 9.745122941272419542e-03 5.846775139839458513e-01
8.613494097691111406e+00 9.902634038593993021e-03 5.883133263824911197e-01
8.664972601616184988e+00 1.006014513591556303e-02 5.918293780031074203e-01
8.714727033155059033e+00 1.021765623323713651e-02 5.952276731419814393e-01
8.762786576255740201e+00 1.037516733055870999e-02 5.985102051023347691e-01
8.809180231022095242e+00 1.053267842788028000e-02 6.016789546305838510e-01
8.853936793099496327e+00 1.069018952520185348e-02 6.047358885083533586e-01
8.897084835151858329e+00 1.084770062252342349e-02 6.076829582873322089e-01
8.938652690257026023e+00 1.100521171984499696e-02 6.105220991551552068e-01
8.978668437063111796e+00 1.116272281716656697e-02 6.132552289215619234e-01
9.017159886560889959e+00 1.132023391448814045e-02 6.158842471149326148e-01
9.054154570340676500e+00 1.147774501180971046e-02 6.184110341802174782e-01
9.089679730212655073e+00 1.163525610913128394e-02 6.208374507699908618e-01
9.123762240453471506e+00 1.179276720645285742e-02 6.231653324337880218e-01
9.156426246569647986e+00 1.195027830377442743e-02 6.253963283424444075e-01
9.187692748974621182e+00 1.210778940109600091e-02 6.275318728526738665e-01
9.217582588520919273e+00 1.226530049841757092e-02 6.295733894229628147e-01
9.246116623135112178e+00 1.242281159573914440e-02 6.315223026779783755e-01
9.273315707096584148e+00 1.258032269306071441e-02 6.333800369932801599e-01
9.299200671848970146e+00 1.273783379038228789e-02 6.351480151847149758e-01
9.323792308239928772e+00 1.289534488770385789e-02 6.368276572953690540e-01
9.347111350092577098e+00 1.305285598502543137e-02 6.384203794734759629e-01
9.369178459019591898e+00 1.321036708234700485e-02 6.399275929351974090e-01
9.390014210396747885e+00 1.336787817966857486e-02 6.413507030065977998e-01
9.409639080420491908e+00 1.352538927699014834e-02 6.426911082396595809e-01
9.428073434176662104e+00 1.368290037431171835e-02 6.439501995973598847e-01
9.445337514656017674e+00 1.384041147163329183e-02 6.451293597034153393e-01
9.461451432653985805e+00 1.399792256895486184e-02 6.462299621524241200e-01
9.476435157497997253e+00 1.415543366627643532e-02 6.472533708765264571e-01
9.490308508549064825e+00 1.431294476359800533e-02 6.482009395649535044e-01
9.503091133142783420e+00 1.447045586091957881e-02 6.490740101573680976e-01
9.514801179189868563e+00 1.462796695824115228e-02 6.498738221806791282e-01
9.525454323207027230e+00 1.478547805556272229e-02 6.506014463622346033e-01
9.535066036006494272e+00 1.494298915288429577e-02 6.512579393794882821e-01
9.543651829644083762e+00 1.510050025020586578e-02 6.518443607268851192e-01
9.551227243128067812e+00 1.525801134752743926e-02 6.523617717397608429e-01
9.557807829002118893e+00 1.541552244484900927e-02 6.528112346779363362e-01
9.563409140753543980e+00 1.557303354217058275e-02 6.531938118656854808e-01
9.568046720999809907e+00 1.573054463949215276e-02 6.535105648848554827e-01
9.571736090410006170e+00 1.588805573681372624e-02 6.537625538181905949e-01
9.574492737320534630e+00 1.604556683413529972e-02 6.539508365400689138e-01
9.576332108006278432e+00 1.620307793145686973e-02 6.540764680520088081e-01
9.577269597572364290e+00 1.636058902877844320e-02 6.541404998605664378e-01
9.577320541431660672e+00 1.651810012610001321e-02 6.541439793952337212e-01
9.576500207336957615e+00 1.667561122342158669e-02 6.540879494642295455e-01
9.574823787937775776e+00 1.683312232074316017e-02 6.539734477461162099e-01
9.572306393833830640e+00 1.699063341806473018e-02 6.538015063153433948e-01
9.568963047098536734e+00 1.714814451538630366e-02 6.535731511998955634e-01
9.564808675247402192e+00 1.730565561270787367e-02 6.532894019693217258e-01
9.559858105628137537e+00 1.746316671002944715e-02 6.529512713515766009e-01
9.554126060209764404e+00 1.762067780735101716e-02 6.525597648771062076e-01
9.547627150173566335e+00 1.777818890467259064e-02 6.521158805094042776e-01
9.540375741193633630e+00 1.793570000199416065e-02 6.516205994434910442e-01
9.532385794367749909e+00 1.809321109931573412e-02 6.510748752412749418e-01
9.523671131539533263e+00 1.825072219663730760e-02 6.504796519534172816e-01
9.514245473021436084e+00 1.840823329395887761e-02 6.498358666958625740e-01
9.504122433439041728e+00 1.856574439128045109e-02 6.491444493659992432e-01
9.493315517880862586e+00 1.872325548860202110e-02 6.484063223796847630e-01
9.481838118338631105e+00 1.888076658592359458e-02 6.476224004281130320e-01
9.469703510422446513e+00 1.903827768324516459e-02 6.467935902534557302e-01
9.456924850337548705e+00 1.919578878056673807e-02 6.459207904423696078e-01
9.443515172109226086e+00 1.935329987788830808e-02 6.450048912364549913e-01
9.429487385042861547e+00 1.951081097520988156e-02 6.440467743587749982e-01
9.414854271407678610e+00 1.966832207253145504e-02 6.430473128556485340e-01
9.399628484332545497e+00 1.982583316985302505e-02 6.420073709529351413e-01
9.383822545902768653e+00 1.998334426717459852e-02 6.409278039260408733e-01
9.367448845448032912e+00 2.014085536449616853e-02 6.398094579829816109e-01
9.350519638011551393e+00 2.029836646181774201e-02 6.386531701598266997e-01
9.333047042990694209e+00 2.045587755913931202e-02 6.374597682278501098e-01
9.315043042940995832e+00 2.061338865646088550e-02 6.362300706118418914e-01
9.296519482534318257e+00 2.077089975378245551e-02 6.349648863189518710e-01
9.277488067663705706e+00 2.092841085110402899e-02 6.336650148775476721e-01
9.257960364686921295e+00 2.108592194842560247e-02 6.323312462855471550e-01
9.237947799801546012e+00 2.124343304574717248e-02 6.309643609677391130e-01
9.217461658544717551e+00 2.140094414306874596e-02 6.295651297416124947e-01
9.196513085410694899e+00 2.155845524039031597e-02 6.281343137912368535e-01
9.175113083580225037e+00 2.171596633771188944e-02 6.266726646487769115e-01
9.153272525301598961e+00 2.187347743503345945e-02 6.251809249035329419e-01
9.131003295449945156e+00 2.203098853235503293e-02 6.236599063085918049e-01
9.108319236065607782e+00 2.218849962967660294e-02 6.221105542940783550e-01
9.085234113386025712e+00 2.234601072699817642e-02 6.205338091126757494e-01
9.061761373974835720e+00 2.250352182431974990e-02 6.189305891829138817e-01
9.037914151320919132e+00 2.266103292164131991e-02 6.173017915398912869e-01
9.013705272331552720e+00 2.281854401896289339e-02 6.156482922787672729e-01
8.989147263720084879e+00 2.297605511628446340e-02 6.139709469910502593e-01
8.964252358287492228e+00 2.313356621360603688e-02 6.122705911936333623e-01
8.939032501097702976e+00 2.329107731092760689e-02 6.105480407505795570e-01
8.913499355546871783e+00 2.344858840824918036e-02 6.088040922876620797e-01
8.887664309326659406e+00 2.360609950557075037e-02 6.070395235996622896e-01
8.861538480282053598e+00 2.376361060289232385e-02 6.052550940504675125e-01
8.835132722164070529e+00 2.392112170021389733e-02 6.034515449659904052e-01
8.808457630277841233e+00 2.407863279753546734e-02 6.016296000199372607e-01
8.781523547027257237e+00 2.423614389485704082e-02 5.997899656125181833e-01
8.754340567356114988e+00 2.439365499217861083e-02 5.979333312420824775e-01
8.726918544087418184e+00 2.455116608950018431e-02 5.960603698698014874e-01
8.699267093161445530e+00 2.470867718682175432e-02 5.941717382774351908e-01
8.671395598773560920e+00 2.486618828414332780e-02 5.922680774182510488e-01
8.643313218412897569e+00 2.502369938146489781e-02 5.903500127611743808e-01
8.615028887803006796e+00 2.518121047878647129e-02 5.884181546282398756e-01
8.586551325745869434e+00 2.533872157610804476e-02 5.864730985254453799e-01
8.557889038869959109e+00 2.549623267342961477e-02 5.845154254670503757e-01
8.529050326284311367e+00 2.565374377075118825e-02 5.825457022934547036e-01
8.500043284139259470e+00 2.581125486807275826e-02 5.805644819827043834e-01
8.470875810095320091e+00 2.596876596539433174e-02 5.785723039557219005e-01
8.441555607702094122e+00 2.612627706271590175e-02 5.765696943753900738e-01
8.412090190687461444e+00 2.628378816003747523e-02 5.745571664395119349e-01
8.382486887159380728e+00 2.644129925735904524e-02 5.725352206677973843e-01
8.352752843721543030e+00 2.659881035468061872e-02 5.705043451829687751e-01
8.322895029503412090e+00 2.675632145200219220e-02 5.684650159860187291e-01
8.292920272722355435e+00 2.691383254932376221e-02 5.664176994534519949e-01
8.262836895802429638e+00 2.707134364664533568e-02 5.643629640181164753e-01
8.232655380285610391e+00 2.722885474396690569e-02 5.623015255835415172e-01
8.202386035700149236e+00 2.738636584128847917e-02 5.602340883044857334e-01
8.172038811571733063e+00 2.754387693861004918e-02 5.581613317470455193e-01
8.141623307939029885e+00 2.770138803593162266e-02 5.560839116068783117e-01
8.111148785609724854e+00 2.785889913325319267e-02 5.540024604097066874e-01
8.080624176160489114e+00 2.801641023057476615e-02 5.519175881943277906e-01
8.050058091684590522e+00 2.817392132789633963e-02 5.498298831783895446e-01
8.019458834290926319e+00 2.833143242521790964e-02 5.477399124071868908e-01
7.988834405358645085e+00 2.848894352253948312e-02 5.456482223857652691e-01
7.958192514551411634e+00 2.864645461986105313e-02 5.435553396946071203e-01
7.927540588595520354e+00 2.880396571718262660e-02 5.414617715891879568e-01
7.896885779826246399e+00 2.896147681450419661e-02 5.393680065837059834e-01
7.866234974506697064e+00 2.911898791182577009e-02 5.372745150192688168e-01
7.835594800923866288e+00 2.927649900914734010e-02 5.351817496168655985e-01
7.804971637265807338e+00 2.943401010646891358e-02 5.330901460153890659e-01
7.774371619285133761e+00 2.959152120379048706e-02 5.310001232950626315e-01
7.743800647752758337e+00 2.974903230111205707e-02 5.289120844865402571e-01
7.713264395706773691e+00 2.990654339843363055e-02 5.268264170660164059e-01
7.682768315500633882e+00 3.006405449575520056e-02 5.247434934366254078e-01
7.652317645655420719e+00 3.022156559307677404e-02 5.226636713964601944e-01
7.621917417520442939e+00 3.037907669039834405e-02 5.205872945935003937e-01
7.591572461746779688e+00 3.053658778771991752e-02 5.185146929677655336e-01
7.561287414577963162e+00 3.069409888504148753e-02 5.164461831809747938e-01
7.531066723962338116e+00 3.085160998236306101e-02 5.143820690340316082e-01
7.500914655491221161e+00 3.100912107968463102e-02 5.123226418726072318e-01
7.470835298167332716e+00 3.116663217700620450e-02 5.102681809811316915e-01
7.440832570007405167e+00 3.132414327432777451e-02 5.082189539654597965e-01
7.410910223483478276e+00 3.148165437164934799e-02 5.061752171245209597e-01
7.381071850806619317e+00 3.163916546897092147e-02 5.041372158112014112e-01
7.351320889057201491e+00 3.179667656629248801e-02 5.021051847827515680e-01
7.321660625165832492e+00 3.195418766361406149e-02 5.000793485409885664e-01
7.292094200748596045e+00 3.211169876093563497e-02 4.980599216625508641e-01
7.262624616800487765e+00 3.226920985825720151e-02 4.960471091194662563e-01
7.233254738250873395e+00 3.242672095557877499e-02 4.940411065902946541e-01
7.203987298384525673e+00 3.258423205290034846e-02 4.920421007620923715e-01
7.174824903131891141e+00 3.274174315022192194e-02 4.900502696234423916e-01
7.145770035231984174e+00 3.289925424754349542e-02 4.880657827487860922e-01
7.116825058640015911e+00 3.305676534486506196e-02 4.860888015994695444e-01
7.087992622859898617e+00 3.321427644218663544e-02 4.841195071402026873e-01
7.059276401658618916e+00 3.337178753950820892e-02 4.821581502942522968e-01
7.030680099123205018e+00 3.352929863682978240e-02 4.802049840557848226e-01
7.002207240062856997e+00 3.368680973415134894e-02 4.782602491740480244e-01
6.973861176047447152e+00 3.384432083147292242e-02 4.763241745658089998e-01
6.945645091269385674e+00 3.400183192879449590e-02 4.743969777157269196e-01
6.917562008233856474e+00 3.415934302611606938e-02 4.724788650650041388e-01
6.889614793280740557e+00 3.431685412343764285e-02 4.705700323885408931e-01
6.861806161943205140e+00 3.447436522075920939e-02 4.686706651609352514e-01
6.834138684146379816e+00 3.463187631808078287e-02 4.667809389115579743e-01
6.806614789250334141e+00 3.478938741540235635e-02 4.649010195689955438e-01
6.779236770941574619e+00 3.494689851272392983e-02 4.630310637951473018e-01
6.752006791976331357e+00 3.510440961004549637e-02 4.611712193091956902e-01
6.724926888780313305e+00 3.526192070736706985e-02 4.593216252017781609e-01
6.697998975907974994e+00 3.541943180468864333e-02 4.574824122395598214e-01
6.671224850365391035e+00 3.557694290201021681e-02 4.556537031604926402e-01
6.644606195800220938e+00 3.573445399933179029e-02 4.538356129599944166e-01
6.618144586562591414e+00 3.589196509665335683e-02 4.520282491683134674e-01
6.591841491639955919e+00 3.604947619397493030e-02 4.502317121192850879e-01
6.565698278469930926e+00 3.620698729129650378e-02 4.484460952107523490e-01
6.539716216633904899e+00 3.636449838861807726e-02 4.466714851568457378e-01
6.513896481435317298e+00 3.652200948593964380e-02 4.449079622323838801e-01
6.488240157365218863e+00 3.667952058326121728e-02 4.431556005095758088e-01
6.462748241458806220e+00 3.683703168058279076e-02 4.414144680872775783e-01
6.437421646545672616e+00 3.699454277790436424e-02 4.396846273129880744e-01
6.412261204397001535e+00 3.715205387522593772e-02 4.379661349978070661e-01
6.387267668772561358e+00 3.730956497254750426e-02 4.362590426245488984e-01
6.362441718370284605e+00 3.746707606986907774e-02 4.345633965492022854e-01
6.337783959681557278e+00 3.762458716719065122e-02 4.328792381959516433e-01
6.313294929754509788e+00 3.778209826451222469e-02 4.312066042459122284e-01
6.288975098868496261e+00 3.793960936183379123e-02 4.295455268198018484e-01
6.264824873121966675e+00 3.809712045915536471e-02 4.278960336546951959e-01
6.240844596936423905e+00 3.825463155647693819e-02 4.262581482750477102e-01
6.217034555478950786e+00 3.841214265379851167e-02 4.246318901581581651e-01
6.193394977005939772e+00 3.856965375112008515e-02 4.230172748942472860e-01
6.169926035129781994e+00 3.872716484844165169e-02 4.214143143412770742e-01
6.146627851011541743e+00 3.888467594576322517e-02 4.198230167747126762e-01
6.123500495481368766e+00 3.904218704308479865e-02 4.182433870323489788e-01
6.100543991088859919e+00 3.919969814040637213e-02 4.166754266543544194e-01
6.077758314085862423e+00 3.935720923772793867e-02 4.151191340186974887e-01
6.055143396343103390e+00 3.951472033504951215e-02 4.135745044720566810e-01
6.032699127203462020e+00 3.967223143237108562e-02 4.120415304564010173e-01
6.010425355273172343e+00 3.982974252969265910e-02 4.105202016313302393e-01
5.988321890153025961e+00 3.998725362701423258e-02 4.090105049923206115e-01
5.966388504111781899e+00 4.014476472433579912e-02 4.075124249850196612e-01
5.944624933702930214e+00 4.030227582165737260e-02 4.060259436156735124e-01
5.923030881327128405e+00 4.045978691897894608e-02 4.045510405578435220e-01
5.901606016741713923e+00 4.061729801630051956e-02 4.030876932555078063e-01
5.880349951959522592e+00 4.077480911362208610e-02 4.016358752086174877e-01
5.859262091079433965e+00 4.093232021094365958e-02 4.001955457163173246e-01
5.838341743446760823e+00 4.108983130826523306e-02 3.987666576059564760e-01
5.817588201183533592e+00 4.124734240558680654e-02 3.973491625285089923e-01
5.797000740381162309e+00 4.140485350290838001e-02 3.959430110400371516e-01
5.776578622006963926e+00 4.156236460022994655e-02 3.945481526636065439e-01
5.756321092777985093e+00 4.171987569755152003e-02 3.931645359489696068e-01
5.736227386002705764e+00 4.187738679487309351e-02 3.917921085300561379e-01
5.716296722392141483e+00 4.203489789219466699e-02 3.904308171803720917e-01
5.696528310840833775e+00 4.219240898951623353e-02 3.890806078663417433e-01
5.676921349179301579e+00 4.234992008683780701e-02 3.877414257987020219e-01
5.657475024898435123e+00 4.250743118415938049e-02 3.864132154819786558e-01
5.638188515847046389e+00 4.266494228148095397e-02 3.850959207621307834e-01
5.619060990903355091e+00 4.282245337880252745e-02 3.837894848724140440e-01
5.600091610621251270e+00 4.297996447612409399e-02 3.824938504775207693e-01
5.581279527852281319e+00 4.313747557344566746e-02 3.812089597160630006e-01
5.562623888344117695e+00 4.329498667076724094e-02 3.799347542414480694e-01
5.544123831316201567e+00 4.345249776808881442e-02 3.786711752611971460e-01
5.525778490013614430e+00 4.361000886541038096e-02 3.774181635747733687e-01
5.507586992239471790e+00 4.376751996273195444e-02 3.761756596099475880e-01
5.489548460867009538e+00 4.392503106005352792e-02 3.749436034577719457e-01
5.471662014331696078e+00 4.408254215737510140e-02 3.737219349061938756e-01
5.453926767104373852e+00 4.424005325469667488e-02 3.725105934723711432e-01
5.436341830145673626e+00 4.439756435201824142e-02 3.713095184337090737e-01
5.418906311342659876e+00 4.455507544933981490e-02 3.701186488576846401e-01
5.401619315928299692e+00 4.471258654666138838e-02 3.689379236304964338e-01
5.384479946884040302e+00 4.487009764398296185e-02 3.677672814845607263e-01
5.367487305326426039e+00 4.502760874130452839e-02 3.666066610249187896e-01
5.350640490878116218e+00 4.518511983862610187e-02 3.654560007545774036e-01
5.333938602023788889e+00 4.534263093594767535e-02 3.643152390988174671e-01
5.317380736451616130e+00 4.550014203326924883e-02 3.631843144285178959e-01
5.300965991380738984e+00 4.565765313059082231e-02 3.620631650825217873e-01
5.284693463874999608e+00 4.581516422791238885e-02 3.609517293890650569e-01
5.268562251143888986e+00 4.597267532523396233e-02 3.598499456863321067e-01
5.252571450830574307e+00 4.613018642255553581e-02 3.587577523421273118e-01
5.236720161288008768e+00 4.628769751987710929e-02 3.576750877727351008e-01
5.221007481843013665e+00 4.644520861719867583e-02 3.566018904609561946e-01
5.205432513049220944e+00 4.660271971452024931e-02 3.555380989733836206e-01
5.189994356928910868e+00 4.676023081184182278e-02 3.544836519769219985e-01
5.174692117204288344e+00 4.691774190916339626e-02 3.534384882545820172e-01
5.159524899518581620e+00 4.707525300648496974e-02 3.524025467205839091e-01
5.144491811647231572e+00 4.723276410380653628e-02 3.513757664347804122e-01
5.129591963699575707e+00 4.739027520112810976e-02 3.503580866164326957e-01
5.114824468311464756e+00 4.754778629844968324e-02 3.493494466573656143e-01
5.100188440828754111e+00 4.770529739577125672e-02 3.483497861345021263e-01
5.085682999482526334e+00 4.786280849309282326e-02 3.473590448218296101e-01
5.071307265555933697e+00 4.802031959041439674e-02 3.463771627017952492e-01
5.057060363543079085e+00 4.817783068773597022e-02 3.454040799761595171e-01
5.042941421300256799e+00 4.833534178505754370e-02 3.444397370763249144e-01
5.028949570189843676e+00 4.849285288237911717e-02 3.434840746731634420e-01
5.015083945216945338e+00 4.865036397970068371e-02 3.425370336863513554e-01
5.001343685159234553e+00 4.880787507702225719e-02 3.415985552932356839e-01
4.987727932690130928e+00 4.896538617434383067e-02 3.406685809372485552e-01
4.974235834495654096e+00 4.912289727166540415e-02 3.397470523358881445e-01
4.960866541385015260e+00 4.928040836898697069e-02 3.388339114882719660e-01
4.947619208395263257e+00 4.943791946630854417e-02 3.379291006822848220e-01
4.934492994890335993e+00 4.959543056363011765e-02 3.370325625013438353e-01
4.921487064654506582e+00 4.975294166095169113e-02 3.361442398307807333e-01
4.908600585980421371e+00 4.991045275827326461e-02 3.352640758638559260e-01
4.895832722035178719e+00 5.006796385559483115e-02 3.343920134437470271e-01
4.883182327294650626e+00 5.022547495291640463e-02 3.335279743296035160e-01
4.870647897945419302e+00 5.038298605023797810e-02 3.326718558089290512e-01
4.858227933089620088e+00 5.054049714755955158e-02 3.318235553683647754e-01
4.845920956623888998e+00 5.069800824488111812e-02 3.309829721880493958e-01
4.833725516741210093e+00 5.085551934220269160e-02 3.301500071075949561e-01
4.821640185444495685e+00 5.101303043952426508e-02 3.293245625928643006e-01
4.809663558071362033e+00 5.117054153684583856e-02 3.285065427035117058e-01
4.797794252830529516e+00 5.132805263416741204e-02 3.276958530613193754e-01
4.786030910348566536e+00 5.148556373148897858e-02 3.268924008192384822e-01
4.774372193227374161e+00 5.164307482881055206e-02 3.260960946311656783e-01
4.762816785611994064e+00 5.180058592613212554e-02 3.253068446224225418e-01
4.751363392768337413e+00 5.195809702345369901e-02 3.245245623609159802e-01
4.740010740670574485e+00 5.211560812077526555e-02 3.237491608289537748e-01
4.728757575598112162e+00 5.227311921809683903e-02 3.229805543957191549e-01
4.717602663741700120e+00 5.243063031541841251e-02 3.222186587903679844e-01
4.706544790699950909e+00 5.258814141273998599e-02 3.214633910676386042e-01
4.695582728420689911e+00 5.274565251006155947e-02 3.207146673499021161e-01
4.684715191583065597e+00 5.290316360738312601e-02 3.199723998480017428e-01
4.673940905205794749e+00 5.306067470470469949e-02 3.192365014789869671e-01
4.663258615543020014e+00 5.321818580202627297e-02 3.185068866103155094e-01
4.652667089658289790e+00 5.337569689934784645e-02 3.177834710307561594e-01
4.642165115008566545e+00 5.353320799666941299e-02 3.170661719219752817e-01
4.631751499037959796e+00 5.369071909399098647e-02 3.163549078307885121e-01
4.621425068781049639e+00 5.384823019131255994e-02 3.156495986420670974e-01
4.611184670475253711e+00 5.400574128863413342e-02 3.149501655522621846e-01
4.601029169182410783e+00 5.416325238595570690e-02 3.142565310435584403e-01
4.590957448418999221e+00 5.432076348327727344e-02 3.135686188586176426e-01
4.580968409794873963e+00 5.447827458059884692e-02 3.128863539759030865e-01
4.571060972660339061e+00 5.463578567792042040e-02 3.122096625855756979e-01
4.561234073761259999e+00 5.479329677524199388e-02 3.115384720659362117e-01
4.551486666902127887e+00 5.495080787256356042e-02 3.108727109604126349e-01
4.541817722616670494e+00 5.510831896988513390e-02 3.102123089550627433e-01
4.532226227781396055e+00 5.526583006720670738e-02 3.095571968521784734e-01
4.522711090493884534e+00 5.542334116452828086e-02 3.089073000733436047e-01
4.513270953744487279e+00 5.558085226184985433e-02 3.082625259329593304e-01
4.503904432838819361e+00 5.573836335917142087e-02 3.076227798545215775e-01
4.494610168858494070e+00 5.589587445649299435e-02 3.069879690220618240e-01
4.485386828117241542e+00 5.605338555381456783e-02 3.063580023429994803e-01
4.476233101630693767e+00 5.621089665113614131e-02 3.057327904119271911e-01
4.467147704599405245e+00 5.636840774845770785e-02 3.051122454753010804e-01
4.458129375904850811e+00 5.652591884577928133e-02 3.044962813970152893e-01
4.449176877617795789e+00 5.668342994310085481e-02 3.038848136248248344e-01
4.440288994518975407e+00 5.684094104042242829e-02 3.032777591576060194e-01
4.431464533631520375e+00 5.699845213774400177e-02 3.026750365134212584e-01
4.422702323764816867e+00 5.715596323506556831e-02 3.020765656983632752e-01
4.414001215069579764e+00 5.731347433238714179e-02 3.014822681761669676e-01
4.405360078603751894e+00 5.747098542970871526e-02 3.008920668385589581e-01
4.396777805908879344e+00 5.762849652703028874e-02 3.003058859763236832e-01
4.388253308596727464e+00 5.778600762435185528e-02 2.997236512510692563e-01
4.379785517945978590e+00 5.794351872167342876e-02 2.991452896676802808e-01
4.371373384342802204e+00 5.810102981899500224e-02 2.985707295361088032e-01
4.363015785167907445e+00 5.825854091631657572e-02 2.979998941799353873e-01
4.354711375311977939e+00 5.841605201363814920e-02 2.974326917263695469e-01
4.346458795926789520e+00 5.857356311095971574e-02 2.968690293642350375e-01
4.338256714620698062e+00 5.873107420828128922e-02 2.963088160893759260e-01
4.330103824920245259e+00 5.888858530560286270e-02 2.957519626678837277e-01
4.321998845745415707e+00 5.904609640292443618e-02 2.951983816002560768e-01
4.313940520897983077e+00 5.920360750024600272e-02 2.946479870864505690e-01
4.305927618562871650e+00 5.936111859756757619e-02 2.941006949918276714e-01
4.297958930821797807e+00 5.951862969488914967e-02 2.935564228139306286e-01
4.290033273179263418e+00 5.967614079221072315e-02 2.930150896501105828e-01
4.282149484099942782e+00 5.983365188953229663e-02 2.924766161659300145e-01
4.274306424557838824e+00 5.999116298685386317e-02 2.919409245643685979e-01
4.266502977596134727e+00 6.014867408417543665e-02 2.914079385557615254e-01
4.258738047898084744e+00 6.030618518149701013e-02 2.908775833284896750e-01
4.251010561368174123e+00 6.046369627881858361e-02 2.903497855203729938e-01
4.243319464723395384e+00 6.062120737614015015e-02 2.898244731907536065e-01
4.235663725094408250e+00 6.077871847346172363e-02 2.893015757932556609e-01
4.228042329636238605e+00 6.093622957078329710e-02 2.887810241491934882e-01
4.220454284127465705e+00 6.109374066810487058e-02 2.882627503518963574e-01
4.212898502335996831e+00 6.125125176542643712e-02 2.877466802102391918e-01
4.205373710405639898e+00 6.140876286274801060e-02 2.872327267181166710e-01
4.197878637124830448e+00 6.156627396006958408e-02 2.867208030500555394e-01
4.190412037047200222e+00 6.172378505739115756e-02 2.862108241403796827e-01
4.182972690009913563e+00 6.188129615471273104e-02 2.857027066503134427e-01
4.175559400664207388e+00 6.203880725203429758e-02 2.851963689359151011e-01
4.168170998017363793e+00 6.219631834935587106e-02 2.846917310167944026e-01
4.160806334986055788e+00 6.235382944667744454e-02 2.841887145456045705e-01
4.153464287960630941e+00 6.251134054399902495e-02 2.836872427782827777e-01
4.146143756380019418e+00 6.266885164132059149e-02 2.831872405450159280e-01
4.138843662316889827e+00 6.282636273864215803e-02 2.826886342219050996e-01
4.131562950072720675e+00 6.298387383596373845e-02 2.821913517033103891e-01
4.124300585782705753e+00 6.314138493328530499e-02 2.816953223748634438e-01
4.117055557029813073e+00 6.329889603060687153e-02 2.812004770871081027e-01
4.109826872468178571e+00 6.345640712792845195e-02 2.807067481297775835e-01
4.102613561455120461e+00 6.361391822525001849e-02 2.802140692066607541e-01
4.095414673691835539e+00 6.377142932257158503e-02 2.797223754110607641e-01
4.088229278872343109e+00 6.392894041989316545e-02 2.792316032018175576e-01
4.081056466340537980e+00 6.408645151721473199e-02 2.787416903798843881e-01
4.073895341749196319e+00 6.424396261453631241e-02 2.782525758601332444e-01
4.066744923846803417e+00 6.440147371185787895e-02 2.777641926217550572e-01
4.059604121136453969e+00 6.455898480917944549e-02 2.772764661140313391e-01
4.052471857445658188e+00 6.471649590650102590e-02 2.767893228329214583e-01
4.045347079897159581e+00 6.487400700382259244e-02 2.763026908654814262e-01
4.038228758524851081e+00 6.503151810114417286e-02 2.758164998636293830e-01
4.031115885898710616e+00 6.518902919846573940e-02 2.753306810185288667e-01
4.024007476758400870e+00 6.534654029578730594e-02 2.748451670355631649e-01
4.016902567655261436e+00 6.550405139310888636e-02 2.743598921098819310e-01
4.009800216602559253e+00 6.566156249043045290e-02 2.738747919025139033e-01
4.002699502733471526e+00 6.581907358775203332e-02 2.733898035170069241e-01
3.995599525966922361e+00 6.597658468507359986e-02 2.729048654766029203e-01
3.988499406680592330e+00 6.613409578239516640e-02 2.724199177019043794e-01
3.981398285391380298e+00 6.629160687971674681e-02 2.719349014890504734e-01
3.974295322442622957e+00 6.644911797703831335e-02 2.714497594883524267e-01
3.967189697698083606e+00 6.660662907435987989e-02 2.709644356833932344e-01
3.960080610242616483e+00 6.676414017168146031e-02 2.704788753705822946e-01
3.952967278089007941e+00 6.692165126900302685e-02 2.699930251391325919e-01
3.945848937891007768e+00 6.707916236632460727e-02 2.695068328514603762e-01
3.938724844662367275e+00 6.723667346364617381e-02 2.690202476239946239e-01
3.931594271501550164e+00 6.739418456096774035e-02 2.685332198083746347e-01
3.924456505964321718e+00 6.755169565828932077e-02 2.680457007436932715e-01
3.917310793345444520e+00 6.770920675561088731e-02 2.675576388825593455e-01
3.910156346089420865e+00 6.786671785293246772e-02 2.670689804338645668e-01
3.902992394406451737e+00 6.802422895025403426e-02 2.665796728199217869e-01
3.895818187712240199e+00 6.818174004757560080e-02 2.660896647748059451e-01
3.888632994351636896e+00 6.833925114489718122e-02 2.655989063254780014e-01
3.881436101327516930e+00 6.849676224221874776e-02 2.651073487732676925e-01
3.874226814035116817e+00 6.865427333954032818e-02 2.646149446757277701e-01
3.867004456001534418e+00 6.881178443686189472e-02 2.641216478288418990e-01
3.859768368630141833e+00 6.896929553418346126e-02 2.636274132495670108e-01
3.852517910949926350e+00 6.912680663150504168e-02 2.631321971587140540e-01
3.845252459369427278e+00 6.928431772882660822e-02 2.626359569641407155e-01
3.837971407435262883e+00 6.944182882614817476e-02 2.621386512442586691e-01
3.830674165594974312e+00 6.959933992346975518e-02 2.616402397318356998e-01
3.823360160964220267e+00 6.975685102079132172e-02 2.611406832980941450e-01
3.816028837098023097e+00 6.991436211811290213e-02 2.606399439370878923e-01
3.808679653766021023e+00 7.007187321543446867e-02 2.601379847503503817e-01
3.801312086731525319e+00 7.022938431275603521e-02 2.596347699318051205e-01
3.793925627534460610e+00 7.038689541007761563e-02 2.591302647529394321e-01
3.786519783277825013e+00 7.054440650739918217e-02 2.586244355482198998e-01
3.779094076417622183e+00 7.070191760472076259e-02 2.581172497007438449e-01
3.771648044556325186e+00 7.085942870204232913e-02 2.576086756281332768e-01
3.764181241789002375e+00 7.101693979936389567e-02 2.570986828744767916e-01
3.756693257623963778e+00 7.117445089668547609e-02 2.565872434026352789e-01
3.749183710376511325e+00 7.133196199400704263e-02 2.560743311430262459e-01
3.741652232252544508e+00 7.148947309132862304e-02 2.555599209748141143e-01
3.734098468841790197e+00 7.164698418865018958e-02 2.550439886912964638e-01
3.726522078938293348e+00 7.180449528597175612e-02 2.545265109876440612e-01
3.718922734363432347e+00 7.196200638329333654e-02 2.540074654488119754e-01
3.711300119791527852e+00 7.211951748061490308e-02 2.534868305376287712e-01
3.703653932577739560e+00 7.227702857793646962e-02 2.529645855830413015e-01
3.695983882588383285e+00 7.243453967525805004e-02 2.524407107685259777e-01
3.688289692033459577e+00 7.259205077257961658e-02 2.519151871206486981e-01
3.680571095301427675e+00 7.274956186990119700e-02 2.513879964977812076e-01
3.672827838796122180e+00 7.290707296722276354e-02 2.508591215789616191e-01
3.665059680775674344e+00 7.306458406454433008e-02 2.503285458528926033e-01
3.657266391193558785e+00 7.322209516186591050e-02 2.497962536070842954e-01
3.649447751541537777e+00 7.337960625918747704e-02 2.492622299171278200e-01
3.641603554694550215e+00 7.353711735650905745e-02 2.487264606361008490e-01
3.633733604757394708e+00 7.369462845383062399e-02 2.481889323840954231e-01
3.625837716913296038e+00 7.385213955115219053e-02 2.476496325378750307e-01
3.617915717274174270e+00 7.400965064847377095e-02 2.471085492206481771e-01
3.609967442732618270e+00 7.416716174579533749e-02 2.465656712919574167e-01
3.601992740815536997e+00 7.432467284311691791e-02 2.460209883376840989e-01
3.593991469539469019e+00 7.448218394043848445e-02 2.454744906601649679e-01
3.585963503328798652e+00 7.463969503776005099e-02 2.449261696824155399e-01
3.577908825626118006e+00 7.479720613508163141e-02 2.443760242735421306e-01
3.569827508131562244e+00 7.495471723240319795e-02 2.438240593307613446e-01
3.561719630832461014e+00 7.511222832972476449e-02 2.432702803173160677e-01
3.553585279507938566e+00 7.526973942704634490e-02 2.427146930920370538e-01
3.545424545633698798e+00 7.542725052436791144e-02 2.421573039028387941e-01
3.537237526287974276e+00 7.558476162168949186e-02 2.415981193802961002e-01
3.529024324057992157e+00 7.574227271901105840e-02 2.410371465312559081e-01
3.520785046947575658e+00 7.589978381633262494e-02 2.404743927325257158e-01
3.512519808285353040e+00 7.605729491365420536e-02 2.399098657246043487e-01
3.504228726633911162e+00 7.621480601097577190e-02 2.393435736054774499e-01
3.495911925699681788e+00 7.637231710829735232e-02 2.387755248244619322e-01
3.487569534243676550e+00 7.652982820561891886e-02 2.382057281761096046e-01
3.479201685992950210e+00 7.668733930294048540e-02 2.376341927941595100e-01
3.470808519552878835e+00 7.684485040026206581e-02 2.370609281455468287e-01
3.462390178320172041e+00 7.700236149758363235e-02 2.364859440244612698e-01
3.453946810396677947e+00 7.715987259490521277e-02 2.359092505464598644e-01
3.445478568503859584e+00 7.731738369222677931e-02 2.353308581426255541e-01
3.436985609898109750e+00 7.747489478954834585e-02 2.347507775537833463e-01
3.428468096286712452e+00 7.763240588686992627e-02 2.341690198247599886e-01
3.419926193744539766e+00 7.778991698419149281e-02 2.335855962986943812e-01
3.411360072631476115e+00 7.794742808151305935e-02 2.330005186113976168e-01
3.402769907510578395e+00 7.810493917883463977e-02 2.324137986857631732e-01
3.394155877066845406e+00 7.826245027615620631e-02 2.318254487262187136e-01
3.385518166188756339e+00 7.841996137347778673e-02 2.312354813608981652e-01
3.376857081466905441e+00 7.857747247079935327e-02 2.306439175303547362e-01
3.368173106125692762e+00 7.873498356812091981e-02 2.300507902394703930e-01
3.359466734955156131e+00 7.889249466544250022e-02 2.294561332830754308e-01
3.350738459665778102e+00 7.905000576276406676e-02 2.288599802456625920e-01
3.341988768881416050e+00 7.920751686008564718e-02 2.282623645009038693e-01
3.333218148132600422e+00 7.936502795740721372e-02 2.276633192111928994e-01
3.324427079850367672e+00 7.952253905472878026e-02 2.270628773272236334e-01
3.315616043360384957e+00 7.968005015205036068e-02 2.264610715875891023e-01
3.306785514877623289e+00 7.983756124937192722e-02 2.258579345184173748e-01
3.297935967501330445e+00 7.999507234669350764e-02 2.252534984330287759e-01
3.289067871210478167e+00 8.015258344401507418e-02 2.246477954316243308e-01
3.280181692859577058e+00 8.031009454133664072e-02 2.240408574009999376e-01
3.271277896174920041e+00 8.046760563865822113e-02 2.234327160142904611e-01
3.262356941751125561e+00 8.062511673597978767e-02 2.228234027307327558e-01
3.253419287048196384e+00 8.078262783330135421e-02 2.222129487954652982e-01
3.244465386388847961e+00 8.094013893062293463e-02 2.216013852393456385e-01
3.235495690956253778e+00 8.109765002794450117e-02 2.209887428787963293e-01
3.226510648792122904e+00 8.125516112526608159e-02 2.203750523156735031e-01
3.217510704795191856e+00 8.141267222258764813e-02 2.197603439371642875e-01
3.208496300720034444e+00 8.157018331990921467e-02 2.191446479157049820e-01
3.199467875176225995e+00 8.172769441723079509e-02 2.185279942089243532e-01
3.190425863627808667e+00 8.188520551455236163e-02 2.179104125596068864e-01
3.181370698393241714e+00 8.204271661187394205e-02 2.172919324956895659e-01
3.172302808645457439e+00 8.220022770919550859e-02 2.166725833302657056e-01
3.163222620412486474e+00 8.235773880651707513e-02 2.160523941616273591e-01
3.154130598985390943e+00 8.251524990383865554e-02 2.154313967697849552e-01
3.145027451862834944e+00 8.267276100116022208e-02 2.148096394778567508e-01
3.135913965462189701e+00 8.283027209848178862e-02 2.141871759992155233e-01
3.126790914597752824e+00 8.298778319580336904e-02 2.135640592547282113e-01
3.117659062456091590e+00 8.314529429312493558e-02 2.129403413710723725e-01
3.108519160696674000e+00 8.330280539044651600e-02 2.123160736876089083e-01
3.099371949552896410e+00 8.346031648776808254e-02 2.116913067632824053e-01
3.090218157933422027e+00 8.361782758508964908e-02 2.110660903835429869e-01
3.081058503523912417e+00 8.377533868241122950e-02 2.104404735672945337e-01
3.071893692889037464e+00 8.393284977973279604e-02 2.098145045738620262e-01
3.062724421574652744e+00 8.409036087705437645e-02 2.091882309099704074e-01
3.053551374210274449e+00 8.424787197437594299e-02 2.085616993367441774e-01
3.044375224611652442e+00 8.440538307169750953e-02 2.079349558767125128e-01
3.035196635883449456e+00 8.456289416901908995e-02 2.073080458208231835e-01
3.026016260522113921e+00 8.472040526634065649e-02 2.066810137354683774e-01
3.016834740518668401e+00 8.487791636366223691e-02 2.060539034695053062e-01
3.007652707461658803e+00 8.503542746098380345e-02 2.054267581612880811e-01
2.998470782639954368e+00 8.519293855830536999e-02 2.047996202456890680e-01
2.989289577145638699e+00 8.535044965562695041e-02 2.041725314611260444e-01
2.980109691976727149e+00 8.550796075294851695e-02 2.035455328565784483e-01
2.970931718139792732e+00 8.566547185027008349e-02 2.029186647985964653e-01
2.961756236752548510e+00 8.582298294759166390e-02 2.022919669783079799e-01
2.952583819146167077e+00 8.598049404491323044e-02 2.016654784184069016e-01
2.943415026967443282e+00 8.613800514223481086e-02 2.010392374801306392e-01
2.934250412280785536e+00 8.629551623955637740e-02 2.004132818702269725e-01
2.925090517669901580e+00 8.645302733687794394e-02 1.997876486478989411e-01
2.915935876400471916e+00 8.661053843419952436e-02 1.991623742359155680e-01
2.906787094332172305e+00 8.676804953152109090e-02 1.985375000153140057e-01
2.897645008457211180e+00 8.692556062884267132e-02 1.979130831537973534e-01
2.888510483716082877e+00 8.708307172616423786e-02 1.972891827279740218e-01
2.879384367558879720e+00 8.724058282348580440e-02 1.966658566198344338e-01
2.870267490160188117e+00 8.739809392080738482e-02 1.960431615314286169e-01
2.861160664633858985e+00 8.755560501812895136e-02 1.954211529995348584e-01
2.852064687247342967e+00 8.771311611545053177e-02 1.947998854103000221e-01
2.842980337635682808e+00 8.787062721277209831e-02 1.941794120138545798e-01
2.833908379014991930e+00 8.802813831009366485e-02 1.935597849388939751e-01
2.824849558395372107e+00 8.818564940741524527e-02 1.929410552072209628e-01
2.815804606793256948e+00 8.834316050473681181e-02 1.923232727482494520e-01
2.806774239442942243e+00 8.850067160205837835e-02 1.917064864134513658e-01
2.797759156007483039e+00 8.865818269937995877e-02 1.910907439907622574e-01
2.788760040788648809e+00 8.881569379670152531e-02 1.904760922189207561e-01
2.779777562936051716e+00 8.897320489402310573e-02 1.898625768017528914e-01
2.770812376655293008e+00 8.913071599134467227e-02 1.892502424223880542e-01
2.761865121415118640e+00 8.928822708866623881e-02 1.886391327574088450e-01
2.752936422153523299e+00 8.944573818598781922e-02 1.880292904909277307e-01
2.744026889482698017e+00 8.960324928330938576e-02 1.874207573285852357e-01
2.735137119892899982e+00 8.976076038063096618e-02 1.868135740114747478e-01
2.726267695955051362e+00 8.991827147795253272e-02 1.862077803299800605e-01
2.717419186522081365e+00 9.007578257527409926e-02 1.856034151375278995e-01
2.708592146929077238e+00 9.023329367259567968e-02 1.850005163642573780e-01
2.699787119191964457e+00 9.039080476991724622e-02 1.843991210305914175e-01
2.691004632204947011e+00 9.054831586723882664e-02 1.837992652607211841e-01
2.682245201936461765e+00 9.070582696456039318e-02 1.832009842959905765e-01
2.673509331623737939e+00 9.086333806188195972e-02 1.826043125081846796e-01
2.664797511965867560e+00 9.102084915920354014e-02 1.820092834127170212e-01
2.656110260604831907e+00 9.117836025652510668e-02 1.814159323652365097e-01
2.647448261894759014e+00 9.133587135384667322e-02 1.808243061080583025e-01
2.638812234513526533e+00 9.149338245116825363e-02 1.802344537278557646e-01
2.630202879143526129e+00 9.165089354848982017e-02 1.796464230821865071e-01
2.621620878752366046e+00 9.180840464581140059e-02 1.790602608186641354e-01
2.613066898876412747e+00 9.196591574313296713e-02 1.784760123943249510e-01
2.604541587902509558e+00 9.212342684045453367e-02 1.778937220948694775e-01
2.596045577347602773e+00 9.228093793777611409e-02 1.773134330537615988e-01
2.587579482136550979e+00 9.243844903509768063e-02 1.767351872712027427e-01
2.579143900877665985e+00 9.259596013241926105e-02 1.761590256329524928e-01
2.570739416136265554e+00 9.275347122974082759e-02 1.755849879290120319e-01
2.562366594705920875e+00 9.291098232706239413e-02 1.750131128721505169e-01
2.554025987877550197e+00 9.306849342438397454e-02 1.744434381162854597e-01
2.545718131706220078e+00 9.322600452170554108e-02 1.738760002747047062e-01
2.537443547275540556e+00 9.338351561902712150e-02 1.733108349381254354e-01
2.529202740959785700e+00 9.354102671634868804e-02 1.727479766925969773e-01
2.520996204683547237e+00 9.369853781367025458e-02 1.721874591372362095e-01
2.512824416178962572e+00 9.385604891099183500e-02 1.716293149017958375e-01
2.504687839240444802e+00 9.401356000831340154e-02 1.710735756640630323e-01
2.496586923976956029e+00 9.417107110563496808e-02 1.705202721670903976e-01
2.488522107061649891e+00 9.432858220295654850e-02 1.699694342362463861e-01
2.480493811979089358e+00 9.448609330027811504e-02 1.694210907961008206e-01
2.472502449269768476e+00 9.464360439759969545e-02 1.688752698871261171e-01
2.464548416772056161e+00 9.480111549492126199e-02 1.683319986822224557e-01
2.456632099861563390e+00 9.495862659224282853e-02 1.677913035030664246e-01
2.448753871687818773e+00 9.511613768956440895e-02 1.672532098362770059e-01
2.440914093408344865e+00 9.527364878688597549e-02 1.667177423494025923e-01
2.433113114420014877e+00 9.543115988420755591e-02 1.661849249067233469e-01
2.425351272587796814e+00 9.558867098152912245e-02 1.656547805848748167e-01
2.417628895243765452e+00 9.574618207885068899e-02 1.651273317410814900e-01
2.409946335486509383e+00 9.590369317617226941e-02 1.646026024924557851e-01
2.402303986788232759e+00 9.606120427349383595e-02 1.640806197136827349e-01
2.394702233923454493e+00 9.621871537081541637e-02 1.635614096853837685e-01
2.387141449186939823e+00 9.637622646813698291e-02 1.630449978357960683e-01
2.379621992644963768e+00 9.653373756545854945e-02 1.625314087579345645e-01
2.372144212383707984e+00 9.669124866278012986e-02 1.620206662265574749e-01
2.364708444754634264e+00 9.684875976010169640e-02 1.615127932149255374e-01
2.357315014616931492e+00 9.700627085742326294e-02 1.610078119113620976e-01
2.349964235576937899e+00 9.716378195474484336e-02 1.605057437356051109e-01
2.342656410224646990e+00 9.732129305206640990e-02 1.600066093549614710e-01
2.335391830367169241e+00 9.747880414938799032e-02 1.595104287002525323e-01
2.328170777259273461e+00 9.763631524670955686e-02 1.590172209815603754e-01
2.320993521830895912e+00 9.779382634403112340e-02 1.585270047037670160e-01
2.313860324911729993e+00 9.795133744135270382e-02 1.580397976818940509e-01
2.306771437452800111e+00 9.810884853867427036e-02 1.575556170562369407e-01
2.299727100745086350e+00 9.826635963599585077e-02 1.570744793072966494e-01
2.292727546635255909e+00 9.842387073331741731e-02 1.565964002705150238e-01
2.285772997738308998e+00 9.858138183063898385e-02 1.561213951507983977e-01
2.278863667647478497e+00 9.873889292796056427e-02 1.556494785368541522e-01
2.271999761141035190e+00 9.889640402528213081e-02 1.551806644153158055e-01
2.265181474386296578e+00 9.905391512260371123e-02 1.547149661846773383e-01
2.258408995140720243e+00 9.921142621992527777e-02 1.542523966690275417e-01
2.251682502950058673e+00 9.936893731724684431e-02 1.537929681315847730e-01
2.245002169343739418e+00 9.952644841456842473e-02 1.533366922880416428e-01
2.238368158027346233e+00 9.968395951188999127e-02 1.528835803197112764e-01
2.231780625072282920e+00 9.984147060921155781e-02 1.524336428864823123e-01
2.225239719102630964e+00 9.999898170653313823e-02 1.519868901395811656e-01
2.218745581479247608e+00 1.001564928038547048e-01 1.515433317341458030e-01
2.212298346481041733e+00 1.003140039011762852e-01 1.511029768416079500e-01
2.205898141483551900e+00 1.004715149984978517e-01 1.506658341618895558e-01
2.199545086785677395e+00 1.006290260958194183e-01 1.502319119115686219e-01
2.193239259461637669e+00 1.007865371931409987e-01 1.498012153549188041e-01
2.186980662799354214e+00 1.009440482904625652e-01 1.493737447165095766e-01
2.180769288602291578e+00 1.011015593877841456e-01 1.489494994365063996e-01
2.174605124893047137e+00 1.012590704851057122e-01 1.485284786968365522e-01
2.168488156027811531e+00 1.014165815824272787e-01 1.481106814290066021e-01
2.162418362808890215e+00 1.015740926797488591e-01 1.476961063217878956e-01
2.156395722595244369e+00 1.017316037770704257e-01 1.472847518287669633e-01
2.150420209410972117e+00 1.018891148743920061e-01 1.468766161757542876e-01
2.144491794051944122e+00 1.020466259717135726e-01 1.464716973680683654e-01
2.138610444190492288e+00 1.022041370690351392e-01 1.460699931976856270e-01
2.132776124478195090e+00 1.023616481663567196e-01 1.456715012502609041e-01
2.126988796646858582e+00 1.025191592636782861e-01 1.452762189120246350e-01
2.121248419607578484e+00 1.026766703609998527e-01 1.448841433765489795e-01
2.115554949548089425e+00 1.028341814583214331e-01 1.444952716513967783e-01
2.109908340028281870e+00 1.029916925556429996e-01 1.441096005646456402e-01
2.104308542073945354e+00 1.031492036529645800e-01 1.437271267712905698e-01
2.098755504268849048e+00 1.033067147502861466e-01 1.433478467595332428e-01
2.093249172845050410e+00 1.034642258476077131e-01 1.429717568569503494e-01
2.087789491771582462e+00 1.036217369449292935e-01 1.425988532365507488e-01
2.082376402841459750e+00 1.037792480422508601e-01 1.422291319227184381e-01
2.077009845757034956e+00 1.039367591395724405e-01 1.418625887970424992e-01
2.071689758213830945e+00 1.040942702368940070e-01 1.414992196040424643e-01
2.066416075982707046e+00 1.042517813342155736e-01 1.411390199567810477e-01
2.061188732990538952e+00 1.044092924315371540e-01 1.407819853423742107e-01
2.056007661399318120e+00 1.045668035288587205e-01 1.404281111273939509e-01
2.050872791683820306e+00 1.047243146261803010e-01 1.400773925631733641e-01
2.045784052707728229e+00 1.048818257235018675e-01 1.397298247910053470e-01
2.040741371798302062e+00 1.050393368208234340e-01 1.393854028472432671e-01
2.035744674819670141e+00 1.051968479181450145e-01 1.390441216683065417e-01
2.030793886244684820e+00 1.053543590154665810e-01 1.387059760955886012e-01
2.025888929225372337e+00 1.055118701127881475e-01 1.383709608802687896e-01
2.021029725662040200e+00 1.056693812101097280e-01 1.380390706880318674e-01
2.016216187962048156e+00 1.058268923074312945e-01 1.377102995361820237e-01
2.011448087761664727e+00 1.059844034047528749e-01 1.373846318271666200e-01
2.006725082409857919e+00 1.061419145020744415e-01 1.370620441574556259e-01
2.002046829498561387e+00 1.062994255993960080e-01 1.367425131401137361e-01
1.997412990406328692e+00 1.064569366967175884e-01 1.364260156468370955e-01
1.992823230254633371e+00 1.066144477940391549e-01 1.361125288049681858e-01
1.988277217864737434e+00 1.067719588913607354e-01 1.358020299945501552e-01
1.983774625715056139e+00 1.069294699886823019e-01 1.354944968454146470e-01
1.979315129899220649e+00 1.070869810860038684e-01 1.351899072343175634e-01
1.974898410084588329e+00 1.072444921833254489e-01 1.348882392821049714e-01
1.970524149471330588e+00 1.074020032806470154e-01 1.345894713509190321e-01
1.966192034752095141e+00 1.075595143779685958e-01 1.342935820414427328e-01
1.961901756072174763e+00 1.077170254752901624e-01 1.340005501901794238e-01
1.957653006990189404e+00 1.078745365726117289e-01 1.337103548667673836e-01
1.953445484439309654e+00 1.080320476699333093e-01 1.334229753713311317e-01
1.949278888688994238e+00 1.081895587672548759e-01 1.331383912318683804e-01
1.945152923307218673e+00 1.083470698645764424e-01 1.328565822016697928e-01
1.941067295123191316e+00 1.085045809618980228e-01 1.325775282567728530e-01
1.937021714190585220e+00 1.086620920592195894e-01 1.323012095934502919e-01
1.933015893751230507e+00 1.088196031565411698e-01 1.320276066257302372e-01
1.929049550199310126e+00 1.089771142538627363e-01 1.317566999829506980e-01
1.925122403045980590e+00 1.091346253511843029e-01 1.314884705073436078e-01
1.921234174884516310e+00 1.092921364485058833e-01 1.312228992516532855e-01
1.917384591355836498e+00 1.094496475458274498e-01 1.309599674767824851e-01
1.913573381114558547e+00 1.096071586431490302e-01 1.306996566494737777e-01
1.909800275795438873e+00 1.097646697404705968e-01 1.304419484400169693e-01
1.906065009980289604e+00 1.099221808377921633e-01 1.301868247199899631e-01
1.902367321165267633e+00 1.100796919351137437e-01 1.299342675600243524e-01
1.898706949728687476e+00 1.102372030324353103e-01 1.296842592276070960e-01
1.895083638899160317e+00 1.103947141297568907e-01 1.294367821849040368e-01
1.891497134724176021e+00 1.105522252270784572e-01 1.291918190866144789e-01
1.887947186039139469e+00 1.107097363244000238e-01 1.289493527778558246e-01
1.884433544436734831e+00 1.108672474217216042e-01 1.287093662920717752e-01
1.880955964236718847e+00 1.110247585190431707e-01 1.284718428489685094e-01
1.877514202041066449e+00 1.111822696163647373e-01 1.282367658241309327e-01
1.874107931489458645e+00 1.113397807136863177e-01 1.280041129267066036e-01
1.870736640864426370e+00 1.114972918110078842e-01 1.277738492056985919e-01
1.867399799958718853e+00 1.116548029083294646e-01 1.275459384472326929e-01
1.864096885720256003e+00 1.118123140056510312e-01 1.273203449261426645e-01
1.860827382128194873e+00 1.119698251029725977e-01 1.270970333975051936e-01
1.857590780071558090e+00 1.121273362002941781e-01 1.268759690883503044e-01
1.854386577230398458e+00 1.122848472976157447e-01 1.266571176895443240e-01
1.851214277959475130e+00 1.124423583949373251e-01 1.264404453478452373e-01
1.848073393174323620e+00 1.125998694922588916e-01 1.262259186581210502e-01
1.844963440239698160e+00 1.127573805895804582e-01 1.260135046557299965e-01
1.841883942860376377e+00 1.129148916869020386e-01 1.258031708090625034e-01
1.838834430974135570e+00 1.130724027842236051e-01 1.255948850122314553e-01
1.835814440647048018e+00 1.132299138815451855e-01 1.253886155779204703e-01
1.832823513970847307e+00 1.133874249788667521e-01 1.251843312303740352e-01
1.829861198962495994e+00 1.135449360761883186e-01 1.249820010985378538e-01
1.826927049465713049e+00 1.137024471735098990e-01 1.247815947093329353e-01
1.824020625054644018e+00 1.138599582708314656e-01 1.245830819810762879e-01
1.821141490939393925e+00 1.140174693681530321e-01 1.243864332170284970e-01
1.818289217873571006e+00 1.141749804654746125e-01 1.241916190990789287e-01
1.815463382063687181e+00 1.143324915627961791e-01 1.239986106815577638e-01
1.812663565080396388e+00 1.144900026601177595e-01 1.238073793851731941e-01
1.809889353771565235e+00 1.146475137574393260e-01 1.236178969910744219e-01
1.807140340177078253e+00 1.148050248547608926e-01 1.234301356350322731e-01
1.804416121445414856e+00 1.149625359520824730e-01 1.232440678017417413e-01
1.801716299751847883e+00 1.151200470494040395e-01 1.230596663192344287e-01
1.799040482218365211e+00 1.152775581467256200e-01 1.228769043534094635e-01
1.796388280835165441e+00 1.154350692440471865e-01 1.226957554026712749e-01
1.793759312383748084e+00 1.155925803413687530e-01 1.225161932926765868e-01
1.791153198361536303e+00 1.157500914386903335e-01 1.223381921711862441e-01
1.788569564908023102e+00 1.159076025360119000e-01 1.221617265030206650e-01
1.786008042732416756e+00 1.160651136333334804e-01 1.219867710651180298e-01
1.783468267042683353e+00 1.162226247306550470e-01 1.218133009416877133e-01
1.780949877476058818e+00 1.163801358279766135e-01 1.216412915194644423e-01
1.778452518030918528e+00 1.165376469252981939e-01 1.214707184830543518e-01
1.775975836999986734e+00 1.166951580226197605e-01 1.213015578103737446e-01
1.773519486890851926e+00 1.168526691199413270e-01 1.211337857672196427e-01
1.771083081932767422e+00 1.170101802172629074e-01 1.209673760049270602e-01
1.768666105452846304e+00 1.171676913145844739e-01 1.208022932340371419e-01
1.766268020192798049e+00 1.173252024119060544e-01 1.206385007590802250e-01
1.763888295587683785e+00 1.174827135092276209e-01 1.204759623417514941e-01
1.761526407662560745e+00 1.176402246065491874e-01 1.203146421938519478e-01
1.759181838931726194e+00 1.177977357038707679e-01 1.201545049704063062e-01
1.756854078300461586e+00 1.179552468011923344e-01 1.199955157629522956e-01
1.754542620969232747e+00 1.181127578985139148e-01 1.198376400929972996e-01
1.752246968340316347e+00 1.182702689958354814e-01 1.196808439056407242e-01
1.749966627926712759e+00 1.184277800931570479e-01 1.195250935633526551e-01
1.747701113263386619e+00 1.185852911904786283e-01 1.193703558399115822e-01
1.745449943820716499e+00 1.187428022878001949e-01 1.192165979144928362e-01
1.743212644920105303e+00 1.189003133851217753e-01 1.190637873659044776e-01
1.740988747651708080e+00 1.190578244824433418e-01 1.189118921669683748e-01
1.738777788794260148e+00 1.192153355797649084e-01 1.187608806790439869e-01
1.736579310736862780e+00 1.193728466770864888e-01 1.186107216466864983e-01
1.734392861402801245e+00 1.195303577744080553e-01 1.184613841924432587e-01
1.732217994175232922e+00 1.196878688717296219e-01 1.183128378117783014e-01
1.730054267824749692e+00 1.198453799690512023e-01 1.181650523681248149e-01
1.727901246438802385e+00 1.200028910663727688e-01 1.180179980880645407e-01
1.725758499352868292e+00 1.201604021636943492e-01 1.178716455566266308e-01
1.723625601083374592e+00 1.203179132610159158e-01 1.177259657127062015e-01
1.721502131262312663e+00 1.204754243583374823e-01 1.175809298445982254e-01
1.719387674573527258e+00 1.206329354556590627e-01 1.174365095856460678e-01
1.717281820690553351e+00 1.207904465529806293e-01 1.172926769099959243e-01
1.715184164216117857e+00 1.209479576503022097e-01 1.171494041284642518e-01
1.713094304623104858e+00 1.211054687476237762e-01 1.170066638845059237e-01
1.711011846197061592e+00 1.212629798449453428e-01 1.168644291502873023e-01
1.708936397980113986e+00 1.214204909422669232e-01 1.167226732228554831e-01
1.706867573716379427e+00 1.215780020395884897e-01 1.165813697204098609e-01
1.704804991798682723e+00 1.217355131369100563e-01 1.164404925786629158e-01
1.702748275216722895e+00 1.218930242342316367e-01 1.163000160472999894e-01
1.700697051506451896e+00 1.220505353315532032e-01 1.161599146865214816e-01
1.698650952700832217e+00 1.222080464288747836e-01 1.160201633636798180e-01
1.696609615281805761e+00 1.223655575261963502e-01 1.158807372499986582e-01
1.694572680133495046e+00 1.225230686235179167e-01 1.157416118173766884e-01
1.692539792496585704e+00 1.226805797208394971e-01 1.156027628352716968e-01
1.690510601917346811e+00 1.228380908181610637e-01 1.154641663672186097e-01
1.688484752784957799e+00 1.229956019154826441e-01 1.153257981245162239e-01
1.686461865670613403e+00 1.231531130128042106e-01 1.151876321916626422e-01
1.684441560560678841e+00 1.233106241101257772e-01 1.150496426132113503e-01
1.682423462114693846e+00 1.234681352074473576e-01 1.149118037528999298e-01
1.680407199621583469e+00 1.236256463047689241e-01 1.147740902906593391e-01
1.678392406957029293e+00 1.237831574020905046e-01 1.146364772197021181e-01
1.676378722542094080e+00 1.239406684994120711e-01 1.144989398436966621e-01
1.674365789302925567e+00 1.240981795967336376e-01 1.143614537740146042e-01
1.672353254631608888e+00 1.242556906940552180e-01 1.142239949270572735e-01
1.670340770348096138e+00 1.244132017913767846e-01 1.140865395216552475e-01
1.668327992663179549e+00 1.245707128886983511e-01 1.139490640765395552e-01
1.666314582142517375e+00 1.247282239860199315e-01 1.138115454078843236e-01
1.664300203671625233e+00 1.248857350833414981e-01 1.136739606269158709e-01
1.662284526421875519e+00 1.250432461806630924e-01 1.135362871375903415e-01
1.660267223817383453e+00 1.252007572779846589e-01 1.133985026343320296e-01
1.658247973502890993e+00 1.253582683753062255e-01 1.132605850998397168e-01
1.656226457312448996e+00 1.255157794726277920e-01 1.131225128029475918e-01
1.654202361239030417e+00 1.256732905699493585e-01 1.129842642965499661e-01
1.652175375404953295e+00 1.258308016672709251e-01 1.128458184155809174e-01
1.650145194033143525e+00 1.259883127645924916e-01 1.127071542750517907e-01
1.648111515419144801e+00 1.261458238619140859e-01 1.125682512681390468e-01
1.646074041903944574e+00 1.263033349592356525e-01 1.124290890643285107e-01
1.644032479847510553e+00 1.264608460565572190e-01 1.122896476076078315e-01
1.641986539603065953e+00 1.266183571538787855e-01 1.121499071147094018e-01
1.639935935492061958e+00 1.267758682512003521e-01 1.120098480734009888e-01
1.637880385779814540e+00 1.269333793485219464e-01 1.118694512408216490e-01
1.635819612651827626e+00 1.270908904458435129e-01 1.117286976418645494e-01
1.633753342190717772e+00 1.272484015431650795e-01 1.115875685676010337e-01
1.631681304353761242e+00 1.274059126404866460e-01 1.114460455737468769e-01
1.629603232951085889e+00 1.275634237378082125e-01 1.113041104791728797e-01
1.627518865624351330e+00 1.277209348351298068e-01 1.111617453644486858e-01
1.625427943826053934e+00 1.278784459324513734e-01 1.110189325704291352e-01
1.623330212799355188e+00 1.280359570297729399e-01 1.108756546968768242e-01
1.621225421558405433e+00 1.281934681270945064e-01 1.107318946011177918e-01
1.619113322869184524e+00 1.283509792244160730e-01 1.105876353967332887e-01
1.616993673230853412e+00 1.285084903217376673e-01 1.104428604522857682e-01
1.614866232857507633e+00 1.286660014190592338e-01 1.102975533900729110e-01
1.612730765660437049e+00 1.288235125163808004e-01 1.101516980849155947e-01
1.610587039230787498e+00 1.289810236137023669e-01 1.100052786629740348e-01
1.608434824917921668e+00 1.291385347110239334e-01 1.098582795070995877e-01
1.606273925838857197e+00 1.292960458083455277e-01 1.097106871699176089e-01
1.604104215383926668e+00 1.294535569056670943e-01 1.095624930038161665e-01
1.601925579116876941e+00 1.296110680029886608e-01 1.094136891926439648e-01
1.599737904871348926e+00 1.297685791003102274e-01 1.092642680752866219e-01
1.597541082740140617e+00 1.299260901976317939e-01 1.091142221449332428e-01
1.595335005064599354e+00 1.300836012949533882e-01 1.089635440483517348e-01
1.593119566424108902e+00 1.302411123922749547e-01 1.088122265851711734e-01
1.590894663625660455e+00 1.303986234895965213e-01 1.086602627071691501e-01
1.588660195693530230e+00 1.305561345869180878e-01 1.085076455175667670e-01
1.586416063859022341e+00 1.307136456842396544e-01 1.083543682703281413e-01
1.584162171550296705e+00 1.308711567815612486e-01 1.082004243694656698e-01
1.581898424382295332e+00 1.310286678788828152e-01 1.080458073683519121e-01
1.579624730146684364e+00 1.311861789762043817e-01 1.078905109690326963e-01
1.577340998801929350e+00 1.313436900735259483e-01 1.077345290215490359e-01
1.575047142463380290e+00 1.315012011708475148e-01 1.075778555232601991e-01
1.572743075393422174e+00 1.316587122681690813e-01 1.074204846181708445e-01
1.570428713991719682e+00 1.318162233654906756e-01 1.072624105962646929e-01
1.568103976785452325e+00 1.319737344628122422e-01 1.071036278928376717e-01
1.565768784419639514e+00 1.321312455601338087e-01 1.069441310878369161e-01
1.563423059647463864e+00 1.322887566574553753e-01 1.067839149052001724e-01
1.561066727320692848e+00 1.324462677547769418e-01 1.066229742122011964e-01
1.558699714380080259e+00 1.326037788520985361e-01 1.064613040187943616e-01
1.556321949845818065e+00 1.327612899494201026e-01 1.062988994769625828e-01
1.553933364808027129e+00 1.329188010467416692e-01 1.061357558800677392e-01
1.551533892417233496e+00 1.330763121440632357e-01 1.059718686621999445e-01
1.549123467874928828e+00 1.332338232413848023e-01 1.058072333975333956e-01
1.546702028424079112e+00 1.333913343387063966e-01 1.056418457996774890e-01
1.544269513339692645e+00 1.335488454360279631e-01 1.054757017210329884e-01
1.541825863919376038e+00 1.337063565333495296e-01 1.053087971521467214e-01
1.539371023473919742e+00 1.338638676306710962e-01 1.051411282210689552e-01
1.536904937317873587e+00 1.340213787279926627e-01 1.049726911927092166e-01
1.534427552760102342e+00 1.341788898253142570e-01 1.048034824681915028e-01
1.531938819094416315e+00 1.343364009226358236e-01 1.046334985842143350e-01
1.529438687590088275e+00 1.344939120199573901e-01 1.044627362124030401e-01
1.526927111482464960e+00 1.346514231172789566e-01 1.042911921586681806e-01
1.524404045963510423e+00 1.348089342146005232e-01 1.041188633625603904e-01
1.521869448172377348e+00 1.349664453119221175e-01 1.039457468966254877e-01
1.519323277185921750e+00 1.351239564092436840e-01 1.037718399657573676e-01
1.516765494009248316e+00 1.352814675065652505e-01 1.035971399065517551e-01
1.514196061566182916e+00 1.354389786038868171e-01 1.034216441866556285e-01
1.511614944689805284e+00 1.355964897012083836e-01 1.032453504041207920e-01
1.509022110403633654e+00 1.357540007985299779e-01 1.030682563066086799e-01
1.506417581709619924e+00 1.359115118958515445e-01 1.028903634651839455e-01
1.503801499597722025e+00 1.360690229931731110e-01 1.027116815096517644e-01
1.501174019793573011e+00 1.362265340904946775e-01 1.025322210762840414e-01
1.498535297297100444e+00 1.363840451878162441e-01 1.023519927517860667e-01
1.495885486378802698e+00 1.365415562851378384e-01 1.021710070730419972e-01
1.493224740576063692e+00 1.366990673824594049e-01 1.019892745268634465e-01
1.490553212689639473e+00 1.368565784797809715e-01 1.018068055497491631e-01
1.487871054780226521e+00 1.370140895771025380e-01 1.016236105276508844e-01
1.485178418165175263e+00 1.371716006744241045e-01 1.014396997957488639e-01
1.482475453415313282e+00 1.373291117717456711e-01 1.012550836382347524e-01
1.479762310351857124e+00 1.374866228690672654e-01 1.010697722881008925e-01
1.477039138043465538e+00 1.376441339663888319e-01 1.008837759269386597e-01
1.474306084803399974e+00 1.378016450637103985e-01 1.006971046847450757e-01
1.471563298186764790e+00 1.379591561610319650e-01 1.005097686397337098e-01
1.468810924987908217e+00 1.381166672583535315e-01 1.003217778181577091e-01
1.466049111237883507e+00 1.382741783556751258e-01 1.001331421941358685e-01
1.463278002202033523e+00 1.384316894529966924e-01 9.994387168948822009e-02
1.460497742377691921e+00 1.385892005503182589e-01 9.975397617357854851e-02
1.457708475491957589e+00 1.387467116476398254e-01 9.956346546316258150e-02
1.454910344499612096e+00 1.389042227449613920e-01 9.937234932224574269e-02
1.452103491581095085e+00 1.390617338422829863e-01 9.918063746194483166e-02
1.449288058140607571e+00 1.392192449396045528e-01 9.898833954035857197e-02
1.446464184804307607e+00 1.393767560369261194e-01 9.879546516244415433e-02
1.443632011418600092e+00 1.395342671342476859e-01 9.860202387990076034e-02
1.440791677048514963e+00 1.396917782315692524e-01 9.840802519105842916e-02
1.437943319976200618e+00 1.398492893288908467e-01 9.821347854077543127e-02
1.435087077699480851e+00 1.400068004262124133e-01 9.801839332033950025e-02
1.432223086930542344e+00 1.401643115235339798e-01 9.782277886737850148e-02
1.429351483594672123e+00 1.403218226208555464e-01 9.762664446577368205e-02
1.426472402829112696e+00 1.404793337181771129e-01 9.742999934558214947e-02
1.423585978981998679e+00 1.406368448154987072e-01 9.723285268296345818e-02
1.420692345611378471e+00 1.407943559128202737e-01 9.703521360011352348e-02
1.417791635484326962e+00 1.409518670101418403e-01 9.683709116520355931e-02
1.414883980576109979e+00 1.411093781074634068e-01 9.663849439232322092e-02
1.411969512069511268e+00 1.412668892047849734e-01 9.643943224143443349e-02
1.409048360354154372e+00 1.414244003021065677e-01 9.623991361832535951e-02
1.406120655025955068e+00 1.415819113994281342e-01 9.603994737457276221e-02
1.403186524886646858e+00 1.417394224967497007e-01 9.583954230750964254e-02
1.400246097943384838e+00 1.418969335940712673e-01 9.563870716019827467e-02
1.397299501408399536e+00 1.420544446913928338e-01 9.543745062140653046e-02
1.394346861698789741e+00 1.422119557887144281e-01 9.523578132559368248e-02
1.391388304436334211e+00 1.423694668860359946e-01 9.503370785289752543e-02
1.388423954447385977e+00 1.425269779833575612e-01 9.483123872912725683e-02
1.385453935790107671e+00 1.426844890806791277e-01 9.462838242762357244e-02
1.382478411420058784e+00 1.428420001780006943e-01 9.442515007847213093e-02
1.379497661601438274e+00 1.429995112753222608e-01 9.422156082409781364e-02
1.376511985491035039e+00 1.431570223726438551e-01 9.401763509731488055e-02
1.373521678714335614e+00 1.433145334699654216e-01 9.381339308974495639e-02
1.370527033380423143e+00 1.434720445672869882e-01 9.360885475283448054e-02
1.367528338097378393e+00 1.436295556646085547e-01 9.340403979890675445e-02
1.364525877988179925e+00 1.437870667619301213e-01 9.319896770224775362e-02
1.361519934707043911e+00 1.439445778592517156e-01 9.299365770022241517e-02
1.358510786456238462e+00 1.441020889565732821e-01 9.278812879442284445e-02
1.355498708003337160e+00 1.442596000538948486e-01 9.258239975184692772e-02
1.352483970698844296e+00 1.444171111512164152e-01 9.237648910610202213e-02
1.349466842494301932e+00 1.445746222485379817e-01 9.217041515864175805e-02
1.346447587960726500e+00 1.447321333458595760e-01 9.196419598002533724e-02
1.343426468307442834e+00 1.448896444431811426e-01 9.175784941120385119e-02
1.340403741401293924e+00 1.450471555405027091e-01 9.155139306483228712e-02
1.337379661786172402e+00 1.452046666378242756e-01 9.134484432660369690e-02
1.334354480702918622e+00 1.453621777351458422e-01 9.113822035660811005e-02
1.331328446109505181e+00 1.455196888324674365e-01 9.093153809071131966e-02
1.328301802701571166e+00 1.456771999297890030e-01 9.072481424195721900e-02
1.325274791933198193e+00 1.458347110271105695e-01 9.051806530198704126e-02
1.322247652038043952e+00 1.459922221244321361e-01 9.031130754248260784e-02
1.319220618050673366e+00 1.461497332217537026e-01 9.010455701662338501e-02
1.316193921828187285e+00 1.463072443190752969e-01 8.989782956056376062e-02
1.313167792072096551e+00 1.464647554163968635e-01 8.969114079492707114e-02
1.310142454350418539e+00 1.466222665137184300e-01 8.948450612631468626e-02
1.307118131120013071e+00 1.467797776110399965e-01 8.927794074883188546e-02
1.304095041749115058e+00 1.469372887083615631e-01 8.907145964562648843e-02
1.301073402540072754e+00 1.470947998056831574e-01 8.886507759044216803e-02
1.298053426752284523e+00 1.472523109030047239e-01 8.865880914918500277e-02
1.295035324625317230e+00 1.474098220003262905e-01 8.845266868150253314e-02
1.292019303402174746e+00 1.475673330976478570e-01 8.824667034237294871e-02
1.289005567352752291e+00 1.477248441949694235e-01 8.804082808370698732e-02
1.285994317797413800e+00 1.478823552922910178e-01 8.783515565595854946e-02
1.282985753130735818e+00 1.480398663896125844e-01 8.762966660974624844e-02
1.279980068845369301e+00 1.481973774869341509e-01 8.742437429748312061e-02
1.276977457556006890e+00 1.483548885842557175e-01 8.721929187501392677e-02
1.273978109023505167e+00 1.485123996815772840e-01 8.701443230326255662e-02
1.270982210179056215e+00 1.486699107788988505e-01 8.680980834988268058e-02
1.267989945148490394e+00 1.488274218762204448e-01 8.660543259091840751e-02
1.265001495276677934e+00 1.489849329735420114e-01 8.640131741247014663e-02
1.262017039151948961e+00 1.491424440708635779e-01 8.619747501236305065e-02
1.259036752630653178e+00 1.492999551681851444e-01 8.599391740182418808e-02
1.256060808861718447e+00 1.494574662655067110e-01 8.579065640716015961e-02
1.253089378311331714e+00 1.496149773628283053e-01 8.558770367144270808e-02
1.250122628787597279e+00 1.497724884601498718e-01 8.538507065619289904e-02
1.247160725465280784e+00 1.499299995574714384e-01 8.518276864307110230e-02
1.244203836427486554e+00 1.500875106547930049e-01 8.498080911238134472e-02
1.241252179257661403e+00 1.502450217521145714e-01 8.477920692536808356e-02
1.238305996779866192e+00 1.504025328494361657e-01 8.457797866724385549e-02
1.235365528232957422e+00 1.505600439467577323e-01 8.437714067834703457e-02
1.232431009003514433e+00 1.507175550440792988e-01 8.417670903590009079e-02
1.229502670664650577e+00 1.508750661414008654e-01 8.397669955666077490e-02
1.226580741014967169e+00 1.510325772387224319e-01 8.377712779958233769e-02
1.223665444117592704e+00 1.511900883360440262e-01 8.357800906848036893e-02
1.220757000339395715e+00 1.513475994333655927e-01 8.337935841471065535e-02
1.217855626390229595e+00 1.515051105306871593e-01 8.318119063985017492e-02
1.214961535362273137e+00 1.516626216280087258e-01 8.298352029838360067e-02
1.212074936769482969e+00 1.518201327253302924e-01 8.278636170039829767e-02
1.209196036587016687e+00 1.519776438226518867e-01 8.258972891427684981e-02
1.206325037290767455e+00 1.521351549199734532e-01 8.239363576939723322e-02
1.203462137896896378e+00 1.522926660172950197e-01 8.219809585883315617e-02
1.200607534001364218e+00 1.524501771146165863e-01 8.200312254205396889e-02
1.197761417819503516e+00 1.526076882119381528e-01 8.180872894762744596e-02
1.194923978225545191e+00 1.527651993092597471e-01 8.161492797591979320e-02
1.192095400792160698e+00 1.529227104065813136e-01 8.142173230179597376e-02
1.189275867829928224e+00 1.530802215039028802e-01 8.122915437731575983e-02
1.186465558426811118e+00 1.532377326012244467e-01 8.103720643442983984e-02
1.183664648487531945e+00 1.533952436985460133e-01 8.084590048766926440e-02
1.180873310772940332e+00 1.535527547958676076e-01 8.065524833683440642e-02
1.178091714939259349e+00 1.537102658931891741e-01 8.046526156967527543e-02
1.175320027577270166e+00 1.538677769905107406e-01 8.027595156456815428e-02
1.172558412251433424e+00 1.540252880878323072e-01 8.008732949318747574e-02
1.169807029538866505e+00 1.541827991851538737e-01 7.989940632316806790e-02
1.167066037068254625e+00 1.543403102824754403e-01 7.971219282076287549e-02
1.164335589558629591e+00 1.544978213797970346e-01 7.952569955349160502e-02
1.161615838858014893e+00 1.546553324771186011e-01 7.933993689278009964e-02
1.158906933981973530e+00 1.548128435744401676e-01 7.915491501659344120e-02
1.156209021151998861e+00 1.549703546717617342e-01 7.897064391205786682e-02
1.153522243833752681e+00 1.551278657690833007e-01 7.878713337807255468e-02
1.150846742775176734e+00 1.552853768664048950e-01 7.860439302791281946e-02
1.148182656044427263e+00 1.554428879637264616e-01 7.842243229182101205e-02
1.145530119067665886e+00 1.556003990610480281e-01 7.824126041958746891e-02
1.142889264666662408e+00 1.557579101583695946e-01 7.806088648311927669e-02
1.140260223096238201e+00 1.559154212556911612e-01 7.788131937899725465e-02
1.137643122081515745e+00 1.560729323530127555e-01 7.770256783102058584e-02
1.135038086854999850e+00 1.562304434503343220e-01 7.752464039273905538e-02
1.132445240193448610e+00 1.563879545476558885e-01 7.734754544997178571e-02
1.129864702454584480e+00 1.565454656449774551e-01 7.717129122331439772e-02
1.127296591613540899e+00 1.567029767422990216e-01 7.699588577062842221e-02
1.124741023299201004e+00 1.568604878396206159e-01 7.682133698952345324e-02
1.122198110830223028e+00 1.570179989369421825e-01 7.664765261981743016e-02
1.119667965250939368e+00 1.571755100342637490e-01 7.647484024598887042e-02
1.117150695366985858e+00 1.573330211315853155e-01 7.630290729961021479e-02
1.114646407780746085e+00 1.574905322289068821e-01 7.613186106176883516e-02
1.112155206926554118e+00 1.576480433262284764e-01 7.596170866547133360e-02
1.109677186931256054e+00 1.578055544235500429e-01 7.579245653970895225e-02
1.107212405136090316e+00 1.579630655208716095e-01 7.562410860096596688e-02
1.104760908190449253e+00 1.581205766181931760e-01 7.545666803545916790e-02
1.104760908190449253e+00 1.581205766181931760e-01 7.545666803545916790e-02
8.622804122691258844e-01 1.826842454521749870e-01 6.003112656698914029e-02
7.339318311178744114e-01 2.073525430377324841e-01 3.869983804046588094e-02
5.842491402019696078e-01 2.322407203492417860e-01 3.419337532435721277e-02
5.089516425911522202e-01 2.568837818198746459e-01 3.224335460990132574e-02
4.309661086900879456e-01 2.811184729179193598e-01 2.092104711427788394e-02
3.789860904117532403e-01 3.057758170190760794e-01 1.586653328600043378e-02
3.313097533996524069e-01 3.308749588216616799e-01 1.365196700114118707e-02
2.897052613232175000e-01 3.553458836143503774e-01 1.106891363621177564e-02
2.623584123901229748e-01 3.797183506574301481e-01 1.183335846894378006e-02
2.316886086482349005e-01 4.042043120935024936e-01 6.384483996888611415e-03
2.109940876579335933e-01 4.287407985369371399e-01 5.012959301978626991e-03
1.924879277756151030e-01 4.533371424922238990e-01 4.500355513780117563e-03
1.738777785905580298e-01 4.779959634912051558e-01 6.274209296973308134e-03
1.589635121086809821e-01 5.026629933946460405e-01 4.309677286099881238e-03
1.478579528336687043e-01 5.271487506500315279e-01 4.770528756977497620e-03
1.374566528394893794e-01 5.515427964227138657e-01 3.382648499604514261e-03
1.284542372831639634e-01 5.762240530263548210e-01 2.827332702153143029e-03
1.202223875899299521e-01 6.007285446297923048e-01 2.542895994199265760e-03
1.119643447835534100e-01 6.252568531449649303e-01 3.681615479887391604e-03
1.074396810532828039e-01 6.499965502683907603e-01 3.560117149655011703e-03
1.022719253391781713e-01 6.746857991314229031e-01 2.792886379668578761e-03
9.888624608687388018e-02 6.991270364754236244e-01 2.187171252660645784e-03
9.611058531618468792e-02 7.235756604093172006e-01 1.925511647239158729e-03
9.532265417462781887e-02 7.479714013051395050e-01 2.482249179946933830e-03
9.478360943517341597e-02 7.726132299420060967e-01 2.098467933885199335e-03
9.408180951522596147e-02 7.972349387995918413e-01 2.133167535535586846e-03
9.092443337348897481e-02 8.217736356692634248e-01 2.413113980645111706e-03
8.825064485110502288e-02 8.463200505719705724e-01 2.023927468905342957e-03
8.589896149162473682e-02 8.708218859006343626e-01 1.695706594724569888e-03
8.472448517617313379e-02 8.954790463233904818e-01 1.829700908550267865e-03
8.344446939477573322e-02 9.199626960429320155e-01 1.989171209718642273e-03
8.385873222469412969e-02 9.443606208269833546e-01 2.226987900642564151e-03
8.423333141352555564e-02 9.688687146412832130e-01 2.371765057104232872e-03
8.394891389875402954e-02 9.930926048855095445e-01 2.839201854308611665e-03
8.580126996118857263e-02 1.017620455362175491e+00 2.202521666531095327e-03
8.882275969071791455e-02 1.042409919186157552e+00 2.744918445115285179e-03
9.334207753910919725e-02 1.066789561870425063e+00 2.701259737790501561e-03
9.593109545445596686e-02 1.090909765172895618e+00 3.264882236800985271e-03
9.500488289641279005e-02 1.115651582439790346e+00 5.171834834354275927e-03
9.777287776368184802e-02 1.140641543091339027e+00 3.160256412439857616e-03
9.939886229192074207e-02 1.164692026865203012e+00 5.634914072150009473e-03
1.027826178012648251e-01 1.188605021497627590e+00 5.010739663603470950e-03
1.105005799056093807e-01 1.214006438167991364e+00 4.668510191253368892e-03
1.189493655782257187e-01 1.240498485730926914e+00 6.735441343997065206e-03
1.356475023256767665e-01 1.264816150349954427e+00 1.426154272344611756e-02
1.454974742589706105e-01 1.284554513240047102e+00 1.893105877207782936e-02
1.558192450563849474e-01 1.309527810458392949e+00 2.675735200654070362e-02
2.291040677311451668e-01 1.335814856768205550e+00 4.349988799171925630e-02
2.162600138444933651e-01 1.360349523175663267e+00 2.599494735021300462e-01
