1.966197133359597160e+01 7.669903939428205850e-04 1.333258905156303520e+00
2.343513779074286418e+01 9.245014912643925459e-04 1.589113605291710751e+00
2.713864030301999719e+01 1.082012588585964507e-03 1.840244461958419508e+00
3.077270256325160958e+01 1.239523685907536251e-03 2.086666643546460254e+00
3.433727369786534211e+01 1.397034783229108429e-03 2.328376700369011232e+00
3.783217776727185111e+01 1.554545880550680173e-03 2.565362702135855599e+00
4.125731969020162637e+01 1.712056977872252134e-03 2.797618201479785238e+00
4.461268480575770212e+01 1.869568075193824095e-03 3.025142204259812839e+00
4.789845510446405541e+01 2.027079172515396273e-03 3.247947051074079550e+00
5.111481230684543675e+01 2.184590269836968017e-03 3.466045064212334381e+00
5.426223137816635500e+01 2.342101367158539761e-03 3.679468450601226959e+00
5.734119394339008124e+01 2.499612464480111939e-03 3.888249868755020877e+00
6.035226155680229709e+01 2.657123561801683683e-03 4.092427397116586540e+00
6.329619252107805494e+01 2.814634659123255861e-03 4.292052455443238657e+00
6.617378348210860395e+01 2.972145756444827605e-03 4.487179063508004440e+00
6.898582067147698638e+01 3.129656853766399783e-03 4.677860534899938472e+00
7.173320059776106916e+01 3.287167951087971527e-03 4.864157660982462161e+00
7.441691031240735299e+01 3.444679048409543271e-03 5.046137372741723581e+00
7.703793963495208175e+01 3.602190145731115449e-03 5.223866788865302979e+00
7.959725098015755407e+01 3.759701243052687193e-03 5.397411169750058413e+00
8.209585588452122806e+01 3.917212340374259805e-03 5.566839106689324801e+00
8.453480770331758265e+01 4.074723437695831549e-03 5.732222026666487835e+00
8.691518845341751387e+01 4.232234535017403293e-03 5.893633300179566881e+00
8.923805346104629166e+01 4.389745632338975037e-03 6.051144487860189436e+00
9.150442248107191290e+01 4.547256729660546781e-03 6.204824738281288887e+00
9.371532970202204638e+01 4.704767826982118525e-03 6.354744178748044980e+00
9.587182066975016426e+01 4.862278924303691137e-03 6.500973706694714416e+00
9.797494693827120216e+01 5.019790021625262881e-03 6.643584626963052742e+00
1.000257609215638723e+02 5.177301118946834625e-03 6.782648302708120802e+00
1.020252794087920449e+02 5.334812216268406369e-03 6.918233681401381396e+00
1.039744698529292037e+02 5.492323313589978981e-03 7.050406365075828852e+00
1.058742959586882080e+02 5.649834410911550725e-03 7.179231701598599358e+00
1.077257188859247492e+02 5.807345508233122469e-03 7.304774866272578215e+00
1.095296948674961186e+02 5.964856605554694213e-03 7.427100700305734549e+00
1.112871731993987794e+02 6.122367702876265957e-03 7.546273574524340333e+00
1.129990945505181088e+02 6.279878800197838569e-03 7.662357274758766934e+00
1.146663799408606792e+02 6.437389897519410313e-03 7.775414254468273612e+00
1.162898851252563333e+02 6.594900994840982057e-03 7.885502541544776811e+00
1.178704398364311885e+02 6.752412092162553801e-03 7.992678399346990759e+00
1.194088676993406608e+02 6.909923189484126413e-03 8.096997677071696486e+00
1.209059851156401351e+02 7.067434286805698157e-03 8.198515734110834785e+00
1.223626002870659164e+02 7.224945384127269901e-03 8.297287373827899160e+00
1.237795123858929003e+02 7.382456481448841645e-03 8.393366787307506627e+00
1.251575108544393515e+02 7.539967578770413389e-03 8.486807505855505696e+00
1.264973748179169633e+02 7.697478676091986001e-03 8.577662361184895445e+00
1.277998679271146187e+02 7.854989773413558612e-03 8.665983135703333673e+00
1.290656902622949644e+02 8.012500870735128622e-03 8.751817301163704599e+00
1.302955017511199003e+02 8.170011968056702101e-03 8.835209606610602506e+00
1.314899568311016935e+02 8.327523065378272110e-03 8.916204428806977944e+00
1.326497043979986188e+02 8.485034162699845589e-03 8.994845768734919034e+00
1.337753872575556215e+02 8.642545260021415598e-03 9.071177214418691293e+00
1.348676416484629499e+02 8.800056357342989077e-03 9.145241908577045109e+00
1.359270968292011617e+02 8.957567454664562556e-03 9.217082520607631224e+00
1.369543747222252819e+02 9.115078551986132566e-03 9.286741222459372835e+00
1.379500896096182885e+02 9.272589649307706045e-03 9.354259667995155070e+00
1.389148478749794720e+02 9.430100746629276054e-03 9.419678975489416572e+00
1.398492471020566938e+02 9.587611843950849533e-03 9.483039666507377063e+00
1.407538393715027496e+02 9.745122941272419542e-03 9.544379177094175049e+00
1.416291159848323389e+02 9.902634038593993021e-03 9.603730821921505623e+00
1.424755616804396823e+02 1.006014513591556303e-02 9.661127470622307811e+00
1.432936589677028394e+02 1.021765623323713651e-02 9.716601841682150464e+00
1.440838877095799830e+02 1.037516733055870999e-02 9.770186474135453381e+00
1.448467247461346972e+02 1.053267842788028000e-02 9.821913702037152305e+00
1.455826435555806597e+02 1.069018952520185348e-02 9.871815631478451536e+00
1.462921139497138370e+02 1.084770062252342349e-02 9.919924119934361073e+00
1.469756018008877447e+02 1.100521171984499696e-02 9.966270757750214315e+00
1.476335687979439513e+02 1.116272281716656697e-02 1.001088685159148461e+01
1.482664722287138659e+02 1.132023391448814045e-02 1.005380340969551156e+01
1.488747647869306263e+02 1.147774501180971046e-02 1.009505112877834065e+01
1.494588944015590073e+02 1.163525610913128394e-02 1.013466038246177092e+01
1.500193029583193720e+02 1.179276720645285742e-02 1.017266113458116372e+01
1.505563874745782300e+02 1.195027830377442743e-02 1.020908030649299114e+01
1.510704932538741332e+02 1.210778940109600091e-02 1.024394131289001564e+01
1.515619629761330032e+02 1.226530049841757092e-02 1.027726739056040728e+01
1.520311396020242114e+02 1.242281159573914440e-02 1.030908179532926106e+01
1.524783660322476351e+02 1.258032269306071441e-02 1.033940777895521457e+01
1.529039847920214754e+02 1.273783379038228789e-02 1.036826856773586591e+01
1.533083377390566966e+02 1.289534488770385789e-02 1.039568734270578609e+01
1.536917657934265833e+02 1.305285598502543137e-02 1.042168722131927261e+01
1.540546086878695746e+02 1.321036708234700485e-02 1.044629124051861879e+01
1.543972047371566418e+02 1.336787817966857486e-02 1.046952234109514102e+01
1.547198906252824600e+02 1.352538927699014834e-02 1.049140335325880180e+01
1.550230012092832226e+02 1.368290037431171835e-02 1.051195698333533102e+01
1.553068693386219650e+02 1.384041147163329183e-02 1.053120580151890273e+01
1.555718256891134956e+02 1.399792256895486184e-02 1.054917223061072917e+01
1.558181986104563350e+02 1.415543366627643532e-02 1.056587853568037794e+01
1.560463139864959317e+02 1.431294476359800533e-02 1.058134681459033999e+01
1.562564948725151908e+02 1.447045586091957881e-02 1.059559897340109380e+01
1.564490396692005447e+02 1.462796695824115228e-02 1.060865524636918877e+01
1.566242061408433983e+02 1.478547805556272229e-02 1.062053311223727370e+01
1.567822486693979727e+02 1.494298915288429577e-02 1.063124982039505717e+01
1.569234223149741183e+02 1.510050025020586578e-02 1.064082266621729467e+01
1.570479825808531871e+02 1.525801134752743926e-02 1.064926897512977355e+01
1.571561851928749718e+02 1.541552244484900927e-02 1.065660608764976125e+01
1.572482858923950744e+02 1.557303354217058275e-02 1.066285134534659740e+01
1.573245402420396886e+02 1.573054463949215276e-02 1.066802207767021216e+01
1.573852034435443841e+02 1.588805573681372624e-02 1.067213558959885589e+01
1.574305301670079018e+02 1.604556683413529972e-02 1.067520915006103266e+01
1.574607743909239730e+02 1.620307793145686973e-02 1.067725998108816832e+01
1.574761892524172993e+02 1.636058902877844320e-02 1.067830524765930988e+01
1.574770269071106554e+02 1.651810012610001321e-02 1.067836204819881196e+01
1.574635383981121777e+02 1.667561122342158669e-02 1.067744740569249906e+01
1.574359735336294079e+02 1.683312232074316017e-02 1.067557825938883198e+01
1.573945807727494071e+02 1.699063341806473018e-02 1.067277145705370955e+01
1.573396071189476118e+02 1.714814451538630366e-02 1.066904374774945019e+01
1.572712980209119280e+02 1.730565561270787367e-02 1.066441177510977845e+01
1.571898972803012668e+02 1.746316671002944715e-02 1.065889207108497949e+01
1.570956469660639243e+02 1.762067780735101716e-02 1.065250105013195991e+01
1.569887873254984925e+02 1.777818890467259064e-02 1.064525500318333862e+01
1.568695545691020072e+02 1.793570000199416065e-02 1.063716994744021527e+01
1.567381782550439482e+02 1.809321109931573412e-02 1.062826144901588421e+01
1.565948856517788954e+02 1.825072219663730760e-02 1.061854491876035667e+01
1.564399023583148960e+02 1.840823329395887761e-02 1.060803565432010842e+01
1.562734522358822176e+02 1.856574439128045109e-02 1.059674883550461466e+01
1.560957573446256959e+02 1.872325548860202110e-02 1.058469951999353142e+01
1.559070378850736347e+02 1.888076658592359458e-02 1.057190263936771757e+01
1.557075121441258148e+02 1.903827768324516459e-02 1.055837299544681329e+01
1.554973964453433837e+02 1.919578878056673807e-02 1.054412525691836855e+01
1.552769051033190237e+02 1.935329987788830808e-02 1.052917395624378116e+01
1.550462503819133246e+02 1.951081097520988156e-02 1.051353348682629196e+01
1.548056424561689823e+02 1.966832207253145504e-02 1.049721810042850834e+01
1.545552893777124268e+02 1.982583316985302505e-02 1.048024190482623474e+01
1.542953970434598432e+02 1.998334426717459852e-02 1.046261886168650079e+01
1.540261691674662927e+02 2.014085536449616853e-02 1.044436278465868639e+01
1.537478072557543385e+02 2.029836646181774201e-02 1.042548733766766667e+01
1.534605105839625026e+02 2.045587755913931202e-02 1.040600603339815677e+01
1.531644761776798020e+02 2.061338865646088550e-02 1.038593223196123105e+01
1.528598987953149901e+02 2.077089975378245551e-02 1.036527913973272064e+01
1.525469709133782317e+02 2.092841085110402899e-02 1.034405980835514960e+01
1.522258827140425410e+02 2.108592194842560247e-02 1.032228713389430297e+01
1.518968220748688509e+02 2.124343304574717248e-02 1.029997385614248984e+01
1.515599745605804856e+02 2.140094414306874596e-02 1.027713255806077974e+01
1.512155234167745448e+02 2.155845524039031597e-02 1.025377566535256868e+01
1.508636495654723433e+02 2.171596633771188944e-02 1.022991544616190041e+01
1.505045317758117847e+02 2.187347743503345945e-02 1.020556402264788076e+01
1.501383654672520436e+02 2.203098853235503293e-02 1.018073464601149958e+01
1.497653782403365312e+02 2.218849962967660294e-02 1.015544274962138616e+01
1.493857964492040651e+02 2.234601072699817642e-02 1.012970368232869056e+01
1.489998411916924681e+02 2.250352182431974990e-02 1.010353243655996458e+01
1.486077284178445836e+02 2.266103292164131991e-02 1.007694365567485484e+01
1.482096690366734890e+02 2.281854401896289339e-02 1.004995164120576057e+01
1.478058690211928763e+02 2.297605511628446340e-02 1.002257035997980594e+01
1.473965295117028234e+02 2.313356621360603688e-02 9.994813451122588788e+00
1.469818469173291078e+02 2.329107731092760689e-02 9.966694232943407172e+00
1.465620130158179961e+02 2.344858840824918036e-02 9.938225709702319222e+00
1.461372150515892088e+02 2.360609950557075037e-02 9.909420578258936629e+00
1.457076358320538532e+02 2.376361060289232385e-02 9.880291234603701511e+00
1.452734538222047149e+02 2.392112170021389733e-02 9.850849780271969891e+00
1.448348432374858703e+02 2.407863279753546734e-02 9.821108028641338805e+00
1.443919741349616288e+02 2.423614389485704082e-02 9.791077511113828180e+00
1.439450125027838681e+02 2.439365499217861083e-02 9.760769483182469841e+00
1.434941203479843637e+02 2.455116608950018431e-02 9.730194930384479690e+00
1.430394557826027722e+02 2.470867718682175432e-02 9.699364574141501549e+00
1.425811731081663254e+02 2.486618828414332780e-02 9.668288877488071975e+00
1.421194228985392272e+02 2.502369938146489781e-02 9.636978050689583242e+00
1.416543520811603400e+02 2.518121047878647129e-02 9.605442056750906232e+00
1.411861040166917007e+02 2.533872157610804476e-02 9.573690616817295052e+00
1.407148185770898294e+02 2.549623267342961477e-02 9.541733215468322982e+00
1.402406322221306993e+02 2.565374377075118825e-02 9.509579105906961871e+00
1.397636780744010707e+02 2.581125486807275826e-02 9.477237315044655830e+00
1.392840859927786994e+02 2.596876596539433174e-02 9.444716648483980848e+00
1.388019826444334512e+02 2.612627706271590175e-02 9.412025695400922487e+00
1.383174915753532161e+02 2.628378816003747523e-02 9.379172833327210412e+00
1.378307332794327635e+02 2.644129925735904524e-02 9.346166232835136256e+00
1.373418252661464862e+02 2.659881035468061872e-02 9.313013862126384268e+00
1.368508821268127065e+02 2.675632145200219220e-02 9.279723491525359691e+00
1.363580161357743350e+02 2.691383254932376221e-02 9.246302734244634891e+00
1.358633641361695368e+02 2.707134364664533568e-02 9.212760869482606196e+00
1.353670984728685482e+02 2.722885474396690569e-02 9.179109583775113990e+00
1.348693886623715059e+02 2.738636584128847917e-02 9.145360371869028171e+00
1.343703983017635721e+02 2.754387693861004918e-02 9.111524327121527378e+00
1.338702852416190581e+02 2.770138803593162266e-02 9.077612153224530189e+00
1.333692017546382544e+02 2.785889913325319267e-02 9.043634175639832407e+00
1.328672947000741544e+02 2.801641023057476615e-02 9.009600352748686092e+00
1.323647056840092660e+02 2.817392132789633963e-02 8.975520286720042762e+00
1.318615712155455810e+02 2.833143242521790964e-02 8.941403234101617414e+00
1.313580228589753744e+02 2.848894352253948312e-02 8.907258116138445203e+00
1.308541873820003048e+02 2.864645461986105313e-02 8.873093528823501330e+00
1.303501869000670581e+02 2.880396571718262660e-02 8.838917752684896101e+00
1.298461390168926926e+02 2.896147681450419661e-02 8.804738762314833878e+00
1.293421569612487758e+02 2.911898791182577009e-02 8.770564235644760842e+00
1.288383497200826753e+02 2.927649900914734010e-02 8.736401562972201162e+00
1.283348221680393806e+02 2.943401010646891358e-02 8.702257855743502191e+00
1.278316751934702040e+02 2.959152120379048706e-02 8.668139955098389748e+00
1.273290058209923927e+02 2.974903230111205707e-02 8.634054440180547019e+00
1.268269073306802852e+02 2.990654339843363055e-02 8.600007636219933360e+00
1.263254693739566079e+02 3.006405449575520056e-02 8.566005622391195118e+00
1.258247780862618868e+02 3.022156559307677404e-02 8.532054239453689348e+00
1.253249161965731986e+02 3.037907669039834405e-02 8.498159097177850896e+00
1.248259631338463578e+02 3.053658778771991752e-02 8.464325581562919254e+00
1.243279951304517681e+02 3.069409888504148753e-02 8.430558861850826702e+00
1.238310853226782342e+02 3.085160998236306101e-02 8.396863897341262373e+00
1.233353038483723338e+02 3.100912107968463102e-02 8.363245444012504137e+00
1.228407179417869486e+02 3.116663217700620450e-02 8.329708060952999205e+00
1.223473920257034138e+02 3.132414327432777451e-02 8.296256116608084596e+00
1.218553878009008997e+02 3.148165437164934799e-02 8.262893794846805307e+00
1.213647643330352537e+02 3.163916546897092147e-02 8.229625100853095176e+00
1.208755781369945339e+02 3.179667656629248801e-02 8.196453866845828884e+00
1.203878832587990075e+02 3.195418766361406149e-02 8.163383757632404425e+00
1.199017313551054542e+02 3.211169876093563497e-02 8.130418275999817368e+00
1.194171717703801221e+02 3.226920985825720151e-02 8.097560767947710403e+00
1.189342516118025657e+02 3.242672095557877499e-02 8.064814427767524663e+00
1.184530158219596245e+02 3.258423205290034846e-02 8.032182302971790477e+00
1.179735072493887884e+02 3.274174315022192194e-02 7.999667299077621863e+00
1.174957667170277489e+02 3.289925424754349542e-02 7.967272184248209932e+00
1.170198330946873000e+02 3.305676534486506196e-02 7.934999594207129192e+00
1.165457499473705525e+02 3.321427644218663544e-02 7.902852483054310540e+00
1.160735776817330702e+02 3.337178753950820892e-02 7.870834946905568508e+00
1.156033772029736895e+02 3.352929863682978240e-02 7.838951115682419868e+00
1.151352064684794385e+02 3.368680973415134894e-02 7.807204919418190059e+00
1.146691205871147474e+02 3.384432083147292242e-02 7.775600094990676503e+00
1.142051719156062575e+02 3.400183192879449590e-02 7.744140192657931188e+00
1.137434101521058096e+02 3.415934302611606938e-02 7.712828582402673661e+00
1.132838824269856417e+02 3.431685412343764285e-02 7.681668460089005279e+00
1.128266333909482313e+02 3.447436522075920939e-02 7.650662853437073530e+00
1.123717053005064201e+02 3.463187631808078287e-02 7.619814627819384789e+00
1.119191381009037372e+02 3.478938741540235635e-02 7.589126491883548375e+00
1.114689695065437007e+02 3.494689851272392983e-02 7.558601003006108598e+00
1.110212350789823290e+02 3.510440961004549637e-02 7.528240572581143653e+00
1.105759683025605398e+02 3.526192070736706985e-02 7.498047471148829857e+00
1.101332006577265901e+02 3.541943180468864333e-02 7.468023833367337438e+00
1.096929616921157020e+02 3.557694290201021681e-02 7.438171662832705699e+00
1.092552790894444712e+02 3.573445399933179029e-02 7.408492836750484756e+00
1.088201787362827986e+02 3.589196509665335683e-02 7.378989110463474610e+00
1.083876847867534678e+02 3.604947619397493030e-02 7.349662121838944628e+00
1.079578197252256047e+02 3.620698729129650378e-02 7.320513395519816946e+00
1.075306044270475923e+02 3.636449838861807726e-02 7.291544347042889562e+00
1.071060582173835485e+02 3.652200948593964380e-02 7.262756286828512486e+00
1.066841989281965510e+02 3.667952058326121728e-02 7.234150424044528016e+00
1.062650429534391350e+02 3.683703168058279076e-02 7.205727870348709097e+00
1.058486053024962246e+02 3.699454277790436424e-02 7.177489643512656947e+00
1.054348996519334776e+02 3.715205387522593772e-02 7.149436670930819915e+00
1.050239383955980657e+02 3.730956497254750426e-02 7.121569793017757277e+00
1.046157326931177636e+02 3.746707606986907774e-02 7.093889766496840998e+00
1.042102925168497194e+02 3.762458716719065122e-02 7.066397267583781172e+00
1.038076266973161950e+02 3.778209826451222469e-02 7.039092895067595279e+00
1.034077429671804964e+02 3.793960936183379123e-02 7.011977173292555321e+00
1.030106480037983232e+02 3.809712045915536471e-02 6.985050555043583742e+00
1.026163474703898260e+02 3.825463155647693819e-02 6.958313424338050446e+00
1.022248460558723480e+02 3.841214265379851167e-02 6.931766099126827285e+00
1.018361475133976626e+02 3.856965375112008515e-02 6.905408833907437760e+00
1.014502546976226540e+02 3.872716484844165169e-02 6.879241822251348282e+00
1.010671696007625115e+02 3.888467594576322517e-02 6.853265199248712136e+00
1.006868933874563083e+02 3.904218704308479865e-02 6.827479043872557440e+00
1.003094264284803216e+02 3.919969814040637213e-02 6.801883381264858919e+00
9.993476833335081722e+01 3.935720923772793867e-02 6.776478184947293038e+00
9.956291798183836761e+01 3.951472033504951215e-02 6.751263378958214822e+00
9.919387355444098375e+01 3.967223143237108562e-02 6.726238839918981860e+00
9.882763256183611134e+01 3.982974252969265910e-02 6.701404399031082093e+00
9.846419187334628020e+01 3.998725362701423258e-02 6.676759844006365796e+00
9.810354774445461601e+01 4.014476472433579912e-02 6.652304920932832211e+00
9.774569584338863137e+01 4.030227582165737260e-02 6.628039336077253374e+00
9.739063127681106380e+01 4.045978691897894608e-02 6.603962757627251712e+00
9.703834861464027028e+01 4.061729801630051956e-02 6.580074817374338636e+00
9.668884147731897372e+01 4.077480911362208610e-02 6.556375082727027070e+00
9.634210006662262060e+01 4.093232021094365958e-02 6.532862889277355478e+00
9.599811302632208765e+01 4.108983130826523306e-02 6.509537466970622077e+00
9.565686871699091398e+01 4.124734240558680654e-02 6.486398026548781282e+00
9.531835523561595380e+01 4.140485350290838001e-02 6.463443760880236866e+00
9.498256043050304243e+01 4.156236460022994655e-02 6.440673845970586342e+00
9.464947191564515094e+01 4.171987569755152003e-02 6.418087441936886961e+00
9.431907708456213868e+01 4.187738679487309351e-02 6.395683693946147663e+00
9.399136312363749823e+01 4.203489789219466699e-02 6.373461733119653694e+00
9.366631702496000855e+01 4.219240898951623353e-02 6.351420677403760706e+00
9.334392559869598927e+01 4.234992008683780701e-02 6.329559632408845005e+00
9.302417548500034172e+01 4.250743118415938049e-02 6.307877692216964149e+00
9.270705316548615826e+01 4.266494228148095397e-02 6.286373940159625917e+00
9.239254497426571788e+01 4.282245337880252745e-02 6.265047449566451654e+00
9.208063710857683759e+01 4.297996447612409399e-02 6.243897284485723453e+00
9.177131563901004085e+01 4.313747557344566746e-02 6.222922500377922717e+00
9.146456651934892079e+01 4.329498667076724094e-02 6.202122144782945767e+00
9.116037559603535101e+01 4.345249776808881442e-02 6.181495257961963752e+00
9.085872861727652605e+01 4.361000886541038096e-02 6.161040873514939342e+00
9.055961124179908950e+01 4.376751996273195444e-02 6.140758018974262988e+00
9.026300904726906538e+01 4.392503106005352792e-02 6.120645716375677559e+00
8.996890753838367516e+01 4.408254215737510140e-02 6.100702982806972763e+00
8.967729215465091386e+01 4.424005325469667488e-02 6.080928830935540041e+00
8.938814827786141848e+01 4.439756435201824142e-02 6.061322269515004635e+00
8.910146123926816131e+01 4.455507544933981490e-02 6.041882303872073479e+00
8.881721632648344666e+01 4.471258654666138838e-02 6.022607936374240190e+00
8.853539879009866809e+01 4.487009764398296185e-02 6.003498166878636688e+00
8.825599385004105102e+01 4.502760874130452839e-02 5.984551993163083061e+00
8.797898670167437274e+01 4.518511983862610187e-02 5.965768411339793076e+00
8.770436252165092128e+01 4.534263093594767535e-02 5.947146416252153678e+00
8.743210647352624676e+01 4.550014203326924883e-02 5.928685001855488856e+00
8.716220371314381055e+01 4.565765313059082231e-02 5.910383161582164036e+00
8.689463939379348290e+01 4.581516422791238885e-02 5.892239888691396033e+00
8.662939867116004677e+01 4.597267532523396233e-02 5.874254176604789990e+00
8.636646670805903625e+01 4.613018642255553581e-02 5.856425019227489592e+00
8.610582867897686299e+01 4.628769751987710929e-02 5.838751411256023260e+00
8.584746977441290028e+01 4.644520861719867583e-02 5.821232348472745066e+00
8.559137520503860230e+01 4.660271971452024931e-02 5.803866828027851810e+00
8.533753020567401393e+01 4.676023081184182278e-02 5.786653848709039316e+00
8.508592003909049595e+01 4.691774190916339626e-02 5.769592411199355730e+00
8.483652999964621699e+01 4.707525300648496974e-02 5.752681518323714549e+00
8.458934541675874641e+01 4.723276410380653628e-02 5.735920175284373812e+00
8.434435165822110037e+01 4.739027520112810976e-02 5.719307389885798898e+00
8.410153413336915662e+01 4.754778629844968324e-02 5.702842172749420513e+00
8.386087829609846267e+01 4.770529739577125672e-02 5.686523537518232807e+00
8.362236964774555759e+01 4.786280849309282326e-02 5.670350501052151770e+00
8.338599373983122121e+01 4.802031959041439674e-02 5.654322083614035321e+00
8.315173617667296924e+01 4.817783068773597022e-02 5.638437309046832269e+00
8.291958261787181073e+01 4.833534178505754370e-02 5.622695204942219860e+00
8.268951878067821326e+01 4.849285288237911717e-02 5.607094802801023015e+00
8.246153044223898121e+01 4.865036397970068371e-02 5.591635138185577780e+00
8.223560344173206715e+01 4.880787507702225719e-02 5.576315250864491979e+00
8.201172368239208765e+01 4.896538617434383067e-02 5.561134184949994896e+00
8.178987713343160237e+01 4.912289727166540415e-02 5.546090989028213514e+00
8.157004983185959190e+01 4.928040836898697069e-02 5.531184716282478320e+00
8.135222788420210804e+01 4.943791946630854417e-02 5.516414424610014855e+00
8.113639746813095144e+01 4.959543056363011765e-02 5.501779176732362941e+00
8.092254483400022025e+01 4.975294166095169113e-02 5.487278040299581328e+00
8.071065630629375676e+01 4.991045275827326461e-02 5.472910087988389627e+00
8.050071812521760251e+01 5.006796385559483115e-02 5.458674386760717923e+00
8.029271145526001874e+01 5.022547495291640463e-02 5.444569659399074446e+00
8.008661156966516614e+01 5.038298605023797810e-02 5.430594229206503698e+00
7.988239378961688431e+01 5.054049714755955158e-02 5.416746422736791189e+00
7.968003384398751621e+01 5.069800824488111812e-02 5.403024594188690521e+00
7.947950786114705579e+01 5.085551934220269160e-02 5.389427124850483253e+00
7.928079236096505156e+01 5.101303043952426508e-02 5.375952422557658927e+00
7.908386424699659756e+01 5.117054153684583856e-02 5.362598921163042043e+00
7.888870079885957409e+01 5.132805263416741204e-02 5.349365080019906848e+00
7.869527966478185022e+01 5.148556373148897858e-02 5.336249383476603825e+00
7.850357885432512717e+01 5.164307482881055206e-02 5.323250340383180124e+00
7.831357673127851626e+01 5.180058592613212554e-02 5.310366483609490373e+00
7.812525200671534265e+01 5.195809702345369901e-02 5.297596369574385733e+00
7.793858373220865587e+01 5.211560812077526555e-02 5.284938577785678326e+00
7.775355129320445258e+01 5.227311921809683903e-02 5.272391710390765596e+00
7.757013440254496572e+01 5.243063031541841251e-02 5.259954391737474033e+00
7.738831309219017385e+01 5.258814141273998599e-02 5.247625267812678018e+00
7.720806716964422378e+01 5.274565251006155947e-02 5.235402969383123661e+00
7.702937550075948536e+01 5.290316360738312601e-02 5.223286063363088871e+00
7.685221712139873773e+01 5.306067470470469949e-02 5.211273128195078819e+00
7.667657141659256581e+01 5.321818580202627297e-02 5.199362765998326807e+00
7.650241811353441790e+01 5.337569689934784645e-02 5.187553602093792904e+00
7.632973727474053760e+01 5.353320799666941299e-02 5.175844284540349172e+00
7.615850929136988157e+01 5.369071909399098647e-02 5.164233483681798909e+00
7.598871487670172087e+01 5.384823019131255994e-02 5.152719891704616195e+00
7.582033505976177423e+01 5.400574128863413342e-02 5.141302222205719197e+00
7.565335117910018425e+01 5.416325238595570690e-02 5.129979209770580084e+00
7.548774487671120426e+01 5.432076348327727344e-02 5.118749609560918401e+00
7.532349809209304681e+01 5.447827458059884692e-02 5.107612196911902380e+00
7.516059305644488120e+01 5.463578567792042040e-02 5.096565766938645048e+00
7.499901228699596345e+01 5.479329677524199388e-02 5.085609134151692245e+00
7.483873858146530722e+01 5.495080787256356042e-02 5.074741132081318717e+00
7.467975501264588445e+01 5.510831896988513390e-02 5.063960612910292980e+00
7.452204492205011377e+01 5.526583006720670738e-02 5.053266447042978449e+00
7.436559035585196398e+01 5.542334116452828086e-02 5.042657417048125978e+00
7.421036900114627599e+01 5.558085226184985433e-02 5.032132009909617842e+00
7.405635808981601542e+01 5.573836335917142087e-02 5.021688681743868621e+00
7.390353527757120844e+01 5.589587445649299435e-02 5.011325917406587394e+00
7.375187863500607932e+01 5.605338555381456783e-02 5.001042229886374813e+00
7.360136663888080477e+01 5.621089665113614131e-02 4.990836159713544440e+00
7.345197816362109222e+01 5.636840774845770785e-02 4.980706274383714494e+00
7.330369247303094937e+01 5.652591884577928133e-02 4.970651167795865355e+00
7.315648921220891054e+01 5.668342994310085481e-02 4.960669459704179829e+00
7.301034839966689560e+01 5.684094104042242829e-02 4.950759795183640399e+00
7.286525041964182492e+01 5.699845213774400177e-02 4.940920844108675603e+00
7.272117601459548553e+01 5.715596323506556831e-02 4.931151300644593505e+00
7.257810627789889679e+01 5.731347433238714179e-02 4.921449882751505633e+00
7.243602264669428337e+01 5.747098542970871526e-02 4.911815331700317699e+00
7.229490689492969580e+01 5.762849652703028874e-02 4.902246411600403420e+00
7.215474112656180239e+01 5.778600762435185528e-02 4.892741908938698536e+00
7.201550776892455019e+01 5.794351872167342876e-02 4.883300632130024077e+00
7.187718956353057820e+01 5.810102981899500224e-02 4.873921410893360395e+00
7.173976805148551250e+01 5.825854091631657572e-02 4.864602993549262955e+00
7.160322111555781532e+01 5.841605201363814920e-02 4.855343880350051045e+00
7.146752641261119265e+01 5.857356311095971574e-02 4.846142556229668052e+00
7.133266203452691911e+01 5.873107420828128922e-02 4.836997535620163546e+00
7.119860649935142760e+01 5.888858530560286270e-02 4.827907361851430323e+00
7.106533874266784778e+01 5.904609640292443618e-02 4.818870606566115100e+00
7.093283810918318011e+01 5.920360750024600272e-02 4.809885869149148618e+00
7.080108434452931476e+01 5.936111859756757619e-02 4.800951776171784147e+00
7.067005758726595843e+01 5.951862969488914967e-02 4.792066980849321922e+00
7.053973836108673368e+01 5.967614079221072315e-02 4.783230162512613681e+00
7.041010756721246366e+01 5.983365188953229663e-02 4.774440026092261036e+00
7.028114647697819350e+01 5.999116298685386317e-02 4.765695301615947344e+00
7.015283672459594300e+01 6.014867408417543665e-02 4.756994743717680052e+00
7.002516030009894621e+01 6.030618518149701013e-02 4.748337131159356517e+00
6.989809954245481549e+01 6.046369627881858361e-02 4.739721266363768670e+00
6.977163713284500091e+01 6.062120737614015015e-02 4.731145974958898215e+00
6.964575608810682184e+01 6.077871847346172363e-02 4.722610105333212793e+00
6.952043975433227274e+01 6.093622957078329710e-02 4.714112528201615859e+00
6.939567178383488510e+01 6.109374066810487058e-02 4.705652135043598250e+00
6.927143431602412704e+01 6.125125176542643712e-02 4.697227714750107808e+00
6.914770640526234047e+01 6.140876286274801060e-02 4.688837847018094251e+00
6.902446714939671324e+01 6.156627396006958408e-02 4.680481114493162842e+00
6.890169606992380125e+01 6.172378505739115756e-02 4.672156128548178522e+00
6.877937310406981908e+01 6.188129615471273104e-02 4.663861528746208407e+00
6.865747859707138900e+01 6.203880725203429758e-02 4.655595982317119130e+00
6.853599329464421430e+01 6.219631834935587106e-02 4.647358183646856489e+00
6.841489833563915113e+01 6.235382944667744454e-02 4.639146853779481106e+00
6.829417524487756452e+01 6.251134054399902495e-02 4.630960739931331283e+00
6.817380592616183321e+01 6.266885164132059149e-02 4.622798615017073232e+00
6.805377265545413934e+01 6.282636273864215803e-02 4.614659277187167064e+00
6.793405807421841303e+01 6.298387383596373845e-02 4.606541549376382605e+00
6.781464518292375487e+01 6.314138493328530499e-02 4.598444278863278001e+00
6.769551733469874932e+01 6.329889603060687153e-02 4.590366336839898587e+00
6.757665822913878628e+01 6.345640712792845195e-02 4.582306617991871889e+00
6.745805190625559078e+01 6.361391822525001849e-02 4.574264040088115379e+00
6.733968274056925907e+01 6.377142932257158503e-02 4.566237543580233371e+00
6.722153543533578102e+01 6.392894041989316545e-02 4.558226091211078135e+00
6.710359501690827244e+01 6.408645151721473199e-02 4.550228667632415736e+00
6.698584677980193192e+01 6.424396261453631241e-02 4.542244275679800047e+00
6.686827458959059811e+01 6.440147371185787895e-02 4.534271821293696547e+00
6.675086049911595865e+01 6.455898480917944549e-02 4.526310087494977097e+00
6.663358681319461141e+01 6.471649590650102590e-02 4.518357874390691364e+00
6.651643621967961906e+01 6.487400700382259244e-02 4.510414008061205848e+00
6.639939178314529045e+01 6.503151810114417286e-02 4.502477340131997074e+00
6.628243693872008180e+01 6.518902919846573940e-02 4.494546747355438576e+00
6.616555548606191905e+01 6.534654029578730594e-02 4.486621131202302770e+00
6.604873158347169237e+01 6.550405139310888636e-02 4.478699417462570942e+00
6.593194974214229376e+01 6.566156249043045290e-02 4.470780555855498939e+00
6.581519482053506920e+01 6.581907358775203332e-02 4.462863519648266220e+00
6.569845201888520592e+01 6.597658468507359986e-02 4.454947305283400993e+00
6.558170687382504127e+01 6.613409578239516640e-02 4.447030932014190086e+00
6.546494525313016766e+01 6.629160687971674681e-02 4.439113441548426131e+00
6.534815335057632524e+01 6.644911797703831335e-02 4.431193897699636786e+00
6.523131768090787830e+01 6.660662907435987989e-02 4.423271386045924736e+00
6.511442507491577203e+01 6.676414017168146031e-02 4.415345013596198243e+00
6.499746267461738114e+01 6.692165126900302685e-02 4.407413908463325924e+00
6.488041792853780976e+01 6.707916236632460727e-02 4.399477219544157158e+00
6.476327858709026941e+01 6.723667346364617381e-02 4.391534116206281979e+00
6.464603269804943864e+01 6.739418456096774035e-02 4.383583787981081059e+00
6.452866854690715570e+01 6.755169565828932077e-02 4.375625440519288034e+00
6.441117372427012810e+01 6.770920675561088731e-02 4.367658232352173542e+00
6.429353528059809264e+01 6.786671785293246772e-02 4.359681285384172433e+00
6.417574055846679926e+01 6.802422895025403426e-02 4.351693741327811615e+00
6.405777721624241394e+01 6.818174004757560080e-02 4.343694763309065010e+00
6.393963322353739898e+01 6.833925114489718122e-02 4.335683535559204493e+00
6.382129685675253938e+01 6.849676224221874776e-02 4.327659263112516363e+00
6.370275669470878199e+01 6.865427333954032818e-02 4.319621171510099167e+00
6.358400161436382092e+01 6.881178443686189472e-02 4.311568506509416920e+00
6.346502078660959256e+01 6.896929553418346126e-02 4.303500533799319072e+00
6.334580367215083641e+01 6.912680663150504168e-02 4.295416538720576050e+00
6.322634001745900179e+01 6.928431772882660822e-02 4.287315825991520946e+00
6.310661985080191272e+01 6.944182882614817476e-02 4.279197719438815994e+00
6.298663347834424542e+01 6.959933992346975518e-02 4.271061561733038303e+00
6.286637148031950062e+01 6.975685102079132172e-02 4.262906714129105268e+00
6.274582470726878825e+01 6.991436211811290213e-02 4.254732556211220817e+00
6.262498427634529463e+01 7.007187321543446867e-02 4.246538485642295413e+00
6.250384156768141963e+01 7.022938431275603521e-02 4.238323917917598216e+00
6.238238822081969204e+01 7.038689541007761563e-02 4.230088286122747121e+00
6.226061613120162974e+01 7.054440650739918217e-02 4.221831040695612103e+00
6.213851744671366362e+01 7.070191760472076259e-02 4.213551649192112336e+00
6.201608456429106297e+01 7.085942870204232913e-02 4.205249596055915973e+00
6.189331015205195285e+01 7.101693979936389567e-02 4.196924384119337326e+00
6.177018746040384656e+01 7.117445089668547609e-02 4.188575555699157071e+00
6.164671021341899859e+01 7.133196199400704263e-02 4.180202685230903548e+00
6.152287236356868760e+01 7.148947309132862304e-02 4.171805362637607928e+00
6.139866808339039039e+01 7.164698418865018958e-02 4.163383192764780638e+00
6.127409176253631529e+01 7.180449528597175612e-02 4.154935795180260349e+00
6.114913800486319673e+01 7.196200638329333654e-02 4.146462803976893596e+00
6.102380162556489296e+01 7.211951748061490308e-02 4.137963867578078769e+00
6.089807764834249326e+01 7.227702857793646962e-02 4.129438648545895596e+00
6.077196130261431506e+01 7.243453967525805004e-02 4.120886823391896492e+00
6.064544802076220975e+01 7.259205077257961658e-02 4.112308082390395469e+00
6.051853343541475994e+01 7.274956186990119700e-02 4.103702129394238618e+00
6.039121337676583323e+01 7.290707296722276354e-02 4.095068681652978881e+00
6.026348386992593475e+01 7.306458406454433008e-02 4.086407469633281053e+00
6.013534113230860356e+01 7.322209516186591050e-02 4.077718236841679555e+00
6.000678157104803745e+01 7.337960625918747704e-02 4.069000739649483833e+00
5.987780178044858559e+01 7.353711735650905745e-02 4.060254747119831364e+00
5.974839853946383528e+01 7.369462845383062399e-02 4.051480040836731966e+00
5.961856880920665702e+01 7.385213955115219053e-02 4.042676414736247281e+00
5.948830973048716686e+01 7.400965064847377095e-02 4.033843674939526558e+00
5.935761862137883327e+01 7.416716174579533749e-02 4.024981639587775994e+00
5.922649297481206787e+01 7.432467284311691791e-02 4.016090138679075494e+00
5.909493045619512941e+01 7.448218394043848445e-02 4.007169013907058819e+00
5.896292900072561594e+01 7.463969503776005099e-02 3.998218125259510813e+00
5.883048833615498552e+01 7.479720613508163141e-02 3.989237454275522232e+00
5.869760964142719217e+01 7.495471723240319795e-02 3.980227080898124825e+00
5.856429423175006832e+01 7.511222832972476449e-02 3.971187094310266286e+00
5.843054351756417475e+01 7.526973942704634490e-02 3.962117590152528734e+00
5.829635900297725470e+01 7.542725052436791144e-02 3.953018670416978519e+00
5.816174228421772341e+01 7.558476162168949186e-02 3.943890443342290553e+00
5.802669504809680490e+01 7.574227271901105840e-02 3.934733023309472610e+00
5.789121907048916427e+01 7.589978381633262494e-02 3.925546530738836637e+00
5.775531621482365097e+01 7.605729491365420536e-02 3.916331091987656166e+00
5.761898843058955322e+01 7.621480601097577190e-02 3.907086839248879784e+00
5.748223775185483930e+01 7.637231710829735232e-02 3.897813910450652397e+00
5.734506629579844628e+01 7.652982820561891886e-02 3.888512449156792616e+00
5.720747626125447027e+01 7.668733930294048540e-02 3.879182604468070394e+00
5.706946992726980739e+01 7.684485040026206581e-02 3.869824530924416806e+00
5.693104965167380982e+01 7.700236149758363235e-02 3.860438388407911869e+00
5.679221786966100893e+01 7.715987259490521277e-02 3.851024342046700522e+00
5.665297709238491564e+01 7.731738369222677931e-02 3.841582562119626232e+00
5.651332990556551295e+01 7.747489478954834585e-02 3.832113223961816306e+00
5.637327896810747774e+01 7.763240588686992627e-02 3.822616507870975955e+00
5.623282701073040357e+01 7.778991698419149281e-02 3.813092599014509698e+00
5.609197683461111694e+01 7.794742808151305935e-02 3.803541687337459010e+00
5.595073131003792355e+01 7.810493917883463977e-02 3.793963967471246868e+00
5.580909337507500112e+01 7.826245027615620631e-02 3.784359638643108870e+00
5.566706606978847560e+01 7.841996137347778673e-02 3.774728906996935862e+00
5.552465443535614753e+01 7.857747247079935327e-02 3.765072114370027201e+00
5.538186641729275550e+01 7.873498356812091981e-02 3.755389799539909923e+00
5.523871015128342066e+01 7.889249466544250022e-02 3.745682514179372813e+00
5.509519372237703294e+01 7.905000576276406676e-02 3.735950806527622792e+00
5.495132516487004182e+01 7.920751686008564718e-02 3.726195221382381018e+00
5.480711246219621557e+01 7.936502795740721372e-02 3.716416300092428848e+00
5.466256354682531793e+01 7.952253905472878026e-02 3.706614580550724458e+00
5.451768630016639605e+01 7.968005015205036068e-02 3.696790597187851635e+00
5.437248855248027724e+01 7.983756124937192722e-02 3.686944880966082305e+00
5.422697808279687592e+01 7.999507234669350764e-02 3.677077959373770799e+00
5.408116261884033804e+01 8.015258344401507418e-02 3.667190356420277908e+00
5.393504983696021071e+01 8.031009454133664072e-02 3.657282592631304396e+00
5.378864736206971031e+01 8.046760563865822113e-02 3.647355185044702797e+00
5.364196276758886484e+01 8.062511673597978767e-02 3.637408647206624046e+00
5.349500357539613304e+01 8.078262783330135421e-02 3.627443489168236557e+00
5.334777725578452134e+01 8.094013893062293463e-02 3.617460217482748597e+00
5.320029122742441530e+01 8.109765002794450117e-02 3.607459335202889417e+00
5.305255285733215231e+01 8.125516112526608159e-02 3.597441341878780285e+00
5.290456946084501055e+01 8.141267222258764813e-02 3.587406733556235849e+00
5.275634830160176136e+01 8.157018331990921467e-02 3.577356002775440746e+00
5.260789659152892028e+01 8.172769441723079509e-02 3.567289638570031229e+00
5.245922149083195762e+01 8.188520551455236163e-02 3.557208126466484988e+00
5.231033010799441030e+01 8.204271661187394205e-02 3.547111948484065636e+00
5.216122949977888368e+01 8.220022770919550859e-02 3.537001583134895988e+00
5.201192667123729052e+01 8.235773880651707513e-02 3.526877505424642845e+00
5.186242927301189098e+01 8.251524990383865554e-02 3.516740234135820486e+00
5.171274893829231445e+01 8.267276100116022208e-02 3.506590558103556798e+00
5.156289859790500429e+01 8.283027209848178862e-02 3.496429354154453328e+00
5.141289099189047818e+01 8.298778319580336904e-02 3.486257486178105935e+00
5.126273866909799892e+01 8.314529429312493558e-02 3.476075805099623217e+00
5.111245398884012303e+01 8.330280539044651600e-02 3.465885148991808329e+00
5.096204912255397090e+01 8.346031648776808254e-02 3.455686343187823528e+00
5.081153605546740692e+01 8.361782758508964908e-02 3.445480200394162917e+00
5.066092658827183470e+01 8.377533868241122950e-02 3.435267520804083485e+00
5.051023233879952556e+01 8.393284977973279604e-02 3.425049092211345680e+00
5.035946474370365422e+01 8.409036087705437645e-02 3.414825690124134283e+00
5.020863506014328692e+01 8.424787197437594299e-02 3.404598077879315898e+00
5.005775436746993279e+01 8.440538307169750953e-02 3.394367006756798588e+00
4.990683356891592837e+01 8.456289416901908995e-02 3.384133216094027397e+00
4.975588339328588461e+01 8.472040526634065649e-02 3.373897433400672163e+00
4.960491439664679802e+01 8.487791636366223691e-02 3.363660374473238068e+00
4.945393696402089745e+01 8.503542746098380345e-02 3.353422743509846704e+00
4.930296131107586177e+01 8.519293855830536999e-02 3.343185233224862163e+00
4.915199748581665773e+01 8.535044965562695041e-02 3.332948524963602388e+00
4.900105537027452129e+01 8.550796075294851695e-02 3.322713288816867561e+00
4.885014468219436168e+01 8.566547185027008349e-02 3.312480183735366790e+00
4.869927497672151873e+01 8.582298294759166390e-02 3.302249857644091957e+00
4.854845564808417180e+01 8.598049404491323044e-02 3.292022947556402013e+00
4.839769593127314806e+01 8.613800514223481086e-02 3.281800079687923422e+00
4.824700490371897388e+01 8.629551623955637740e-02 3.271581869570281853e+00
4.809639148696380317e+01 8.645302733687794394e-02 3.261368922164455952e+00
4.794586444933628400e+01 8.661053843419952436e-02 3.251161832042177124e+00
4.779543375280645989e+01 8.676804953152109090e-02 3.240961274714816653e+00
4.764511315978774064e+01 8.692556062884267132e-02 3.230768183398070814e+00
4.749491689223885516e+01 8.708307172616423786e-02 3.220583522468948523e+00
4.734485888452906011e+01 8.724058282348580440e-02 3.210408236803303783e+00
4.719495278697164053e+01 8.739809392080738482e-02 3.200243252015426254e+00
4.704521196935526461e+01 8.755560501812895136e-02 3.190089474697518135e+00
4.689564952446828272e+01 8.771311611545053177e-02 3.179947792658657235e+00
4.674627827161731375e+01 8.787062721277209831e-02 3.169819075163397226e+00
4.659711076013740438e+01 8.802813831009366485e-02 3.159704173169782138e+00
4.644815927289300816e+01 8.818564940741524527e-02 3.149603919566750232e+00
4.629943582976944327e+01 8.834316050473681181e-02 3.139519129410881515e+00
4.615095219115102054e+01 8.850067160205837835e-02 3.129450600162252183e+00
4.600271986138884017e+01 8.865818269937995877e-02 3.119399111919576750e+00
4.585475009225289966e+01 8.881569379670152531e-02 3.109365427654290581e+00
4.570705388637081512e+01 8.897320489402310573e-02 3.099350293443733140e+00
4.555964200065029956e+01 8.913071599134467227e-02 3.089354438703220129e+00
4.541252494968532716e+01 8.928822708866623881e-02 3.079378576417007629e+00
4.526571300914505969e+01 8.944573818598781922e-02 3.069423403368102043e+00
4.511921621914375180e+01 8.960324928330938576e-02 3.059489600366755546e+00
4.497304438759289980e+01 8.976076038063096618e-02 3.049577832477786021e+00
4.482720709353252886e+01 8.991827147795253272e-02 3.039688749246459931e+00
4.468171369044180352e+01 9.007578257527409926e-02 3.029822984922983409e+00
4.453657330953001292e+01 9.023329367259567968e-02 3.019981158685663303e+00
4.439179486300348287e+01 9.039080476991724622e-02 3.010163874862429534e+00
4.424738704731193906e+01 9.054831586723882664e-02 3.000371723150970560e+00
4.410335834637059804e+01 9.070582696456039318e-02 2.990605278837219494e+00
4.395971703475922254e+01 9.086333806188195972e-02 2.980865103012277029e+00
4.381647118089670556e+01 9.102084915920354014e-02 2.971151742787680128e+00
4.367362929621587142e+01 9.117836025652510668e-02 2.961465775315302196e+00
4.353120263334763962e+01 9.133587135384667322e-02 2.951807963624960784e+00
4.338920300929812868e+01 9.149338245116825363e-02 2.942179109016199057e+00
4.324764194517906191e+01 9.165089354848982017e-02 2.932579992724249962e+00
4.310653067082324696e+01 9.180840464581140059e-02 2.923011376233013880e+00
4.296588012944678070e+01 9.196591574313296713e-02 2.913474001591194185e+00
4.282570098228124778e+01 9.212342684045453367e-02 2.903968591726399762e+00
4.268600361317155034e+01 9.228093793777611409e-02 2.894495850756925392e+00
4.254679813314387360e+01 9.243844903509768063e-02 2.885056464301491541e+00
4.240809438493624128e+01 9.259596013241926105e-02 2.875651099786469711e+00
4.226990194749652119e+01 9.275347122974082759e-02 2.866280406750877585e+00
4.213223014044247350e+01 9.291098232706239413e-02 2.856945017148809995e+00
4.199508802848632172e+01 9.306849342438397454e-02 2.847645545649477139e+00
4.185848442582175011e+01 9.322600452170554108e-02 2.838382589934666633e+00
4.172242790047123151e+01 9.338351561902712150e-02 2.829156730993540592e+00
4.158692677859603037e+01 9.354102671634868804e-02 2.819968533414894729e+00
4.145198914876556984e+01 9.369853781367025458e-02 2.810818545676648572e+00
4.131762286618698710e+01 9.385604891099183500e-02 2.801707300432660475e+00
4.118383555689356967e+01 9.401356000831340154e-02 2.792635314796735546e+00
4.105063462189281154e+01 9.417107110563496808e-02 2.783603090623900211e+00
4.091802724127122559e+01 9.432858220295654850e-02 2.774611114788747557e+00
4.078602037825923787e+01 9.448609330027811504e-02 2.765659859461069292e+00
4.065462078325183626e+01 9.464360439759969545e-02 2.756749782378503877e+00
4.052383499778672871e+01 9.480111549492126199e-02 2.747881327116274086e+00
4.039366935848021001e+01 9.495862659224282853e-02 2.739054923354092619e+00
4.026413000091876171e+01 9.511613768956440895e-02 2.730270987140028804e+00
4.013522286350786317e+01 9.527364878688597549e-02 2.721529921151513154e+00
4.000695369127616630e+01 9.543115988420755591e-02 2.712832114953273699e+00
3.987932803963663986e+01 9.558867098152912245e-02 2.704177945252395077e+00
3.975235129081298879e+01 9.574618207885068899e-02 2.695567777012160438e+00
3.962602925070007842e+01 9.590369317617226941e-02 2.687002003924581661e+00
3.950036838904408398e+01 9.606120427349383595e-02 2.678481064696773828e+00
3.937537503257771476e+01 9.621871537081541637e-02 2.670005388338248853e+00
3.925105530283281041e+01 9.637622646813698291e-02 2.661575389944049519e+00
3.912741512027184143e+01 9.653373756545854945e-02 2.653191470974902266e+00
3.900446020837210170e+01 9.669124866278012986e-02 2.644854019534164102e+00
3.888219609766044726e+01 9.684875976010169640e-02 2.636563410641412197e+00
3.876062812969966842e+01 9.700627085742326294e-02 2.628320006502758321e+00
3.863976146102531573e+01 9.716378195474484336e-02 2.620124156777797531e+00
3.851960106703445064e+01 9.732129305206640990e-02 2.611976198843299901e+00
3.840015174582442370e+01 9.747880414938799032e-02 2.603876458053523635e+00
3.828141812198354899e+01 9.763631524670955686e-02 2.595825247997244123e+00
3.816340465033202634e+01 9.779382634403112340e-02 2.587822870751430582e+00
3.804611561961474564e+01 9.795133744135270382e-02 2.579869617131649306e+00
3.792955515614460893e+01 9.810884853867427036e-02 2.571965766939112275e+00
3.781372722739726555e+01 9.826635963599585077e-02 2.564111589204434605e+00
3.769863564555836888e+01 9.842387073331741731e-02 2.556307342428168372e+00
3.758428407102000790e+01 9.858138183063898385e-02 2.548553274817898284e+00
3.747067601583204066e+01 9.873889292796056427e-02 2.540849624522261596e+00
3.735781484710253153e+01 9.889640402528213081e-02 2.533196619861540100e+00
3.724570379035222345e+01 9.905391512260371123e-02 2.525594479555119065e+00
3.713434593282101304e+01 9.921142621992527777e-02 2.518043412945694115e+00
3.702374422672619403e+01 9.936893731724684431e-02 2.510543620220209160e+00
3.691390149247501995e+01 9.952644841456842473e-02 2.503095292627702140e+00
3.680482042182961067e+01 9.968395951188999127e-02 2.495698612693911578e+00
3.669650358102550314e+01 9.984147060921155781e-02 2.488353754432740761e+00
3.658895341384421585e+01 9.999898170653313823e-02 2.481060883554605745e+00
3.648217224464016795e+01 1.001564928038547048e-01 2.473820157671691167e+00
3.637616228132144158e+01 1.003140039011762852e-01 2.466631726500066790e+00
3.627092561828602868e+01 1.004715149984978517e-01 2.459495732058799788e+00
3.616646423357289564e+01 1.006290260958194183e-01 2.452412308476762615e+00
3.606277939449044112e+01 1.007865371931409987e-01 2.445381541688889104e+00
3.595987115510099841e+01 1.009440482904625652e-01 2.438403435361090832e+00
3.585773938063135802e+01 1.011015593877841456e-01 2.431477980354532331e+00
3.575638387414065278e+01 1.012590704851057122e-01 2.424605163314846656e+00
3.565580437840240791e+01 1.014165815824272787e-01 2.417784966799757740e+00
3.555600057775466638e+01 1.015740926797488591e-01 2.411017369404543143e+00
3.545697209991754306e+01 1.017316037770704257e-01 2.404302345885268366e+00
3.535871851777704933e+01 1.018891148743920061e-01 2.397639867279752757e+00
3.526123935113837859e+01 1.020466259717135726e-01 2.391029901026463289e+00
3.516453406844732399e+01 1.022041370690351392e-01 2.384472411081230536e+00
3.506860208848032556e+01 1.023616481663567196e-01 2.377967358031858325e+00
3.497344278200488787e+01 1.025191592636782861e-01 2.371514699210711452e+00
3.487905547340839263e+01 1.026766703609998527e-01 2.365114388805162449e+00
3.478543944229882356e+01 1.028341814583214331e-01 2.358766377966139860e+00
3.469259392507530038e+01 1.029916925556429996e-01 2.352470614914619951e+00
3.460051811646948039e+01 1.031492036529645800e-01 2.346227045046148429e+00
3.450921117105960434e+01 1.033067147502861466e-01 2.340035611033510765e+00
3.441867220475543121e+01 1.034642258476077131e-01 2.333896252927416981e+00
3.432890029625645667e+01 1.036217369449292935e-01 2.327808908255389664e+00
3.423989448848257666e+01 1.037792480422508601e-01 2.321773512118767258e+00
3.415165378997754431e+01 1.039367591395724405e-01 2.315789997287880375e+00
3.406417717628741570e+01 1.040942702368940070e-01 2.309858294295515257e+00
3.397746359131157590e+01 1.042517813342155736e-01 2.303978331528531598e+00
3.389151194862934346e+01 1.044092924315371540e-01 2.298150035317809259e+00
3.380632113280055506e+01 1.045668035288587205e-01 2.292373330026454159e+00
3.372189000064268072e+01 1.047243146261803010e-01 2.286648138136384123e+00
3.363821738248245907e+01 1.048818257235018675e-01 2.280974380333205875e+00
3.355530208338367970e+01 1.050393368208234340e-01 2.275351975589472442e+00
3.347314288435230623e+01 1.051968479181450145e-01 2.269780841246400893e+00
3.339173854351798099e+01 1.053543590154665810e-01 2.264260893093983373e+00
3.331108779729235181e+01 1.055118701127881475e-01 2.258792045449542485e+00
3.323118936150546432e+01 1.056693812101097280e-01 2.253374211234774549e+00
3.315204179589764522e+01 1.058268923074312945e-01 2.248007292787093547e+00
3.307364134555213298e+01 1.059844034047528749e-01 2.242691035489290829e+00
3.299598237636014630e+01 1.061419145020744415e-01 2.237425057298001896e+00
3.291905925820788781e+01 1.062994255993960080e-01 2.232208976440754888e+00
3.284286642324387628e+01 1.064569366967175884e-01 2.227042415367029626e+00
3.276739836516031090e+01 1.066144477940391549e-01 2.221925000699516595e+00
3.269264963848391403e+01 1.067719588913607354e-01 2.216856363186038070e+00
3.261861485787490267e+01 1.069294699886823019e-01 2.211836137652009704e+00
3.254528869743739250e+01 1.070869810860038684e-01 2.206863962953677483e+00
3.247266589003723425e+01 1.072444921833254489e-01 2.201939481931864950e+00
3.240074122662925760e+01 1.074020032806470154e-01 2.197062341366350591e+00
3.232950955559407902e+01 1.075595143779685958e-01 2.192232191930900242e+00
3.225896578208309506e+01 1.077170254752901624e-01 2.187448688148848852e+00
3.218910486737204479e+01 1.078745365726117289e-01 2.182711488349268425e+00
3.211992182822337583e+01 1.080320476699333093e-01 2.178020254623729279e+00
3.205141173625715822e+01 1.081895587672548759e-01 2.173374652783644834e+00
3.198356971732995646e+01 1.083470698645764424e-01 2.168774352318150633e+00
3.191639095092184064e+01 1.085045809618980228e-01 2.164219026352539377e+00
3.184987066953176793e+01 1.086620920592195894e-01 2.159708351607262156e+00
3.178400415808064849e+01 1.088196031565411698e-01 2.155242008357450612e+00
3.171878675332254360e+01 1.089771142538627363e-01 2.150819680392995092e+00
3.165421384326302601e+01 1.091346253511843029e-01 2.146441054979090435e+00
3.159028086658598156e+01 1.092921364485058833e-01 2.142105822817391036e+00
3.152698331208683413e+01 1.094496475458274498e-01 2.137813678007556728e+00
3.146431671811433262e+01 1.096071586431490302e-01 2.133564318009412375e+00
3.140227667201877537e+01 1.097646697404705968e-01 2.129357443605527589e+00
3.134085880960800807e+01 1.099221808377921633e-01 2.125192758864334230e+00
3.128005881460958904e+01 1.100796919351137437e-01 2.121069971103649365e+00
3.121987241814152370e+01 1.102372030324353103e-01 2.116988790854789304e+00
3.116029539818840277e+01 1.103947141297568907e-01 2.112948931827049570e+00
3.110132357908480927e+01 1.105522252270784572e-01 2.108950110872673367e+00
3.104295283100615777e+01 1.107097363244000238e-01 2.104992047952322753e+00
3.098517906946500844e+01 1.108672474217216042e-01 2.101074466100929516e+00
3.092799825481435505e+01 1.110247585190431707e-01 2.097197091394009227e+00
3.087140638493300315e+01 1.111822696163647373e-01 2.093359652451667330e+00
3.081539809357552784e+01 1.113397807136863177e-01 2.089561785394086879e+00
3.075996496672410885e+01 1.114972918110078842e-01 2.085802919675010525e+00
3.070509828633896277e+01 1.116548029083294646e-01 2.082082464132749777e+00
3.065078945203064364e+01 1.118123140056510312e-01 2.078399835583367494e+00
3.059702997902223842e+01 1.119698251029725977e-01 2.074754458682503078e+00
3.054381149615370816e+01 1.121273362002941781e-01 2.071145765790038507e+00
3.049112574392788844e+01 1.122848472976157447e-01 2.067573196837610539e+00
3.043896457259781840e+01 1.124423583949373251e-01 2.064036199198906907e+00
3.038731994029343753e+01 1.125998694922588916e-01 2.060534227562639931e+00
3.033618391118725910e+01 1.127573805895804582e-01 2.057066743808167342e+00
3.028554865369891047e+01 1.129148916869020386e-01 2.053633216883739898e+00
3.023540643873537448e+01 1.130724027842236051e-01 2.050233122687175058e+00
3.018574963796938349e+01 1.132299138815451855e-01 2.046865943949115696e+00
3.013657072215178090e+01 1.133874249788667521e-01 2.043531170118593199e+00
3.008786225946021631e+01 1.135449360761883186e-01 2.040228297251057032e+00
3.003961691387995003e+01 1.137024471735098990e-01 2.036956827898575018e+00
2.999182744361993258e+01 1.138599582708314656e-01 2.033716271002430798e+00
2.994448669955952269e+01 1.140174693681530321e-01 2.030506141787796981e+00
2.989758762372824208e+01 1.141749804654746125e-01 2.027325961660650488e+00
2.985112324781610482e+01 1.143324915627961791e-01 2.024175258106752473e+00
2.980508669171408087e+01 1.144900026601177595e-01 2.021053564592690588e+00
2.975947116208480026e+01 1.146475137574393260e-01 2.017960420468949856e+00
2.971426995096167900e+01 1.148050248547608926e-01 2.014895370874926428e+00
2.966947643437724835e+01 1.149625359520824730e-01 2.011857966645910434e+00
2.962508407101810448e+01 1.151200470494040395e-01 2.008847764221884269e+00
2.958108640090819108e+01 1.152775581467256200e-01 2.005864325558237127e+00
2.953747704411801678e+01 1.154350692440471865e-01 2.002907218038235015e+00
2.949424969949998498e+01 1.155925803413687530e-01 1.999976014387268464e+00
2.945139814344905460e+01 1.157500914386903335e-01 1.997070292588808860e+00
2.940891622868835853e+01 1.159076025360119000e-01 1.994189635802070759e+00
2.936679788307947092e+01 1.160651136333334804e-01 1.991333632281326871e+00
2.932503710845572087e+01 1.162226247306550470e-01 1.988501875296807553e+00
2.928362797947958285e+01 1.163801358279766135e-01 1.985693963057211020e+00
2.924256464252246701e+01 1.165376469252981939e-01 1.982909498633749656e+00
2.920184131456648302e+01 1.166951580226197605e-01 1.980148089885678253e+00
2.916145228189746064e+01 1.168526691199413270e-01 1.977409349371668901e+00
2.912139120140202664e+01 1.170101802172629074e-01 1.974692846971451088e+00
2.908164957758189573e+01 1.171676913145844739e-01 1.971998006613657539e+00
2.904221857645914184e+01 1.173252024119060544e-01 1.969324229274946436e+00
2.900308947411262750e+01 1.174827135092276209e-01 1.966670923394822967e+00
2.896425365497854187e+01 1.176402246065491874e-01 1.964037504760390407e+00
2.892570261019373490e+01 1.177977357038707679e-01 1.961423396394023744e+00
2.888742793598008518e+01 1.179552468011923344e-01 1.958828028443805769e+00
2.884942133206932624e+01 1.181127578985139148e-01 1.956250838076725174e+00
2.881167460016771287e+01 1.182702689958354814e-01 1.953691269374558281e+00
2.877417964245830007e+01 1.184277800931570479e-01 1.951148773232316502e+00
2.873692846014153091e+01 1.185852911904786283e-01 1.948622807259282830e+00
2.869991315201205140e+01 1.187428022878001949e-01 1.946112835682505260e+00
2.866312591307119817e+01 1.189003133851217753e-01 1.943618329252715604e+00
2.862655903317415351e+01 1.190578244824433418e-01 1.941138765152588430e+00
2.859020489571173940e+01 1.192153355797649084e-01 1.938673626907359671e+00
2.855405597632434578e+01 1.193728466770864888e-01 1.936222404297617050e+00
2.851810484164930060e+01 1.195303577744080553e-01 1.933784593274361363e+00
2.848234414809899917e+01 1.196878688717296219e-01 1.931359695876151639e+00
2.844676664066979299e+01 1.198453799690512023e-01 1.928947220148338415e+00
2.841136515178157396e+01 1.200028910663727688e-01 1.926546680064376682e+00
2.837613260014596506e+01 1.201604021636943492e-01 1.924157595449077274e+00
2.834106198966340173e+01 1.203179132610159158e-01 1.921779491903821135e+00
2.830614640834802387e+01 1.204754243583374823e-01 1.919411900733657417e+00
2.827137902728007646e+01 1.206329354556590627e-01 1.917054358876264963e+00
2.823675309958381874e+01 1.207904465529806293e-01 1.914706408832646867e+00
2.820226195943271819e+01 1.209479576503022097e-01 1.912367598599673313e+00
2.816789902107878873e+01 1.211054687476237762e-01 1.910037481604261123e+00
2.813365777790724920e+01 1.212629798449453428e-01 1.907715616639273470e+00
2.809953180151430985e+01 1.214204909422669232e-01 1.905401567800981244e+00
2.806551474080961128e+01 1.215780020395884897e-01 1.903094904428204837e+00
2.803160032114013589e+01 1.217355131369100563e-01 1.900795201042905225e+00
2.799778234343786565e+01 1.218930242342316367e-01 1.898502037292387312e+00
2.796405468338749500e+01 1.220505353315532032e-01 1.896214997892863519e+00
2.793041129061669992e+01 1.222080464288747836e-01 1.893933672574547034e+00
2.789684618790641224e+01 1.223655575261963502e-01 1.891657656028103762e+00
2.786335347042129484e+01 1.225230686235179167e-01 1.889386547852463627e+00
2.782992730495969269e+01 1.226805797208394971e-01 1.887119952503972353e+00
2.779656192911536294e+01 1.228380908181610637e-01 1.884857479239536948e+00
2.776325149568559070e+01 1.229956019154826441e-01 1.882598731566104133e+00
2.772998976583561870e+01 1.231531130128042106e-01 1.880343286434435823e+00
2.769677049111453115e+01 1.233106241101257772e-01 1.878090720143228420e+00
2.766358749991101718e+01 1.234681352074473576e-01 1.875840614201602863e+00
2.763043469673336361e+01 1.236256463047689241e-01 1.873592555280269023e+00
2.759730606150855081e+01 1.237831574020905046e-01 1.871346135164006830e+00
2.756419564890187957e+01 1.239406684994120711e-01 1.869100950705528064e+00
2.753109758765442550e+01 1.240981795967336376e-01 1.866856603780549406e+00
2.749800607993935841e+01 1.242556906940552180e-01 1.864612701244145576e+00
2.746491540073593285e+01 1.244132017913767846e-01 1.862368854888299063e+00
2.743181989722068792e+01 1.245707128886983511e-01 1.860124681400621371e+00
2.739871398817590276e+01 1.247282239860199315e-01 1.857879802324237106e+00
2.736559216341400358e+01 1.248857350833414981e-01 1.855633844018756751e+00
2.733244898321849448e+01 1.250432461806630924e-01 1.853386437622361660e+00
2.729927907779942586e+01 1.252007572779846589e-01 1.851137219014886037e+00
2.726607714676538308e+01 1.253582683753062255e-01 1.848885828782010465e+00
2.723283795860850276e+01 1.255157794726277920e-01 1.846631912180342505e+00
2.719955635020484053e+01 1.256732905699493585e-01 1.844375119103531802e+00
2.716622722632802578e+01 1.258308016672709251e-01 1.842115104049299124e+00
2.713284555917678631e+01 1.259883127645924916e-01 1.839851526087392664e+00
2.709940638791467293e+01 1.261458238619140859e-01 1.837584048828381889e+00
2.706590481822327021e+01 1.263033349592356525e-01 1.835312340393355335e+00
2.703233602186704942e+01 1.264608460565572190e-01 1.833036073384419540e+00
2.699869523627038959e+01 1.266183571538787855e-01 1.830754924856013099e+00
2.696497776410607727e+01 1.267758682512003521e-01 1.828468576287005654e+00
2.693117897289467777e+01 1.269333793485219464e-01 1.826176713553530950e+00
2.689729429461524290e+01 1.270908904458435129e-01 1.823879026902588629e+00
2.686331922532588479e+01 1.272484015431650795e-01 1.821575210926317245e+00
2.682924932479458136e+01 1.274059126404866460e-01 1.819264964536956075e+00
2.679508021614061519e+01 1.275634237378082125e-01 1.816947990942538338e+00
2.676080758548400240e+01 1.277209348351298068e-01 1.814623997623109553e+00
2.672642718160520303e+01 1.278784459324513734e-01 1.812292696307663764e+00
2.669193481561345749e+01 1.280359570297729399e-01 1.809953802951643542e+00
2.665732636062326222e+01 1.281934681270945064e-01 1.807607037715009080e+00
2.662259775143929730e+01 1.283509792244160730e-01 1.805252124940871505e+00
2.658774498424985921e+01 1.285084903217376673e-01 1.802888793134703516e+00
2.655276411632680222e+01 1.286660014190592338e-01 1.800516774943993648e+00
2.651765126573382503e+01 1.288235125163808004e-01 1.798135807138464770e+00
2.648240261104141524e+01 1.289810236137023669e-01 1.795745630590748654e+00
2.644701439261530851e+01 1.291385347110239334e-01 1.793345990363748088e+00
2.641148337316730377e+01 1.292960458083455277e-01 1.790936666940140976e+00
2.637580747089237931e+01 1.294535569056670943e-01 1.788517519154778412e+00
2.633998480414933496e+01 1.296110680029886608e-01 1.786088419415424955e+00
2.630401352862016751e+01 1.297685791003102274e-01 1.783649242660693801e+00
2.626789183713351505e+01 1.299260901976317939e-01 1.781199866348075256e+00
2.623161795949022590e+01 1.300836012949533882e-01 1.778740170442109525e+00
2.619519016229055453e+01 1.302411123922749547e-01 1.776270037402667201e+00
2.615860674876259395e+01 1.303986234895965213e-01 1.773789352173316347e+00
2.612186605859263722e+01 1.305561345869180878e-01 1.771298002169821029e+00
2.608496646775644123e+01 1.307136456842396544e-01 1.768795877268696470e+00
2.604790638835203254e+01 1.308711567815612486e-01 1.766282869795875232e+00
2.601068426843403358e+01 1.310286678788828152e-01 1.763758874515469310e+00
2.597329859184830525e+01 1.311861789762043817e-01 1.761223788618561326e+00
2.593574787806872450e+01 1.313436900735259483e-01 1.758677511712132491e+00
2.589803068203418945e+01 1.315012011708475148e-01 1.756119945808013449e+00
2.586014559398665824e+01 1.316587122681690813e-01 1.753550995311900396e+00
2.582209123931072980e+01 1.318162233654906756e-01 1.750970567012476442e+00
2.578386627837311096e+01 1.319737344628122422e-01 1.748378570070530547e+00
2.574546940636349746e+01 1.321312455601338087e-01 1.745774916008157263e+00
2.570689935313550123e+01 1.322887566574553753e-01 1.743159518697985799e+00
2.566815488304914439e+01 1.324462677547769418e-01 1.740532294352482801e+00
2.562923479481300149e+01 1.326037788520985361e-01 1.737893161513262008e+00
2.559013792132725129e+01 1.327612899494201026e-01 1.735242041040434557e+00
2.555086312952730054e+01 1.329188010467416692e-01 1.732578856102006126e+00
2.551140932022716967e+01 1.330763121440632357e-01 1.729903532163258317e+00
2.547177542796430316e+01 1.332338232413848023e-01 1.727215996976225298e+00
2.543196042084349173e+01 1.333913343387063966e-01 1.724516180569109380e+00
2.539196330038179283e+01 1.335488454360279631e-01 1.721804015235766316e+00
2.535178310135326996e+01 1.337063565333495296e-01 1.719079435525175725e+00
2.531141889163412628e+01 1.338638676306710962e-01 1.716342378230941046e+00
2.527086977204781704e+01 1.340213787279926627e-01 1.713592782380787272e+00
2.523013487620971063e+01 1.341788898253142570e-01 1.710830589226026044e+00
2.518921337037303587e+01 1.343364009226358236e-01 1.708055742231110896e+00
2.514810445327298183e+01 1.344939120199573901e-01 1.705268187063062602e+00
2.510680735597228264e+01 1.346514231172789566e-01 1.702467871581003767e+00
2.506532134170577208e+01 1.348089342146005232e-01 1.699654745825614377e+00
2.502364570572530411e+01 1.349664453119221175e-01 1.696828762008616209e+00
2.498177977514382064e+01 1.351239564092436840e-01 1.693989874502202397e+00
2.493972290877988840e+01 1.352814675065652505e-01 1.691138039828490314e+00
2.489747449700102067e+01 1.354389786038868171e-01 1.688273216648902730e+00
2.485503396156802935e+01 1.355964897012083836e-01 1.685395365753608043e+00
2.481240076025846264e+01 1.357540007985299779e-01 1.682504450375037930e+00
2.476957527128655201e+01 1.359115118958515445e-01 1.679600496159526113e+00
2.472655981290814609e+01 1.360690229931731110e-01 1.676683660305716916e+00
2.468335694567342031e+01 1.362265340904946775e-01 1.673754116441996453e+00
2.463996921819998676e+01 1.363840451878162441e-01 1.670812037387613636e+00
2.459639916711164886e+01 1.365415562851378384e-01 1.667857595148529937e+00
2.455264931697785968e+01 1.366990673824594049e-01 1.664890960913311346e+00
2.450872218025589788e+01 1.368565784797809715e-01 1.661912305049211724e+00
2.446462025723447198e+01 1.370140895771025380e-01 1.658921797098344086e+00
2.442034603597966935e+01 1.371716006744241045e-01 1.655919605774020420e+00
2.437590199228273136e+01 1.373291117717456711e-01 1.652905898957205189e+00
2.433129058960926372e+01 1.374866228690672654e-01 1.649880843693072308e+00
2.428651427905077753e+01 1.376441339663888319e-01 1.646844606187723992e+00
2.424157549927803501e+01 1.378016450637103985e-01 1.643797351805022178e+00
2.419647667649562450e+01 1.379591561610319650e-01 1.640739245063508323e+00
2.415122022439927107e+01 1.381166672583535315e-01 1.637670449633513270e+00
2.410580854413404950e+01 1.382741783556751258e-01 1.634591128334317300e+00
2.406024402425468622e+01 1.384316894529966924e-01 1.631501443131463613e+00
2.401452904068776917e+01 1.385892005503182589e-01 1.628401555134194822e+00
2.396866595669515476e+01 1.387467116476398254e-01 1.625291624592967610e+00
2.392265712283969492e+01 1.389042227449613920e-01 1.622171810897133692e+00
2.387650487695197654e+01 1.390617338422829863e-01 1.619042272572681851e+00
2.383021154409913578e+01 1.392192449396045528e-01 1.615903167280123620e+00
2.378377943655517512e+01 1.393767560369261194e-01 1.612754651812481788e+00
2.373721085377283657e+01 1.395342671342476859e-01 1.609596882093380366e+00
2.369050808235695982e+01 1.396917782315692524e-01 1.606430013175242033e+00
2.364367339603968787e+01 1.398492893288908467e-01 1.603254199237602373e+00
2.359670905565675270e+01 1.400068004262124133e-01 1.600069593585505823e+00
2.354961730912590312e+01 1.401643115235339798e-01 1.596876348648039290e+00
2.350240039142610016e+01 1.403218226208555464e-01 1.593674615976924613e+00
2.345506052457875512e+01 1.404793337181771129e-01 1.590464546245244470e+00
2.340759991763018633e+01 1.406368448154987072e-01 1.587246289246253328e+00
2.336002076663559279e+01 1.407943559128202737e-01 1.584019993892290978e+00
2.331232525464438865e+01 1.409518670101418403e-01 1.580785808213787114e+00
2.326451555168655005e+01 1.411093781074634068e-01 1.577543879358337620e+00
2.321659381476147743e+01 1.412668892047849734e-01 1.574294353589944961e+00
2.316856218782688970e+01 1.414244003021065677e-01 1.571037376288271448e+00
2.312042280178979681e+01 1.415819113994281342e-01 1.567773091948020614e+00
2.307217777449871576e+01 1.417394224967497007e-01 1.564501644178415196e+00
2.302382921073714073e+01 1.418969335940712673e-01 1.561223175702750154e+00
2.297537920221785868e+01 1.420544446913928338e-01 1.557937828358006982e+00
2.292682982757953880e+01 1.422119557887144281e-01 1.554645743094627663e+00
2.287818315238364875e+01 1.423694668860359946e-01 1.551347059976300846e+00
2.282944122911270668e+01 1.425269779833575612e-01 1.548041918179842602e+00
2.278060609761809729e+01 1.426844890806791277e-01 1.544730456025566356e+00
2.273168043732951205e+01 1.428420001780006943e-01 1.541412855202959786e+00
2.268266885654763598e+01 1.429995112753222608e-01 1.538089428196351971e+00
2.263357627421838458e+01 1.431570223726438551e-01 1.534760508554618985e+00
2.258440755122351007e+01 1.433145334699654216e-01 1.531426425889364173e+00
2.253516749062558944e+01 1.434720445672869882e-01 1.528087505891528863e+00
2.248586083792127965e+01 1.436295556646085547e-01 1.524744070348565517e+00
2.243649228130271922e+01 1.437870667619301213e-01 1.521396437162164661e+00
2.238706645192623057e+01 1.439445778592517156e-01 1.518044920366473871e+00
2.233758792418878869e+01 1.441020889565732821e-01 1.514689830146844995e+00
2.228806121601170531e+01 1.442596000538948486e-01 1.511331472859071212e+00
2.223849078913044153e+01 1.444171111512164152e-01 1.507970151049039531e+00
2.218888104939232164e+01 1.445746222485379817e-01 1.504606163472914648e+00
2.213923634705972177e+01 1.447321333458595760e-01 1.501239805117703829e+00
2.208956097711970656e+01 1.448896444431811426e-01 1.497871367222247452e+00
2.203985917959991170e+01 1.450471555405027091e-01 1.494501137298642535e+00
2.199013513988968072e+01 1.452046666378242756e-01 1.491129399154017765e+00
2.194039298906727353e+01 1.453621777351458422e-01 1.487756432912719307e+00
2.189063680423172187e+01 1.455196888324674365e-01 1.484382515038815242e+00
2.184087060884047204e+01 1.456771999297890030e-01 1.481007918358991926e+00
2.179109837305103525e+01 1.458347110271105695e-01 1.477632912085718342e+00
2.174132401406842163e+01 1.459922221244321361e-01 1.474257761840807923e+00
2.169155139649592101e+01 1.461497332217537026e-01 1.470882729679201306e+00
2.164178433269074020e+01 1.463072443190752969e-01 1.467508074113085037e+00
2.159202658312365131e+01 1.464647554163968635e-01 1.464134050136276732e+00
2.154228185674232066e+01 1.466222665137184300e-01 1.460760909248864925e+00
2.149255381133859899e+01 1.467797776110399965e-01 1.457388899482110922e+00
2.144284605391897003e+01 1.469372887083615631e-01 1.454018265423570488e+00
2.139316214107847713e+01 1.470947998056831574e-01 1.450649248242449119e+00
2.134350557937784387e+01 1.472523109030047239e-01 1.447282085715175137e+00
2.129387982572359661e+01 1.474098220003262905e-01 1.443917012251175525e+00
2.124428828775068112e+01 1.475673330976478570e-01 1.440554258918816277e+00
2.119473432420809189e+01 1.477248441949694235e-01 1.437194053471559707e+00
2.114522124534655489e+01 1.478823552922910178e-01 1.433836620374246973e+00
2.109575231330897083e+01 1.480398663896125844e-01 1.430482180829571570e+00
2.104633074252272706e+01 1.481973774869341509e-01 1.427130952804689601e+00
2.099695970009378954e+01 1.483548885842557175e-01 1.423783151057935736e+00
2.094764230620337742e+01 1.485123996815772840e-01 1.420438987165725253e+00
2.089838163450534481e+01 1.486699107788988505e-01 1.417098669549497147e+00
2.084918071252584681e+01 1.488274218762204448e-01 1.413762403502818010e+00
2.080004252206452975e+01 1.489849329735420114e-01 1.410430391218582491e+00
2.075096999959607302e+01 1.491424440708635779e-01 1.407102831816247734e+00
2.070196603667401192e+01 1.492999551681851444e-01 1.403779921369208372e+00
2.065303348033456032e+01 1.494574662655067110e-01 1.400461852932186169e+00
2.060417513350241947e+01 1.496149773628283053e-01 1.397148816568743346e+00
2.055539375539622426e+01 1.497724884601498718e-01 1.393840999378777923e+00
2.050669206193541783e+01 1.499299995574714384e-01 1.390538585526110982e+00
2.045807281686037626e+01 1.500875106547930049e-01 1.387241762417254387e+00
2.040953959783087157e+01 1.502450217521145714e-01 1.383950772649792382e+00
2.036109639753054523e+01 1.504025328494361657e-01 1.380665886963670097e+00
2.031274714969260486e+01 1.505600439467577323e-01 1.377387372101460228e+00
2.026449572470841787e+01 1.507175550440792988e-01 1.374115490510587678e+00
2.021634593026565341e+01 1.508750661414008654e-01 1.370850500386602722e+00
2.016830151198881538e+01 1.510325772387224319e-01 1.367592655716613592e+00
2.012036615408113960e+01 1.511900883360440262e-01 1.364342206322809892e+00
2.007254347996936161e+01 1.513475994333655927e-01 1.361099397906190056e+00
2.002483705294899963e+01 1.515051105306871593e-01 1.357864472090313468e+00
1.997725037683122906e+01 1.516626216280087258e-01 1.354637666465162704e+00
1.992978689659160452e+01 1.518201327253302924e-01 1.351419214631135013e+00
1.988244999901822752e+01 1.519776438226518867e-01 1.348209346242998041e+00
1.983524301336186824e+01 1.521351549199734532e-01 1.345008287053964802e+00
1.978816921198593803e+01 1.522926660172950197e-01 1.341816258959773300e+00
1.974123181101651525e+01 1.524501771146165863e-01 1.338633480042765500e+00
1.969443397099302118e+01 1.526076882119381528e-01 1.335460164616005807e+00
1.964777879751813217e+01 1.527651993092597471e-01 1.332296523267352484e+00
1.960126934190798309e+01 1.529227104065813136e-01 1.329142762903545494e+00
1.955490860184105273e+01 1.530802215039028802e-01 1.325999086794209747e+00
1.950869952200735113e+01 1.532377326012244467e-01 1.322865694615874110e+00
1.946264499475578802e+01 1.533952436985460133e-01 1.319742782495867184e+00
1.941674786074153758e+01 1.535527547958676076e-01 1.316630543056218405e+00
1.937101090957128591e+01 1.537102658931891741e-01 1.313529165457409942e+00
1.932543688044759733e+01 1.538677769905107406e-01 1.310438835442067518e+00
1.928002846281215099e+01 1.540252880878323072e-01 1.307359735378582410e+00
1.923478829698661841e+01 1.541827991851538737e-01 1.304292044304566245e+00
1.918971897481248590e+01 1.543403102824754403e-01 1.301235937970235623e+00
1.914482304028867432e+01 1.544978213797970346e-01 1.298191588881652203e+00
1.910010299020697033e+01 1.546553324771186011e-01 1.295159166343807122e+00
1.905556127478586603e+01 1.548128435744401676e-01 1.292138836503601507e+00
1.901120029830178382e+01 1.549703546717617342e-01 1.289130762392651119e+00
1.896702241971784275e+01 1.551278657690833007e-01 1.286135103969921589e+00
1.892302995331048976e+01 1.552853768664048950e-01 1.283152018164218644e+00
1.887922516929326733e+01 1.554428879637264616e-01 1.280181658916484944e+00
1.883561029443818313e+01 1.556003990610480281e-01 1.277224177221938595e+00
1.879218751269401011e+01 1.557579101583695946e-01 1.274279721171992508e+00
1.874895896580194687e+01 1.559154212556911612e-01 1.271348435996007442e+00
1.870592675390811266e+01 1.560729323530127555e-01 1.268430464102823008e+00
1.866309293617324983e+01 1.562304434503343220e-01 1.265525945122100815e+00
1.862045953137900511e+01 1.563879545476558885e-01 1.262635015945434258e+00
1.857802851853152504e+01 1.565454656449774551e-01 1.259757810767282882e+00
1.853580183746076671e+01 1.567029767422990216e-01 1.256894461125602325e+00
1.849378138941798611e+01 1.568604878396206159e-01 1.254045095942367682e+00
1.845196903766811047e+01 1.570179989369421825e-01 1.251209841563738934e+00
1.841036660807998615e+01 1.571755100342637490e-01 1.248388821800084036e+00
1.836897588971226725e+01 1.573330211315853155e-01 1.245582157965706260e+00
1.832779863539616017e+01 1.574905322289068821e-01 1.242789968918362575e+00
1.828683656231428500e+01 1.576480433262284764e-01 1.240012371098517141e+00
1.824609121816633461e+01 1.578055544235500429e-01 1.237249469454158923e+00
1.820556354579718317e+01 1.579630655208716095e-01 1.234501327918670954e+00
1.816525431224889431e+01 1.581205766181931760e-01 1.231767998504419426e+00
1.816525431224889431e+01 1.581205766181931760e-01 1.231767998504419648e+00
1.410906500852143175e+01 1.826842454521749870e-01 9.570565780144074663e-01
1.195773967977902963e+01 2.073525430377324841e-01 6.473732207447996378e-01
9.455158276785830651e+00 2.322407203492417860e-01 5.354031495178191991e-01
8.214495440137746129e+00 2.568837818198746459e-01 4.979584316171348779e-01
6.912584976297740269e+00 2.811184729179193598e-01 3.149933307804766436e-01
6.042177105631977518e+00 3.057758170190760794e-01 2.368928402312550918e-01
5.255058011869914836e+00 3.308749588216616799e-01 2.013655223720507703e-01
4.573776698382377326e+00 3.553458836143503774e-01 1.641872063082555344e-01
4.124473993737092670e+00 3.797183506574301481e-01 1.689486865972804341e-01
3.629366122276472151e+00 4.042043120935024936e-01 9.487007516625295400e-02
3.291628229646082815e+00 4.287407985369371399e-01 7.116865098555730240e-02
2.989672985525332116e+00 4.533371424922238990e-01 5.982986047041372046e-02
2.690734932087402775e+00 4.779959634912051558e-01 8.730082865789384750e-02
2.451647969758253609e+00 5.026629933946460405e-01 5.898173121070926506e-02
2.268612580005942458e+00 5.271487506500315279e-01 6.273943757379528419e-02
2.107067830080789683e+00 5.515427964227138657e-01 4.332397376010280882e-02
1.960882584904621195e+00 5.762240530263548210e-01 3.796857770147473582e-02
1.823884203962056638e+00 6.007285446297923048e-01 2.894007509205154260e-02
1.695767007337089627e+00 6.252568531449649303e-01 4.833876129102750163e-02
1.620446184626790576e+00 6.499965502683907603e-01 4.524281787416696565e-02
1.534665667680430667e+00 6.746857991314229031e-01 3.362189904151228342e-02
1.479821457349369540e+00 6.991270364754236244e-01 2.592773766252485027e-02
1.433221582821804008e+00 7.235756604093172006e-01 2.315567773345912975e-02
1.417356770153243017e+00 7.479714013051395050e-01 2.857478266513190437e-02
1.407464719598289005e+00 7.726132299420060967e-01 2.338390392136069015e-02
1.393274718466706918e+00 7.972349387995918413e-01 2.575116966158485718e-02
1.342075705697455490e+00 8.217736356692634248e-01 3.198230860663113517e-02
1.298437333048329867e+00 8.463200505719705724e-01 2.327455426366511343e-02
1.261202550729702665e+00 8.708218859006343626e-01 2.196255493314912960e-02
1.241891003193440701e+00 8.954790463233904818e-01 2.049904185339784107e-02
1.219392718623623306e+00 9.199626960429320155e-01 2.132706656924978142e-02
1.220421275133379835e+00 9.443606208269833546e-01 2.932418734631788912e-02
1.221276628031392697e+00 9.688687146412832130e-01 2.817189369812252500e-02
1.217750794044661466e+00 9.930926048855095445e-01 3.567258995142880140e-02
1.242975464848276479e+00 1.017620455362175491e+00 2.599717331153916788e-02
1.282174489918071369e+00 1.042409919186157552e+00 3.373178127033530510e-02
1.345593862648551742e+00 1.066789561870425063e+00 2.857198604126216790e-02
1.373670894303709034e+00 1.090909765172895618e+00 3.810030719881810773e-02
1.356775190143749255e+00 1.115651582439790346e+00 6.626081844768290374e-02
1.392785922968106327e+00 1.140641543091339027e+00 4.250368453823001602e-02
1.413498418567275428e+00 1.164692026865203012e+00 8.039798854571517106e-02
1.464915284741235446e+00 1.188605021497627590e+00 6.467993036849324640e-02
1.567086307623526409e+00 1.214006438167991364e+00 6.265627027026961227e-02
1.687604013906826239e+00 1.240498485730926914e+00 8.391110754965705465e-02
1.912864121943142370e+00 1.264816150349954427e+00 1.679232370913507633e-01
2.016573666403991716e+00 1.284554513240047102e+00 2.355979463318633449e-01
2.199122789068755246e+00 1.309527810458392949e+00 3.587621726865999339e-01
3.174824751182172111e+00 1.335814856768205550e+00 4.981626276802476605e-01
3.013497532010847468e+00 1.360349523175663267e+00 3.916701690040452988e+00
