2.515040363394507761e+00 7.669903939428205850e-04 1.714824607866907991e-01
2.997680978443920452e+00 9.245014912643925459e-04 2.043902429236618967e-01
3.471410603326170463e+00 1.082012588585964507e-03 2.366904489182571070e-01
3.936257851473367708e+00 1.239523685907536251e-03 2.683850297140163432e-01
4.392216215446065775e+00 1.397034783229108429e-03 2.994735416155833718e-01
4.839263190116917634e+00 1.554545880550680173e-03 3.299544501606596625e-01
5.277386613265433013e+00 1.712056977872252134e-03 3.598269260951584836e-01
5.706584609558413845e+00 1.869568075193824095e-03 3.890908415536368792e-01
6.126880458122136552e+00 2.027079172515396273e-03 4.177477837717973874e-01
6.538297403546212472e+00 2.184590269836968017e-03 4.457993376305364186e-01
6.940896200512418623e+00 2.342101367158539761e-03 4.732496455533669044e-01
7.334738455570885662e+00 2.499612464480111939e-03 5.001029080465586585e-01
7.719895999346872983e+00 2.657123561801683683e-03 5.263640227223167489e-01
8.096465829328733932e+00 2.814634659123255861e-03 5.520396031397060144e-01
8.464549847636950730e+00 2.972145756444827605e-03 5.771365972692773516e-01
8.824248624256744833e+00 3.129656853766399783e-03 6.016618622528868698e-01
9.175676835139025656e+00 3.287167951087971527e-03 6.256232170164426343e-01
9.518960737930422411e+00 3.444679048409543271e-03 6.490292701581404922e-01
9.854226944354849138e+00 3.602190145731115449e-03 6.718886544181542630e-01
1.018159856068341362e+01 3.759701243052687193e-03 6.942097635251150978e-01
1.050120497654226526e+01 3.917212340374259805e-03 7.160014196243110751e-01
1.081318093076238895e+01 4.074723437695831549e-03 7.372728095847236318e-01
1.111766482839269266e+01 4.232234535017403293e-03 7.580333702482893177e-01
1.141479166037626136e+01 4.389745632338975037e-03 7.782923056736940071e-01
1.170469186758344904e+01 4.547256729660546781e-03 7.980585096829860836e-01
1.198749773715100631e+01 4.704767826982118525e-03 8.173410019818012628e-01
1.226334300897604379e+01 4.862278924303691137e-03 8.361489013290264172e-01
1.253236219148333142e+01 5.019790021625262881e-03 8.544913788839032520e-01
1.279468990309898935e+01 5.177301118946834625e-03 8.723776133058747106e-01
1.305045620533846495e+01 5.334812216268406369e-03 8.898164725515135265e-01
1.329978484893033830e+01 5.492323313589978981e-03 9.068163942903583186e-01
1.354279910514839180e+01 5.649834410911550725e-03 9.233857835013824511e-01
1.377962191974367201e+01 5.807345508233122469e-03 9.395330229685123768e-01
1.401037560823541739e+01 5.964856605554694213e-03 9.552664525047138699e-01
1.423518159882161527e+01 6.122367702876265957e-03 9.705943514229167235e-01
1.445416021617241675e+01 6.279878800197838569e-03 9.855249237944473384e-01
1.466742927159233467e+01 6.437389897519410313e-03 1.000066202322359654e+00
1.487509822805950677e+01 6.594900994840982057e-03 1.014225650497549092e+00
1.507727321996206804e+01 6.752412092162553801e-03 1.028010504858370755e+00
1.527405960041908806e+01 6.909923189484126413e-03 1.041427948674075177e+00
1.546556179858882984e+01 7.067434286805698157e-03 1.054485102215693137e+00
1.565188319474553147e+01 7.224945384127269901e-03 1.067189014238416833e+00
1.583312601416938392e+01 7.382456481448841645e-03 1.079546654746727175e+00
1.600939123754341509e+01 7.539967578770413389e-03 1.091564908885002572e+00
1.618077852584883658e+01 7.697478676091986001e-03 1.103250571816671854e+00
1.634738556067235038e+01 7.854989773413558612e-03 1.114610303744532294e+00
1.650930189204371601e+01 8.012500870735128622e-03 1.125650210439166576e+00
1.666661193391505336e+01 8.170011968056702101e-03 1.136376047479072504e+00
1.681939939797176464e+01 8.327523065378272110e-03 1.146793522560243694e+00
1.696774728703162083e+01 8.485034162699845589e-03 1.156908295046105373e+00
1.711173782491474782e+01 8.642545260021415598e-03 1.166725971185852195e+00
1.725145239542340292e+01 8.800056357342989077e-03 1.176252099953917885e+00
1.738697148949365001e+01 8.957567454664562556e-03 1.185492169446633381e+00
1.751837465968156948e+01 9.115078551986132566e-03 1.194451603778964976e+00
1.764574048123310845e+01 9.272589649307706045e-03 1.203135760430152690e+00
1.776914651906797360e+01 9.430100746629276054e-03 1.211549927992575215e+00
1.788866921248215291e+01 9.587611843950849533e-03 1.219699318310452085e+00
1.800437918029113504e+01 9.745122941272419542e-03 1.227588746371421013e+00
1.811633926681093243e+01 9.902634038593993021e-03 1.235222497076078563e+00
1.822461147684292015e+01 1.006014513591556303e-02 1.242604798084576023e+00
1.832925753006621505e+01 1.021765623323713651e-02 1.249739857616632532e+00
1.843033880764592070e+01 1.037516733055870999e-02 1.256631860811140200e+00
1.852791630407677204e+01 1.053267842788028000e-02 1.263284966442726143e+00
1.862205058382598821e+01 1.069018952520185348e-02 1.269703303965545205e+00
1.871280174237484673e+01 1.084770062252342349e-02 1.275890970856981221e+00
1.880022937129499638e+01 1.100521171984499696e-02 1.281852030236456663e+00
1.888439252702853466e+01 1.116272281716656697e-02 1.287590508736770500e+00
1.896534970306700174e+01 1.132023391448814045e-02 1.293110394607182911e+00
1.904315880525268057e+01 1.147774501180971046e-02 1.298415636029389919e+00
1.911787712994753008e+01 1.163525610913128394e-02 1.303510139629021181e+00
1.918956120049826097e+01 1.179276720645285742e-02 1.308397759325373277e+00
1.925826180096334284e+01 1.195027830377442743e-02 1.313081957717073589e+00
1.932402310048137295e+01 1.210778940109600091e-02 1.317565746379082192e+00
1.938688893259432078e+01 1.226530049841757092e-02 1.321852114004443690e+00
1.944690316675513486e+01 1.242281159573914440e-02 1.325944051734712970e+00
1.950410966474584029e+01 1.258032269306071441e-02 1.329844550188421959e+00
1.955855224031913053e+01 1.273783379038228789e-02 1.333556596709326802e+00
1.961027462184419434e+01 1.289534488770385789e-02 1.337083172819499621e+00
1.965932041775328898e+01 1.305285598502543137e-02 1.340427251863376634e+00
1.970573308460200224e+01 1.321036708234700485e-02 1.343591796830021723e+00
1.974955589756807228e+01 1.336787817966857486e-02 1.346579758341650779e+00
1.979083192323023610e+01 1.352538927699014834e-02 1.349394072797618138e+00
1.982960399447374300e+01 1.368290037431171835e-02 1.352037660663404584e+00
1.986591468738724231e+01 1.384041147163329183e-02 1.354513424895384066e+00
1.989980630001945627e+01 1.399792256895486184e-02 1.356824249492392775e+00
1.993132083287638423e+01 1.415543366627643532e-02 1.358972998165974611e+00
1.996049997104704232e+01 1.431294476359800533e-02 1.360962513121665385e+00
1.998738503780783304e+01 1.447045586091957881e-02 1.362795611895607939e+00
2.001201420276840892e+01 1.462796695824115228e-02 1.364474896998158382e+00
2.003442043757673829e+01 1.478547805556272229e-02 1.366002616528158908e+00
2.005463628123268194e+01 1.494298915288429577e-02 1.367380989085298371e+00
2.007269435948168024e+01 1.510050025020586578e-02 1.368612239183819801e+00
2.008862735475696581e+01 1.525801134752743926e-02 1.369698595203101332e+00
2.010246797796011720e+01 1.541552244484900927e-02 1.370642287463568199e+00
2.011424894197740088e+01 1.557303354217058275e-02 1.371445546420970274e+00
2.012400293683309016e+01 1.573054463949215276e-02 1.372110600972259675e+00
2.013176260638852000e+01 1.588805573681372624e-02 1.372639676866876268e+00
2.013756052650125739e+01 1.604556683413529972e-02 1.373034995217565779e+00
2.014142918456294851e+01 1.620307793145686973e-02 1.373298771105228688e+00
2.014340096034240446e+01 1.636058902877844320e-02 1.373433212272734849e+00
2.014350810806063663e+01 1.651810012610001321e-02 1.373440517902758007e+00
2.014178273963253574e+01 1.667561122342158669e-02 1.373322877475145143e+00
2.013825680901198112e+01 1.683312232074316017e-02 1.373082469699518082e+00
2.013296209758150823e+01 1.699063341806473018e-02 1.372721461519106123e+00
2.012593020053065018e+01 1.714814451538630366e-02 1.372242007181978307e+00
2.011719251416991128e+01 1.730565561270787367e-02 1.371646247376080430e+00
2.010678022413181765e+01 1.746316671002944715e-02 1.370936308424744343e+00
2.009472429441105845e+01 1.762067780735101716e-02 1.370114301539416379e+00
2.008105545598788666e+01 1.777818890467259064e-02 1.369182322043970723e+00
2.006580392347936481e+01 1.793570000199416065e-02 1.368142430055200753e+00
2.004899906057706716e+01 1.809321109931573412e-02 1.366996627671424935e+00
2.003066993808609197e+01 1.825072219663730760e-02 1.365746897021149930e+00
2.001084541326605404e+01 1.840823329395887761e-02 1.364395205672753297e+00
1.998955412109053853e+01 1.856574439128045109e-02 1.362943506038534647e+00
1.996682446614920536e+01 1.872325548860202110e-02 1.361393734822572643e+00
1.994268461516078972e+01 1.888076658592359458e-02 1.359747812510243792e+00
1.991716249006428541e+01 1.903827768324516459e-02 1.358007642897161915e+00
1.989028576166026596e+01 1.919578878056673807e-02 1.356175112655620740e+00
1.986208184377423436e+01 1.935329987788830808e-02 1.354252090936639563e+00
1.983257788791444298e+01 1.951081097520988156e-02 1.352240429005714839e+00
1.980180077840022079e+01 1.966832207253145504e-02 1.350141959910658773e+00
1.976977712793632236e+01 1.982583316985302505e-02 1.347958498179846476e+00
1.973653327361001075e+01 1.998334426717459852e-02 1.345691839549280511e+00
1.970209527329018329e+01 2.014085536449616853e-02 1.343343760717079727e+00
1.966648890240757908e+01 2.029836646181774201e-02 1.340916019123941760e+00
1.962973965109569718e+01 2.045587755913931202e-02 1.338410352758204303e+00
1.959187272167533322e+01 2.061338865646088550e-02 1.335828479984331851e+00
1.955291302646330465e+01 2.077089975378245551e-02 1.333172099393508336e+00
1.951288518588977183e+01 2.092841085110402899e-02 1.330442889675274687e+00
1.947181352690718015e+01 2.108592194842560247e-02 1.327642509509040947e+00
1.942972208167594417e+01 2.124343304574717248e-02 1.324772597474476399e+00
1.938663458651227955e+01 2.140094414306874596e-02 1.321834771979768952e+00
1.934257448108383670e+01 2.155845524039031597e-02 1.318830631206778126e+00
1.929756490784048850e+01 2.171596633771188944e-02 1.315761753072229867e+00
1.925162873384831030e+01 2.187347743503345945e-02 1.312629696716413941e+00
1.920479095598167874e+01 2.203098853235503293e-02 1.309436166495884679e+00
1.915708068752450899e+01 2.218849962967660294e-02 1.306183147435472147e+00
1.910852688232814955e+01 2.234601072699817642e-02 1.302872613689448844e+00
1.905915782188977303e+01 2.250352182431974990e-02 1.299506493569104526e+00
1.900900112923175200e+01 2.266103292164131991e-02 1.296086670489084103e+00
1.895808378255845383e+01 2.281854401896289339e-02 1.292614983898543013e+00
1.890643212869108325e+01 2.297605511628446340e-02 1.289093230197173590e+00
1.885407189627936830e+01 2.313356621360603688e-02 1.285523163636012933e+00
1.880102820878985170e+01 2.329107731092760689e-02 1.281906497203023410e+00
1.874732559727105397e+01 2.344858840824918036e-02 1.278244903493455320e+00
1.869298801289579615e+01 2.360609950557075037e-02 1.274540015565017725e+00
1.863803883928160943e+01 2.376361060289232385e-02 1.270793427777918261e+00
1.858250090459016590e+01 2.392112170021389733e-02 1.267006696619836337e+00
1.852639649340657613e+01 2.407863279753546734e-02 1.263181341515887235e+00
1.846974735840119664e+01 2.423614389485704082e-02 1.259318845623754290e+00
1.841257473177372717e+01 2.439365499217861083e-02 1.255420656613981611e+00
1.835489933648306859e+01 2.455116608950018431e-02 1.251488187435658705e+00
1.829674139726432713e+01 2.470867718682175432e-02 1.247522817067585388e+00
1.823812065143490813e+01 2.486618828414332780e-02 1.243525891255066851e+00
1.817905635949213305e+01 2.502369938146489781e-02 1.239498723232481892e+00
1.811956731550465349e+01 2.518121047878647129e-02 1.235442594431809038e+00
1.805967185730063918e+01 2.533872157610804476e-02 1.231358755177274000e+00
1.799938787645414351e+01 2.549623267342961477e-02 1.227248425366255224e+00
1.793873282807375347e+01 2.565374377075118825e-02 1.223112795136700237e+00
1.787772374039500534e+01 2.581125486807275826e-02 1.218953025521161804e+00
1.781637722417952574e+01 2.596876596539433174e-02 1.214770249087656406e+00
1.775470948192500842e+01 2.612627706271590175e-02 1.210565570567629923e+00
1.769273631688641757e+01 2.628378816003747523e-02 1.206340067471045829e+00
1.763047314191345549e+01 2.644129925735904524e-02 1.202094790688948756e+00
1.756793498810682053e+01 2.659881035468061872e-02 1.197830765083672144e+00
1.750513651329436726e+01 2.675632145200219220e-02 1.193548990066766846e+00
1.744209207893046099e+01 2.691383254932376221e-02 1.189250444842213872e+00
1.737881918916104951e+01 2.707134364664533568e-02 1.184936322891463556e+00
1.731533988929878021e+01 2.722885474396690569e-02 1.180608127325366796e+00
1.725167586286829646e+01 2.738636584128847917e-02 1.176267336587061063e+00
1.718784803621851509e+01 2.754387693861004918e-02 1.171915377493331745e+00
1.712387660063946626e+01 2.770138803593162266e-02 1.167553626742601436e+00
1.705978103393330159e+01 2.785889913325319267e-02 1.163183412385701221e+00
1.699558012144675700e+01 2.801641023057476615e-02 1.158806015259921773e+00
1.693129197657279406e+01 2.817392132789633963e-02 1.154422670386871852e+00
1.686693406072947710e+01 2.833143242521790964e-02 1.150034568334696194e+00
1.680252320282475864e+01 2.848894352253948312e-02 1.145642856545238120e+00
1.673807561821571710e+01 2.864645461986105313e-02 1.141248640626730815e+00
1.667360692717116777e+01 2.880396571718262660e-02 1.136852985612631928e+00
1.660913217284675980e+01 2.896147681450419661e-02 1.132456917187215417e+00
1.654466583878161146e+01 2.911898791182577009e-02 1.128061422878540387e+00
1.648022186592634952e+01 2.927649900914734010e-02 1.123667453219470813e+00
1.641581366921078455e+01 2.943401010646891358e-02 1.119275922877305263e+00
1.635145415366215360e+01 2.959152120379048706e-02 1.114887711752763799e+00
1.628715573008222961e+01 2.974903230111205707e-02 1.110503666048897164e+00
1.622293033029351506e+01 2.990654339843363055e-02 1.106124599310615686e+00
1.615878942196336610e+01 3.006405449575520056e-02 1.101751293435435208e+00
1.609474402301598417e+01 3.022156559307677404e-02 1.097384499656134160e+00
1.603080471564137000e+01 3.037907669039834405e-02 1.093024939495915948e+00
1.596698165991077900e+01 3.053658778771991752e-02 1.088673305696752358e+00
1.590328460700762392e+01 3.069409888504148753e-02 1.084330263121503046e+00
1.583972291208329253e+01 3.085160998236306101e-02 1.079996449630459932e+00
1.577630554674658114e+01 3.100912107968463102e-02 1.075672476932912458e+00
1.571304111119617097e+01 3.116663217700620450e-02 1.071358931414373439e+00
1.564993784600431148e+01 3.132414327432777451e-02 1.067056374940023478e+00
1.558700364356121071e+01 3.148165437164934799e-02 1.062765345635020120e+00
1.552424605918805511e+01 3.163916546897092147e-02 1.058486358642218406e+00
1.546167232192725649e+01 3.179667656629248801e-02 1.054219906857874589e+00
1.539928934501859281e+01 3.195418766361406149e-02 1.049966461645941651e+00
1.533710373606893640e+01 3.211169876093563497e-02 1.045726473531471745e+00
1.527512180692373711e+01 3.226920985825720151e-02 1.041500372873675362e+00
1.521334958324827369e+01 3.242672095557877499e-02 1.037288570519204756e+00
1.515179281382622634e+01 3.258423205290034846e-02 1.033091458436150800e+00
1.509045697958316268e+01 3.274174315022192194e-02 1.028909410329292617e+00
1.502934730234217575e+01 3.289925424754349542e-02 1.024742782237081817e+00
1.496846875409419297e+01 3.305676534486506196e-02 1.020591913163714004e+00
1.490782690741072081e+01 3.321427644218663544e-02 1.016457183062644987e+00
1.484742948914551341e+01 3.337178753950820892e-02 1.012339118772296098e+00
1.478728428992295996e+01 3.352929863682978240e-02 1.008238251479149028e+00
1.472739872330120647e+01 3.368680973415134894e-02 1.004155086660257767e+00
1.466777983847262590e+01 3.384432083147292242e-02 1.000090104949203251e+00
1.460843433259278967e+01 3.400183192879449590e-02 9.960437629767150414e-01
1.454936856274846413e+01 3.415934302611606938e-02 9.920164941866843611e-01
1.449058855757160380e+01 3.431685412343764285e-02 9.880087096280389947e-01
1.443210002850980267e+01 3.447436522075920939e-02 9.840207987231918141e-01
1.437390838076041710e+01 3.463187631808078287e-02 9.800531300135619794e-01
1.431601872387721919e+01 3.478938741540235635e-02 9.761060518827644472e-01
1.425843588205842671e+01 3.494689851272392983e-02 9.721798932580771879e-01
1.420116440412304293e+01 3.510440961004549637e-02 9.682749642906569587e-01
1.414420857318528313e+01 3.526192070736706985e-02 9.643915570151666561e-01
1.408757241603354693e+01 3.541943180468864333e-02 9.605299459892612246e-01
1.403125971222248225e+01 3.557694290201021681e-02 9.566903889135093264e-01
1.397527400288555377e+01 3.573445399933179029e-02 9.528731272322588097e-01
1.391961859927609879e+01 3.589196509665335683e-02 9.490783867159894305e-01
1.386429659104330447e+01 3.604947619397493030e-02 9.453063780255929194e-01
1.380931085425157434e+01 3.620698729129650378e-02 9.415572972591561562e-01
1.375466405914912293e+01 3.636449838861807726e-02 9.378313264816425798e-01
1.370035867769396987e+01 3.652200948593964380e-02 9.341286342380394903e-01
1.364639699084290037e+01 3.667952058326121728e-02 9.304493760503370625e-01
1.359278109561109282e+01 3.683703168058279076e-02 9.267936948988730883e-01
1.353951291190822026e+01 3.699454277790436424e-02 9.231617216884405730e-01
1.348659418915777941e+01 3.715205387522593772e-02 9.195535756996078280e-01
1.343402651270568171e+01 3.730956497254750426e-02 9.159693650256776065e-01
1.338181131002396818e+01 3.746707606986907774e-02 9.124091869956709733e-01
1.332994985671620114e+01 3.762458716719065122e-02 9.088731285837943208e-01
1.327844328232934323e+01 3.778209826451222469e-02 9.053612668057077206e-01
1.322729257597887731e+01 3.793960936183379123e-02 9.018736691020601270e-01
1.317649859179173077e+01 3.809712045915536471e-02 8.984103937096061809e-01
1.312606205417274197e+01 3.825463155647693819e-02 8.949714900202868639e-01
1.307598356289984132e+01 3.841214265379851167e-02 8.915569989286324937e-01
1.302626359805348777e+01 3.856965375112008515e-02 8.881669531678666463e-01
1.297690252478410322e+01 3.872716484844165169e-02 8.848013776349629156e-01
1.292790059792380752e+01 3.888467594576322517e-02 8.814602897050851649e-01
1.287925796644617193e+01 3.904218704308479865e-02 8.781436995356667330e-01
1.283097467777866107e+01 3.919969814040637213e-02 8.748516103604438987e-01
1.278305068197295036e+01 3.935720923772793867e-02 8.715840187738012057e-01
1.273548583573608184e+01 3.951472033504951215e-02 8.683409150056256021e-01
1.268827990632836666e+01 3.967223143237108562e-02 8.651222831870762908e-01
1.264143257533073594e+01 3.982974252969265910e-02 8.619281016074534785e-01
1.259494344228587082e+01 3.998725362701423258e-02 8.587583429624616738e-01
1.254881202821784392e+01 4.014476472433579912e-02 8.556129745941871700e-01
1.250303777903253533e+01 4.030227582165737260e-02 8.524919587229481399e-01
1.245762006880386430e+01 4.045978691897894608e-02 8.493952526713612894e-01
1.241255820294864520e+01 4.061729801630051956e-02 8.463228090808084803e-01
1.236785136543253394e+01 4.077480911362208610e-02 8.432745723117944792e-01
1.232349830292594817e+01 4.093232021094365958e-02 8.402504569088157238e-01
1.227949756280879789e+01 4.108983130826523306e-02 8.372503638281856286e-01
1.223584765623609449e+01 4.124734240558680654e-02 8.342741915563050004e-01
1.219254706064645077e+01 4.140485350290838001e-02 8.313218362806943373e-01
1.214959422166869629e+01 4.156236460022994655e-02 8.283931920199961718e-01
1.210698755495978318e+01 4.171987569755152003e-02 8.254881507492857207e-01
1.206472544797507496e+01 4.187738679487309351e-02 8.226066025207766641e-01
1.202280626167430633e+01 4.203489789219466699e-02 8.197484355801362144e-01
1.198122833216421235e+01 4.219240898951623353e-02 8.169135364784831932e-01
1.193998997228109538e+01 4.234992008683780701e-02 8.141017901802972689e-01
1.189908947311444010e+01 4.250743118415938049e-02 8.113130801672954195e-01
1.185852510547401728e+01 4.266494228148095397e-02 8.085472885384692443e-01
1.181829512130218340e+01 4.282245337880252745e-02 8.058042961063780485e-01
1.177839775503314890e+01 4.297996447612409399e-02 8.030839824898249324e-01
1.173883122490116016e+01 4.313747557344566746e-02 8.003862262030565500e-01
1.169959373419923843e+01 4.329498667076724094e-02 7.977109047415832377e-01
1.166068347248988957e+01 4.345249776808881442e-02 7.950578946647324230e-01
1.162209861677004952e+01 4.361000886541038096e-02 7.924270716750734245e-01
1.158383733259083037e+01 4.376751996273195444e-02 7.898183106947702647e-01
1.154589777513456461e+01 4.392503106005352792e-02 7.872314859390130426e-01
1.150827809024985982e+01 4.408254215737510140e-02 7.846664709865917020e-01
1.147097641544670843e+01 4.424005325469667488e-02 7.821231388477485336e-01
1.143399088085225124e+01 4.439756435201824142e-02 7.796013620293402724e-01
1.139731961012915384e+01 4.455507544933981490e-02 7.771010125974593397e-01
1.136096072135783430e+01 4.471258654666138838e-02 7.746219622375836167e-01
1.132491232788321511e+01 4.487009764398296185e-02 7.721640823123119279e-01
1.128917253912785412e+01 4.502760874130452839e-02 7.697272439168064695e-01
1.125373946137228742e+01 4.518511983862610187e-02 7.673113179319966948e-01
1.121861119850360389e+01 4.534263093594767535e-02 7.649161750756198197e-01
1.118378585273362624e+01 4.550014203326924883e-02 7.625416859511895407e-01
1.114926152528770409e+01 4.565765313059082231e-02 7.601877210949589125e-01
1.111503631706453810e+01 4.581516422791238885e-02 7.578541510209089171e-01
1.108110832926917411e+01 4.597267532523396233e-02 7.555408462639078282e-01
1.104747566401878522e+01 4.613018642255553581e-02 7.532476774210160597e-01
1.101413642492340550e+01 4.628769751987710929e-02 7.509745151910807159e-01
1.098108871764135408e+01 4.644520861719867583e-02 7.487212304126066309e-01
1.094833065041124165e+01 4.660271971452024931e-02 7.464876941000311295e-01
1.091586033456061600e+01 4.676023081184182278e-02 7.442737774784022875e-01
1.088367588499239247e+01 4.691774190916339626e-02 7.420793520165478441e-01
1.085177542064987932e+01 4.707525300648496974e-02 7.399042894587806174e-01
1.082015706496096641e+01 4.723276410380653628e-02 7.377484618551849449e-01
1.078881894626230675e+01 4.739027520112810976e-02 7.356117415905374379e-01
1.075775919820445381e+01 4.754778629844968324e-02 7.334940014119321061e-01
1.072697596013777677e+01 4.770529739577125672e-02 7.313951144550911998e-01
1.069646737748099774e+01 4.786280849309282326e-02 7.293149542694962184e-01
1.066623160207211107e+01 4.802031959041439674e-02 7.272533948423099970e-01
1.063626679250254625e+01 4.817783068773597022e-02 7.252103106211649219e-01
1.060657111443526368e+01 4.833534178505754370e-02 7.231855765358505828e-01
1.057714274090739437e+01 4.849285288237911717e-02 7.211790680189460456e-01
1.054797985261764381e+01 4.865036397970068371e-02 7.191906610254203969e-01
1.051908063819937134e+01 4.880787507702225719e-02 7.172202320512468532e-01
1.049044329447966994e+01 4.896538617434383067e-02 7.152676581510727383e-01
1.046206602672513775e+01 4.912289727166540415e-02 7.133328169549729703e-01
1.043394704887447766e+01 4.928040836898697069e-02 7.114155866843104858e-01
1.040608458375859513e+01 4.943791946630854417e-02 7.095158461667441241e-01
1.037847686330893460e+01 4.959543056363011765e-02 7.076334748504329308e-01
1.035112212875401028e+01 4.975294166095169113e-02 7.057683528174353293e-01
1.032401863080457360e+01 4.991045275827326461e-02 7.039203607963359088e-01
1.029716460939106781e+01 5.006796385559483115e-02 7.020893787806867792e-01
1.027055765518883312e+01 5.022547495291640463e-02 7.002752424960193567e-01
1.024419460530093495e+01 5.038298605023797810e-02 6.984777362872055528e-01
1.021807230296258062e+01 5.054049714755955158e-02 6.966966449172247167e-01
1.019218764355802875e+01 5.069800824488111812e-02 6.949317567047242905e-01
1.016653757357286025e+01 5.085551934220269160e-02 6.931828634525812882e-01
1.014111908957090691e+01 5.101303043952426508e-02 6.914497603781486479e-01
1.011592923719473447e+01 5.117054153684583856e-02 6.897322460451024151e-01
1.009096511019058440e+01 5.132805263416741204e-02 6.880301222969631425e-01
1.006622384945505466e+01 5.148556373148897858e-02 6.863431941920924428e-01
1.004170264210438113e+01 5.164307482881055206e-02 6.846712699402371927e-01
1.001739872056542602e+01 5.180058592613212554e-02 6.830141608405482234e-01
9.993309361687551018e+00 5.195809702345369901e-02 6.813716812210255380e-01
9.969431885874771027e+00 5.211560812077526555e-02 6.797436483793483086e-01
9.945763656238110428e+00 5.227311921809683903e-02 6.781298825250774431e-01
9.922302077767152895e+00 5.243063031541841251e-02 6.765302067231713234e-01
9.899044596271071583e+00 5.258814141273998599e-02 6.749444468217811188e-01
9.875988628848022088e+00 5.274565251006155947e-02 6.733724267114608031e-01
9.853131472145756575e+00 5.290316360738312601e-02 6.718139620701218950e-01
9.830470444558734755e+00 5.306067470470469949e-02 6.702688700584242820e-01
9.808002909144848402e+00 5.321818580202627297e-02 6.687369708823069914e-01
9.785726272729387887e+00 5.337569689934784645e-02 6.672180877318920622e-01
9.763637985030108268e+00 5.353320799666941299e-02 6.657120467218289317e-01
9.741735537802757250e+00 5.369071909399098647e-02 6.642186768330342606e-01
9.720016464006748791e+00 5.384823019131255994e-02 6.627378098558057706e-01
9.698478336989882820e+00 5.400574128863413342e-02 6.612692803342343772e-01
9.677118769692448552e+00 5.416325238595570690e-02 6.598129255119364878e-01
9.655935413869467965e+00 5.432076348327727344e-02 6.583685852790260862e-01
9.634925959330869816e+00 5.447827458059884692e-02 6.569361021203053985e-01
9.614088133199199859e+00 5.463578567792042040e-02 6.555153210646564865e-01
9.593419699184241978e+00 5.479329677524199388e-02 6.541060896355794796e-01
9.572918456874340620e+00 5.495080787256356042e-02 6.527082578028762239e-01
9.552582241043625189e+00 5.510831896988513390e-02 6.513216779354129571e-01
9.532408920839193556e+00 5.526583006720670738e-02 6.499462047457005287e-01
9.512396199716294021e+00 5.542334116452828086e-02 6.485816816489179404e-01
9.492541223543149442e+00 5.558085226184985433e-02 6.472279140424067601e-01
9.472841079960044652e+00 5.573836335917142087e-02 6.458847033533653414e-01
9.453292910820643158e+00 5.589587445649299435e-02 6.445518547054115421e-01
9.433893911048100378e+00 5.605338555381456783e-02 6.432291768405896670e-01
9.414641327519849057e+00 5.621089665113614131e-02 6.419164820433298502e-01
9.395532457980294794e+00 5.636840774845770785e-02 6.406135860663159098e-01
9.376564649980757338e+00 5.652591884577928133e-02 6.393203080582045006e-01
9.357735299845447940e+00 5.668342994310085481e-02 6.380364704931252851e-01
9.339041851663353100e+00 5.684094104042242829e-02 6.367618991019419195e-01
9.320481796304786570e+00 5.699845213774400177e-02 6.354964228051999120e-01
9.302052670462025219e+00 5.715596323506556831e-02 6.342398736477149468e-01
9.283752055713527795e+00 5.731347433238714179e-02 6.329920867347664792e-01
9.265577577610883964e+00 5.747098542970871526e-02 6.317529001698443114e-01
9.247526904787843449e+00 5.762849652703028874e-02 6.305221549939008518e-01
9.229597748090871079e+00 5.778600762435185528e-02 6.292996951260693139e-01
9.211787859730881323e+00 5.794351872167342876e-02 6.280853673058249820e-01
9.194095032106639920e+00 5.810102981899500224e-02 6.268790210127638263e-01
9.176516904068099834e+00 5.825854091631657572e-02 6.256804952570960143e-01
9.159050646512877591e+00 5.841605201363814920e-02 6.244895971427371073e-01
9.141693401442211098e+00 5.857356311095971574e-02 6.233061318033663589e-01
9.124442366502167445e+00 5.873107420828128922e-02 6.221299081666834541e-01
9.107294793851263393e+00 5.888858530560286270e-02 6.209607388771989367e-01
9.090247989056795319e+00 5.904609640292443618e-02 6.197984402209815169e-01
9.073299310018704489e+00 5.920360750024600272e-02 6.186428320522864288e-01
9.056446165920814195e+00 5.936111859756757619e-02 6.174937377220478529e-01
9.039686016207904018e+00 5.951862969488914967e-02 6.163509840081294877e-01
9.023016369588743757e+00 5.967614079221072315e-02 6.152144010473534763e-01
9.006434783063104632e+00 5.983365188953229663e-02 6.140838222691558101e-01
8.989938860973525792e+00 5.999116298685386317e-02 6.129590843309352666e-01
8.973526254079571274e+00 6.014867408417543665e-02 6.118400270549314568e-01
8.957194658655303954e+00 6.030618518149701013e-02 6.107264933666902706e-01
8.940941815608356436e+00 6.046369627881858361e-02 6.096183292349984795e-01
8.924765509620293358e+00 6.062120737614015015e-02 6.085153836132722871e-01
8.908663568307733982e+00 6.077871847346172363e-02 6.074175083823576404e-01
8.892633861403570705e+00 6.093622957078329710e-02 6.063245582947075496e-01
8.876674297810696501e+00 6.109374066810487058e-02 6.052363907734938930e-01
8.860782592910483757e+00 6.125125176542643712e-02 6.041528500470514373e-01
8.844956067463735749e+00 6.140876286274801060e-02 6.030737534373857844e-01
8.829192047793585019e+00 6.156627396006958408e-02 6.019989186457570529e-01
8.813487914413819624e+00 6.172378505739115756e-02 6.009281670682952159e-01
8.797841101015857035e+00 6.188129615471273104e-02 5.998613237269296850e-01
8.782249093481325986e+00 6.203880725203429758e-02 5.987982172020638316e-01
8.766709428918728619e+00 6.219631834935587106e-02 5.977386795668914177e-01
8.751219694724023057e+00 6.235382944667744454e-02 5.966825463233458304e-01
8.735777527664181363e+00 6.251134054399902495e-02 5.956296563396134003e-01
8.720380612983147373e+00 6.266885164132059149e-02 5.945798517891754953e-01
8.705026683529274223e+00 6.282636273864215803e-02 5.935329780913150000e-01
8.689713518903698031e+00 6.298387383596373845e-02 5.924888838530494306e-01
8.674438944629320858e+00 6.314138493328530499e-02 5.914474208124707033e-01
8.659200831339106230e+00 6.329889603060687153e-02 5.904084437833999610e-01
8.643997093983969648e+00 6.345640712792845195e-02 5.893718106013804414e-01
8.628825691058803926e+00 6.361391822525001849e-02 5.883373820709045798e-01
8.613684623846799226e+00 6.377142932257158503e-02 5.873050219138902239e-01
8.598571935681052381e+00 6.392894041989316545e-02 5.862745967193353502e-01
8.583485711223286074e+00 6.408645151721473199e-02 5.852459758941386259e-01
8.568424069436890278e+00 6.424396261453631241e-02 5.842190311839816630e-01
8.553384946503729935e+00 6.440147371185787895e-02 5.831936218719933063e-01
8.538366046731947989e+00 6.455898480917944549e-02 5.821695914315043741e-01
8.523365106660781620e+00 6.471649590650102590e-02 5.811467855334528920e-01
8.508379911825185715e+00 6.487400700382259244e-02 5.801250531894407425e-01
8.493408295948011499e+00 6.503151810114417286e-02 5.791042466966552782e-01
8.478448140151154888e+00 6.518902919846573940e-02 5.780842215840822362e-01
8.463497372184914269e+00 6.534654029578730594e-02 5.770648365599623242e-01
8.448553965675026589e+00 6.550405139310888636e-02 5.760459534604509546e-01
8.433615939387037130e+00 6.566156249043045290e-02 5.750274371994621436e-01
8.418681356506969138e+00 6.581907358775203332e-02 5.740091557196211891e-01
8.403748323938485143e+00 6.597658468507359986e-02 5.729909799443445584e-01
8.388814991615140215e+00 6.613409578239516640e-02 5.719727837309459550e-01
8.373879551828327550e+00 6.629160687971674681e-02 5.709544438248154163e-01
8.358940238569406489e+00 6.644911797703831335e-02 5.699358398145617510e-01
8.343995326886094688e+00 6.660662907435987989e-02 5.689168540881319736e-01
8.329043132252884618e+00 6.676414017168146031e-02 5.678973717898823104e-01
8.314082009954464780e+00 6.692165126900302685e-02 5.668772807785390500e-01
8.299110354482136742e+00 6.707916236632460727e-02 5.658564715860455729e-01
8.284126598942902930e+00 6.723667346364617381e-02 5.648348373772706932e-01
8.269129214480445356e+00 6.739418456096774035e-02 5.638122739105295711e-01
8.254116702645784898e+00 6.755169565828932077e-02 5.627886790173952658e-01
8.239087476104442587e+00 6.770920675561088731e-02 5.617639444689799255e-01
8.224039878429605821e+00 6.786671785293246772e-02 5.607379573254867022e-01
8.208972290560183183e+00 6.802422895025403426e-02 5.597106071948186878e-01
8.193883133829071852e+00 6.818174004757560080e-02 5.586817864390535293e-01
8.178770869381915887e+00 6.833925114489718122e-02 5.576513901348131297e-01
8.163633997606865478e+00 6.849676224221874776e-02 5.566193160343818613e-01
8.148471057575823906e+00 6.865427333954032818e-02 5.555854645276114834e-01
8.133280626496544485e+00 6.881178443686189472e-02 5.545497386045613597e-01
8.118061319175073010e+00 6.896929553418346126e-02 5.535120438188474434e-01
8.102811787488548134e+00 6.912680663150504168e-02 5.524722882516958089e-01
8.087530719867663365e+00 6.928431772882660822e-02 5.514303824766567663e-01
8.072216840788794201e+00 6.944182882614817476e-02 5.503862395249745632e-01
8.056868910275198914e+00 6.959933992346975518e-02 5.493397748515799206e-01
8.041485723407365782e+00 6.975685102079132172e-02 5.482909063017021856e-01
8.026066109841888618e+00 6.991436211811290213e-02 5.472395540780667922e-01
8.010608933338776438e+00 7.007187321543446867e-02 5.461856407086643772e-01
7.995113091296731866e+00 7.022938431275603521e-02 5.451290910150661251e-01
7.979577514296645191e+00 7.038689541007761563e-02 5.440698320812967781e-01
7.964001165652446979e+00 7.054440650739918217e-02 5.430077932232112436e-01
7.948383040969297930e+00 7.070191760472076259e-02 5.419429059583705799e-01
7.932722167709176375e+00 7.085942870204232913e-02 5.408751039764215784e-01
7.917017608022133501e+00 7.101693979936389567e-02 5.398043233321416778e-01
7.901268498541148766e+00 7.117445089668547609e-02 5.387305051587610860e-01
7.885474036487535976e+00 7.133196199400704263e-02 5.376535947205923760e-01
7.869633448298021250e+00 7.148947309132862304e-02 5.365735392739351406e-01
7.853745988558873847e+00 7.164698418865018958e-02 5.354902879944044569e-01
7.837810939628361950e+00 7.180449528597175612e-02 5.344037919511871459e-01
7.821827611264500213e+00 7.196200638329333654e-02 5.333140040816606309e-01
7.805795340258269377e+00 7.211951748061490308e-02 5.322208791663859406e-01
7.789713490071632940e+00 7.227702857793646962e-02 5.311243738044263418e-01
7.773581450480657296e+00 7.243453967525805004e-02 5.300244463890129154e-01
7.757398637223276161e+00 7.259205077257961658e-02 5.289210570835300995e-01
7.741164491651774782e+00 7.274956186990119700e-02 5.278141677978198665e-01
7.724878480389786972e+00 7.290707296722276354e-02 5.267037421647948747e-01
7.708540094993511893e+00 7.306458406454433008e-02 5.255897455173402788e-01
7.692148851617381489e+00 7.322209516186591050e-02 5.244721448655165208e-01
7.675704290683751374e+00 7.337960625918747704e-02 5.233509088740392334e-01
7.659205976556645368e+00 7.353711735650905745e-02 5.222260078400341454e-01
7.642653497219306757e+00 7.369462845383062399e-02 5.210974136710496696e-01
7.626046463955684196e+00 7.385213955115219053e-02 5.199650998633421617e-01
7.609384511035514720e+00 7.400965064847377095e-02 5.188290414804040962e-01
7.592667295402989680e+00 7.416716174579533749e-02 5.176892151317334934e-01
7.575894496368940523e+00 7.432467284311691791e-02 5.165455989518493718e-01
7.559065815306525771e+00 7.448218394043848445e-02 5.153981725795416802e-01
7.542180988098717620e+00 7.463969503776005099e-02 5.142469180065754042e-01
7.525239979921130029e+00 7.479720613508163141e-02 5.130918328585265531e-01
7.508242941577139895e+00 7.495471723240319795e-02 5.119329274175898892e-01
7.491190041300169966e+00 7.511222832972476449e-02 5.107702131543889745e-01
7.474081459505241831e+00 7.526973942704634490e-02 5.096037023701228685e-01
7.456917388588713003e+00 7.542725052436791144e-02 5.084334081829109397e-01
7.439698032730460042e+00 7.558476162168949186e-02 5.072593445143066537e-01
7.422423607697167469e+00 7.574227271901105840e-02 5.060815260758835255e-01
7.405094340647969453e+00 7.589978381633262494e-02 5.048999683559843854e-01
7.387710469941409563e+00 7.605729491365420536e-02 5.037146876065593526e-01
7.370272244944352735e+00 7.621480601097577190e-02 5.025257008301361461e-01
7.352779925842465758e+00 7.637231710829735232e-02 5.013330257668979772e-01
7.335233783452463463e+00 7.652982820561891886e-02 5.001366808818837884e-01
7.317634099035893236e+00 7.668733930294048540e-02 4.989366853522895218e-01
7.299981164114639931e+00 7.684485040026206581e-02 4.977330590548897371e-01
7.282275280287961117e+00 7.700236149758363235e-02 4.965258225535621461e-01
7.264516759051205419e+00 7.715987259490521277e-02 4.953149970869275553e-01
7.246705921615924417e+00 7.731738369222677931e-02 4.941006045560851212e-01
7.228843098731772443e+00 7.747489478954834585e-02 4.928826675124677315e-01
7.210928630509740422e+00 7.763240588686992627e-02 4.916612091457905898e-01
7.192962866246952913e+00 7.778991698419149281e-02 4.904362532721049384e-01
7.174946164252989256e+00 7.794742808151305935e-02 4.892078243219566969e-01
7.156878891677760812e+00 7.810493917883463977e-02 4.879759473286497951e-01
7.138761424340652084e+00 7.826245027615620631e-02 4.867406479165970468e-01
7.120594151108521785e+00 7.841996137347778673e-02 4.855019525998248153e-01
7.102377716818319087e+00 7.857747247079935327e-02 4.842599053451133173e-01
7.084113137812199312e+00 7.873498356812091981e-02 4.830145754495027699e-01
7.065801454757758115e+00 7.889249466544250022e-02 4.817660338686098886e-01
7.047443701845512720e+00 7.905000576276406676e-02 4.805143511164265968e-01
7.029040906774034703e+00 7.920751686008564718e-02 4.792595972643051705e-01
7.010594090735851935e+00 7.936502795740721372e-02 4.780018419399980623e-01
6.992104268404480294e+00 7.952253905472878026e-02 4.767411543267729424e-01
6.973572447922062878e+00 7.968005015205036068e-02 4.754776031625709831e-01
6.954999630888167417e+00 7.983756124937192722e-02 4.742112567392417488e-01
6.936386812349218722e+00 7.999507234669350764e-02 4.729421829018235490e-01
6.917734980788912580e+00 8.015258344401507418e-02 4.716704490478890732e-01
6.899045118119421893e+00 8.031009454133664072e-02 4.703961221269470361e-01
6.880318199673491897e+00 8.046760563865822113e-02 4.691192686399017209e-01
6.861555194197173080e+00 8.062511673597978767e-02 4.678399546385588748e-01
6.842757063843629695e+00 8.078262783330135421e-02 4.665582457252021031e-01
6.823924764167527357e+00 8.094013893062293463e-02 4.652742070522115636e-01
6.805059244120277739e+00 8.109765002794450117e-02 4.639879033217393367e-01
6.786161446046017787e+00 8.125516112526608159e-02 4.626993987854343682e-01
6.767232305678417603e+00 8.141267222258764813e-02 4.614087572442256979e-01
6.748272752138180230e+00 8.157018331990921467e-02 4.601160420481528179e-01
6.729283707931298153e+00 8.172769441723079509e-02 4.588213160962447135e-01
6.710266088947911101e+00 8.188520551455236163e-02 4.575246418364434242e-01
6.691220804462209237e+00 8.204271661187394205e-02 4.562260812655972164e-01
6.672148757132551289e+00 8.220022770919550859e-02 4.549256959294686320e-01
6.653050843002778159e+00 8.235773880651707513e-02 4.536235469228235839e-01
6.633928040696739359e+00 8.251524990383865554e-02 4.523197009709633010e-01
6.614781838261640345e+00 8.267276100116022208e-02 4.510142595330934312e-01
6.595613889730532975e+00 8.283027209848178862e-02 4.497073353857963252e-01
6.576425824732284653e+00 8.298778319580336904e-02 4.483990396417097957e-01
6.557219248439740689e+00 8.314529429312493558e-02 4.470894817459920012e-01
6.537995741781355896e+00 8.330280539044651600e-02 4.457787694907500153e-01
6.518756861653690393e+00 8.346031648776808254e-02 4.444670090295304021e-01
6.499504141134552881e+00 8.361782758508964908e-02 4.431543048918504812e-01
6.480239089696959276e+00 8.377533868241122950e-02 4.418407599977867695e-01
6.460963193423694406e+00 8.393284977973279604e-02 4.405264756726052222e-01
6.441677915222209450e+00 8.409036087705437645e-02 4.392115516614124582e-01
6.422384695040153524e+00 8.424787197437594299e-02 4.378960861438519481e-01
6.403084950081110449e+00 8.440538307169750953e-02 4.365801757488133039e-01
6.383780075020567324e+00 8.456289416901908995e-02 4.352639155691582773e-01
6.364471442222270348e+00 8.472040526634065649e-02 4.339473991764711269e-01
6.345160401954416329e+00 8.487791636366223691e-02 4.326307186358005485e-01
6.325848282606188810e+00 8.503542746098380345e-02 4.313139645204229766e-01
6.306536390903967337e+00 8.519293855830536999e-02 4.299972259265847363e-01
6.287226012127725916e+00 8.535044965562695041e-02 4.286805904882557416e-01
6.267918410327087742e+00 8.550796075294851695e-02 4.273641443918620997e-01
6.248614828537162325e+00 8.566547185027008349e-02 4.260479723910017280e-01
6.229316488994306233e+00 8.582298294759166390e-02 4.247321578211554760e-01
6.210024593351326949e+00 8.598049404491323044e-02 4.234167826143603319e-01
6.190740322892353653e+00 8.613800514223481086e-02 4.221019273138602590e-01
6.171464838747354520e+00 8.629551623955637740e-02 4.207876710887322735e-01
6.152199282106002975e+00 8.645302733687794394e-02 4.194740917484686693e-01
6.132944774559827117e+00 8.661053843419952436e-02 4.181612657663052457e-01
6.113702590383738311e+00 8.676804953152109090e-02 4.168492800258565834e-01
6.094474489982355969e+00 8.692556062884267132e-02 4.155382545564153540e-01
6.075262292542560338e+00 8.708307172616423786e-02 4.142283133952130991e-01
6.056067780464525541e+00 8.724058282348580440e-02 4.129195780712602293e-01
6.036892699813701135e+00 8.739809392080738482e-02 4.116121676361654824e-01
6.017738760772534334e+00 8.755560501812895136e-02 4.103061986949335660e-01
5.998607638091259631e+00 8.771311611545053177e-02 4.090017854367030692e-01
5.979500971537988541e+00 8.787062721277209831e-02 4.076990396654328053e-01
5.960420366347702448e+00 8.802813831009366485e-02 4.063980708305178768e-01
5.941367393670073938e+00 8.818564940741524527e-02 4.050989860573209755e-01
5.922343591016081987e+00 8.834316050473681181e-02 4.038018901776255221e-01
5.903350462702904089e+00 8.850067160205837835e-02 4.025068857599687355e-01
5.884389480297498309e+00 8.865818269937995877e-02 4.012140731398866622e-01
5.865462083058180731e+00 8.881569379670152531e-02 3.999235504500223692e-01
5.846569678374478052e+00 8.897320489402310573e-02 3.986354136501155110e-01
5.827713642204915168e+00 8.913071599134467227e-02 3.973497565568531176e-01
5.808895319512711097e+00 8.928822708866623881e-02 3.960666708735753327e-01
5.790116024699269559e+00 8.944573818598781922e-02 3.947862462198328259e-01
5.771377042035233274e+00 8.960324928330938576e-02 3.935085701607771158e-01
5.752679626089277853e+00 8.976076038063096618e-02 3.922337282363965727e-01
5.734025002154223394e+00 8.991827147795253272e-02 3.909618039905702891e-01
5.715414366670509061e+00 9.007578257527409926e-02 3.896928789999413723e-01
5.696848887647156801e+00 9.023329367259567968e-02 3.884270329026201507e-01
5.678329705079660172e+00 9.039080476991724622e-02 3.871643434266763273e-01
5.659857931365225525e+00 9.054831586723882664e-02 3.859048864184513317e-01
5.641434651714939186e+00 9.070582696456039318e-02 3.846487358706611182e-01
5.623060924562958363e+00 9.086333806188195972e-02 3.833959639502962924e-01
5.604737781972595201e+00 9.102084915920354014e-02 3.821466410263092972e-01
5.586466312674814638e+00 9.117836025652510668e-02 3.809008413314119434e-01
5.568247956038054447e+00 9.133587135384667322e-02 3.796586630057546818e-01
5.550084223622214985e+00 9.149338245116825363e-02 3.784202091117047639e-01
5.531976589138170475e+00 9.165089354848982017e-02 3.771855801309758616e-01
5.513926489038160739e+00 9.180840464581140059e-02 3.759548740048846982e-01
5.495935323112154158e+00 9.196591574313296713e-02 3.747281861750126897e-01
5.478004455080364821e+00 9.212342684045453367e-02 3.735056096236040180e-01
5.460135213181382952e+00 9.228093793777611409e-02 3.722872349136670533e-01
5.442328890756472859e+00 9.243844903509768063e-02 3.710731502288139305e-01
5.424586746829112016e+00 9.259596013241926105e-02 3.698634414127736081e-01
5.406910006680330838e+00 9.275347122974082759e-02 3.686581920086214326e-01
5.389299862419222542e+00 9.291098232706239413e-02 3.674574832976774674e-01
5.371757473548909090e+00 9.306849342438397454e-02 3.662613943380959580e-01
5.354283967527696753e+00 9.322600452170554108e-02 3.650700020031258375e-01
5.336880440325159292e+00 9.338351561902712150e-02 3.638833810190270635e-01
5.319547956973448066e+00 9.354102671634868804e-02 3.627016040026598276e-01
5.302287552113407187e+00 9.369853781367025458e-02 3.615247414987198260e-01
5.285100230535585197e+00 9.385604891099183500e-02 3.603528620166270846e-01
5.267986967716005609e+00 9.401356000831340154e-02 3.591860320670552387e-01
5.250948710346746040e+00 9.417107110563496808e-02 3.580243161981080946e-01
5.233986376861016865e+00 9.432858220295654850e-02 3.568677770311217690e-01
5.217100857953106186e+00 9.448609330027811504e-02 3.557164752961148313e-01
5.200293017092681325e+00 9.464360439759969545e-02 3.545704698668553645e-01
5.183563691033652887e+00 9.480111549492126199e-02 3.534298177955569331e-01
5.166913690317621821e+00 9.495862659224282853e-02 3.522945743472046809e-01
5.150343799771675002e+00 9.511613768956440895e-02 3.511647930334964030e-01
5.133854779000697199e+00 9.527364878688597549e-02 3.500405256464101944e-01
5.117447362873978278e+00 9.543115988420755591e-02 3.489218222913817447e-01
5.101122262006320796e+00 9.558867098152912245e-02 3.478087314201090408e-01
5.084880164859204577e+00 9.574618207885068899e-02 3.467012999738142143e-01
5.068721814087558286e+00 9.590369317617226941e-02 3.455995785887799321e-01
5.052648037262150282e+00 9.606120427349383595e-02 3.445036236910872240e-01
5.036659643660338581e+00 9.621871537081541637e-02 3.434134904595216309e-01
5.020757416311422361e+00 9.637622646813698291e-02 3.423292322832033330e-01
5.004942112525124109e+00 9.653373756545854945e-02 3.412509007976188835e-01
4.989214464414017058e+00 9.669124866278012986e-02 3.401785459202444906e-01
4.973575179409622571e+00 9.684875976010169640e-02 3.391122158857322599e-01
4.958024940772320477e+00 9.700627085742326294e-02 3.380519572806793271e-01
4.942564408094927586e+00 9.716378195474484336e-02 3.369978150779616155e-01
4.927194217800121123e+00 9.732129305206640990e-02 3.359498326706513160e-01
4.911914983631470832e+00 9.747880414938799032e-02 3.349080519054946636e-01
4.896727297138323998e+00 9.763631524670955686e-02 3.338725131159755444e-01
4.881631728154315120e+00 9.779382634403112340e-02 3.328432551549385665e-01
4.866628825269733838e+00 9.795133744135270382e-02 3.318203154267986843e-01
4.851719116297547707e+00 9.810884853867427036e-02 3.308037299193148373e-01
4.836903108733230816e+00 9.826635963599585077e-02 3.297935332349425930e-01
4.822181290208495952e+00 9.842387073331741731e-02 3.287897586217712886e-01
4.807554128938543059e+00 9.858138183063898385e-02 3.277924380040178054e-01
4.793022074163532764e+00 9.873889292796056427e-02 3.268016020121284337e-01
4.778585556583548666e+00 9.889640402528213081e-02 3.258172800124352619e-01
4.764244988787680768e+00 9.905391512260371123e-02 3.248395001364118850e-01
4.750000765676971604e+00 9.921142621992527777e-02 3.238682893095118365e-01
4.735853264881185076e+00 9.936893731724684431e-02 3.229036732795852460e-01
4.721802847169748851e+00 9.952644841456842473e-02 3.219456766448964835e-01
4.707849856856578086e+00 9.968395951188999127e-02 3.209943228817283001e-01
4.693994622198992772e+00 9.984147060921155781e-02 3.200496343715792391e-01
4.680237455790730472e+00 9.999898170653313823e-02 3.191116324279616445e-01
4.666578654949140592e+00 1.001564928038547048e-01 3.181803373228008214e-01
4.653018502096459841e+00 1.003140039011762852e-01 3.172557683124319627e-01
4.639557265135405117e+00 1.004715149984978517e-01 3.163379436632088315e-01
4.626195197084746802e+00 1.006290260958194183e-01 3.154268806266564140e-01
4.612932460050902961e+00 1.007865371931409987e-01 3.145225902556420539e-01
4.599769060949203237e+00 1.009440482904625652e-01 3.136250730216719740e-01
4.586704982540272368e+00 1.011015593877841456e-01 3.127343277493177531e-01
4.573740199632627679e+00 1.012590704851057122e-01 3.118503527209537940e-01
4.560874679323413616e+00 1.014165815824272787e-01 3.109731456931718596e-01
4.548108381235065778e+00 1.015740926797488591e-01 3.101027039129166663e-01
4.535441257747791610e+00 1.017316037770704257e-01 3.092390241333387579e-01
4.522873254227758544e+00 1.018891148743920061e-01 3.083821026293505074e-01
4.510404309251350163e+00 1.020466259717135726e-01 3.075319352129188277e-01
4.498034354825371395e+00 1.022041370690351392e-01 3.066885172480782185e-01
4.485763316603223139e+00 1.023616481663567196e-01 3.058518436656704198e-01
4.473591114097291488e+00 1.025191592636782861e-01 3.050219089778255510e-01
4.461517660887299286e+00 1.026766703609998527e-01 3.041987072921683577e-01
4.449542864825063226e+00 1.028341814583214331e-01 3.033822323257787112e-01
4.437666628235376720e+00 1.029916925556429996e-01 3.025724774188889854e-01
4.425888848113190832e+00 1.031492036529645800e-01 3.017694355483278579e-01
4.414209416317269152e+00 1.033067147502861466e-01 3.009730993407244148e-01
4.402628219760140738e+00 1.034642258476077131e-01 3.001834610854600127e-01
4.391145140594620244e+00 1.036217369449292935e-01 2.994005127473847727e-01
4.379760056396813539e+00 1.037792480422508601e-01 2.986242459792966542e-01
4.368472840345639874e+00 1.039367591395724405e-01 2.978546521341807196e-01
4.357283361399151289e+00 1.040942702368940070e-01 2.970917222772320732e-01
4.346191484467349042e+00 1.042517813342155736e-01 2.963354471976378801e-01
4.335197070581875423e+00 1.044092924315371540e-01 2.955858174201484445e-01
4.324299977062374900e+00 1.045668035288587205e-01 2.948428232164196361e-01
4.313500057679861222e+00 1.047243146261803010e-01 2.941064546161510918e-01
4.302797162816806242e+00 1.048818257235018675e-01 2.933767014180033716e-01
4.292191139624207175e+00 1.050393368208234340e-01 2.926535532003052276e-01
4.281681832175721958e+00 1.051968479181450145e-01 2.919369993315642509e-01
4.271269081618811470e+00 1.053543590154665810e-01 2.912270289807715185e-01
4.260952726322902784e+00 1.055118701127881475e-01 2.905236311275042338e-01
4.250732602024747564e+00 1.056693812101097280e-01 2.898267945718362992e-01
4.240608524495047327e+00 1.058268923074312945e-01 2.891365067525009103e-01
4.230580013427576169e+00 1.059844034047528749e-01 2.884527349208809155e-01
4.220646348141240622e+00 1.061419145020744415e-01 2.877754299389310155e-01
4.210806808465962447e+00 1.062994255993960080e-01 2.871045427034484288e-01
4.201060682195882023e+00 1.064569366967175884e-01 2.864400246542527229e-01
4.191407264997430993e+00 1.066144477940391549e-01 2.857818277679186614e-01
4.181845860318631480e+00 1.067719588913607354e-01 2.851299045515910402e-01
4.172375779299411391e+00 1.069294699886823019e-01 2.844842080368704673e-01
4.162996340683409180e+00 1.070869810860038684e-01 2.838446917737998954e-01
4.153706870730700551e+00 1.072444921833254489e-01 2.832113098249136041e-01
4.144506703131762393e+00 1.074020032806470154e-01 2.825840167593714480e-01
4.135395178922620651e+00 1.075595143779685958e-01 2.819627676471734290e-01
4.126371646401080895e+00 1.077170254752901624e-01 2.813475180534476539e-01
4.117435461044033573e+00 1.078745365726117289e-01 2.807382240328125111e-01
4.108585985425895259e+00 1.080320476699333093e-01 2.801348421238152864e-01
4.099822589138133466e+00 1.081895587672548759e-01 2.795373293434453288e-01
4.091144648709823528e+00 1.083470698645764424e-01 2.789456431817176063e-01
4.082551547529233105e+00 1.085045809618980228e-01 2.783597415963260935e-01
4.074042675766485821e+00 1.086620920592195894e-01 2.777795830073701566e-01
4.065617430297201018e+00 1.088196031565411698e-01 2.772051262921487180e-01
4.057275214627188653e+00 1.089771142538627363e-01 2.766363307800255855e-01
4.049015438818034163e+00 1.091346253511843029e-01 2.760731562473559553e-01
4.040837519413789103e+00 1.092921364485058833e-01 2.755155629124870775e-01
4.032740879368469145e+00 1.094496475458274498e-01 2.749635114308155992e-01
4.024724947974653411e+00 1.096071586431490302e-01 2.744169628899191804e-01
4.016789160792898272e+00 1.097646697404705968e-01 2.738758788047436221e-01
4.008932959582159228e+00 1.099221808377921633e-01 2.733402211128589943e-01
4.001155792230993491e+00 1.100796919351137437e-01 2.728099521697680552e-01
3.993457112689852373e+00 1.102372030324353103e-01 2.722850347442914987e-01
3.985836380904081544e+00 1.103947141297568907e-01 2.717654320139974433e-01
3.978293062747833897e+00 1.105522252270784572e-01 2.712511075606975353e-01
3.970826629958946086e+00 1.107097363244000238e-01 2.707420253660050014e-01
3.963436560074506954e+00 1.108672474217216042e-01 2.702381498069428289e-01
3.956122336367321690e+00 1.110247585190431707e-01 2.697394456516109540e-01
3.948883446910273154e+00 1.111822696163647373e-01 2.692458779953916803e-01
3.941719205285724836e+00 1.113397807136863177e-01 2.687574000364176818e-01
3.934628535223446910e+00 1.114972918110078842e-01 2.682739383915854758e-01
3.927610321564559470e+00 1.116548029083294646e-01 2.677954170262550337e-01
3.920663464199299231e+00 1.118123140056510312e-01 2.673217609318769283e-01
3.913786877806360476e+00 1.119698251029725977e-01 2.668528961082198836e-01
3.906979491597620147e+00 1.121273362002941781e-01 2.663887495459655308e-01
3.900240249068193332e+00 1.122848472976157447e-01 2.659292492096669847e-01
3.893568107751777863e+00 1.124423583949373251e-01 2.654743240210663546e-01
3.886962038981030876e+00 1.125998694922588916e-01 2.650239038427575911e-01
3.880421027652934729e+00 1.127573805895804582e-01 2.645779194621881714e-01
3.873944071999130934e+00 1.129148916869020386e-01 2.641363025759996819e-01
3.867530183360822438e+00 1.130724027842236051e-01 2.636989857746803168e-01
3.861178385968558668e+00 1.132299138815451855e-01 2.632659025275495002e-01
3.854887716726358882e+00 1.133874249788667521e-01 2.628369871680395486e-01
3.848657225000492677e+00 1.135449360761883186e-01 2.624121748792933029e-01
3.842485972412358564e+00 1.137024471735098990e-01 2.619914016800428125e-01
3.836373032635876257e+00 1.138599582708314656e-01 2.615746044107946089e-01
3.830317491198806934e+00 1.140174693681530321e-01 2.611617207202828750e-01
3.824318445288287904e+00 1.141749804654746125e-01 2.607526890522106067e-01
3.818375003560281034e+00 1.143324915627961791e-01 2.603474486322575610e-01
3.812486285952884746e+00 1.144900026601177595e-01 2.599459394553506053e-01
3.806651423503500720e+00 1.146475137574393260e-01 2.595481022731982446e-01
3.800869558169645668e+00 1.148050248547608926e-01 2.591538785820729496e-01
3.795139842653494799e+00 1.149625359520824730e-01 2.587632106108475050e-01
3.789461440229829670e+00 1.151200470494040395e-01 2.583760413092651143e-01
3.783833524577615126e+00 1.152775581467256200e-01 2.579923143364545313e-01
3.778255279614885165e+00 1.154350692440471865e-01 2.576119740496732868e-01
3.772725899336980326e+00 1.155925803413687530e-01 2.572349654932775120e-01
3.767244587658014510e+00 1.157500914386903335e-01 2.568612343879129178e-01
3.761810558255536119e+00 1.159076025360119000e-01 2.564907271199236560e-01
3.756423034418353790e+00 1.160651136333334804e-01 2.561233907309757862e-01
3.751081248897290443e+00 1.162226247306550470e-01 2.557591729078828591e-01
3.745784443759036630e+00 1.163801358279766135e-01 2.553980219726393330e-01
3.740531870242852719e+00 1.165376469252981939e-01 2.550398868726512225e-01
3.735322788620093704e+00 1.166951580226197605e-01 2.546847171711583702e-01
3.730156468027026051e+00 1.168526691199413270e-01 2.543324630358345662e-01
3.725032097090982042e+00 1.170101802172629074e-01 2.539830691450299938e-01
3.719948589119240978e+00 1.171676913145844739e-01 2.536364614050070632e-01
3.714904814122818699e+00 1.173252024119060544e-01 2.532925627699674220e-01
3.709899656190524198e+00 1.174827135092276209e-01 2.529512971539764066e-01
3.704932013271586388e+00 1.176402246065491874e-01 2.526125894161415086e-01
3.700000796963730298e+00 1.177977357038707679e-01 2.522763653461621014e-01
3.695104932306526813e+00 1.179552468011923344e-01 2.519425516502409312e-01
3.690243357579898298e+00 1.181127578985139148e-01 2.516110759373441086e-01
3.685415024107731252e+00 1.182702689958354814e-01 2.512818667058117073e-01
3.680618896066297108e+00 1.184277800931570479e-01 2.509548533302954354e-01
3.675853950297569561e+00 1.185852911904786283e-01 2.506299660490299841e-01
3.671119176127186634e+00 1.187428022878001949e-01 2.503071359514203453e-01
3.666413575186960205e+00 1.189003133851217753e-01 2.499862949659416300e-01
3.661736161241832210e+00 1.190578244824433418e-01 2.496673758483391459e-01
3.657085960021258408e+00 1.192153355797649084e-01 2.493503121701320380e-01
3.652462009054701753e+00 1.193728466770864888e-01 2.490350383073968998e-01
3.647863357511401894e+00 1.195303577744080553e-01 2.487214894298427625e-01
3.643289066044079760e+00 1.196878688717296219e-01 2.484096014901545080e-01
3.638738206636583428e+00 1.198453799690512023e-01 2.480993112136046230e-01
3.634209862455448192e+00 1.200028910663727688e-01 2.477905560879326285e-01
3.629703127705127041e+00 1.201604021636943492e-01 2.474832743534736701e-01
3.625217107486909285e+00 1.203179132610159158e-01 2.471774049935400175e-01
3.620750917661400337e+00 1.204754243583374823e-01 2.468728877250437326e-01
3.616303684714519129e+00 1.206329354556590627e-01 2.465696629893605885e-01
3.611874545626757804e+00 1.207904465529806293e-01 2.462676719434153672e-01
3.607462647745933726e+00 1.209479576503022097e-01 2.459668564510062994e-01
3.603067148663026575e+00 1.211054687476237762e-01 2.456671590743386702e-01
3.598687216091256857e+00 1.212629798449453428e-01 2.453685230657804417e-01
3.594322027748119819e+00 1.214204909422669232e-01 2.450708923598190758e-01
3.589970771240580838e+00 1.215780020395884897e-01 2.447742115652333794e-01
3.585632643953003296e+00 1.217355131369100563e-01 2.444784259574527274e-01
3.581306852938129115e+00 1.218930242342316367e-01 2.441834814711231483e-01
3.576992614810612814e+00 1.220505353315532032e-01 2.438893246928486858e-01
3.572689155643448800e+00 1.222080464288747836e-01 2.435959028541294091e-01
3.568395710866952619e+00 1.223655575261963502e-01 2.433031638244736727e-01
3.564111525170327699e+00 1.225230686235179167e-01 2.430110561046862350e-01
3.559835852405725642e+00 1.226805797208394971e-01 2.427195288203276569e-01
3.555567955481019560e+00 1.228380908181610637e-01 2.424285317144026231e-01
3.551307086457429207e+00 1.229956019154826441e-01 2.421380137903607899e-01
3.547052447300974798e+00 1.231531130128042106e-01 2.418479206360212297e-01
3.542803238747635142e+00 1.233106241101257772e-01 2.415581977553359350e-01
3.538558671362247665e+00 1.234681352074473576e-01 2.412687913224154101e-01
3.534317965446407417e+00 1.236256463047689241e-01 2.409796481752495001e-01
3.530080350948810786e+00 1.237831574020905046e-01 2.406907158095946131e-01
3.525845067378229114e+00 1.239406684994120711e-01 2.404019423730393012e-01
3.521611363718758270e+00 1.240981795967336376e-01 2.401132766592263268e-01
3.517378498347483173e+00 1.242556906940552180e-01 2.398246681022386528e-01
3.513145738954403630e+00 1.244132017913767846e-01 2.395360667711396718e-01
3.508912362464555734e+00 1.245707128886983511e-01 2.392474233646633142e-01
3.504677654962351063e+00 1.247282239860199315e-01 2.389586892060553969e-01
3.500440911617949347e+00 1.248857350833414981e-01 2.386698162380528343e-01
3.496201436615737457e+00 1.250432461806630924e-01 2.383807570180085933e-01
3.491958543084690891e+00 1.252007572779846589e-01 2.380914647131415485e-01
3.487711553030821143e+00 1.253582683753062255e-01 2.378018930959324984e-01
3.483459797271307057e+00 1.255157794726277920e-01 2.375119965396317867e-01
3.479202615370584617e+00 1.256732905699493585e-01 2.372217300139021212e-01
3.474939355578138045e+00 1.258308016672709251e-01 2.369310490805770497e-01
3.470669374768059701e+00 1.259883127645924916e-01 2.366399098895400344e-01
3.466392038380178064e+00 1.261458238619140859e-01 2.363482691747101350e-01
3.462106720362905232e+00 1.263033349592356525e-01 2.360560842501454870e-01
3.457812803117577882e+00 1.264608460565572190e-01 2.357633130062481153e-01
3.453509677444348558e+00 1.266183571538787855e-01 2.354699139060746904e-01
3.449196742489551770e+00 1.267758682512003521e-01 2.351758459817478719e-01
3.444873405694457880e+00 1.269333793485219464e-01 2.348810688309621864e-01
3.440539082745476929e+00 1.270908904458435129e-01 2.345855426135887711e-01
3.436193197525623244e+00 1.272484015431650795e-01 2.342892280483659939e-01
3.431835182067293211e+00 1.274059126404866460e-01 2.339920864096798891e-01
3.427464476506396185e+00 1.275634237378082125e-01 2.336940795244364655e-01
3.423080529037516584e+00 1.277209348351298068e-01 2.333951697690047900e-01
3.418682795870383373e+00 1.278784459324513734e-01 2.330953200662487235e-01
3.414270741187444003e+00 1.280359570297729399e-01 2.327944938826344290e-01
3.409843837102483288e+00 1.281934681270945064e-01 2.324926552254086010e-01
3.405401563620323202e+00 1.283509792244160730e-01 2.321897686398509408e-01
3.400943408597604467e+00 1.285084903217376673e-01 2.318857992065999352e-01
3.396468867704406147e+00 1.286660014190592338e-01 2.315807125390362264e-01
3.391977444386934160e+00 1.288235125163808004e-01 2.312744747807382872e-01
3.387468649831055334e+00 1.289810236137023669e-01 2.309670526029963533e-01
3.382942003127110464e+00 1.291385347110239334e-01 2.306584132160494904e-01
3.378397090180787821e+00 1.292960458083455277e-01 2.303485283857938382e-01
3.373833644700189538e+00 1.294535569056670943e-01 2.300373799557055010e-01
3.369251425997162208e+00 1.296110680029886608e-01 2.297249515149956123e-01
3.364650198157710825e+00 1.297685791003102274e-01 2.294112269783904201e-01
3.360029730019411964e+00 1.299260901976317939e-01 2.290961905845917135e-01
3.355389795149106735e+00 1.300836012949533882e-01 2.287798268947556779e-01
3.350730171820789138e+00 1.302411123922749547e-01 2.284621207909854346e-01
3.346050642993669832e+00 1.303986234895965213e-01 2.281430574748350981e-01
3.341350996290465947e+00 1.305561345869180878e-01 2.278226224658295995e-01
3.336631023975828114e+00 1.307136456842396544e-01 2.275008015999940014e-01
3.331890522934946919e+00 1.308711567815612486e-01 2.271775810283945263e-01
3.327129294652362734e+00 1.310286678788828152e-01 2.268529472156938787e-01
3.322347145190815088e+00 1.311861789762043817e-01 2.265268869387092043e-01
3.317543885170363804e+00 1.313436900735259483e-01 2.261993872849885623e-01
3.312719329747539465e+00 1.315012011708475148e-01 2.258704356513888678e-01
3.307873298594626199e+00 1.316587122681690813e-01 2.255400197426640496e-01
3.303005615879142098e+00 1.318162233654906756e-01 2.252081275700654750e-01
3.298116110243304533e+00 1.319737344628122422e-01 2.248747474499420140e-01
3.293204614783677542e+00 1.321312455601338087e-01 2.245398680023523441e-01
3.288270967030823222e+00 1.322887566574553753e-01 2.242034781496771989e-01
3.283315008929153844e+00 1.324462677547769418e-01 2.238655671152463555e-01
3.278336586816743115e+00 1.326037788520985361e-01 2.235261244219614030e-01
3.273335551405244015e+00 1.327612899494201026e-01 2.231851398909266981e-01
3.268311757759893244e+00 1.329188010467416692e-01 2.228426036400864008e-01
3.263265065279472577e+00 1.330763121440632357e-01 2.224985060828574834e-01
3.258195337676461634e+00 1.332338232413848023e-01 2.221528379267769249e-01
3.253102442957070739e+00 1.333913343387063966e-01 2.218055901721406042e-01
3.247986253401406564e+00 1.335488454360279631e-01 2.214567541106499671e-01
3.242846645543607575e+00 1.337063565333495296e-01 2.211063213240586633e-01
3.237683500152041649e+00 1.338638676306710962e-01 2.207542836828216837e-01
3.232496702209485484e+00 1.340213787279926627e-01 2.204006333447441623e-01
3.227286140893263156e+00 1.341788898253142570e-01 2.200453627536274326e-01
3.222051709555533439e+00 1.343364009226358236e-01 2.196884646379242689e-01
3.216793305703351979e+00 1.344939120199573901e-01 2.193299320093801963e-01
3.211510830978916875e+00 1.346514231172789566e-01 2.189697581616862065e-01
3.206204191139688131e+00 1.348089342146005232e-01 2.186079366691231207e-01
3.200873296038547977e+00 1.349664453119221175e-01 2.182444613852094761e-01
3.195518059603858152e+00 1.351239564092436840e-01 2.178793264413410313e-01
3.190138399819569148e+00 1.352814675065652505e-01 2.175125262454347397e-01
3.184734238705185128e+00 1.354389786038868171e-01 2.171440554805634249e-01
3.179305502295847408e+00 1.355964897012083836e-01 2.167739091035966181e-01
3.173852121233742274e+00 1.357540007985299779e-01 2.164020823855255515e-01
3.168374143897745299e+00 1.359115118958515445e-01 2.160285786249566409e-01
3.162871866825113010e+00 1.360690229931731110e-01 2.156534180406264323e-01
3.157345617545924021e+00 1.362265340904946775e-01 2.152766229644484941e-01
3.151795722063918781e+00 1.363840451878162441e-01 2.148982156242661423e-01
3.146222504848658730e+00 1.365415562851378384e-01 2.145182181433185065e-01
3.140626288827789825e+00 1.366990673824594049e-01 2.141366525397123410e-01
3.135007395379639128e+00 1.368565784797809715e-01 2.137535407259175402e-01
3.129366144326003241e+00 1.370140895771025380e-01 2.133689045082756419e-01
3.123702853925237388e+00 1.371716006744241045e-01 2.129827655865279556e-01
3.118017840865571433e+00 1.373291117717456711e-01 2.125951455533605927e-01
3.112311420258614625e+00 1.374866228690672654e-01 2.122060658939614042e-01
3.106583905633158338e+00 1.376441339663888319e-01 2.118155479855969858e-01
3.100835608929204845e+00 1.378016450637103985e-01 2.114236130972059757e-01
3.095066840492159521e+00 1.379591561610319650e-01 2.110302823890029544e-01
3.089277909067369876e+00 1.381166672583535315e-01 2.106355769121061872e-01
3.083469121794780943e+00 1.382741783556751258e-01 2.102395176081729156e-01
3.077640784203855784e+00 1.384316894529966924e-01 2.098421253090535232e-01
3.071793200208742913e+00 1.385892005503182589e-01 2.094434207364614942e-01
3.065926672103593376e+00 1.387467116476398254e-01 2.090434245016545289e-01
3.060041500558181138e+00 1.389042227449613920e-01 2.086421571051357837e-01
3.054137984613644274e+00 1.390617338422829863e-01 2.082396389363631584e-01
3.048216421678496602e+00 1.392192449396045528e-01 2.078358902734781799e-01
3.042277107524833824e+00 1.393767560369261194e-01 2.074309312830464325e-01
3.036320336284732857e+00 1.395342671342476859e-01 2.070247820198126421e-01
3.030346400446843003e+00 1.396917782315692524e-01 2.066174624264680293e-01
3.024355590853219589e+00 1.398492893288908467e-01 2.062089923334343711e-01
3.018348196696284180e+00 1.400068004262124133e-01 2.057993914586570550e-01
3.012324505516069006e+00 1.401643115235339798e-01 2.053886794074164801e-01
3.006284803197554645e+00 1.403218226208555464e-01 2.049768756721476182e-01
3.000229373968270608e+00 1.404793337181771129e-01 2.045639996322752840e-01
2.994158500396052247e+00 1.406368448154987072e-01 2.041500705540620908e-01
2.988072463386986399e+00 1.407943559128202737e-01 2.037351075904678122e-01
2.981971542183543100e+00 1.409518670101418403e-01 2.033191297810222342e-01
2.975856014362819657e+00 1.411093781074634068e-01 2.029021560517053346e-01
2.969726155835124892e+00 1.412668892047849734e-01 2.024842052148508598e-01
2.963582240842553173e+00 1.414244003021065677e-01 2.020652959690492356e-01
2.957424541957831554e+00 1.415819113994281342e-01 2.016454468990682425e-01
2.951253330083322801e+00 1.417394224967497007e-01 2.012246764757862627e-01
2.945068874450191831e+00 1.418969335940712673e-01 2.008030030561343549e-01
2.938871442617677854e+00 1.420544446913928338e-01 2.003804448830467655e-01
2.932661300472657828e+00 1.422119557887144281e-01 1.999570200854321189e-01
2.926438712229252559e+00 1.423694668860359946e-01 1.995327466781452452e-01
2.920203940428602429e+00 1.425269779833575612e-01 1.991076425619726920e-01
2.913957245996149581e+00 1.426844890806791277e-01 1.986817255275383776e-01
2.907698971668322141e+00 1.428420001780006943e-01 1.982550189435671184e-01
2.901429706911051731e+00 1.429995112753222608e-01 1.978275630014885988e-01
2.895150080926124581e+00 1.431570223726438551e-01 1.973994006020344250e-01
2.888860715488113851e+00 1.433145334699654216e-01 1.969705741395273713e-01
2.882562224975712795e+00 1.434720445672869882e-01 1.965411255040190597e-01
2.876255216404129289e+00 1.436295556646085547e-01 1.961110960834978323e-01
2.869940289458525307e+00 1.437870667619301213e-01 1.956805267661694270e-01
2.863618036528387201e+00 1.439445778592517156e-01 1.952494579427996868e-01
2.857289042742888086e+00 1.441020889565732821e-01 1.948179295091261864e-01
2.850953886007175253e+00 1.442596000538948486e-01 1.943859808683326695e-01
2.844613137039443185e+00 1.444171111512164152e-01 1.939536509335756387e-01
2.838267359409014645e+00 1.445746222485379817e-01 1.935209781305824162e-01
2.831917109575121216e+00 1.447321333458595760e-01 1.930880004002940020e-01
2.825562936926510282e+00 1.448896444431811426e-01 1.926547552015662190e-01
2.819205383821854927e+00 1.450471555405027091e-01 1.922212795139248143e-01
2.812844985630826411e+00 1.452046666378242756e-01 1.917876098403659135e-01
2.806482270775950916e+00 1.453621777351458422e-01 1.913537822102098496e-01
2.800117760775058251e+00 1.455196888324674365e-01 1.909198321819957911e-01
2.793751970284472641e+00 1.456771999297890030e-01 1.904857948464260819e-01
2.787385407142712435e+00 1.458347110271105695e-01 1.900517048293460798e-01
2.781018572414931889e+00 1.459922221244321361e-01 1.896175962947743709e-01
2.774651960437792830e+00 1.461497332217537026e-01 1.891835029479620178e-01
2.768286058864954047e+00 1.463072443190752969e-01 1.887494580384946885e-01
2.761921348713074043e+00 1.464647554163968635e-01 1.883154943634285927e-01
2.755558304408290304e+00 1.466222665137184300e-01 1.878816442704596690e-01
2.749197393833195502e+00 1.467797776110399965e-01 1.874479396611272719e-01
2.742839078374227579e+00 1.469372887083615631e-01 1.870144119940443383e-01
2.736483812969496388e+00 1.470947998056831574e-01 1.865810922881590006e-01
2.730132046157025982e+00 1.472523109030047239e-01 1.861480111260437886e-01
2.723784220123374844e+00 1.474098220003262905e-01 1.857151986572103675e-01
2.717440770752579393e+00 1.475673330976478570e-01 1.852826846014472839e-01
2.711102127675481643e+00 1.477248441949694235e-01 1.848504982521823325e-01
2.704768714319317979e+00 1.478823552922910178e-01 1.844186684798647946e-01
2.698440947957663649e+00 1.480398663896125844e-01 1.839872237353696871e-01
2.692119239760613070e+00 1.481973774869341509e-01 1.835561920534198310e-01
2.685803994845193277e+00 1.483548885842557175e-01 1.831256010560232128e-01
2.679495612326097120e+00 1.485123996815772840e-01 1.826954779559316899e-01
2.673194485366523487e+00 1.486699107788988505e-01 1.822658495601080231e-01
2.666901001229293744e+00 1.488274218762204448e-01 1.818367422732104777e-01
2.660615541328168909e+00 1.489849329735420114e-01 1.814081821010921081e-01
2.654338481279217454e+00 1.491424440708635779e-01 1.809801946543033446e-01
2.648070190952464209e+00 1.492999551681851444e-01 1.805528051516130383e-01
2.641811034523550372e+00 1.494574662655067110e-01 1.801260384235314205e-01
2.635561370525638214e+00 1.496149773628283053e-01 1.796999189158486887e-01
2.629321551901274034e+00 1.497724884601498718e-01 1.792744706931710952e-01
2.623091926054434087e+00 1.499299995574714384e-01 1.788497174424699410e-01
2.616872846506059336e+00 1.500875106547930049e-01 1.784256832677881266e-01
2.610664770888732278e+00 1.502450217521145714e-01 1.780023993717903819e-01
2.604468209922378819e+00 1.504025328494361657e-01 1.775799005767846883e-01
2.598283666786339818e+00 1.505600439467577323e-01 1.771582211909404903e-01
2.592111636557652865e+00 1.507175550440792988e-01 1.767373949699901081e-01
2.585952606292677203e+00 1.508750661414008654e-01 1.763174551227932318e-01
2.579807055109028191e+00 1.510325772387224319e-01 1.758984343169242570e-01
2.573675454267683627e+00 1.511900883360440262e-01 1.754803646842697518e-01
2.567558267255459992e+00 1.513475994333655927e-01 1.750632778266526524e-01
2.561455949867552206e+00 1.515051105306871593e-01 1.746472048214594008e-01
2.555368950290278551e+00 1.516626216280087258e-01 1.742321762272822094e-01
2.549297709184058736e+00 1.518201327253302924e-01 1.738182220895765628e-01
2.543242659766329350e+00 1.519776438226518867e-01 1.734053719463144461e-01
2.537204227894695130e+00 1.521351549199734532e-01 1.729936548336543645e-01
2.531182832150079332e+00 1.522926660172950197e-01 1.725830992916098372e-01
2.525178883919862116e+00 1.524501771146165863e-01 1.721737333697189454e-01
2.519192787481115747e+00 1.526076882119381528e-01 1.717655846327193758e-01
2.513224940083738090e+00 1.527651993092597471e-01 1.713586801662158876e-01
2.507275732033618976e+00 1.529227104065813136e-01 1.709530465823519418e-01
2.501345546775646689e+00 1.530802215039028802e-01 1.705487100254683142e-01
2.495434760976742439e+00 1.532377326012244467e-01 1.701456961777657040e-01
2.489543744608673226e+00 1.533952436985460133e-01 1.697440302649499688e-01
2.483672861030853163e+00 1.535527547958676076e-01 1.693437370618786630e-01
2.477822467072886337e+00 1.537102658931891741e-01 1.689448408981885641e-01
2.471992913116984880e+00 1.538677769905107406e-01 1.685473656639153717e-01
2.466184543180248490e+00 1.540252880878323072e-01 1.681513348151036646e-01
2.460397694996645956e+00 1.541827991851538737e-01 1.677567713793964299e-01
2.454632700098850595e+00 1.543403102824754403e-01 1.673636979616154319e-01
2.448889883899806996e+00 1.544978213797970346e-01 1.669721367493219588e-01
2.443169565774008234e+00 1.546553324771186011e-01 1.665821095183591394e-01
2.437472059138572789e+00 1.548128435744401676e-01 1.661936376383793268e-01
2.431797671533987071e+00 1.549703546717617342e-01 1.658067420783499724e-01
2.426146704704537083e+00 1.551278657690833007e-01 1.654214434120374333e-01
2.420519454678456750e+00 1.552853768664048950e-01 1.650377618234716848e-01
2.414916211847721872e+00 1.554428879637264616e-01 1.646557171123868568e-01
2.409337261047529211e+00 1.556003990610480281e-01 1.642753286996404272e-01
2.403782881635386115e+00 1.557579101583695946e-01 1.638966156326057688e-01
2.398253347569863969e+00 1.559154212556911612e-01 1.635195965905415771e-01
2.392748927488943078e+00 1.560729323530127555e-01 1.631442898899342353e-01
2.387269884788001839e+00 1.562304434503343220e-01 1.627707134898144226e-01
2.381816477697368040e+00 1.563879545476558885e-01 1.623988849970457171e-01
2.376388959359530872e+00 1.565454656449774551e-01 1.620288216715883856e-01
2.370987577905796506e+00 1.567029767422990216e-01 1.616605404317263683e-01
2.365612576532717615e+00 1.568604878396206159e-01 1.612940578592784169e-01
2.360264193577865655e+00 1.570179989369421825e-01 1.609293902047641556e-01
2.354942662595332692e+00 1.571755100342637490e-01 1.605665533925526023e-01
2.349648212430672345e+00 1.573330211315853155e-01 1.602055630259714147e-01
2.344381067295442822e+00 1.574905322289068821e-01 1.598464343923892139e-01
2.339141446841251692e+00 1.576480433262284764e-01 1.594891824682649617e-01
2.333929549040475226e+00 1.578055544235500429e-01 1.591338207519067405e-01
2.328745494496123669e+00 1.579630655208716095e-01 1.587803574663641248e-01
2.323589381323573733e+00 1.581205766181931760e-01 1.584287993014167617e-01
2.323589381323573733e+00 1.581205766181931760e-01 1.584287993014168172e-01
1.811064210993329038e+00 1.826842454521749870e-01 1.249814794028328568e-01
1.539820629196800406e+00 2.073525430377324841e-01 8.186376694186700553e-02
1.223293239974201141e+00 2.322407203492417860e-01 7.099053476772256011e-02
1.064944285131790513e+00 2.568837818198746459e-01 6.652931603881777345e-02
9.002142192555454558e-01 2.811184729179193598e-01 4.287575557989465463e-02
7.903026237561108225e-01 3.057758170190760794e-01 3.243335537020343440e-02
6.899129526816306646e-01 3.308749588216616799e-01 2.782423687570234616e-02
6.024348997461541622e-01 3.553458836143503774e-01 2.256890612668335447e-02
5.449262175782144668e-01 3.797183506574301481e-01 2.397399156659574954e-02
4.807084277046503873e-01 4.042043120935024936e-01 1.300007032586741884e-02
4.373001098136057307e-01 4.287407985369371399e-01 1.005931774412807851e-02
3.984623482395083238e-01 4.533371424922238990e-01 8.860218337271526245e-03
3.595484098525789096e-01 4.779959634912051558e-01 1.258197982591388250e-02
3.283814809353157171e-01 5.026629933946460405e-01 8.550328693974006133e-03
3.050136706186901137e-01 5.271487506500315279e-01 9.399871615404188294e-03
2.834668190657136932e-01 5.515427964227138657e-01 6.649319018810415788e-03
2.645882066090796680e-01 5.762240530263548210e-01 5.605087245086013900e-03
2.472402091436400884e-01 6.007285446297923048e-01 4.846400170688706932e-03
2.301081383121468815e-01 6.252568531449649303e-01 7.231333459640128421e-03
2.205933850499849636e-01 6.499965502683907603e-01 6.976850427531191591e-03
2.096613664017062395e-01 6.746857991314229031e-01 5.392556854419809816e-03
2.025828494650334932e-01 6.991270364754236244e-01 4.204162550908411775e-03
1.966863662084006870e-01 7.235756604093172006e-01 3.690135984849909727e-03
1.949343095355079158e-01 7.479714013051395050e-01 4.725007666015780539e-03
1.937522749149622470e-01 7.726132299420060967e-01 3.975067145087746168e-03
1.921494833289097426e-01 7.972349387995918413e-01 4.110837400292958500e-03
1.855398718395451230e-01 8.217736356692634248e-01 4.748395666981489877e-03
1.799358513105417945e-01 8.463200505719705724e-01 3.864339840923805905e-03
1.750055189545879630e-01 8.708218859006343626e-01 3.298187888559676092e-03
1.725527813892304974e-01 8.954790463233904818e-01 3.432879033345374430e-03
1.697705707311800982e-01 9.199626960429320155e-01 3.735212430804637097e-03
1.704422690404908403e-01 9.443606208269833546e-01 4.388653160347540105e-03
1.710532978169028995e-01 9.688687146412832130e-01 4.567895259520455241e-03
1.704269482525890278e-01 9.930926048855095445e-01 5.503050058692228810e-03
1.741105220956090383e-01 1.017620455362175491e+00 4.194891090788038616e-03
1.800616032257726651e-01 1.042409919186157552e+00 5.345563161275436806e-03
1.891576357598042935e-01 1.066789561870425063e+00 5.069890211718928487e-03
1.941016999613410510e-01 1.090909765172895618e+00 6.302795991264000496e-03
1.919929234803494089e-01 1.115651582439790346e+00 1.021516146741693540e-02
1.975487383934100005e-01 1.140641543091339027e+00 6.332019333209404008e-03
2.005898443849963297e-01 1.164692026865203012e+00 1.131645406031989501e-02
2.076666171945946715e-01 1.188605021497627590e+00 9.895305164681076140e-03
2.229887773936883588e-01 1.214006438167991364e+00 8.975135249620529512e-03
2.401929213188561119e-01 1.240498485730926914e+00 1.290226812619437238e-02
2.732610443033190450e-01 1.264816150349954427e+00 2.718004171405317276e-02
2.916934457777235479e-01 1.284554513240047102e+00 3.731626472204370437e-02
3.138596079001195749e-01 1.309527810458392949e+00 5.335508307760864627e-02
4.590181942296767126e-01 1.335814856768205550e+00 8.222163890335872083e-02
4.393794322697976429e-01 1.360349523175663267e+00 5.260924097790974363e-01
