1.663472424197098292e+02 7.669903939428205850e-04 1.124773306084731672e+01
1.982695672307764312e+02 9.245014912643925459e-04 1.340619257561711386e+01
2.296025103909115614e+02 1.082012588585964507e-03 1.552480046805636427e+01
2.603479644206477701e+02 1.239523685907536251e-03 1.760368470280969788e+01
2.905054989115419062e+02 1.397034783229108429e-03 1.964281617738519969e+01
3.200736253523440951e+02 1.554545880550680173e-03 2.164209424462486453e+01
3.490515393218335021e+02 1.712056977872252134e-03 2.360146451279347346e+01
3.774391167836282648e+02 1.869568075193824095e-03 2.552091859504859173e+01
4.052378974420284976e+02 2.027079172515396273e-03 2.740056060001689175e+01
4.324494187170452051e+02 2.184590269836968017e-03 2.924049448187059497e+01
4.590776989830649200e+02 2.342101367158539761e-03 3.104099194696190622e+01
4.851268129578848516e+02 2.499612464480111939e-03 3.280232851135840377e+01
5.106015115896833549e+02 2.657123561801683683e-03 3.452482541511260195e+01
5.355082103877080044e+02 2.814634659123255861e-03 3.620891644921751151e+01
5.598536492583975814e+02 2.972145756444827605e-03 3.785505733910250115e+01
5.836444799994549157e+02 3.129656853766399783e-03 3.946369785263773622e+01
6.068882873910223452e+02 3.287167951087971527e-03 4.103535084222239249e+01
6.295934222379842140e+02 3.444679048409543271e-03 4.257058095577494328e+01
6.517682587642450471e+02 3.602190145731115449e-03 4.406995442471416169e+01
6.734209393396134828e+02 3.759701243052687193e-03 4.553402180341500127e+01
6.945600219211789863e+02 3.917212340374259805e-03 4.696336174659692375e+01
7.151944182676978699e+02 4.074723437695831549e-03 4.835857683162839749e+01
7.353332826251846654e+02 4.232234535017403293e-03 4.972028603189334461e+01
7.549855434273379160e+02 4.389745632338975037e-03 5.104909305225295668e+01
7.741598281615721362e+02 4.547256729660546781e-03 5.234558124878824970e+01
7.928648864291764085e+02 4.704767826982118525e-03 5.361034223443039792e+01
8.111095639184388801e+02 4.862278924303691137e-03 5.484397411912801346e+01
8.289027571488222748e+02 5.019790021625262881e-03 5.604707844982964104e+01
8.462533699153866564e+02 5.177301118946834625e-03 5.722025726543063229e+01
8.631700046146401064e+02 5.334812216268406369e-03 5.836409222546555498e+01
8.796608462414429823e+02 5.492323313589978981e-03 5.947913676644443370e+01
8.957340480790425090e+02 5.649834410911550725e-03 6.056594218066523183e+01
9.113977418802936654e+02 5.807345508233122469e-03 6.162505830462717427e+01
9.266600177138993786e+02 5.964856605554694213e-03 6.265703215631441481e+01
9.415289069602622476e+02 6.122367702876265957e-03 6.366240678544367171e+01
9.560123680113692899e+02 6.279878800197838569e-03 6.464172030654793843e+01
9.701181930227330668e+02 6.437389897519410313e-03 6.559549959391679863e+01
9.838536219833513314e+02 6.594900994840982057e-03 6.652423418655564546e+01
9.972256747260064458e+02 6.752412092162553801e-03 6.742839873739005441e+01
1.010241319409577159e+03 6.909923189484126413e-03 6.830846440536348041e+01
1.022907463081265291e+03 7.067434286805698157e-03 6.916489821729307153e+01
1.035230943414052263e+03 7.224945384127269901e-03 6.999816250918955518e+01
1.047218521688477722e+03 7.382456481448841645e-03 7.080871445171318612e+01
1.058876876866201428e+03 7.539967578770413389e-03 7.159700564945198664e+01
1.070212600622507125e+03 7.697478676091986001e-03 7.236348180503946992e+01
1.081232153713579464e+03 7.854989773413558612e-03 7.310857976888482312e+01
1.091941459066432571e+03 8.012500870735128622e-03 7.383270002554691303e+01
1.102346099902855485e+03 8.170011968056702101e-03 7.453622009008040550e+01
1.112451612996025688e+03 8.327523065378272110e-03 7.521951433687102906e+01
1.122263488233918451e+03 8.485034162699845589e-03 7.588295397011548005e+01
1.131787163980840205e+03 8.642545260021415598e-03 7.652690671018655166e+01
1.141028023041487813e+03 8.800056357342989077e-03 7.715173652073929134e+01
1.149991389165511464e+03 8.957567454664562556e-03 7.775780337236338369e+01
1.158682524037186568e+03 9.115078551986132566e-03 7.834546303903685782e+01
1.167106624700534894e+03 9.272589649307706045e-03 7.891506692402329293e+01
1.175268821375607558e+03 9.430100746629276054e-03 7.946696191221742822e+01
1.183174169832596363e+03 9.587611843950849533e-03 8.000148985451329509e+01
1.190827340869389900e+03 9.745122941272419542e-03 8.051896657152234127e+01
1.198232491070837796e+03 9.902634038593993021e-03 8.101967311483377898e+01
1.205393721495466025e+03 1.006014513591556303e-02 8.150388678156959088e+01
1.212315114343534106e+03 1.021765623323713651e-02 8.197188359373139122e+01
1.219000729425652025e+03 1.037516733055870999e-02 8.242393805942252527e+01
1.225454600977670680e+03 1.053267842788028000e-02 8.286032295748381671e+01
1.231680734792999601e+03 1.069018952520185348e-02 8.328130914359226722e+01
1.237683105645856131e+03 1.084770062252342349e-02 8.368716537603161498e+01
1.243465654981379203e+03 1.100521171984499696e-02 8.407815815950704064e+01
1.249032288850713257e+03 1.116272281716656697e-02 8.445455160552381813e+01
1.254386876070900144e+03 1.132023391448814045e-02 8.481660730796659209e+01
1.259533246591280658e+03 1.147774501180971046e-02 8.516458423264205635e+01
1.264475190049569164e+03 1.163525610913128394e-02 8.549873861964645982e+01
1.269216444955490260e+03 1.179276720645285742e-02 8.581932325200652656e+01
1.273760370216602496e+03 1.195027830377442743e-02 8.612656524557367277e+01
1.278109887223159149e+03 1.210778940109600091e-02 8.642066213303469624e+01
1.282267895168723271e+03 1.226530049841757092e-02 8.670180994622532467e+01
1.286237295622045622e+03 1.242281159573914440e-02 8.697020487758180707e+01
1.290020989644513975e+03 1.258032269306071441e-02 8.722604308523460759e+01
1.293621875120809364e+03 1.273783379038228789e-02 8.746952051251811611e+01
1.297042844288263041e+03 1.289534488770385789e-02 8.770083272091541460e+01
1.300286781451461138e+03 1.305285598502543137e-02 8.792017473552940032e+01
1.303356560869715395e+03 1.321036708234700485e-02 8.812774090224158385e+01
1.306255044805830721e+03 1.336787817966857486e-02 8.832372475577803073e+01
1.308985081725667214e+03 1.352538927699014834e-02 8.850831889797073870e+01
1.311549504638368717e+03 1.368290037431171835e-02 8.868171488553032589e+01
1.313951129568299166e+03 1.384041147163329183e-02 8.884410312672508780e+01
1.316192754149988332e+03 1.399792256895486184e-02 8.899567278637631773e+01
1.318277156338198211e+03 1.415543366627643532e-02 8.913661169863836164e+01
1.320207093225700646e+03 1.431294476359800533e-02 8.926710628706169359e+01
1.321985297974626292e+03 1.447045586091957881e-02 8.938734135710255657e+01
1.323614295160485426e+03 1.462796695824115228e-02 8.949748761042722833e+01
1.325096265560492611e+03 1.478547805556272229e-02 8.959769250244040961e+01
1.326433361336090911e+03 1.494298915288429577e-02 8.968810155366330150e+01
1.327627740386161349e+03 1.510050025020586578e-02 8.976886067255973956e+01
1.328681564358971400e+03 1.525801134752743926e-02 8.984011602111178263e+01
1.329596996785712918e+03 1.541552244484900927e-02 8.990201388861748910e+01
1.330376201328846264e+03 1.557303354217058275e-02 8.995470057325064772e+01
1.331021340138718188e+03 1.573054463949215276e-02 8.999832227094201187e+01
1.331534572312412365e+03 1.588805573681372624e-02 9.003302497117307723e+01
1.331918052449177367e+03 1.604556683413529972e-02 9.005895435929954829e+01
1.332173929297037603e+03 1.620307793145686973e-02 9.007625572504099409e+01
1.332304344485738511e+03 1.636058902877844320e-02 9.008507387680742795e+01
1.332311431341169964e+03 1.651810012610001321e-02 9.008555306153557751e+01
1.332197313776955298e+03 1.667561122342158669e-02 9.007783688974230074e+01
1.331964105259020471e+03 1.683312232074316017e-02 9.006206826551334643e+01
1.331613907839254807e+03 1.699063341806473018e-02 9.003838932116278215e+01
1.331148811254558041e+03 1.714814451538630366e-02 9.000694135631475490e+01
1.330570892087775519e+03 1.730565561270787367e-02 8.996786478116892738e+01
1.329882212987304911e+03 1.746316671002944715e-02 8.992129906373349968e+01
1.329084821942196868e+03 1.762067780735101716e-02 8.986738268081050762e+01
1.328180751529702547e+03 1.777818890467259064e-02 8.980625306711796441e+01
1.327172000174299683e+03 1.793570000199416065e-02 8.973804534810020073e+01
1.326060510019419780e+03 1.809321109931573412e-02 8.966289084370325213e+01
1.324848203836694438e+03 1.825072219663730760e-02 8.958091956402969913e+01
1.323536990273647007e+03 1.840823329395887761e-02 8.949226056416657116e+01
1.322128763275584561e+03 1.856574439128045109e-02 8.939704190509607429e+01
1.320625401549993967e+03 1.872325548860202110e-02 8.929539061748003803e+01
1.319028768071346803e+03 1.888076658592359458e-02 8.918743266817708104e+01
1.317340709624139436e+03 1.903827768324516459e-02 8.907329292934447551e+01
1.315563056382329250e+03 1.919578878056673807e-02 8.895309515000184319e+01
1.313697621523287353e+03 1.935329987788830808e-02 8.882696192992737849e+01
1.311746200874465330e+03 1.951081097520988156e-02 8.869501469576769637e+01
1.309710572591175833e+03 1.966832207253145504e-02 8.855737367925006254e+01
1.307592496863877159e+03 1.982583316985302505e-02 8.841415789739052400e+01
1.305393715653415939e+03 1.998334426717459852e-02 8.826548513459187006e+01
1.303115952452860029e+03 2.014085536449616853e-02 8.811147192653982074e+01
1.300760912074541466e+03 2.029836646181774201e-02 8.795223354580365083e+01
1.298330280460951826e+03 2.045587755913931202e-02 8.778788398904971757e+01
1.295825724518367451e+03 2.061338865646088550e-02 8.761853596579204861e+01
1.293248891971916237e+03 2.077089975378245551e-02 8.744430088859215289e+01
1.290601411241056212e+03 2.092841085110402899e-02 8.726528886463974288e+01
1.287884891334339500e+03 2.108592194842560247e-02 8.708160868863700443e+01
1.285100921762485086e+03 2.124343304574717248e-02 8.689336783692070298e+01
1.282251072468784287e+03 2.140094414306874596e-02 8.670067246275687012e+01
1.279336893775902354e+03 2.155845524039031597e-02 8.650362739274335411e+01
1.276359916348226307e+03 2.171596633771188944e-02 8.630233612426424372e+01
1.273321652635990176e+03 2.187347743503345945e-02 8.609690092313556420e+01
1.270223755957042158e+03 2.203098853235503293e-02 8.588743358007629070e+01
1.267068151892603510e+03 2.218849962967660294e-02 8.567406429516218225e+01
1.263856755478870809e+03 2.234601072699817642e-02 8.545692255545669980e+01
1.260591437281872913e+03 2.250352182431974990e-02 8.523613484112897254e+01
1.257274024315468751e+03 2.266103292164131991e-02 8.501182468752534760e+01
1.253906300944619943e+03 2.281854401896289339e-02 8.478411274624467353e+01
1.250490009773985321e+03 2.297605511628446340e-02 8.455311684522169458e+01
1.247026852521754108e+03 2.313356621360603688e-02 8.431895204781226028e+01
1.243518490878704824e+03 2.329107731092760689e-02 8.408173071087917094e+01
1.239966547352505813e+03 2.344858840824918036e-02 8.384156254188062007e+01
1.236372606097275593e+03 2.360609950557075037e-02 8.359855465496175952e+01
1.232738213728468736e+03 2.376361060289232385e-02 8.335281162605373595e+01
1.229064880123142984e+03 2.392112170021389733e-02 8.310443554698473179e+01
1.225354079205667858e+03 2.407863279753546734e-02 8.285352607860659191e+01
1.221607249719047786e+03 2.423614389485704082e-02 8.260018050294814884e+01
1.217825795981845886e+03 2.439365499217861083e-02 8.234449377439585760e+01
1.214011088630939412e+03 2.455116608950018431e-02 8.208655856991559574e+01
1.210164465350192813e+03 2.470867718682175432e-02 8.182646533832290459e+01
1.206287231585185054e+03 2.486618828414332780e-02 8.156430234860965811e+01
1.202380661244145813e+03 2.502369938146489781e-02 8.130015573733868450e+01
1.198445997385254259e+03 2.518121047878647129e-02 8.103410955511634484e+01
1.194484452890495049e+03 2.533872157610804476e-02 8.076624581215573073e+01
1.190497211126167031e+03 2.549623267342961477e-02 8.049664452293767170e+01
1.186485426590314319e+03 2.565374377075118825e-02 8.022538374998745780e+01
1.182450225547176615e+03 2.581125486807275826e-02 7.995253964677382896e+01
1.178392706648860894e+03 2.596876596539433174e-02 7.967818649974388734e+01
1.174313941544493673e+03 2.612627706271590175e-02 7.940239676951158287e+01
1.170214975476896370e+03 2.628378816003747523e-02 7.912524113120237246e+01
1.166096827867102775e+03 2.644129925735904524e-02 7.884678851397620747e+01
1.161960492886890961e+03 2.659881035468061872e-02 7.856710613973953627e+01
1.157806940019406738e+03 2.675632145200219220e-02 7.828625956105261707e+01
1.153637119145362703e+03 2.691383254932376221e-02 7.800431300503782950e+01
1.149452188006181132e+03 2.707134364664533568e-02 7.772134475352467575e+01
1.145253604700515780e+03 2.722885474396690569e-02 7.743745339729346711e+01
1.141042803398006072e+03 2.738636584128847917e-02 7.715273590914057422e+01
1.136821168187943613e+03 2.754387693861004918e-02 7.686728587563021620e+01
1.132590034542103240e+03 2.770138803593162266e-02 7.658119359600527787e+01
1.128350690741470089e+03 2.785889913325319267e-02 7.629454617865664545e+01
1.124104379267346530e+03 2.801641023057476615e-02 7.600742763518448442e+01
1.119852298157352607e+03 2.817392132789633963e-02 7.571991897208555145e+01
1.115595602326846574e+03 2.833143242521790964e-02 7.543209828010228080e+01
1.111335404856346941e+03 2.848894352253948312e-02 7.514404082127300910e+01
1.107072778245513746e+03 2.864645461986105313e-02 7.485581911372133845e+01
1.102808755634284125e+03 2.880396571718262660e-02 7.456750301422438554e+01
1.098544331991763329e+03 2.896147681450419661e-02 7.427915979860065931e+01
1.094280465273468963e+03 2.911898791182577009e-02 7.399085423995845190e+01
1.090018077547581925e+03 2.927649900914734010e-02 7.370264868484832732e+01
1.085758056090749278e+03 2.943401010646891358e-02 7.341460312735695481e+01
1.081501254454160971e+03 2.959152120379048706e-02 7.312677528119093040e+01
1.077248493500448603e+03 2.974903230111205707e-02 7.283922064978766286e+01
1.073000562412083809e+03 2.990654339843363055e-02 7.255199259449925364e+01
1.068758219671860388e+03 3.006405449575520056e-02 7.226514240088881991e+01
1.064522194016117737e+03 3.022156559307677404e-02 7.197871934318352771e+01
1.060293185361307224e+03 3.037907669039834405e-02 7.169277074692544716e+01
1.056071865704530865e+03 3.053658778771991752e-02 7.140734204986216582e+01
1.051858879998646898e+03 3.069409888504148753e-02 7.112247686111807354e+01
1.047654847002566157e+03 3.085160998236306101e-02 7.083821701868794207e+01
1.043460360107315410e+03 3.100912107968463102e-02 7.055460264529205006e+01
1.039275988138490902e+03 3.116663217700620450e-02 7.027167220263474690e+01
1.035102276135643251e+03 3.132414327432777451e-02 6.998946254410347478e+01
1.030939746109221005e+03 3.148165437164934799e-02 6.970800896595017093e+01
1.026788897775595615e+03 3.163916546897092147e-02 6.942734525699080450e+01
1.022650209270739765e+03 3.179667656629248801e-02 6.914750374686126122e+01
1.018524137843129438e+03 3.195418766361406149e-02 6.886851535286878345e+01
1.014411120526379818e+03 3.211169876093563497e-02 6.859040962547288700e+01
1.010311574792154829e+03 3.226920985825720151e-02 6.831321479243227657e+01
1.006225899183880301e+03 3.242672095557877499e-02 6.803695780165425333e+01
1.002154473931761231e+03 3.258423205290034846e-02 6.776166436277968330e+01
9.980976615496031172e+02 3.274174315022192194e-02 6.748735898753739093e+01
9.940558074139197515e+02 3.289925424754349542e-02 6.721406502890150136e+01
9.900292403770793044e+02 3.305676534486506196e-02 6.694180472254960534e+01
9.860183290144406101e+02 3.321427644218663544e-02 6.667060299006848823e+01
9.820235843877076150e+02 3.337178753950820892e-02 6.640049438739998777e+01
9.780455217764369991e+02 3.352929863682978240e-02 6.613151375568011758e+01
9.740846315206538293e+02 3.368680973415134894e-02 6.586369424973392483e+01
9.701413798608723482e+02 3.384432083147292242e-02 6.559706739487413074e+01
9.662162097535467637e+02 3.400183192879449590e-02 6.533166314203883474e+01
9.623095416626462111e+02 3.415934302611606938e-02 6.506750992131448186e+01
9.584217743278148873e+02 3.431685412343764285e-02 6.480463469387588304e+01
9.545532855098128948e+02 3.447436522075920939e-02 6.454306300238987149e+01
9.507044327137072059e+02 3.463187631808078287e-02 6.428281901991454106e+01
9.468755538904081277e+02 3.478938741540235635e-02 6.402392559733446831e+01
9.430669681171293632e+02 3.494689851272392983e-02 6.376640430937047910e+01
9.392789762572317613e+02 3.510440961004549637e-02 6.351027549919587756e+01
9.355118616001009286e+02 3.526192070736706985e-02 6.325555832170213222e+01
9.317658904814804828e+02 3.541943180468864333e-02 6.300227078544359927e+01
9.280413128848307451e+02 3.557694290201021681e-02 6.275042979329882087e+01
9.243383630242013851e+02 3.573445399933179029e-02 6.250005118188201436e+01
9.206572599091430220e+02 3.589196509665335683e-02 6.225114975974022258e+01
9.169982078920910453e+02 3.604947619397493030e-02 6.200373934436517942e+01
9.133613971987726927e+02 3.620698729129650378e-02 6.175783279805722970e+01
9.097470044420304021e+02 3.636449838861807726e-02 6.151344206266816883e+01
9.061551931195979250e+02 3.652200948593964380e-02 6.127057819325867172e+01
9.025861140961994806e+02 3.667952058326121728e-02 6.102925139069608917e+01
8.990399060704812655e+02 3.683703168058279076e-02 6.078947103322627754e+01
8.955166960271560583e+02 3.699454277790436424e-02 6.055124570704605702e+01
8.920165996748145290e+02 3.715205387522593772e-02 6.031458323590597814e+01
8.885397218697936523e+02 3.730956497254750426e-02 6.007949070977087302e+01
8.850861570264978582e+02 3.746707606986907774e-02 5.984597451256390599e+01
8.816559895146008330e+02 3.762458716719065122e-02 5.961404034902385973e+01
8.782492940434492539e+02 3.778209826451222469e-02 5.938369327069698045e+01
8.748661360341136515e+02 3.793960936183379123e-02 5.915493770109358707e+01
8.715065719793888093e+02 3.809712045915536471e-02 5.892777746002978745e+01
8.681706497921231858e+02 3.825463155647693819e-02 5.870221578718008004e+01
8.648584091422184201e+02 3.841214265379851167e-02 5.847825536486409703e+01
8.615698817826681761e+02 3.856965375112008515e-02 5.825589834009186774e+01
8.583050918648805236e+02 3.872716484844165169e-02 5.803514634588465526e+01
8.550640562437022254e+02 3.888467594576322517e-02 5.781600052189958205e+01
8.518467847723920841e+02 3.904218704308479865e-02 5.759846153437447924e+01
8.486532805878488261e+02 3.919969814040637213e-02 5.738252959541387099e+01
8.454835403864417458e+02 3.935720923772793867e-02 5.716820448163944945e+01
8.423375546906328282e+02 3.951472033504951215e-02 5.695548555221816400e+01
8.392153081067910989e+02 3.967223143237108562e-02 5.674437176629446355e+01
8.361167795743657507e+02 3.982974252969265910e-02 5.653486169983838749e+01
8.330419426067162476e+02 3.998725362701423258e-02 5.632695356192957092e+01
8.299907655239035194e+02 4.014476472433579912e-02 5.612064521049767762e+01
8.269632116775979966e+02 4.030227582165737260e-02 5.591593416752969858e+01
8.239592396684331561e+02 4.045978691897894608e-02 5.571281763376656926e+01
8.209788035559944319e+02 4.061729801630051956e-02 5.551129250290185269e+01
8.180218493669673308e+02 4.077480911362208610e-02 5.531135512547652411e+01
8.150882942049015583e+02 4.093232021094365958e-02 5.511299989636527386e+01
8.121780419920761460e+02 4.108983130826523306e-02 5.491622031917811597e+01
8.092909942548194522e+02 4.124734240558680654e-02 5.472100973552051073e+01
8.064270502894244146e+02 4.140485350290838001e-02 5.452736133621183257e+01
8.035861072882539702e+02 4.156236460022994655e-02 5.433526816981220264e+01
8.007680604613007063e+02 4.171987569755152003e-02 5.414472315084178433e+01
7.979728031532770274e+02 4.187738679487309351e-02 5.395571906769801984e+01
7.952002269564483186e+02 4.203489789219466699e-02 5.376824859028484838e+01
7.924502218192779992e+02 4.219240898951623353e-02 5.358230427735895063e+01
7.897226761511006998e+02 4.234992008683780701e-02 5.339787858360729444e+01
7.870174769228943887e+02 4.250743118415938049e-02 5.321496386646096255e+01
7.843345097643169765e+02 4.266494228148095397e-02 5.303355239265633969e+01
7.816736590571176748e+02 4.282245337880252745e-02 5.285363634455114834e+01
7.790348080250390694e+02 4.297996447612409399e-02 5.267520782620353259e+01
7.764178388203423538e+02 4.313747557344566746e-02 5.249825886922221230e+01
7.738226326070614505e+02 4.329498667076724094e-02 5.232278143839599238e+01
7.712490696410806095e+02 4.345249776808881442e-02 5.214876743710826190e+01
7.686970293471845252e+02 4.361000886541038096e-02 5.197620871254675023e+01
7.661663903931201958e+02 4.376751996273195444e-02 5.180509706071136122e+01
7.636570307608335497e+02 4.392503106005352792e-02 5.163542423123090686e+01
7.611688278149281359e+02 4.408254215737510140e-02 5.146718193199191660e+01
7.587016583684840043e+02 4.424005325469667488e-02 5.130036183358913604e+01
7.562553987462714531e+02 4.439756435201824142e-02 5.113495557359986776e+01
7.538299248454944745e+02 4.455507544933981490e-02 5.097095476069091546e+01
7.514251121941416613e+02 4.471258654666138838e-02 5.080835097856439830e+01
7.490408360069914124e+02 4.487009764398296185e-02 5.064713578974426866e+01
7.466769712393922873e+02 4.502760874130452839e-02 5.048730073921297645e+01
7.443333926388779673e+02 4.518511983862610187e-02 5.032883735790130686e+01
7.420099747946753723e+02 4.534263093594767535e-02 5.017173716603599587e+01
7.397065921852092742e+02 4.550014203326924883e-02 5.001599167635178844e+01
7.374231192236568404e+02 4.565765313059082231e-02 4.986159239717169811e+01
7.351594303015911009e+02 4.581516422791238885e-02 4.970853083535781280e+01
7.329153998308471500e+02 4.597267532523396233e-02 4.955679849914238844e+01
7.306909022835886844e+02 4.613018642255553581e-02 4.940638690083682860e+01
7.284858122307185795e+02 4.628769751987710929e-02 4.925728755942881776e+01
7.263000043786158813e+02 4.644520861719867583e-02 4.910949200306654205e+01
7.241333536043219965e+02 4.660271971452024931e-02 4.896299177143752956e+01
7.219857349891844933e+02 4.676023081184182278e-02 4.881777841804375129e+01
7.198570238510283161e+02 4.691774190916339626e-02 4.867384351237681983e+01
7.177470957749145555e+02 4.707525300648496974e-02 4.853117864199780485e+01
7.156558266425188322e+02 4.723276410380653628e-02 4.838977541452361919e+01
7.135830926601871624e+02 4.739027520112810976e-02 4.824962545952412540e+01
7.115287703857324004e+02 4.754778629844968324e-02 4.811072043033392021e+01
7.094927367539578427e+02 4.770529739577125672e-02 4.797305200577820727e+01
7.074748691010350967e+02 4.786280849309282326e-02 4.783661189182111428e+01
7.054750451877116575e+02 4.802031959041439674e-02 4.770139182313487680e+01
7.034931432214142433e+02 4.817783068773597022e-02 4.756738356459435124e+01
7.015290418772876819e+02 4.833534178505754370e-02 4.743457891269969906e+01
6.995826203182112977e+02 4.849285288237911717e-02 4.730296969692963671e+01
6.976537582138089419e+02 4.865036397970068371e-02 4.717254778102697799e+01
6.957423357585099666e+02 4.880787507702225719e-02 4.704330506421974434e+01
6.938482336886854682e+02 4.896538617434383067e-02 4.691523348237995350e+01
6.919713332989035734e+02 4.912289727166540415e-02 4.678832500912253067e+01
6.901115164573142238e+02 4.928040836898697069e-02 4.666257165684581310e+01
6.882686656202060931e+02 4.943791946630854417e-02 4.653796547771568726e+01
6.864426638457864556e+02 4.959543056363011765e-02 4.641449856459737333e+01
6.846333948071801387e+02 4.975294166095169113e-02 4.629216305193433811e+01
6.828407428046763243e+02 4.991045275827326461e-02 4.617095111657634021e+01
6.810645914255442221e+02 5.006796385559483115e-02 4.605085488716170516e+01
6.793047813146814633e+02 5.022547495291640463e-02 4.593186358873775532e+01
6.775611032749754941e+02 5.038298605023797810e-02 4.581396307623516151e+01
6.758333485148990576e+02 5.054049714755955158e-02 4.569713923200865935e+01
6.741213116921147730e+02 5.069800824488111812e-02 4.558137817163333239e+01
6.724247908441761865e+02 5.085551934220269160e-02 4.546666623921891670e+01
6.707435873208628436e+02 5.101303043952426508e-02 4.535299000283458781e+01
6.690775057180688918e+02 5.117054153684583856e-02 4.524033625003875159e+01
6.674263538133134261e+02 5.132805263416741204e-02 4.512869198351862821e+01
6.657899425026862446e+02 5.148556373148897858e-02 4.501804441682646996e+01
6.641680857392897224e+02 5.164307482881055206e-02 4.490838097021769215e+01
6.625606004731155281e+02 5.180058592613212554e-02 4.479968926658516892e+01
6.609673065923028616e+02 5.195809702345369901e-02 4.469195712748754801e+01
6.593880268657387660e+02 5.211560812077526555e-02 4.458517256926817396e+01
6.578225868869940314e+02 5.227311921809683903e-02 4.447932379926407975e+01
6.562708150195277312e+02 5.243063031541841251e-02 4.437439921210106775e+01
6.547325423266478310e+02 5.258814141273998599e-02 4.427038738495787840e+01
6.532075979726865853e+02 5.274565251006155947e-02 4.416727676661216861e+01
6.516958031552686634e+02 5.290316360738312601e-02 4.406505526716471621e+01
6.501969805103666431e+02 5.306067470470469949e-02 4.396371089397172938e+01
6.487109556280371407e+02 5.321818580202627297e-02 4.386323185413257164e+01
6.472375569931552945e+02 5.337569689934784645e-02 4.376360655048279824e+01
6.457766159275458904e+02 5.353320799666941299e-02 4.366482357768097700e+01
6.443279665334679294e+02 5.369071909399098647e-02 4.356687171838753869e+01
6.428914456384313780e+02 5.384823019131255994e-02 4.346973993953344007e+01
6.414668927412743642e+02 5.400574128863413342e-02 4.337341738867412744e+01
6.400541499595199184e+02 5.416325238595570690e-02 4.327789339043001604e+01
6.386530619779368863e+02 5.432076348327727344e-02 4.318315744300839754e+01
6.372634759982823880e+02 5.447827458059884692e-02 4.308919921480514859e+01
6.358852416902070672e+02 5.463578567792042040e-02 4.299600854108528836e+01
6.345182111432770853e+02 5.479329677524199388e-02 4.290357542073876829e+01
6.331622388201024023e+02 5.495080787256356042e-02 4.281189001311125253e+01
6.318171815105147289e+02 5.510831896988513390e-02 4.272094263490576083e+01
6.304828982778085447e+02 5.526583006720670738e-02 4.263072375654780188e+01
6.291592372262554136e+02 5.542334116452828086e-02 4.254122310745774627e+01
6.278460095807738526e+02 5.558085226184985433e-02 4.245242792342197191e+01
6.265430227150286555e+02 5.573836335917142087e-02 4.236432517982064638e+01
6.252500875884113611e+02 5.589587445649299435e-02 4.227690209448632430e+01
6.239670186703808668e+02 5.605338555381456783e-02 4.219014612258832386e+01
6.226936338667044311e+02 5.621089665113614131e-02 4.210404495164522132e+01
6.214297544475397217e+02 5.636840774845770785e-02 4.201858649666225887e+01
6.201752049773232329e+02 5.652591884577928133e-02 4.193375889539058221e+01
6.189298132463785578e+02 5.668342994310085481e-02 4.184955050370285079e+01
6.176934102042379209e+02 5.684094104042242829e-02 4.176594989108477307e+01
6.164658298945971637e+02 5.699845213774400177e-02 4.168294583623693939e+01
6.152469093918616636e+02 5.715596323506556831e-02 4.160052732278439436e+01
6.140364887392526043e+02 5.731347433238714179e-02 4.151868353509158993e+01
6.128344108884177786e+02 5.747098542970871526e-02 4.143740385417909522e+01
6.116405216405011060e+02 5.762849652703028874e-02 4.135667785373898653e+01
6.104546695886371026e+02 5.778600762435185528e-02 4.127649529624656566e+01
6.092767060618456298e+02 5.794351872167342876e-02 4.119684612916668698e+01
6.081064850472102989e+02 5.810102981899500224e-02 4.111772047969182609e+01
6.069438503759461128e+02 5.825854091631657572e-02 4.103910778831536277e+01
6.057886149284393014e+02 5.841605201363814920e-02 4.096099540275982775e+01
6.046405896738419870e+02 5.857356311095971574e-02 4.088337054151784145e+01
6.034995892617098434e+02 5.873107420828128922e-02 4.080622067193598212e+01
6.023654319471052077e+02 5.888858530560286270e-02 4.072953350515089710e+01
6.012379395176002390e+02 5.904609640292443618e-02 4.065329699115326889e+01
6.001169372220990681e+02 5.920360750024600272e-02 4.057749931397518850e+01
5.990022537014727959e+02 5.936111859756757619e-02 4.050212888699991254e+01
5.978937209209009325e+02 5.951862969488914967e-02 4.042717434838718304e+01
5.967911741039322351e+02 5.967614079221072315e-02 4.035262455661449366e+01
5.956944516681295454e+02 5.983365188953229663e-02 4.027846858612581116e+01
5.946033951623531948e+02 5.999116298685386317e-02 4.020469572309082196e+01
5.935178492055308652e+02 6.014867408417543665e-02 4.013129546126496905e+01
5.924376614269639276e+02 6.030618518149701013e-02 4.005825749795292978e+01
5.913626824080621418e+02 6.046369627881858361e-02 3.998557173006918930e+01
5.902927656254862541e+02 6.062120737614015015e-02 3.991322825029346433e+01
5.892277673956632498e+02 6.077871847346172363e-02 3.984121734331914411e+01
5.881675468206324240e+02 6.093622957078329710e-02 3.976952948219141604e+01
5.871119655931752277e+02 6.109374066810487058e-02 3.969815531513111750e+01
5.860608726063692302e+02 6.125125176542643712e-02 3.962708462489452899e+01
5.850140906526997924e+02 6.140876286274801060e-02 3.955630542942053296e+01
5.839714428925498169e+02 6.156627396006958408e-02 3.948580577152377202e+01
5.829327560705262385e+02 6.172378505739115756e-02 3.941557393636978901e+01
5.818978604484559582e+02 6.188129615471273104e-02 3.934559844694440756e+01
5.808665897400783251e+02 6.203880725203429758e-02 3.927586805963784400e+01
5.798387810473276431e+02 6.219631834935587106e-02 3.920637175993658730e+01
5.788142747982009269e+02 6.235382944667744454e-02 3.913709875822205220e+01
5.777929146861422396e+02 6.251134054399902495e-02 3.906803848567214033e+01
5.767745476109097353e+02 6.266885164132059149e-02 3.899918059026277461e+01
5.757590236208646957e+02 6.282636273864215803e-02 3.893051493286588993e+01
5.747461958566432259e+02 6.298387383596373845e-02 3.886203158344047637e+01
5.737359204961920796e+02 6.314138493328530499e-02 3.879372081731648336e+01
5.727280567010818686e+02 6.329889603060687153e-02 3.872557311156437976e+01
5.717224665641158481e+02 6.345640712792845195e-02 3.865757914145289931e+01
5.707190150581395756e+02 6.361391822525001849e-02 3.858972977698762463e+01
5.697175699860576970e+02 6.377142932257158503e-02 3.852201607953145412e+01
5.687180019319974917e+02 6.392894041989316545e-02 3.845442929850231906e+01
5.677201842136023515e+02 6.408645151721473199e-02 3.838696086814761088e+01
5.667239924172611154e+02 6.424396261453631241e-02 3.831960237611812659e+01
5.657292900400135522e+02 6.440147371185787895e-02 3.825234459263146647e+01
5.647359252425428622e+02 6.455898480917944549e-02 3.818517725092223003e+01
5.637437483173289365e+02 6.471649590650102590e-02 3.811809022836862937e+01
5.627526127974762176e+02 6.487400700382259244e-02 3.805107362146691941e+01
5.617623754032844090e+02 6.503151810114417286e-02 3.798411774221863624e+01
5.607728959900722430e+02 6.518902919846573940e-02 3.791721311460278088e+01
5.597840374972073505e+02 6.534654029578730594e-02 3.785035047112936724e+01
5.587956658983031275e+02 6.550405139310888636e-02 3.778352074947189720e+01
5.578076501525653157e+02 6.566156249043045290e-02 3.771671508917765436e+01
5.568198621572128104e+02 6.581907358775203332e-02 3.764992482845063648e+01
5.558321767009928180e+02 6.597658468507359986e-02 3.758314150100830631e+01
5.548444714186915689e+02 6.613409578239516640e-02 3.751635683300591495e+01
5.538566267466844693e+02 6.629160687971674681e-02 3.744956274003092744e+01
5.528685258794238280e+02 6.644911797703831335e-02 3.738275132416087132e+01
5.518800547268696164e+02 6.660662907435987989e-02 3.731591487108504168e+01
5.508911018728484805e+02 6.676414017168146031e-02 3.724904584728886903e+01
5.499015585342726808e+02 6.692165126900302685e-02 3.718213689729643789e+01
5.489113185212185044e+02 6.707916236632460727e-02 3.711518084097117054e+01
5.479202781978423218e+02 6.723667346364617381e-02 3.704817067087321192e+01
5.469283364440841524e+02 6.739418456096774035e-02 3.698109954966983537e+01
5.459353941510553341e+02 6.755169565828932077e-02 3.691396077601567072e+01
5.449413463308926566e+02 6.770920675561088731e-02 3.684674725105264059e+01
5.439460834258982231e+02 6.786671785293246772e-02 3.677945156692886286e+01
5.429494983497795602e+02 6.802422895025403426e-02 3.671206648289886942e+01
5.419514866879422925e+02 6.818174004757560080e-02 3.664458493886680657e+01
5.409519466590463708e+02 6.833925114489718122e-02 3.657700005278684330e+01
5.399507790772895532e+02 6.849676224221874776e-02 3.650930511811300505e+01
5.389478873154512257e+02 6.865427333954032818e-02 3.644149360130035831e+01
5.379431772686533577e+02 6.881178443686189472e-02 3.637355913935465423e+01
5.369365573188057397e+02 6.896929553418346126e-02 3.630549553742825708e+01
5.359279382997369794e+02 6.912680663150504168e-02 3.623729676646242837e+01
5.349172334629633951e+02 6.928431772882660822e-02 3.616895696087279077e+01
5.339043584440987615e+02 6.944182882614817476e-02 3.610047041627803566e+01
5.328892312298619345e+02 6.959933992346975518e-02 3.603183158726920965e+01
5.318717721256916775e+02 6.975685102079132172e-02 3.596303508521983616e+01
5.308519037239248064e+02 6.991436211811290213e-02 3.589407567613431382e+01
5.298295508725306036e+02 7.007187321543446867e-02 3.582494827853392394e+01
5.288046406443758087e+02 7.022938431275603521e-02 3.575564796137850010e+01
5.277771023070285992e+02 7.038689541007761563e-02 3.568616994202480441e+01
5.267468672930531284e+02 7.054440650739918217e-02 3.561650958421800084e+01
5.257138691707874614e+02 7.070191760472076259e-02 3.554666239611562872e+01
5.246780436156103633e+02 7.085942870204232913e-02 3.547662402834490081e+01
5.236393285972044396e+02 7.101693979936389567e-02 3.540639028666467425e+01
5.225976670116256173e+02 7.117445089668547609e-02 3.533595730993539519e+01
5.215530057623027460e+02 7.133196199400704263e-02 3.526532150797992671e+01
5.205052936850000833e+02 7.148947309132862304e-02 3.519447942127800388e+01
5.194544814773207690e+02 7.164698418865018958e-02 3.512342771619930204e+01
5.184005216737348292e+02 7.180449528597175612e-02 3.505216318331522274e+01
5.173433686209589268e+02 7.196200638329333654e-02 3.498068273573388609e+01
5.162829784536965008e+02 7.211951748061490308e-02 3.490898340745994943e+01
5.152193090706956582e+02 7.227702857793646962e-02 3.483706235177568544e+01
5.141523201111457411e+02 7.243453967525805004e-02 3.476491683964506052e+01
5.130819729313791413e+02 7.259205077257961658e-02 3.469254425813829101e+01
5.120082305818867781e+02 7.274956186990119700e-02 3.461994210887785073e+01
5.109310577846313208e+02 7.290707296722276354e-02 3.454710800650441627e+01
5.098504209106399117e+02 7.306458406454433008e-02 3.447403967716178386e+01
5.087662879578909951e+02 7.322209516186591050e-02 3.440073495700163164e+01
5.076786285294672325e+02 7.337960625918747704e-02 3.432719179070640791e+01
5.065874138119770009e+02 7.353711735650905745e-02 3.425340823003018187e+01
5.054926165542267427e+02 7.369462845383062399e-02 3.417938243235658291e+01
5.043942110461546804e+02 7.385213955115219053e-02 3.410511265927440405e+01
5.032921730980017401e+02 7.400965064847377095e-02 3.403059727516919253e+01
5.021864800197192267e+02 7.416716174579533749e-02 3.395583474583089156e+01
5.010771106006105811e+02 7.432467284311691791e-02 3.388082363707732725e+01
4.999640450892025569e+02 7.448218394043848445e-02 3.380556261339312840e+01
4.988472660165353432e+02 7.463969503776005099e-02 3.373005049359729668e+01
4.977267710792899607e+02 7.479720613508163141e-02 3.365428712194868410e+01
4.966025702517498530e+02 7.495471723240319795e-02 3.357827317286828617e+01
4.954746746610391597e+02 7.511222832972476449e-02 3.350200939872760841e+01
4.943430962399846180e+02 7.526973942704634490e-02 3.342549660637650533e+01
4.932078477138705352e+02 7.542725052436791144e-02 3.334873565624766201e+01
4.920689425873548544e+02 7.558476162168949186e-02 3.327172746147184057e+01
4.909263951314578662e+02 7.574227271901105840e-02 3.319447298699816429e+01
4.897802203707085482e+02 7.589978381633262494e-02 3.311697324872500303e+01
4.886304340703749176e+02 7.605729491365420536e-02 3.303922931263652885e+01
4.874770527238268301e+02 7.621480601097577190e-02 3.296124229394822436e+01
4.863200935400000731e+02 7.637231710829735232e-02 3.288301335625929056e+01
4.851595744309781821e+02 7.652982820561891886e-02 3.280454371071291320e+01
4.839955139996768025e+02 7.668733930294048540e-02 3.272583461516363457e+01
4.828279315276396915e+02 7.684485040026206581e-02 3.264688737335204394e+01
4.816568469629385163e+02 7.700236149758363235e-02 3.256770333408675810e+01
4.804822809081817354e+02 7.715987259490521277e-02 3.248828389043343634e+01
4.793042546086173843e+02 7.731738369222677931e-02 3.240863047891052418e+01
4.781227899403526749e+02 7.747489478954834585e-02 3.232874457869263551e+01
4.769379093986628391e+02 7.763240588686992627e-02 3.224862771081998147e+01
4.757496360864033136e+02 7.778991698419149281e-02 3.216828143741496859e+01
4.745579937025219124e+02 7.794742808151305935e-02 3.208770736090534115e+01
4.733630065306745678e+02 7.810493917883463977e-02 3.200690712325449994e+01
4.721646994279251430e+02 7.826245027615620631e-02 3.192588240519733489e+01
4.709630981143099007e+02 7.841996137347778673e-02 3.184463494581951437e+01
4.697582452399785780e+02 7.857747247079935327e-02 3.176316762895302759e+01
4.685502080268006466e+02 7.873498356812091981e-02 3.168148499987095335e+01
4.673390553055541545e+02 7.889249466544250022e-02 3.159959171263432864e+01
4.661248554786167233e+02 7.905000576276406676e-02 3.151749239233744149e+01
4.649076765189822140e+02 7.920751686008564718e-02 3.143519163504140579e+01
4.636875859693283815e+02 7.936502795740721372e-02 3.135269400771107939e+01
4.624646509411594479e+02 7.952253905472878026e-02 3.127000404815708379e+01
4.612389381139876718e+02 7.968005015205036068e-02 3.118712626498049545e+01
4.600105137345935304e+02 7.983756124937192722e-02 3.110406513752278101e+01
4.587794436163255796e+02 7.999507234669350764e-02 3.102082511581849644e+01
4.575457931384676158e+02 8.015258344401507418e-02 3.093741062055249103e+01
4.563096272456559745e+02 8.031009454133664072e-02 3.085382604302046161e+01
4.550710104473574233e+02 8.046760563865822113e-02 3.077007574509372034e+01
4.538300068173883233e+02 8.062511673597978767e-02 3.068616405918661272e+01
4.525866799935047311e+02 8.078262783330135421e-02 3.060209528822888103e+01
4.513410931770318371e+02 8.094013893062293463e-02 3.051787370564052182e+01
4.500933091325491091e+02 8.109765002794450117e-02 3.043350355531055840e+01
4.488433901876242658e+02 8.125516112526608159e-02 3.034898905157901439e+01
4.475913982326021028e+02 8.141267222258764813e-02 3.026433437922270642e+01
4.463373947204396472e+02 8.157018331990921467e-02 3.017954369344396781e+01
4.450814406665899128e+02 8.172769441723079509e-02 3.009462111986292499e+01
4.438235966489275484e+02 8.188520551455236163e-02 3.000957075451239220e+01
4.425639228077414487e+02 8.204271661187394205e-02 2.992439666383738484e+01
4.413024788457427690e+02 8.220022770919550859e-02 2.983910288469568073e+01
4.400393240281523504e+02 8.235773880651707513e-02 2.975369342436369280e+01
4.387745230821137170e+02 8.251524990383865554e-02 2.966817265943117121e+01
4.375081744285320156e+02 8.267276100116022208e-02 2.958254724472479680e+01
4.362403874667795662e+02 8.283027209848178862e-02 2.949682457739115904e+01
4.349712699821120054e+02 8.298778319580336904e-02 2.941101194543674424e+01
4.337009281422393769e+02 8.314529429312493558e-02 2.932511652749609965e+01
4.324294665113239944e+02 8.330280539044651600e-02 2.923914539377833322e+01
4.311569880640354313e+02 8.346031648776808254e-02 2.915310550701741832e+01
4.298835941996469501e+02 8.361782758508964908e-02 2.906700372342533001e+01
4.286093847561881489e+02 8.377533868241122950e-02 2.898084679364902883e+01
4.273344580246352962e+02 8.393284977973279604e-02 2.889464136372994574e+01
4.260589107631256525e+02 8.409036087705437645e-02 2.880839397606508001e+01
4.247828382112124928e+02 8.424787197437594299e-02 2.872211107037085753e+01
4.235063341041343961e+02 8.440538307169750953e-02 2.863579898464800522e+01
4.222294906870990872e+02 8.456289416901908995e-02 2.854946395614733845e+01
4.209523987295940515e+02 8.472040526634065649e-02 2.846311212233738530e+01
4.196751475396856677e+02 8.487791636366223691e-02 2.837674952187123978e+01
4.183978249783403953e+02 8.503542746098380345e-02 2.829038209555490013e+01
4.171205174737256129e+02 8.519293855830536999e-02 2.820401568731427489e+01
4.158433100355227907e+02 8.535044965562695041e-02 2.811765604516288874e+01
4.145662862692166186e+02 8.550796075294851695e-02 2.803130882216818520e+01
4.132895283903715153e+02 8.566547185027008349e-02 2.794497957741671712e+01
4.120131172389017706e+02 8.582298294759166390e-02 2.785867377697910996e+01
4.107371322933054785e+02 8.598049404491323044e-02 2.777239679487250967e+01
4.094616516848764149e+02 8.613800514223481086e-02 2.768615391402150294e+01
4.081867522118922693e+02 8.629551623955637740e-02 2.759995032721746711e+01
4.069125093537601288e+02 8.645302733687794394e-02 2.751379113807503884e+01
4.056389972936464119e+02 8.661053843419952436e-02 2.742768136256226086e+01
4.043663003133464144e+02 8.676804953152109090e-02 2.734162669947597379e+01
4.030945348477528114e+02 8.692556062884267132e-02 2.725563502167642937e+01
4.018238212196742438e+02 8.708307172616423786e-02 2.716971446490910580e+01
4.005542773188107617e+02 8.724058282348580440e-02 2.708387300040253365e+01
3.992860186316480622e+02 8.739809392080738482e-02 2.699811843688944535e+01
3.980191582713343905e+02 8.755560501812895136e-02 2.691245842262708621e+01
3.967538070074969596e+02 8.771311611545053177e-02 2.682690044741316626e+01
3.954900732960110190e+02 8.787062721277209831e-02 2.674145184459879943e+01
3.942280633086963348e+02 8.802813831009366485e-02 2.665611979309641200e+01
3.929678809629371585e+02 8.818564940741524527e-02 2.657091131938255657e+01
3.917096279512212504e+02 8.834316050473681181e-02 2.648583329949520859e+01
3.904534037705657283e+02 8.850067160205837835e-02 2.640089246102345300e+01
3.891993057518561727e+02 8.865818269937995877e-02 2.631609538509121293e+01
3.879474290890523775e+02 8.881569379670152531e-02 2.623144850833210029e+01
3.866978668682817215e+02 8.897320489402310573e-02 2.614695812485651771e+01
3.854507100967936708e+02 8.913071599134467227e-02 2.606263038820949873e+01
3.842060477317780283e+02 8.928822708866623881e-02 2.597847131331929305e+01
3.829639667090358444e+02 8.944573818598781922e-02 2.589448677843594737e+01
3.817245519714903139e+02 8.960324928330938576e-02 2.581068252705906119e+01
3.804878864975469241e+02 8.976076038063096618e-02 2.572706416985549183e+01
3.792540513292776154e+02 8.991827147795253272e-02 2.564363718656493063e+01
3.780231256004292391e+02 9.007578257527409926e-02 2.556040692789384039e+01
3.767951865642672260e+02 9.023329367259567968e-02 2.547737861739802767e+01
3.755703096212138234e+02 9.039080476991724622e-02 2.539455735335152298e+01
3.743485683463144937e+02 9.054831586723882664e-02 2.531194811060366234e+01
3.731300345164971759e+02 9.070582696456039318e-02 2.522955574242232046e+01
3.719147781376377111e+02 9.086333806188195972e-02 2.514738498232388864e+01
3.707028674714183580e+02 9.102084915920354014e-02 2.506544044588945752e+01
3.694943745275754736e+02 9.117836025652510668e-02 2.498372700212844677e+01
3.682893945073528243e+02 9.133587135384667322e-02 2.490225108816697031e+01
3.670880273868083350e+02 9.149338245116825363e-02 2.482101946398487513e+01
3.658903706386282124e+02 9.165089354848982017e-02 2.474003872029413742e+01
3.646965192711759300e+02 9.180840464581140059e-02 2.465931528117905813e+01
3.635065658679361604e+02 9.196591574313296713e-02 2.457885540676335268e+01
3.623206006267047314e+02 9.212342684045453367e-02 2.449866519586007740e+01
3.611387113984879420e+02 9.228093793777611409e-02 2.441875058860177461e+01
3.599609837261486973e+02 9.243844903509768063e-02 2.433911736905358225e+01
3.587875008827375041e+02 9.259596013241926105e-02 2.425977116780504872e+01
3.576183439095464109e+02 9.275347122974082759e-02 2.418071746454315374e+01
3.564535916538431479e+02 9.291098232706239413e-02 2.410196159060377497e+01
3.552933208063040524e+02 9.306849342438397454e-02 2.402350873150271582e+01
3.541376059381299797e+02 9.322600452170554108e-02 2.394536392944537084e+01
3.529865195378261546e+02 9.338351561902712150e-02 2.386753208581358621e+01
3.518401320476663159e+02 9.354102671634868804e-02 2.379001796363127141e+01
3.506985118998128996e+02 9.369853781367025458e-02 2.371282619000665903e+01
3.495617255521009383e+02 9.385604891099183500e-02 2.363596125855190522e+01
3.484298375234735659e+02 9.401356000831340154e-02 2.355942753177902915e+01
3.473029104290757232e+02 9.417107110563496808e-02 2.348322924347293394e+01
3.461810050149827021e+02 9.432858220295654850e-02 2.340737050103943773e+01
3.450641801925907544e+02 9.448609330027811504e-02 2.333185528783079832e+01
3.439524930726324783e+02 9.464360439759969545e-02 2.325668746544560150e+01
3.428459989988340908e+02 9.480111549492126199e-02 2.318187077600452284e+01
3.417447515812143024e+02 9.495862659224282853e-02 2.310740884440194876e+01
3.406488027290080254e+02 9.511613768956440895e-02 2.303330518053203235e+01
3.395582026832291831e+02 9.527364878688597549e-02 2.295956318149053743e+01
3.384730000488553401e+02 9.543115988420755591e-02 2.288618613375104616e+01
3.373932418266480227e+02 9.558867098152912245e-02 2.281317721531643272e+01
3.363189735521264652e+02 9.574618207885068899e-02 2.274053950511581945e+01
3.352502443452178795e+02 9.590369317617226941e-02 2.266827632444156038e+01
3.341871089422665477e+02 9.606120427349383595e-02 2.259639137434564660e+01
3.331296208696724079e+02 9.621871537081541637e-02 2.252488827406847349e+01
3.320778319177634899e+02 9.637622646813698291e-02 2.245377052546418994e+01
3.310317921757491604e+02 9.653373756545854945e-02 2.238304151536416953e+01
3.299915500662750105e+02 9.669124866278012986e-02 2.231270451791339582e+01
3.289571523795572716e+02 9.684875976010169640e-02 2.224276269687856811e+01
3.279286443071093231e+02 9.700627085742326294e-02 2.217321910792843198e+01
3.269060694750486391e+02 9.716378195474484336e-02 2.210407670088606480e+01
3.258894699769966223e+02 9.732129305206640990e-02 2.203533832195322262e+01
3.248788864065566599e+02 9.747880414938799032e-02 2.196700671590648213e+01
3.238743578893839299e+02 9.763631524670955686e-02 2.189908452826563945e+01
3.228759221148355323e+02 9.779382634403112340e-02 2.183157430743380090e+01
3.218836153672124283e+02 9.795133744135270382e-02 2.176447850680982299e+01
3.208974725565833523e+02 9.810884853867427036e-02 2.169779948687245152e+01
3.199175272491978035e+02 9.826635963599585077e-02 2.163153951723681345e+01
3.189438116974966988e+02 9.842387073331741731e-02 2.156570077868353863e+01
3.179763568696938592e+02 9.858138183063898385e-02 2.150028536515899447e+01
3.170151924789751661e+02 9.873889292796056427e-02 2.143529528574955734e+01
3.160603470122674707e+02 9.889640402528213081e-02 2.137073246662695070e+01
3.151118477586190352e+02 9.905391512260371123e-02 2.130659875296710126e+01
3.141697208371729175e+02 9.921142621992527777e-02 2.124289591084167483e+01
3.132339912247330744e+02 9.936893731724684431e-02 2.117962562908192226e+01
3.123046827829440986e+02 9.952644841456842473e-02 2.111678952111649465e+01
3.113818182850668563e+02 9.968395951188999127e-02 2.105438912678194896e+01
3.104654194423634408e+02 9.984147060921155781e-02 2.099242591410667558e+01
3.095555069300907007e+02 9.999898170653313823e-02 2.093090128106859638e+01
3.086521004131106451e+02 1.001564928038547048e-01 2.086981655732676799e+01
3.077552185711076618e+02 1.003140039011762852e-01 2.080917300592652452e+01
3.068648791234307964e+02 1.004715149984978517e-01 2.074897182497910819e+01
3.059810988049902676e+02 1.006290260958194183e-01 2.068921414603202535e+01
3.051038883376641024e+02 1.007865371931409987e-01 2.062990069405563531e+01
3.042332481788387213e+02 1.009440482904625652e-01 2.057103149997657709e+01
3.033691771882851071e+02 1.011015593877841456e-01 2.051260648669714470e+01
3.025116736998139118e+02 1.012590704851057122e-01 2.045462554155629320e+01
3.016607355371976951e+02 1.014165815824272787e-01 2.039708851740625661e+01
3.008163600298246934e+02 1.015740926797488591e-01 2.033999523367097950e+01
2.999785440280751345e+02 1.017316037770704257e-01 2.028334547738581506e+01
2.991472839184135069e+02 1.018891148743920061e-01 2.022713900421798883e+01
2.983225756382215081e+02 1.020466259717135726e-01 2.017137553946956530e+01
2.975044146903622391e+02 1.022041370690351392e-01 2.011605477906217487e+01
2.966927961574787105e+02 1.023616481663567196e-01 2.006117639050387780e+01
2.958877147160408185e+02 1.025191592636782861e-01 2.000674001383892531e+01
2.950891646501266905e+02 1.026766703609998527e-01 1.995274526257961156e+01
2.942971398649645494e+02 1.028341814583214331e-01 1.989919172462193586e+01
2.935116339002206018e+02 1.029916925556429996e-01 1.984607896314404840e+01
2.927326399430393167e+02 1.031492036529645800e-01 1.979340651748798408e+01
2.919601508408531458e+02 1.033067147502861466e-01 1.974117390402583183e+01
2.911941591139454886e+02 1.034642258476077131e-01 1.968938061700916720e+01
2.904346569677877028e+02 1.036217369449292935e-01 1.963802612940323655e+01
2.896816363051430585e+02 1.037792480422508601e-01 1.958710989370539224e+01
2.889350887379405322e+02 1.039367591395724405e-01 1.953663134274791346e+01
2.881950055989369730e+02 1.040942702368940070e-01 1.948658989048659862e+01
2.874613779531468936e+02 1.042517813342155736e-01 1.943698493277360129e+01
2.867341966090665437e+02 1.044092924315371540e-01 1.938781584811629344e+01
2.860134521296769776e+02 1.045668035288587205e-01 1.933908199842133158e+01
2.852991348432491918e+02 1.047243146261803010e-01 1.929078272972520836e+01
2.845912348539328036e+02 1.048818257235018675e-01 1.924291737291022741e+01
2.838897420521444701e+02 1.050393368208234340e-01 1.919548524440692816e+01
2.831946461247625848e+02 1.051968479181450145e-01 1.914848564688341170e+01
2.825059365651242160e+02 1.053543590154665810e-01 1.910191786992128726e+01
2.818236026828241165e+02 1.055118701127881475e-01 1.905578119067823195e+01
2.811476336133296741e+02 1.056693812101097280e-01 1.901007487453817291e+01
2.804780171715338497e+02 1.058268923074312945e-01 1.896479809759306079e+01
2.798147215895107820e+02 1.059844034047528749e-01 1.891994871182318505e+01
2.791576992007042577e+02 1.061419145020744415e-01 1.887552349420731090e+01
2.785069023723572172e+02 1.062994255993960080e-01 1.883151922400952927e+01
2.778622839984739699e+02 1.064569366967175884e-01 1.878793271611141336e+01
2.772237974937397098e+02 1.066144477940391549e-01 1.874476082060090221e+01
2.765913967875217736e+02 1.067719588913607354e-01 1.870200042236669091e+01
2.759650363179378019e+02 1.069294699886823019e-01 1.865964844069709727e+01
2.753446710260221266e+02 1.070869810860038684e-01 1.861770182888565728e+01
2.747302563499538337e+02 1.072444921833254489e-01 1.857615757384086308e+01
2.741217482193657702e+02 1.074020032806470154e-01 1.853501269570131171e+01
2.735191030497330189e+02 1.075595143779685958e-01 1.849426424745630015e+01
2.729222777368315747e+02 1.077170254752901624e-01 1.845390931457117745e+01
2.723312296512692683e+02 1.078745365726117289e-01 1.841394501461751076e+01
2.717459166330913831e+02 1.080320476699333093e-01 1.837436849690828211e+01
2.711662969864576098e+02 1.081895587672548759e-01 1.833517694213811211e+01
2.705923294743881229e+02 1.083470698645764424e-01 1.829636756202786785e+01
2.700239733135766755e+02 1.085045809618980228e-01 1.825793759897404556e+01
2.694611881692756015e+02 1.086620920592195894e-01 1.821988432570284289e+01
2.689039341502455045e+02 1.088196031565411698e-01 1.818220504492870404e+01
2.683521718037740129e+02 1.089771142538627363e-01 1.814489708901754383e+01
2.678058621107543900e+02 1.091346253511843029e-01 1.810795781965390816e+01
2.672649664808366765e+02 1.092921364485058833e-01 1.807138462751320773e+01
2.667294467476320392e+02 1.094496475458274498e-01 1.803517493193734467e+01
2.661992651639905034e+02 1.096071586431490302e-01 1.799932618061550826e+01
2.656743843973323465e+02 1.097646697404705968e-01 1.796383584926845955e+01
2.651547675250461111e+02 1.099221808377921633e-01 1.792870144133735977e+01
2.646403780299380060e+02 1.100796919351137437e-01 1.789392048767608401e+01
2.641311797957540648e+02 1.102372030324353103e-01 1.785949054624846966e+01
2.636271371027484065e+02 1.103947141297568907e-01 1.782540920182862010e+01
2.631282146233124308e+02 1.105522252270784572e-01 1.779167406570539711e+01
2.626343774176672241e+02 1.107097363244000238e-01 1.775828277539113742e+01
2.621455909296022355e+02 1.108672474217216042e-01 1.772523299433355959e+01
2.616618209822726158e+02 1.110247585190431707e-01 1.769252241163153982e+01
2.611830337163156628e+02 1.111822696163647373e-01 1.766014873785082528e+01
2.607091837313938640e+02 1.113397807136863177e-01 1.762810890320277579e+01
2.602401998419362030e+02 1.114972918110078842e-01 1.759639809440470160e+01
2.597760082902377121e+02 1.116548029083294646e-01 1.756501132425655953e+01
2.593165363139572150e+02 1.118123140056510312e-01 1.753394367286078648e+01
2.588617121288763769e+02 1.119698251029725977e-01 1.750319028645659003e+01
2.584114649120160152e+02 1.121273362002941781e-01 1.747274637627828753e+01
2.579657247851042712e+02 1.122848472976157447e-01 1.744260721743751219e+01
2.575244227983948235e+02 1.124423583949373251e-01 1.741276814782909454e+01
2.570874909148183747e+02 1.125998694922588916e-01 1.738322456705941121e+01
2.566548619944632605e+02 1.127573805895804582e-01 1.735397193539703053e+01
2.562264697793853543e+02 1.129148916869020386e-01 1.732500577274562303e+01
2.558022488787196949e+02 1.130724027842236051e-01 1.729632165763730001e+01
2.553821347541154125e+02 1.132299138815451855e-01 1.726791522624772313e+01
2.549660637054576000e+02 1.133874249788667521e-01 1.723978217143072911e+01
2.545539728568965074e+02 1.135449360761883186e-01 1.721191824177364538e+01
2.541458001431488185e+02 1.137024471735098990e-01 1.718431924067104433e+01
2.537414842960969565e+02 1.138599582708314656e-01 1.715698102541866987e+01
2.533409648316477956e+02 1.140174693681530321e-01 1.712989950632482206e+01
2.529441820368709557e+02 1.141749804654746125e-01 1.710307064584075931e+01
2.525510769573955088e+02 1.143324915627961791e-01 1.707649045770847351e+01
2.521615913850619677e+02 1.144900026601177595e-01 1.705015500612577739e+01
2.517756678458296449e+02 1.146475137574393260e-01 1.702406040492865813e+01
2.513932495879251121e+02 1.148050248547608926e-01 1.699820281678990952e+01
2.510142805702371902e+02 1.149625359520824730e-01 1.697257845243448315e+01
2.506387054509372376e+02 1.151200470494040395e-01 1.694718356986995289e+01
2.502664695763395741e+02 1.152775581467256200e-01 1.692201447363340705e+01
2.498975189699805526e+02 1.154350692440471865e-01 1.689706751405294938e+01
2.495318003219196044e+02 1.155925803413687530e-01 1.687233908652432035e+01
2.491692609782534191e+02 1.157500914386903335e-01 1.684782563080183948e+01
2.488098489308420085e+02 1.159076025360119000e-01 1.682352363030377163e+01
2.484535128072435270e+02 1.160651136333334804e-01 1.679942961143173008e+01
2.481002018608430433e+02 1.162226247306550470e-01 1.677554014290322826e+01
2.477498659611862024e+02 1.163801358279766135e-01 1.675185183509810471e+01
2.474024555845015243e+02 1.165376469252981939e-01 1.672836133941764203e+01
2.470579218044091760e+02 1.166951580226197605e-01 1.670506534765634399e+01
2.467162162808632502e+02 1.168526691199413270e-01 1.668196059125428476e+01
2.463772853488776775e+02 1.170101802172629074e-01 1.665904344160043848e+01
2.460410571335275165e+02 1.171676913145844739e-01 1.663630903880077483e+01
2.457074568962303260e+02 1.173252024119060544e-01 1.661375232933222890e+01
2.453764108295228539e+02 1.174827135092276209e-01 1.659136832263030925e+01
2.450478460426834886e+02 1.176402246065491874e-01 1.656915209011687296e+01
2.447216905477156956e+02 1.177977357038707679e-01 1.654709876425248538e+01
2.443978732456797331e+02 1.179552468011923344e-01 1.652520353761208938e+01
2.440763239133658544e+02 1.181127578985139148e-01 1.650346166198402642e+01
2.437569731903047909e+02 1.182702689958354814e-01 1.648186844749167790e+01
2.434397525660967290e+02 1.184277800931570479e-01 1.646041926173670333e+01
2.431245943680639243e+02 1.185852911904786283e-01 1.643910952896418110e+01
2.428114317492102430e+02 1.187428022878001949e-01 1.641793472924844721e+01
2.425001986764821993e+02 1.189003133851217753e-01 1.639689039769939072e+01
2.421908299193234484e+02 1.190578244824433418e-01 1.637597212368851274e+01
2.418832610385221926e+02 1.192153355797649084e-01 1.635517555009490920e+01
2.415774283753308680e+02 1.193728466770864888e-01 1.633449637256947540e+01
2.412732690408680867e+02 1.195303577744080553e-01 1.631393033881839116e+01
2.409707209057813202e+02 1.196878688717296219e-01 1.629347324790415286e+01
2.406697225901697266e+02 1.198453799690512023e-01 1.627312094956413802e+01
2.403702134537666666e+02 1.200028910663727688e-01 1.625286934354685542e+01
2.400721335863640036e+02 1.201604021636943492e-01 1.623271437896439551e+01
2.397754237984811425e+02 1.203179132610159158e-01 1.621265205366160345e+01
2.394800256122692588e+02 1.204754243583374823e-01 1.619267841360097293e+01
2.391858812526481870e+02 1.206329354556590627e-01 1.617278955226341353e+01
2.388929336386592013e+02 1.207904465529806293e-01 1.615298161006352373e+01
2.386011263750485512e+02 1.209479576503022097e-01 1.613325077378053862e+01
2.383104037440554634e+02 1.211054687476237762e-01 1.611359327600304781e+01
2.380207106974138753e+02 1.212629798449453428e-01 1.609400539458817647e+01
2.377319928485507035e+02 1.214204909422669232e-01 1.607448345213407492e+01
2.374441964649916201e+02 1.215780020395884897e-01 1.605502381546645552e+01
2.371572684609495241e+02 1.217355131369100563e-01 1.603562289513736516e+01
2.368711563901129580e+02 1.218930242342316367e-01 1.601627714493769972e+01
2.365858084386050848e+02 1.220505353315532032e-01 1.599698306142098758e+01
2.363011734181327199e+02 1.222080464288747836e-01 1.597773718344025440e+01
2.360172007593052967e+02 1.223655575261963502e-01 1.595853609169619958e+01
2.357338405051240784e+02 1.225230686235179167e-01 1.593937640829705060e+01
2.354510433046367552e+02 1.226805797208394971e-01 1.592025479632941121e+01
2.351687604058453189e+02 1.228380908181610637e-01 1.590116795937879957e+01
2.348869423393435056e+02 1.229956019154826441e-01 1.588211255252247511e+01
2.346055363223792938e+02 1.231531130128042106e-01 1.586308500680251399e+01
2.343244894908444564e+02 1.233106241101257772e-01 1.584408174776005573e+01
2.340437496307211518e+02 1.234681352074473576e-01 1.582509924489271214e+01
2.337632651719902697e+02 1.236256463047689241e-01 1.580613401124272244e+01
2.334829851827015261e+02 1.237831574020905046e-01 1.578718260299597098e+01
2.332028593632172715e+02 1.239406684994120711e-01 1.576824161909278743e+01
2.329228380406073313e+02 1.240981795967336376e-01 1.574930770084895393e+01
2.326428721632028669e+02 1.242556906940552180e-01 1.573037753158744678e+01
2.323629132953003591e+02 1.244132017913767846e-01 1.571144783628033004e+01
2.320829136120108842e+02 1.245707128886983511e-01 1.569251538120051670e+01
2.318028258942555340e+02 1.247282239860199315e-01 1.567357697358335500e+01
2.315226035238955831e+02 1.248857350833414981e-01 1.565462946129737887e+01
2.312422004790023777e+02 1.250432461806630924e-01 1.563566973252441805e+01
2.309615713292509440e+02 1.252007572779846589e-01 1.561669471544819032e+01
2.306806712314522656e+02 1.253582683753062255e-01 1.559770137795220180e+01
2.303994559251966052e+02 1.255157794726277920e-01 1.557868672732512394e+01
2.301178817286264859e+02 1.256732905699493585e-01 1.555964780997503460e+01
2.298359055343219097e+02 1.258308016672709251e-01 1.554058171115117482e+01
2.295534848053030714e+02 1.259883127645924916e-01 1.552148555467363344e+01
2.292705775711363856e+02 1.261458238619140859e-01 1.550235650267011422e+01
2.289871424241542286e+02 1.263033349592356525e-01 1.548319175532026648e+01
2.287031385157737020e+02 1.264608460565572190e-01 1.546398855060683353e+01
2.284185255529181120e+02 1.266183571538787855e-01 1.544474416407363471e+01
2.281332637945351678e+02 1.267758682512003521e-01 1.542545590859017679e+01
2.278473140482078918e+02 1.269333793485219464e-01 1.540612113412249506e+01
2.275606376668609414e+02 1.270908904458435129e-01 1.538673722751042128e+01
2.272731965455504906e+02 1.272484015431650795e-01 1.536730161225054836e+01
2.269849531183407123e+02 1.274059126404866460e-01 1.534781174828502515e+01
2.266958703552703014e+02 1.275634237378082125e-01 1.532826513179646000e+01
2.264059117593864983e+02 1.277209348351298068e-01 1.530865929500735234e+01
2.261150413638661121e+02 1.278784459324513734e-01 1.528899180598542884e+01
2.258232237292093885e+02 1.280359570297729399e-01 1.526926026845393025e+01
2.255304239405030842e+02 1.281934681270945064e-01 1.524946232160650261e+01
2.252366076047548802e+02 1.283509792244160730e-01 1.522959563992701959e+01
2.249417408482993324e+02 1.285084903217376673e-01 1.520965793301413704e+01
2.246457903142597274e+02 1.286660014190592338e-01 1.518964694540970761e+01
2.243487231600798566e+02 1.288235125163808004e-01 1.516956045643185114e+01
2.240505070551124334e+02 1.289810236137023669e-01 1.514939628001192240e+01
2.237511101915196718e+02 1.291385347110239334e-01 1.512915226543157132e+01
2.234505051806966662e+02 1.292960458083455277e-01 1.510882656078322306e+01
2.231486744098355643e+02 1.294535569056670943e-01 1.508841797515948180e+01
2.228456019595851956e+02 1.296110680029886608e-01 1.506792543215770763e+01
2.225412722263619116e+02 1.297685791003102274e-01 1.504734787672617102e+01
2.222356699208558837e+02 1.299260901976317939e-01 1.502668427506310067e+01
2.219287800665552481e+02 1.300836012949533882e-01 1.500593361451685048e+01
2.216205879982840088e+02 1.302411123922749547e-01 1.498509490348707196e+01
2.213110793607509663e+02 1.303986234895965213e-01 1.496416717132656338e+01
2.210002401071138536e+02 1.305561345869180878e-01 1.494314946824422208e+01
2.206880564975523100e+02 1.307136456842396544e-01 1.492204086520853501e+01
2.203745150978532479e+02 1.308711567815612486e-01 1.490084045385189704e+01
2.200596027780089798e+02 1.310286678788828152e-01 1.487954734637588849e+01
2.197433067108183593e+02 1.311861789762043817e-01 1.485816067545662911e+01
2.194256143705059685e+02 1.313436900735259483e-01 1.483667959415145887e+01
2.191065135313430119e+02 1.315012011708475148e-01 1.481510327580563313e+01
2.187859922662770487e+02 1.316587122681690813e-01 1.479343091395973886e+01
2.184640389455748846e+02 1.318162233654906756e-01 1.477166172225787655e+01
2.181406422354642416e+02 1.319737344628122422e-01 1.474979493435583855e+01
2.178157910967878479e+02 1.321312455601338087e-01 1.472782980383010809e+01
2.174894747836572435e+02 1.322887566574553753e-01 1.470576560408682099e+01
2.171616828421205412e+02 1.324462677547769418e-01 1.468360162827170434e+01
2.168324051088267765e+02 1.326037788520985361e-01 1.466133718917973994e+01
2.165016317096979321e+02 1.327612899494201026e-01 1.463897161916540313e+01
2.161693530586063048e+02 1.329188010467416692e-01 1.461650427005319486e+01
2.158355598560490307e+02 1.330763121440632357e-01 1.459393451304804401e+01
2.155002430878355426e+02 1.332338232413848023e-01 1.457126173864655705e+01
2.151633940237667844e+02 1.333913343387063966e-01 1.454848535654770458e+01
2.148250042163234355e+02 1.335488454360279631e-01 1.452560479556412787e+01
2.144850654993520607e+02 1.337063565333495296e-01 1.450261950353329432e+01
2.141435699867552671e+02 1.338638676306710962e-01 1.447952894722894612e+01
2.138005100711808382e+02 1.340213787279926627e-01 1.445633261227244049e+01
2.134558784227079968e+02 1.341788898253142570e-01 1.443303000304395844e+01
2.131096679875437019e+02 1.343364009226358236e-01 1.440962064259431052e+01
2.127618719867037385e+02 1.344939120199573901e-01 1.438610407255578671e+01
2.124124839147065131e+02 1.346514231172789566e-01 1.436247985305383068e+01
2.120614975382577541e+02 1.348089342146005232e-01 1.433874756261808514e+01
2.117089068949384227e+02 1.349664453119221175e-01 1.431490679809370370e+01
2.113547062918857193e+02 1.351239564092436840e-01 1.429095717455214931e+01
2.109988903044775270e+02 1.352814675065652505e-01 1.426689832520223611e+01
2.106414537750071645e+02 1.354389786038868171e-01 1.424272990130053884e+01
2.102823918113661534e+02 1.355964897012083836e-01 1.421845157206230681e+01
2.099216998261605056e+02 1.357540007985299779e-01 1.419406302730636327e+01
2.095593810192166586e+02 1.359115118958515445e-01 1.416956448339214525e+01
2.091954550038002196e+02 1.360690229931731110e-01 1.414495726648996055e+01
2.088299434430727786e+02 1.362265340904946775e-01 1.412024284137587671e+01
2.084628678992420134e+02 1.363840451878162441e-01 1.409542266599985894e+01
2.080942498330440174e+02 1.365415562851378384e-01 1.407049819145077407e+01
2.077241106032305993e+02 1.366990673824594049e-01 1.404547086192171257e+01
2.073524714660802886e+02 1.368565784797809715e-01 1.402034211467693936e+01
2.069793535749212481e+02 1.370140895771025380e-01 1.399511338001962280e+01
2.066047779796739690e+02 1.371716006744241045e-01 1.396978608126092247e+01
2.062287656264093982e+02 1.373291117717456711e-01 1.394436163469011980e+01
2.058513373569190605e+02 1.374866228690672654e-01 1.391884144954551417e+01
2.054725139083055296e+02 1.376441339663888319e-01 1.389322692798678816e+01
2.050923159125873667e+02 1.378016450637103985e-01 1.386751946506824140e+01
2.047107638963146883e+02 1.379591561610319650e-01 1.384172044871283092e+01
2.043278782802083811e+02 1.381166672583535315e-01 1.381583125968777104e+01
2.039436793788063369e+02 1.382741783556751258e-01 1.378985327158059349e+01
2.035581874001277356e+02 1.384316894529966924e-01 1.376378785077647038e+01
2.031714224453531301e+02 1.385892005503182589e-01 1.373763635643657999e+01
2.027834045085148205e+02 1.387467116476398254e-01 1.371140014047715816e+01
2.023941534762073218e+02 1.389042227449613920e-01 1.368508054754992820e+01
2.020036891273055630e+02 1.390617338422829863e-01 1.365867891502305120e+01
2.016120311327010484e+02 1.392192449396045528e-01 1.363219657296328258e+01
2.012191990550509502e+02 1.393767560369261194e-01 1.360563484411900426e+01
2.008252123485400205e+02 1.395342671342476859e-01 1.357899504390411849e+01
2.004300903586551499e+02 1.396917782315692524e-01 1.355227848038284044e+01
2.000338523219757576e+02 1.398492893288908467e-01 1.352548645425547136e+01
1.996365173659730488e+02 1.400068004262124133e-01 1.349862025884487515e+01
1.992381045088273197e+02 1.401643115235339798e-01 1.347168118008408655e+01
1.988386326592523972e+02 1.403218226208555464e-01 1.344467049650446633e+01
1.984381206163365050e+02 1.404793337181771129e-01 1.341758947922492062e+01
1.980365870693940451e+02 1.406368448154987072e-01 1.339043939194190713e+01
1.976340505978298268e+02 1.407943559128202737e-01 1.336322149092021760e+01
1.972305296710153470e+02 1.409518670101418403e-01 1.333593702498466627e+01
1.968260426481727734e+02 1.411093781074634068e-01 1.330858723551216372e+01
1.964206077782812088e+02 1.412668892047849734e-01 1.328117335642546060e+01
1.960142431999823316e+02 1.414244003021065677e-01 1.325369661418673317e+01
1.956069669415043961e+02 1.415819113994281342e-01 1.322615822779243366e+01
1.951987969205959246e+02 1.417394224967497007e-01 1.319855940876882094e+01
1.947897509444709669e+02 1.418969335940712673e-01 1.317090136116825150e+01
1.943798467097606135e+02 1.420544446913928338e-01 1.314318528156592158e+01
1.939691018024844311e+02 1.422119557887144281e-01 1.311541235905790082e+01
1.935575336980239740e+02 1.423694668860359946e-01 1.308758377525938066e+01
1.931451597611084878e+02 1.425269779833575612e-01 1.305970070430366725e+01
1.927319972496032676e+02 1.426844890806791277e-01 1.303176431309836403e+01
1.923180688324326297e+02 1.428420001780006943e-01 1.300377613442518054e+01
1.919034134974528172e+02 1.429995112753222608e-01 1.297573880448651273e+01
1.914880728606887033e+02 1.431570223726438551e-01 1.294765513719097960e+01
1.910720880469217775e+02 1.433145334699654216e-01 1.291952791323128302e+01
1.906554996917629410e+02 1.434720445672869882e-01 1.289135988022438717e+01
1.902383479437948210e+02 1.436295556646085547e-01 1.286315375285635554e+01
1.898206724667836909e+02 1.437870667619301213e-01 1.283491221303190599e+01
1.894025124419525241e+02 1.439445778592517156e-01 1.280663791002812957e+01
1.889839065703201868e+02 1.441020889565732821e-01 1.277833346065262532e+01
1.885648930751013097e+02 1.442596000538948486e-01 1.275000144940578650e+01
1.881455097041583997e+02 1.444171111512164152e-01 1.272164442864662881e+01
1.877257937325205717e+02 1.445746222485379817e-01 1.269326491876305951e+01
1.873057819649484657e+02 1.447321333458595760e-01 1.266486540834528540e+01
1.868855107385541601e+02 1.448896444431811426e-01 1.263644835436303993e+01
1.864650159254733239e+02 1.450471555405027091e-01 1.260801618234620136e+01
1.860443329355825028e+02 1.452046666378242756e-01 1.257957128656853030e+01
1.856234967192670808e+02 1.453621777351458422e-01 1.255111603023485856e+01
1.852025417702291179e+02 1.455196888324674365e-01 1.252265274567090536e+01
1.847815021283439307e+02 1.456771999297890030e-01 1.249418373451645436e+01
1.843604113825502964e+02 1.458347110271105695e-01 1.246571126792076178e+01
1.839393026737903369e+02 1.459922221244321361e-01 1.243723758674136803e+01
1.835182086979767746e+02 1.461497332217537026e-01 1.240876490174469282e+01
1.830971617090020800e+02 1.463072443190752969e-01 1.238029539380952571e+01
1.826761935217810162e+02 1.464647554163968635e-01 1.235183121413274954e+01
1.822553355153247878e+02 1.466222665137184300e-01 1.232337448443718664e+01
1.818346186358480452e+02 1.467797776110399965e-01 1.229492729718169919e+01
1.814140733999034296e+02 1.469372887083615631e-01 1.226649171577313702e+01
1.809937298975448812e+02 1.470947998056831574e-01 1.223806977478020031e+01
1.805736177955182313e+02 1.472523109030047239e-01 1.220966348014920833e+01
1.801537663404773184e+02 1.474098220003262905e-01 1.218127480942154328e+01
1.797342043622207370e+02 1.475673330976478570e-01 1.215290571195249569e+01
1.793149602769548778e+02 1.477248441949694235e-01 1.212455810913194298e+01
1.788960620905735084e+02 1.478823552922910178e-01 1.209623389460601928e+01
1.784775374019611149e+02 1.480398663896125844e-01 1.206793493450056864e+01
1.780594134063119327e+02 1.481973774869341509e-01 1.203966306764550964e+01
1.776417168984644945e+02 1.483548885842557175e-01 1.201142010580029584e+01
1.772244742762570127e+02 1.485123996815772840e-01 1.198320783388083832e+01
1.768077115438900364e+02 1.486699107788988505e-01 1.195502801018682248e+01
1.763914543153072714e+02 1.488274218762204448e-01 1.192688236663034473e+01
1.759757278175899273e+02 1.489849329735420114e-01 1.189877260896543021e+01
1.755605568943540220e+02 1.491424440708635779e-01 1.187070041701769085e+01
1.751459660091667274e+02 1.492999551681851444e-01 1.184266744491538859e+01
1.747319792489629435e+02 1.494574662655067110e-01 1.181467532132040432e+01
1.743186203274785839e+02 1.496149773628283053e-01 1.178672564966041314e+01
1.739059125886806214e+02 1.497724884601498718e-01 1.175882000836078767e+01
1.734938790102096675e+02 1.499299995574714384e-01 1.173095995107740031e+01
1.730825429742882591e+02 1.500875106547930049e-01 1.170314705882231010e+01
1.726719347491854819e+02 1.502450217521145714e-01 1.167538337821441807e+01
1.722620881144191856e+02 1.504025328494361657e-01 1.164767119328918454e+01
1.718530363507659047e+02 1.505600439467577323e-01 1.162001275435917336e+01
1.714448122031074888e+02 1.507175550440792988e-01 1.159241027550191028e+01
1.710374478858305451e+02 1.508750661414008654e-01 1.156486593492495984e+01
1.706309750882450942e+02 1.510325772387224319e-01 1.153738187533230786e+01
1.702254249800157027e+02 1.511900883360440262e-01 1.150996020429160183e+01
1.698208282166159506e+02 1.513475994333655927e-01 1.148260299460295819e+01
1.694172149447883271e+02 1.515051105306871593e-01 1.145531228466814255e+01
1.690146148080164039e+02 1.516626216280087258e-01 1.142809007886057771e+01
1.686130569520137499e+02 1.518201327253302924e-01 1.140093834789645122e+01
1.682125700302074733e+02 1.519776438226518867e-01 1.137385902920554237e+01
1.678131822092383345e+02 1.521351549199734532e-01 1.134685402730307580e+01
1.674149211744600620e+02 1.522926660172950197e-01 1.131992521416158226e+01
1.670178141354384991e+02 1.524501771146165863e-01 1.129307442958272922e+01
1.666218878314566609e+02 1.526076882119381528e-01 1.126630348156953865e+01
1.662271685370133980e+02 1.527651993092597471e-01 1.123961414669819625e+01
1.658336820673239913e+02 1.529227104065813136e-01 1.121300817048997445e+01
1.654414537838103456e+02 1.530802215039028802e-01 1.118648726778246605e+01
1.650505085995930017e+02 1.532377326012244467e-01 1.116005312310091391e+01
1.646608709849683976e+02 1.533952436985460133e-01 1.113370739102856533e+01
1.642725649728853625e+02 1.535527547958676076e-01 1.110745169657700337e+01
1.638856141644048705e+02 1.537102658931891741e-01 1.108128763555525786e+01
1.635000417341507841e+02 1.538677769905107406e-01 1.105521677493841715e+01
1.631158704357523561e+02 1.540252880878323072e-01 1.102924065323559333e+01
1.627331226072664094e+02 1.541827991851538737e-01 1.100336078085654101e+01
1.623518201765898539e+02 1.543403102824754403e-01 1.097757864047767384e+01
1.619719846668548371e+02 1.544978213797970346e-01 1.095189568740682873e+01
1.615936372018042846e+02 1.546553324771186011e-01 1.092631334994673509e+01
1.612167985111545931e+02 1.548128435744401676e-01 1.090083302975764212e+01
1.608414889359359279e+02 1.549703546717617342e-01 1.087545610221838821e+01
1.604677284338119989e+02 1.551278657690833007e-01 1.085018391678611138e+01
1.600955365843813070e+02 1.552853768664048950e-01 1.082501779735471104e+01
1.597249325944545717e+02 1.554428879637264616e-01 1.079995904261164519e+01
1.593559353033118100e+02 1.556003990610480281e-01 1.077500892639343633e+01
1.589885631879332095e+02 1.557579101583695946e-01 1.075016869803935826e+01
1.586228343682080322e+02 1.559154212556911612e-01 1.072543958274360598e+01
1.582587666121164034e+02 1.560729323530127555e-01 1.070082278190570158e+01
1.578963773408876534e+02 1.562304434503343220e-01 1.067631947347926769e+01
1.575356836341295548e+02 1.563879545476558885e-01 1.065193081231886119e+01
1.571767022349351919e+02 1.565454656449774551e-01 1.062765793052525076e+01
1.568194495549531666e+02 1.567029767422990216e-01 1.060350193778825201e+01
1.564639416794425415e+02 1.568604878396206159e-01 1.057946392172854644e+01
1.561101943722846954e+02 1.570179989369421825e-01 1.055554494823654288e+01
1.557582230809768191e+02 1.571755100342637490e-01 1.053174606181001138e+01
1.554080429415888318e+02 1.573330211315853155e-01 1.050806828588928177e+01
1.550596687836936951e+02 1.574905322289068821e-01 1.048451262319055211e+01
1.547131151352647009e+02 1.576480433262284764e-01 1.046108005603709401e+01
1.543683950903894129e+02 1.578055544235500429e-01 1.043777146979857129e+01
1.540255166258694999e+02 1.579630655208716095e-01 1.041458740383429848e+01
1.536844862311525048e+02 1.581205766181931760e-01 1.039152829693468760e+01
1.536844862311525048e+02 1.581205766181931760e-01 1.039152829693468760e+01
1.187375401351246893e+02 1.826842454521749870e-01 7.955298079907277220e+00
1.000004503886754890e+02 2.073525430377324841e-01 5.478589693179191755e+00
7.856489472106312633e+01 2.322407203492417860e-01 4.317392806347162271e+00
6.786582429233004632e+01 2.568837818198746459e-01 3.935883239698103608e+00
5.671057395659070011e+01 2.811184729179193598e-01 2.457879283846184482e+00
4.908737452113335564e+01 3.057758170190760794e-01 1.806153277629666931e+00
4.239313792375833856e+01 3.308749588216616799e-01 1.513618310875195494e+00
3.661827923960355946e+01 3.553458836143503774e-01 1.208009488948466492e+00
3.274780238479380756e+01 3.797183506574301481e-01 1.195749197653548368e+00
2.863429190396928092e+01 4.042043120935024936e-01 7.257335377752910377e-01
2.575071437635327598e+01 4.287407985369371399e-01 4.870511037023662060e-01
2.321333754847478303e+01 4.533371424922238990e-01 3.894525435545090342e-01
2.073042170075945378e+01 4.779959634912051558e-01 5.474142485871773545e-01
1.876845448454850285e+01 5.026629933946460405e-01 3.999540239605724468e-01
1.718952788228231654e+01 5.271487506500315279e-01 3.981261351633071377e-01
1.590528049783509346e+01 5.515427964227138657e-01 2.891616380526175201e-01
1.466457708960501805e+01 5.762240530263548210e-01 2.579161009206623612e-01
1.349528878892877337e+01 6.007285446297923048e-01 1.498117182578346251e-01
1.249187322568441161e+01 6.252568531449649303e-01 2.869795604329614669e-01
1.182773852506939605e+01 6.499965502683907603e-01 2.199280152205285166e-01
1.112964582851575557e+01 6.746857991314229031e-01 1.789619957517837590e-01
1.065874685692679158e+01 6.991270364754236244e-01 1.058949019970778366e-01
1.025997898797003671e+01 7.235756604093172006e-01 1.365549423084972958e-01
1.009054045650414366e+01 7.479714013051395050e-01 1.229894434700088135e-01
9.968816093288316083e+00 7.726132299420060967e-01 1.118112410935768880e-01
9.824749215398021818e+00 7.972349387995918413e-01 1.041554102526269371e-01
9.385359088224040747e+00 8.217736356692634248e-01 1.785207408039610200e-01
9.033049933319487579e+00 8.463200505719705724e-01 1.129286017037854639e-01
8.731624731832424047e+00 8.708218859006343626e-01 1.333688061828727511e-01
8.569857351246518817e+00 8.954790463233904818e-01 1.130368953146945327e-01
8.376327257818443783e+00 9.199626960429320155e-01 9.358478328854455408e-02
8.364186492756598312e+00 9.443606208269833546e-01 1.624045067541728116e-01
8.335826072008886811e+00 9.688687146412832130e-01 1.341233853183849412e-01
8.382767277133210015e+00 9.930926048855095445e-01 1.570117704724461050e-01
8.561418196016870041e+00 1.017620455362175491e+00 1.371436573205400966e-01
8.854193187682364297e+00 1.042409919186157552e+00 2.246522003235256193e-01
9.321317119982898802e+00 1.066789561870425063e+00 2.391168786489422660e-01
9.491949104448384134e+00 1.090909765172895618e+00 2.192770973846334404e-01
9.540878072196493420e+00 1.115651582439790346e+00 3.479030572969044610e-01
9.853419767737777946e+00 1.140641543091339027e+00 2.609768860276932001e-01
1.010164951629768915e+01 1.164692026865203012e+00 5.942268433152451124e-01
1.077632024331877858e+01 1.188605021497627590e+00 3.436277787545111151e-01
1.180920266747228453e+01 1.214006438167991364e+00 4.576969270067017259e-01
1.285137370008461843e+01 1.240498485730926914e+00 7.950405069749977294e-01
1.448739093257478139e+01 1.264816150349954427e+00 1.095903969679734802e+00
1.598220906073956016e+01 1.284554513240047102e+00 1.772367839508477649e+00
1.856301782903817710e+01 1.309527810458392949e+00 2.474569400686627674e+00
2.400865517090001333e+01 1.335814856768205550e+00 5.509465193988681619e+00
2.427771131107351366e+01 1.360349523175663267e+00 3.466589716141812971e+01
