6.901922242025109178e-01 7.669903939428205850e-04 4.719751571251531302e-02
8.226413110799168926e-01 9.245014912643925459e-04 5.625480097275966512e-02
9.526449914291270638e-01 1.082012588585964507e-03 6.514486164108489186e-02
1.080211117517102304e+00 1.239523685907536251e-03 7.386823468020993488e-02
1.205337903533892252e+00 1.397034783229108429e-03 8.242479797083196447e-02
1.328019173489590310e+00 1.554545880550680173e-03 9.081412917933086304e-02
1.448251589755849444e+00 1.712056977872252134e-03 9.903600006817969703e-02
1.566034637692661713e+00 1.869568075193824095e-03 1.070903754446755757e-01
1.681374705695290128e+00 2.027079172515396273e-03 1.149776921673852648e-01
1.794278172681241346e+00 2.184590269836968017e-03 1.226983864467565688e-01
1.904761711308956773e+00 2.342101367158539761e-03 1.302535984116277856e-01
2.012842228011621604e+00 2.499612464480111939e-03 1.376444841770896599e-01
2.118539434973474744e+00 2.657123561801683683e-03 1.448723917243171233e-01
2.221879950817901239e+00 2.814634659123255861e-03 1.519391413185224304e-01
2.322891740126388438e+00 2.972145756444827605e-03 1.588466452657673611e-01
2.421602401908000246e+00 3.129656853766399783e-03 1.655967908731212912e-01
2.518043406214181879e+00 3.287167951087971527e-03 1.721917301617102714e-01
2.612249401413689665e+00 3.444679048409543271e-03 1.786338324959975965e-01
2.704255133043260706e+00 3.602190145731115449e-03 1.849254738850984459e-01
2.794094384652576313e+00 3.759701243052687193e-03 1.910689645544270954e-01
2.881802664106702494e+00 3.917212340374259805e-03 1.970667326435082967e-01
2.967416947231077629e+00 4.074723437695831549e-03 2.029213066756156147e-01
3.050975215956303277e+00 4.232234535017403293e-03 2.086352839746590526e-01
3.132514515293909341e+00 4.389745632338975037e-03 2.142111977950746093e-01
3.212070641597601472e+00 4.547256729660546781e-03 2.196514960041480724e-01
3.289679897884412174e+00 4.704767826982118525e-03 2.249586611163974514e-01
3.365378985846446458e+00 4.862278924303691137e-03 2.301352029089965279e-01
3.439204818079709014e+00 5.019790021625262881e-03 2.351836455813911542e-01
3.511194337367422147e+00 5.177301118946834625e-03 2.401065153973242217e-01
3.581383235958480071e+00 5.334812216268406369e-03 2.449062531050670288e-01
3.649805474258390525e+00 5.492323313589978981e-03 2.495851810239911317e-01
3.716494881097841319e+00 5.649834410911550725e-03 2.541456124759683965e-01
3.781485195975653024e+00 5.807345508233122469e-03 2.585898546740765247e-01
3.844809985438711664e+00 5.964856605554694213e-03 2.629202030043953364e-01
3.906502572529965800e+00 6.122367702876265957e-03 2.671389362014399138e-01
3.966595977455743771e+00 6.279878800197838569e-03 2.712483122908041500e-01
4.025122530689733580e+00 6.437389897519410313e-03 2.752505421319942358e-01
4.082112271708616902e+00 6.594900994840982057e-03 2.791476799189329672e-01
4.137594326537755940e+00 6.752412092162553801e-03 2.829417173808685959e-01
4.191597606802044851e+00 6.909923189484126413e-03 2.866346315856702631e-01
4.244150770567596709e+00 7.067434286805698157e-03 2.902283822620603249e-01
4.295282188059578843e+00 7.224945384127269901e-03 2.937249094552918938e-01
4.345019912542873897e+00 7.382456481448841645e-03 2.971261315358761368e-01
4.393391655732663992e+00 7.539967578770413389e-03 3.004339435180811702e-01
4.440424767183767329e+00 7.697478676091986001e-03 3.036502156505105354e-01
4.486146053253873056e+00 7.854989773413558612e-03 3.067767810362386216e-01
4.530580088790815196e+00 8.012500870735128622e-03 3.098153201806754797e-01
4.573750039169675041e+00 8.170011968056702101e-03 3.127674172050500800e-01
4.615678877045355399e+00 8.327523065378272110e-03 3.156346430517792401e-01
4.656389380541122947e+00 8.485034162699845589e-03 3.184185553605944352e-01
4.695904114003109697e+00 8.642545260021415598e-03 3.211206971524740439e-01
4.734245411254783598e+00 8.800056357342989077e-03 3.237425956845316755e-01
4.771435361094002126e+00 8.957567454664562556e-03 3.262857614582583832e-01
4.807495794802849609e+00 9.115078551986132566e-03 3.287516873654068861e-01
4.842448275464189322e+00 9.272589649307706045e-03 3.311418479574232410e-01
4.876314088901199106e+00 9.430100746629276054e-03 3.334576988258639574e-01
4.909114212036744362e+00 9.587611843950849533e-03 3.357006744387102115e-01
4.940868024503075162e+00 9.745122941272419542e-03 3.378721000361858406e-01
4.971592772408397032e+00 9.902634038593993021e-03 3.399731549614279369e-01
5.001305471476350739e+00 1.006014513591556303e-02 3.420050028031526024e-01
5.030023059185646517e+00 1.021765623323713651e-02 3.439688017994408931e-01
5.057762380117978296e+00 1.037516733055870999e-02 3.458657038357846325e-01
5.084540172742674891e+00 1.053267842788028000e-02 3.476968535413770267e-01
5.110373057518378559e+00 1.069018952520185348e-02 3.494633874754699554e-01
5.135277526201837084e+00 1.084770062252342349e-02 3.511664333962749018e-01
5.159269932263943481e+00 1.100521171984499696e-02 3.528071096055813149e-01
5.182366482322182222e+00 1.116272281716656697e-02 3.543865243628804285e-01
5.204583228505821779e+00 1.132023391448814045e-02 3.559057753632736687e-01
5.225936061677950661e+00 1.147774501180971046e-02 3.573659492739734156e-01
5.246440705444471497e+00 1.163525610913128394e-02 3.587681213246192158e-01
5.266112671275874568e+00 1.179276720645285742e-02 3.601133522383644925e-01
5.284965895633295219e+00 1.195027830377442743e-02 3.614025950342666382e-01
5.303012499672499658e+00 1.210778940109600091e-02 3.626366785950924099e-01
5.320264512452848926e+00 1.226530049841757092e-02 3.638164255057646512e-01
5.336733972888606736e+00 1.242281159573914440e-02 3.649426590251172442e-01
5.352432917788939370e+00 1.258032269306071441e-02 3.660162022680298333e-01
5.367373370782515529e+00 1.273783379038228789e-02 3.670378774480582695e-01
5.381567332066562237e+00 1.289534488770385789e-02 3.680085051764434012e-01
5.395026768924502392e+00 1.305285598502543137e-02 3.689289038136756016e-01
5.407763606960869218e+00 1.321036708234700485e-02 3.697998888701119480e-01
5.419789722005416976e+00 1.336787817966857486e-02 3.706222724523546286e-01
5.431116932642927608e+00 1.352538927699014834e-02 3.713968627524129040e-01
5.441756993326635872e+00 1.368290037431171835e-02 3.721244635767796960e-01
5.451721588038141775e+00 1.384041147163329183e-02 3.728058739128765064e-01
5.461022324457680988e+00 1.399792256895486184e-02 3.734418875303964214e-01
5.469670728612067379e+00 1.415543366627643532e-02 3.740332926153153159e-01
5.477678239969512752e+00 1.431294476359800533e-02 3.745808714344593393e-01
5.485056198707487063e+00 1.447045586091957881e-02 3.750853994648412626e-01
5.491815079555604662e+00 1.462796695824115228e-02 3.755475930014268715e-01
5.497963930788151821e+00 1.478547805556272229e-02 3.759680707936787214e-01
5.503511681949566636e+00 1.494298915288429577e-02 3.763474434719386585e-01
5.508467286389519657e+00 1.510050025020586578e-02 3.766863232944258066e-01
5.512839713014281884e+00 1.525801134752743926e-02 3.769853235831678306e-01
5.516637938542574560e+00 1.541552244484900927e-02 3.772450581944327141e-01
5.519870940237769474e+00 1.557303354217058275e-02 3.774661410217334256e-01
5.522547689089315703e+00 1.573054463949215276e-02 3.776491855295517341e-01
5.524677143418355030e+00 1.588805573681372624e-02 3.777948043160716529e-01
5.526268242884033732e+00 1.604556683413529972e-02 3.779036087033108005e-01
5.527329902868159728e+00 1.620307793145686973e-02 3.779762083531258976e-01
5.527871009218045195e+00 1.636058902877844320e-02 3.780132109077118385e-01
5.527900413327435203e+00 1.651810012610001321e-02 3.780152216532204901e-01
5.527426927537588242e+00 1.667561122342158669e-02 3.779828432052718679e-01
5.526459320841168754e+00 1.683312232074316017e-02 3.779166752151722486e-01
5.525006314872797475e+00 1.699063341806473018e-02 3.778173140957367671e-01
5.523076580170907413e+00 1.714814451538630366e-02 3.776853527656611198e-01
5.520678732696379321e+00 1.730565561270787367e-02 3.775213804114579963e-01
5.517821330594596674e+00 1.746316671002944715e-02 3.773259822660330887e-01
5.514512871187776888e+00 1.762067780735101716e-02 3.770997394030133343e-01
5.510761787852948679e+00 1.777818890467259064e-02 3.768432285232520274e-01
5.506576372263695340e+00 1.793570000199416065e-02 3.765570166374757055e-01
5.501964682577608734e+00 1.809321109931573412e-02 3.762416547878522088e-01
5.496934696576648349e+00 1.825072219663730760e-02 3.758976885202107154e-01
5.491494333440354758e+00 1.840823329395887761e-02 3.755256593729630055e-01
5.485651451347230534e+00 1.856574439128045109e-02 3.751261047130780568e-01
5.479413845252454784e+00 1.872325548860202110e-02 3.746995575841143844e-01
5.472789244833270672e+00 1.888076658592359458e-02 3.742465465657203727e-01
5.465785312593010481e+00 1.903827768324516459e-02 3.737675956439808767e-01
5.458409642116127891e+00 1.919578878056673807e-02 3.732632240920915612e-01
5.450669756466455240e+00 1.935329987788830808e-02 3.727339463608253523e-01
5.442573106721178000e+00 1.951081097520988156e-02 3.721802719782822400e-01
5.434127070633916645e+00 1.966832207253145504e-02 3.716027054584657985e-01
5.425338951420222600e+00 1.982583316985302505e-02 3.710017462182324532e-01
5.416215976659065845e+00 1.998334426717459852e-02 3.703778885021705158e-01
5.406765297304661821e+00 2.014085536449616853e-02 3.697316213150272923e-01
5.396993986802877785e+00 2.029836646181774201e-02 3.690634283612851396e-01
5.386909040306634644e+00 2.045587755913931202e-02 3.683737879915080504e-01
5.376517373985588044e+00 2.061338865646088550e-02 3.676631731551360249e-01
5.365825824424788060e+00 2.077089975378245551e-02 3.669320513593639643e-01
5.354841148108031135e+00 2.092841085110402899e-02 3.661808846338098777e-01
5.343570020981220026e+00 2.108592194842560247e-02 3.654101295006581540e-01
5.332019038091690533e+00 2.124343304574717248e-02 3.646202369499945140e-01
5.320194713299469136e+00 2.140094414306874596e-02 3.638116524200608048e-01
5.308103479056527796e+00 2.155845524039031597e-02 3.629848157821599086e-01
5.295751686250584456e+00 2.171596633771188944e-02 3.621401613299747857e-01
5.283145610196909203e+00 2.187347743503345945e-02 3.612781181893061078e-01
5.270292110685338649e+00 2.203098853235503293e-02 3.603991554541650655e-01
5.257199177155114533e+00 2.218849962967660294e-02 3.595038194675422849e-01
5.243874755293057355e+00 2.234601072699817642e-02 3.585926535805010196e-01
5.230326606274580570e+00 2.250352182431974990e-02 3.576661885266329000e-01
5.216562310572559369e+00 2.266103292164131991e-02 3.567249426825226388e-01
5.202589271705102547e+00 2.281854401896289339e-02 3.557694223240307485e-01
5.188414719922425533e+00 2.297605511628446340e-02 3.548001218784138100e-01
5.174045715832476411e+00 2.313356621360603688e-02 3.538175241722572584e-01
5.159489153965263419e+00 2.329107731092760689e-02 3.528221006752134681e-01
5.144751766275939886e+00 2.344858840824918036e-02 3.518143117395556851e-01
5.129840125586748734e+00 2.360609950557075037e-02 3.507946068355476399e-01
5.114760648968060153e+00 2.376361060289232385e-02 3.497634247826502119e-01
5.099519601058766227e+00 2.392112170021389733e-02 3.487211939765798574e-01
5.084123097326274099e+00 2.407863279753546734e-02 3.476683326122377848e-01
5.068577107266798443e+00 2.423614389485704082e-02 3.466052489025560623e-01
5.052887457545926608e+00 2.439365499217861083e-02 3.455323412932588267e-01
5.037059835080380132e+00 2.455116608950018431e-02 3.444499986736028752e-01
5.021099790061365198e+00 2.470867718682175432e-02 3.433586005831250065e-01
5.005012738920043169e+00 2.486618828414332780e-02 3.422585174144281983e-01
4.988803967235794445e+00 2.502369938146489781e-02 3.411501106120596871e-01
4.972478632587892022e+00 2.518121047878647129e-02 3.400337328675164250e-01
4.956041767351398342e+00 2.533872157610804476e-02 3.389097283104378078e-01
4.939498281437689542e+00 2.549623267342961477e-02 3.377784326960104888e-01
4.922852964980712898e+00 2.565374377075118825e-02 3.366401735886644930e-01
4.906110490969388671e+00 2.581125486807275826e-02 3.354952705420837233e-01
4.889275417826989489e+00 2.596876596539433174e-02 3.343440352755927547e-01
4.872352191938579047e+00 2.612627706271590175e-02 3.331867718469913586e-01
4.855345150126683329e+00 2.628378816003747523e-02 3.320237768218476937e-01
4.838258522076508861e+00 2.644129925735904524e-02 3.308553394393433655e-01
4.821096432711445168e+00 2.659881035468061872e-02 3.296817417747172629e-01
4.803862904519144550e+00 2.675632145200219220e-02 3.285032588983299862e-01
4.786561878654699065e+00 2.691383254932376221e-02 3.273201603187664288e-01
4.769198158709174074e+00 2.707134364664533568e-02 3.261327745206962780e-01
4.751777794487415996e+00 2.722885474396690569e-02 3.249415152088078740e-01
4.734306736510263569e+00 2.738636584128847917e-02 3.237467892984375317e-01
4.716790727509928338e+00 2.754387693861004918e-02 3.225489894956807269e-01
4.699235308499419617e+00 2.770138803593162266e-02 3.213484947124403135e-01
4.681645824692194147e+00 2.785889913325319267e-02 3.201456704712286605e-01
4.664027431274001323e+00 2.801641023057476615e-02 3.189408692998662587e-01
4.646385099029071597e+00 2.817392132789633963e-02 3.177344311162174639e-01
4.628723619822836532e+00 2.833143242521790964e-02 3.165266836031159214e-01
4.611047611943562607e+00 2.848894352253948312e-02 3.153179425736433172e-01
4.593361525305271975e+00 2.864645461986105313e-02 3.141085123269201640e-01
4.575669646514345601e+00 2.880396571718262660e-02 3.128986859945769305e-01
4.557976103802366730e+00 2.896147681450419661e-02 3.116887458780774334e-01
4.540284871827642732e+00 2.911898791182577009e-02 3.104789637770611899e-01
4.522599776348146250e+00 2.927649900914734010e-02 3.092696013088947482e-01
4.504924498768112073e+00 2.943401010646891358e-02 3.080609102195817073e-01
4.487262580561298897e+00 2.959152120379048706e-02 3.068531326862394826e-01
4.469617427573198576e+00 2.974903230111205707e-02 3.056465016112981936e-01
4.451992314204982648e+00 2.990654339843363055e-02 3.044412409086115212e-01
4.434390387481625950e+00 3.006405449575520056e-02 3.032375657816480108e-01
4.416814671006933146e+00 3.022156559307677404e-02 3.020356829939484511e-01
4.399268068807955956e+00 3.037907669039834405e-02 3.008357911320192479e-01
4.381753369071430981e+00 3.053658778771991752e-02 2.996380808608410939e-01
4.364273247774674402e+00 3.069409888504148753e-02 2.984427351721619659e-01
4.346830272213559887e+00 3.085160998236306101e-02 2.972499296257505863e-01
4.329426904429938716e+00 3.100912107968463102e-02 2.960598325837747180e-01
4.312065504541103600e+00 3.116663217700620450e-02 2.948726054384800399e-01
4.294748333973538834e+00 3.132414327432777451e-02 2.936884028333242025e-01
4.277477558603561825e+00 3.148165437164934799e-02 2.925073728777438653e-01
4.260255251807011589e+00 3.163916546897092147e-02 2.913296573557018210e-01
4.243083397420386760e+00 3.179667656629248801e-02 2.901553919281795735e-01
4.225963892615760109e+00 3.195418766361406149e-02 2.889847063297718011e-01
4.208898550691615448e+00 3.211169876093563497e-02 2.878177245595339717e-01
4.191889103781845094e+00 3.226920985825720151e-02 2.866545650662310485e-01
4.174937205485088398e+00 3.242672095557877499e-02 2.854953409281401622e-01
4.158044433416500318e+00 3.258423205290034846e-02 2.843401600275491381e-01
4.141212291684031044e+00 3.274174315022192194e-02 2.831891252200918196e-01
4.124442213291201753e+00 3.289925424754349542e-02 2.820423344990572456e-01
4.107735562681115837e+00 3.305676534486506196e-02 2.808998811693574904e-01
4.091093869111745107e+00 3.321427644218663544e-02 2.797618698064638920e-01
4.074519253031909649e+00 3.337178753950820892e-02 2.786284454133380883e-01
4.058013852390748077e+00 3.352929863682978240e-02 2.774997541896680464e-01
4.041579701660653612e+00 3.368680973415134894e-02 2.763759352590770546e-01
4.025218735322613206e+00 3.384432083147292242e-02 2.752571209074610170e-01
4.008932791249594452e+00 3.400183192879449590e-02 2.741434368143556011e-01
3.992723613990878384e+00 3.415934302611606938e-02 2.730350022775289154e-01
3.976592857959234451e+00 3.431685412343764285e-02 2.719319304309315566e-01
3.960542090523831771e+00 3.447436522075920939e-02 2.708343284561980369e-01
3.944572795010837130e+00 3.463187631808078287e-02 2.697422977878386474e-01
3.928686373614159510e+00 3.478938741540235635e-02 2.686559343122841281e-01
3.912884150218757462e+00 3.494689851272392983e-02 2.675753285609531185e-01
3.897167373138394453e+00 3.510440961004549637e-02 2.665005658974681779e-01
3.881537217770559156e+00 3.526192070736706985e-02 2.654317266992074487e-01
3.865994789170295043e+00 3.541943180468864333e-02 2.643688865333112537e-01
3.850541124545304061e+00 3.557694290201021681e-02 2.633121163273055565e-01
3.835177195674334794e+00 3.573445399933179029e-02 2.622614825344786182e-01
3.819903911251076423e+00 3.589196509665335683e-02 2.612170472941637289e-01
3.804722119155299787e+00 3.604947619397493030e-02 2.601788685870471407e-01
3.789632608653577872e+00 3.620698729129650378e-02 2.591470003856599646e-01
3.774636112531187582e+00 3.636449838861807726e-02 2.581214928001651643e-01
3.759733309157443415e+00 3.652200948593964380e-02 2.571023922195905254e-01
3.744924824485972525e+00 3.667952058326121728e-02 2.560897414486146273e-01
3.730211233992058339e+00 3.683703168058279076e-02 2.550835798400475918e-01
3.715593064548649682e+00 3.699454277790436424e-02 2.540839434231195182e-01
3.701070796242869054e+00 3.715205387522593772e-02 2.530908650276979532e-01
3.686644864134700939e+00 3.730956497254750426e-02 2.521043744045535773e-01
3.672315659959449974e+00 3.746707606986907774e-02 2.511244983417789123e-01
3.658083533775777330e+00 3.762458716719065122e-02 2.501512607774864505e-01
3.643948795560627119e+00 3.778209826451222469e-02 2.491846829088751047e-01
3.629911716752910245e+00 3.793960936183379123e-02 2.482247832977912960e-01
3.615972531747180252e+00 3.809712045915536471e-02 2.472715779728721919e-01
3.602131439338890573e+00 3.825463155647693819e-02 2.463250805283763167e-01
3.588388604122639602e+00 3.841214265379851167e-02 2.453853022197999834e-01
3.574744157844942372e+00 3.856965375112008515e-02 2.444522520563846835e-01
3.561198200712534234e+00 3.872716484844165169e-02 2.435259368905819122e-01
3.547750802657947400e+00 3.888467594576322517e-02 2.426063615045984945e-01
3.534402004563391930e+00 3.904218704308479865e-02 2.416935286940883609e-01
3.521151819444189979e+00 3.919969814040637213e-02 2.407874393490804232e-01
3.508000233593229655e+00 3.935720923772793867e-02 2.398880925322390278e-01
3.494947207687209012e+00 3.951472033504951215e-02 2.389954855545131096e-01
3.481992677856331042e+00 3.967223143237108562e-02 2.381096140482852064e-01
3.469136556718153130e+00 3.982974252969265910e-02 2.372304720380687681e-01
3.456378734376815309e+00 3.998725362701423258e-02 2.363580520088391923e-01
3.443719079388914750e+00 4.014476472433579912e-02 2.354923449720830730e-01
3.431157439696671752e+00 4.030227582165737260e-02 2.346333405296111285e-01
3.418693643529757686e+00 4.045978691897894608e-02 2.337810269352277037e-01
3.406327500276553621e+00 4.061729801630051956e-02 2.329353911543107503e-01
3.394058785996095118e+00 4.077480911362208610e-02 2.320964178730724747e-01
3.381887156742282130e+00 4.093232021094365958e-02 2.312640835713965504e-01
3.369812213878532248e+00 4.108983130826523306e-02 2.304383609892592943e-01
3.357833548827215076e+00 4.124734240558680654e-02 2.296192221868369188e-01
3.345950743758045576e+00 4.140485350290838001e-02 2.288066385915799028e-01
3.334163372111311752e+00 4.156236460022994655e-02 2.280005810339933159e-01
3.322470999102240086e+00 4.171987569755152003e-02 2.272010197821262845e-01
3.310873182206811816e+00 4.187738679487309351e-02 2.264079245747942504e-01
3.299369471629922668e+00 4.203489789219466699e-02 2.256212646535928068e-01
3.287959410756156498e+00 4.219240898951623353e-02 2.248410087937234292e-01
3.276642536584095655e+00 4.234992008683780701e-02 2.240671253336922741e-01
3.265418380144424759e+00 4.250743118415938049e-02 2.232995822039022804e-01
3.254286466902553521e+00 4.266494228148095397e-02 2.225383469541851733e-01
3.243246317146183610e+00 4.282245337880252745e-02 2.217833867803049031e-01
3.232297446358327608e+00 4.297996447612409399e-02 2.210346685494652963e-01
3.221439365576310720e+00 4.313747557344566746e-02 2.202921588248605012e-01
3.210671581737194469e+00 4.329498667076724094e-02 2.195558238892954539e-01
3.199993598010034912e+00 4.345249776808881442e-02 2.188256297679071483e-01
3.189404914115567369e+00 4.361000886541038096e-02 2.181015422500255374e-01
3.178905026633500164e+00 4.376751996273195444e-02 2.173835269101871692e-01
3.168493429298077313e+00 4.392503106005352792e-02 2.166715491283470463e-01
3.158169613282128196e+00 4.408254215737510140e-02 2.159655741093024217e-01
3.147933067470148227e+00 4.424005325469667488e-02 2.152655669013668338e-01
3.137783278720589930e+00 4.439756435201824142e-02 2.145714924143071189e-01
3.127719732117883567e+00 4.455507544933981490e-02 2.138833154365764322e-01
3.117741911214548356e+00 4.471258654666138838e-02 2.132010006518714473e-01
3.107849298263560822e+00 4.487009764398296185e-02 2.125245126550215913e-01
3.098041374441495410e+00 4.502760874130452839e-02 2.118538159672490040e-01
3.088317620062680291e+00 4.518511983862610187e-02 2.111888750508122137e-01
3.078677514784614377e+00 4.534263093594767535e-02 2.105296543230539830e-01
3.069120537805064330e+00 4.550014203326924883e-02 2.098761181698792222e-01
3.059646168051078696e+00 4.565765313059082231e-02 2.092282309586800948e-01
3.050253884360069279e+00 4.581516422791238885e-02 2.085859570507191119e-01
3.040943165653514413e+00 4.597267532523396233e-02 2.079492608130076026e-01
3.031713491103205094e+00 4.613018642255553581e-02 2.073181066296741482e-01
3.022564340290609941e+00 4.628769751987710929e-02 2.066924589128622536e-01
3.013495193359303048e+00 4.644520861719867583e-02 2.060722821131539817e-01
3.004505531160955201e+00 4.660271971452024931e-02 2.054575407295531064e-01
2.995594835394922217e+00 4.676023081184182278e-02 2.048481993190312545e-01
2.986762588741733726e+00 4.691774190916339626e-02 2.042442225056554095e-01
2.978008274990706195e+00 4.707525300648496974e-02 2.036455749893149314e-01
2.969331379161844531e+00 4.723276410380653628e-02 2.030522215540573605e-01
2.960731387622242750e+00 4.739027520112810976e-02 2.024641270760489664e-01
2.952207788197267924e+00 4.754778629844968324e-02 2.018812565311768059e-01
2.943760070276462137e+00 4.770529739577125672e-02 2.013035750022914572e-01
2.935387724914685581e+00 4.786280849309282326e-02 2.007310476861228210e-01
2.927090244928407969e+00 4.802031959041439674e-02 2.001636398998656863e-01
2.918867124987418293e+00 4.817783068773597022e-02 1.996013170874503806e-01
2.910717861702117659e+00 4.833534178505754370e-02 1.990440448255123840e-01
2.902641953706570188e+00 4.849285288237911717e-02 1.984917888290715360e-01
2.894638901737374148e+00 4.865036397970068371e-02 1.979445149569257489e-01
2.886708208708602452e+00 4.880787507702225719e-02 1.974021892167753534e-01
2.878849379782900009e+00 4.896538617434383067e-02 1.968647777700855417e-01
2.871061922438932879e+00 4.912289727166540415e-02 1.963322469366975409e-01
2.863345346535214997e+00 4.928040836898697069e-02 1.958045631991948421e-01
2.855699164370511856e+00 4.943791946630854417e-02 1.952816932070323419e-01
2.848122890741012103e+00 4.959543056363011765e-02 1.947636037804471865e-01
2.840616042994262624e+00 4.975294166095169113e-02 1.942502619141460163e-01
2.833178141079979895e+00 4.991045275827326461e-02 1.937416347807802419e-01
2.825808701989486416e+00 5.006796385559483115e-02 1.932376893506967674e-01
2.818507064541684315e+00 5.022547495291640463e-02 1.927383804102520692e-01
2.811272360755725508e+00 5.038298605023797810e-02 1.922436486041848580e-01
2.804103724333578018e+00 5.054049714755955158e-02 1.917534346923105426e-01
2.797000303288263989e+00 5.069800824488111812e-02 1.912676804130787889e-01
2.789961259656328352e+00 5.085551934220269160e-02 1.907863284639124413e-01
2.782985769217086958e+00 5.101303043952426508e-02 1.903093224820078533e-01
2.776073021218331771e+00 5.117054153684583856e-02 1.898366070255784743e-01
2.769222218108749800e+00 5.132805263416741204e-02 1.893681275555563204e-01
2.762432575276305258e+00 5.148556373148897858e-02 1.889038304177016736e-01
2.755703320792830535e+00 5.164307482881055206e-02 1.884436628251383028e-01
2.749033695164566637e+00 5.180058592613212554e-02 1.879875728412931657e-01
2.742422951088438587e+00 5.195809702345369901e-02 1.875355093632308789e-01
2.735870353213897044e+00 5.211560812077526555e-02 1.870874221053676345e-01
2.729375177910303485e+00 5.227311921809683903e-02 1.866432615835635633e-01
2.722936713039577850e+00 5.243063031541841251e-02 1.862029790995763934e-01
2.716554257665595440e+00 5.258814141273998599e-02 1.857665267211885407e-01
2.710227102973184365e+00 5.274565251006155947e-02 1.853338559773886340e-01
2.703954507092460879e+00 5.290316360738312601e-02 1.849049161367801453e-01
2.697735734121401663e+00 5.306067470470469949e-02 1.844796568760671829e-01
2.691570060414785637e+00 5.321818580202627297e-02 1.840580287101131196e-01
2.685456774338300878e+00 5.337569689934784645e-02 1.836399829751247381e-01
2.679395176028437575e+00 5.353320799666941299e-02 1.832254718122333925e-01
2.673384577157999598e+00 5.369071909399098647e-02 1.828144481514599740e-01
2.667424300707146312e+00 5.384823019131255994e-02 1.824068656960575185e-01
2.661513680739655108e+00 5.400574128863413342e-02 1.820026789072123063e-01
2.655652062184507223e+00 5.416325238595570690e-02 1.816018429891070318e-01
2.649838800622452695e+00 5.432076348327727344e-02 1.812043138743260062e-01
2.644073262077494491e+00 5.447827458059884692e-02 1.808100482095957584e-01
2.638354822813183453e+00 5.463578567792042040e-02 1.804190033418558436e-01
2.632682869133556203e+00 5.479329677524199388e-02 1.800311373046454555e-01
2.627056797188656478e+00 5.495080787256356042e-02 1.796464088048047580e-01
2.621476012784417442e+00 5.510831896988513390e-02 1.792647772094740910e-01
2.615939931159606324e+00 5.526583006720670738e-02 1.788862025308406156e-01
2.610447922082854699e+00 5.542334116452828086e-02 1.785106416717005540e-01
2.604999202306471418e+00 5.558085226184985433e-02 1.781380410711126960e-01
2.599592972603509189e+00 5.573836335917142087e-02 1.777683460754238554e-01
2.594228448624577688e+00 5.589587445649299435e-02 1.774015030483550859e-01
2.588904860583928880e+00 5.605338555381456783e-02 1.770374593495351034e-01
2.583621452953415609e+00 5.621089665113614131e-02 1.766761633135721654e-01
2.578377484164103617e+00 5.636840774845770785e-02 1.763175642296496148e-01
2.573172226315367350e+00 5.652591884577928133e-02 1.759616123216326267e-01
2.568004964891127173e+00 5.668342994310085481e-02 1.756082587286634522e-01
2.562874998483191558e+00 5.684094104042242829e-02 1.752574554862437461e-01
2.557781638521380962e+00 5.699845213774400177e-02 1.749091555077778026e-01
2.552724209010247769e+00 5.715596323506556831e-02 1.745633125665704555e-01
2.547702046272274146e+00 5.731347433238714179e-02 1.742198812782648487e-01
2.542714498697311143e+00 5.747098542970871526e-02 1.738788170837091973e-01
2.537760926498067615e+00 5.762849652703028874e-02 1.735400762322354962e-01
2.532840701471517075e+00 5.778600762435185528e-02 1.732036157653445430e-01
2.527953206766108352e+00 5.794351872167342876e-02 1.728693935007863947e-01
2.523097836558878093e+00 5.810102981899500224e-02 1.725373680104809460e-01
2.518273942889091455e+00 5.825854091631657572e-02 1.722074949848346193e-01
2.513480749377770440e+00 5.841605201363814920e-02 1.718797213326102857e-01
2.508717471716022551e+00 5.857356311095971574e-02 1.715539934202983396e-01
2.503983340865337581e+00 5.873107420828128922e-02 1.712302586586259279e-01
2.499277602746833526e+00 5.888858530560286270e-02 1.709084654813068094e-01
2.494599517938381528e+00 5.904609640292443618e-02 1.705885633243295341e-01
2.489948361379284769e+00 5.920360750024600272e-02 1.702705026057622917e-01
2.485323422082474920e+00 5.936111859756757619e-02 1.699542347060727099e-01
2.480724002853787802e+00 5.951862969488914967e-02 1.696397119489303773e-01
2.476149420018377345e+00 5.967614079221072315e-02 1.693268875824983366e-01
2.471599003153698959e+00 5.983365188953229663e-02 1.690157157611737182e-01
2.467072094829288798e+00 5.999116298685386317e-02 1.687061515277931134e-01
2.462568050352718085e+00 6.014867408417543665e-02 1.683981507962601376e-01
2.458086237521914352e+00 6.030618518149701013e-02 1.680916703346077568e-01
2.453626036383414366e+00 6.046369627881858361e-02 1.677866677484680102e-01
2.449186838996453286e+00 6.062120737614015015e-02 1.674831014649385275e-01
2.444768049202760363e+00 6.077871847346172363e-02 1.671809307168414249e-01
2.440369082401858680e+00 6.093622957078329710e-02 1.668801155273566816e-01
2.435989364742536800e+00 6.109374066810487058e-02 1.665806166547331157e-01
2.431628269266262077e+00 6.125125176542643712e-02 1.662823912255736447e-01
2.427285060720397958e+00 6.140876286274801060e-02 1.659853889609900490e-01
2.422959005378753528e+00 6.156627396006958408e-02 1.656895596864769171e-01
2.418649384386459378e+00 6.172378505739115756e-02 1.653948542444766134e-01
2.414355493481962434e+00 6.188129615471273104e-02 1.651012244753684577e-01
2.410076642726058260e+00 6.203880725203429758e-02 1.648086231989389361e-01
2.405812156237521648e+00 6.219631834935587106e-02 1.645170041963038288e-01
2.401561371935308387e+00 6.235382944667744454e-02 1.642263221922780070e-01
2.397323641287060436e+00 6.251134054399902495e-02 1.639365328381785780e-01
2.393098329063754193e+00 6.266885164132059149e-02 1.636475926950463067e-01
2.388884813100251137e+00 6.282636273864215803e-02 1.633594592172719073e-01
2.384682484061586116e+00 6.298387383596373845e-02 1.630720907366132177e-01
2.380490745214918658e+00 6.314138493328530499e-02 1.627854464466012008e-01
2.376309012206774263e+00 6.329889603060687153e-02 1.624994863873067685e-01
2.372136712845673401e+00 6.345640712792845195e-02 1.622141714304766447e-01
2.367973286889733853e+00 6.361391822525001849e-02 1.619294632650080945e-01
2.363818185839289043e+00 6.377142932257158503e-02 1.616453243827683239e-01
2.359670872734254132e+00 6.392894041989316545e-02 1.613617180647375360e-01
2.355530821956194565e+00 6.408645151721473199e-02 1.610786083674732860e-01
2.351397517299936624e+00 6.424396261453631241e-02 1.607959599912419657e-01
2.347270392400325978e+00 6.440147371185787895e-02 1.605137342062122607e-01
2.343148817260047867e+00 6.455898480917944549e-02 1.602318879311860622e-01
2.339032170726840221e+00 6.471649590650102590e-02 1.599503786898171798e-01
2.334919845094129975e+00 6.487400700382259244e-02 1.596691649252183209e-01
2.330811245879353955e+00 6.503151810114417286e-02 1.593882059848016342e-01
2.326705791607474261e+00 6.518902919846573940e-02 1.591074621054744676e-01
2.322602913599493224e+00 6.534654029578730594e-02 1.588268943991778814e-01
2.318502055765823577e+00 6.550405139310888636e-02 1.585464648387564235e-01
2.314402674404409499e+00 6.566156249043045290e-02 1.582661362441530051e-01
2.310304238003326294e+00 6.581907358775203332e-02 1.579858722689098660e-01
2.306206227047899571e+00 6.597658468507359986e-02 1.577056373869792638e-01
2.302108133831974435e+00 6.613409578239516640e-02 1.574253968798169645e-01
2.298009462273483017e+00 6.629160687971674681e-02 1.571451168237704143e-01
2.293909727733907999e+00 6.644911797703831335e-02 1.568647640777332819e-01
2.289808456841661677e+00 6.660662907435987989e-02 1.565843062710667033e-01
2.285705187319309051e+00 6.676414017168146031e-02 1.563037117917857044e-01
2.281599467814364068e+00 6.692165126900302685e-02 1.560229497749870964e-01
2.277490857733652785e+00 6.707916236632460727e-02 1.557419900915234801e-01
2.273378927081146639e+00 6.723667346364617381e-02 1.554608033369137832e-01
2.269263256299071330e+00 6.739418456096774035e-02 1.551793608204770913e-01
2.265143434174210491e+00 6.755169565828932077e-02 1.548976344221601742e-01
2.261019025100865498e+00 6.770920675561088731e-02 1.546155943538748967e-01
2.256889574512612295e+00 6.786671785293246772e-02 1.543332095309390417e-01
2.252754638097147488e+00 6.802422895025403426e-02 1.540504495698794829e-01
2.248613782627325364e+00 6.818174004757560080e-02 1.537672848452609486e-01
2.244466585801648595e+00 6.833925114489718122e-02 1.534836864787783306e-01
2.240312636087780085e+00 6.849676224221874776e-02 1.531996263285559101e-01
2.236151532569206957e+00 6.865427333954032818e-02 1.529150769786611630e-01
2.231982884794881716e+00 6.881178443686189472e-02 1.526300117288229563e-01
2.227806312631702035e+00 6.896929553418346126e-02 1.523444045843439232e-01
2.223621446119832701e+00 6.912680663150504168e-02 1.520582302462065161e-01
2.219427925330681894e+00 6.928431772882660822e-02 1.517714641013612475e-01
2.215225400227526897e+00 6.944182882614817476e-02 1.514840822131959253e-01
2.211013530528630255e+00 6.959933992346975518e-02 1.511960613121745567e-01
2.206791985572865045e+00 6.975685102079132172e-02 1.509073787866490324e-01
2.202560444187686262e+00 6.991436211811290213e-02 1.506180126738304315e-01
2.198318594559406147e+00 7.007187321543446867e-02 1.503279416509176458e-01
2.194066134105668642e+00 7.022938431275603521e-02 1.500371450263772999e-01
2.189802769350167377e+00 7.038689541007761563e-02 1.497456027313761040e-01
2.185528215799391383e+00 7.054440650739918217e-02 1.494532953113529017e-01
2.181242197821379403e+00 7.070191760472076259e-02 1.491602039177268579e-01
2.176944448526505926e+00 7.085942870204232913e-02 1.488663102997458132e-01
2.172634710544451231e+00 7.101693979936389567e-02 1.485715968576175605e-01
2.168312746944941249e+00 7.117445089668547609e-02 1.482760473893046105e-01
2.163978337424709242e+00 7.133196199400704263e-02 1.479796468297764622e-01
2.159631269697954714e+00 7.148947309132862304e-02 1.476823806622621083e-01
2.155271339203840952e+00 7.164698418865018958e-02 1.473842348982480621e-01
2.150898349002888121e+00 7.180449528597175612e-02 1.470851960703931094e-01
2.146512109674814539e+00 7.196200638329333654e-02 1.467852512255423403e-01
2.142112439217886966e+00 7.211951748061490308e-02 1.464843879178447383e-01
2.137699162949578291e+00 7.227702857793646962e-02 1.461825942019595037e-01
2.133272113408636095e+00 7.243453967525805004e-02 1.458798586263594099e-01
2.128831130258413307e+00 7.259205077257961658e-02 1.455761702267199531e-01
2.124376060191505822e+00 7.274956186990119700e-02 1.452715185193985126e-01
2.119906756835623352e+00 7.290707296722276354e-02 1.449658934949975830e-01
2.115423080660616240e+00 7.306458406454433008e-02 1.446592856120063886e-01
2.110924898886727519e+00 7.322209516186591050e-02 1.443516857905274009e-01
2.106412085393946754e+00 7.337960625918747704e-02 1.440430854060775756e-01
2.101884520632476772e+00 7.353711735650905745e-02 1.437334762834656388e-01
2.097342091534247999e+00 7.369462845383062399e-02 1.434228506907413436e-01
2.092784691425505716e+00 7.385213955115219053e-02 1.431112013332175303e-01
2.088212219940392966e+00 7.400965064847377095e-02 1.427985213475614357e-01
2.083624582935508673e+00 7.416716174579533749e-02 1.424848042959509509e-01
2.079021692405439214e+00 7.432467284311691791e-02 1.421700441602988807e-01
2.074403466399242557e+00 7.448218394043848445e-02 1.418542353365421227e-01
2.069769832436365142e+00 7.463969503776005099e-02 1.415373728682325083e-01
2.065120780960093327e+00 7.479720613508163141e-02 1.412194561018516592e-01
2.060456353354779946e+00 7.495471723240319795e-02 1.409004878673920103e-01
2.055776595788034733e+00 7.511222832972476449e-02 1.405804713219399038e-01
2.051081557770412456e+00 7.526973942704634490e-02 1.402594098511827370e-01
2.046371292100457318e+00 7.542725052436791144e-02 1.399373070656512175e-01
2.041645854810417049e+00 7.558476162168949186e-02 1.396141667970066946e-01
2.036905305112257203e+00 7.574227271901105840e-02 1.392899930943495845e-01
2.032149705344330481e+00 7.589978381633262494e-02 1.389647902205726759e-01
2.027379120918394673e+00 7.605729491365420536e-02 1.386385626487376121e-01
2.022593620267177705e+00 7.621480601097577190e-02 1.383113150584898421e-01
2.017793274792365477e+00 7.637231710829735232e-02 1.379830523325010494e-01
2.012978158813079510e+00 7.652982820561891886e-02 1.376537795529468033e-01
2.008148349514774722e+00 7.668733930294048540e-02 1.373235019980111327e-01
2.003303926898607479e+00 7.684485040026206581e-02 1.369922251384249057e-01
1.998444973731226426e+00 7.700236149758363235e-02 1.366599546340319660e-01
1.993571575495023840e+00 7.715987259490521277e-02 1.363266963303872703e-01
1.988683820338771557e+00 7.731738369222677931e-02 1.359924562553810612e-01
1.983781799028740300e+00 7.747489478954834585e-02 1.356572406158965682e-01
1.978865604900196917e+00 7.763240588686992627e-02 1.353210557944929393e-01
1.973935333809320181e+00 7.778991698419149281e-02 1.349839083461172318e-01
1.968991084085541132e+00 7.794742808151305935e-02 1.346458049948452695e-01
1.964032956484304204e+00 7.810493917883463977e-02 1.343067526306515047e-01
1.959061054140185165e+00 7.826245027615620631e-02 1.339667583062025269e-01
1.954075483768322741e+00 7.841996137347778673e-02 1.336258293190154267e-01
1.949076422328678282e+00 7.857747247079935327e-02 1.332839777701689266e-01
1.944064148731867281e+00 7.873498356812091981e-02 1.329412227324484608e-01
1.939038948564034692e+00 7.889249466544250022e-02 1.325975837351330566e-01
1.934001105633847084e+00 7.905000576276406676e-02 1.322530801859523042e-01
1.928950901968414788e+00 7.920751686008564718e-02 1.319077313708073018e-01
1.923888617809418333e+00 7.936502795740721372e-02 1.315615564535057846e-01
1.918814531609555507e+00 7.952253905472878026e-02 1.312145744755192911e-01
1.913728920029143854e+00 7.968005015205036068e-02 1.308668043557507377e-01
1.908632057933050463e+00 7.983756124937192722e-02 1.305182648903245313e-01
1.903524218387789180e+00 7.999507234669350764e-02 1.301689747523878948e-01
1.898405672658891596e+00 8.015258344401507418e-02 1.298189524919313720e-01
1.893276690208492763e+00 8.031009454133664072e-02 1.294682165356235426e-01
1.888137538693162254e+00 8.046760563865822113e-02 1.291167851866626692e-01
1.882988483961911097e+00 8.062511673597978767e-02 1.287646766246404728e-01
1.877829790054490244e+00 8.078262783330135421e-02 1.284119089054258922e-01
1.872661719199852248e+00 8.094013893062293463e-02 1.280584999610597519e-01
1.867484531814845417e+00 8.109765002794450117e-02 1.277044675996652501e-01
1.862298486503111583e+00 8.125516112526608159e-02 1.273498295053731855e-01
1.857103840054208810e+00 8.141267222258764813e-02 1.269946032382613665e-01
1.851900847442924825e+00 8.157018331990921467e-02 1.266388062343080101e-01
1.846689761828799847e+00 8.172769441723079509e-02 1.262824558053588231e-01
1.841470834555813951e+00 8.188520551455236163e-02 1.259255691391060472e-01
1.836244315152358419e+00 8.204271661187394205e-02 1.255681632990860719e-01
1.831010451331267941e+00 8.220022770919550859e-02 1.252102552246819045e-01
1.825769488990184097e+00 8.235773880651707513e-02 1.248518617311477896e-01
1.820521696688840896e+00 8.251524990383865554e-02 1.244930011834433220e-01
1.815267482785936748e+00 8.267276100116022208e-02 1.241337015064211124e-01
1.810007301190986073e+00 8.283027209848178862e-02 1.237739937398416312e-01
1.804741599116365114e+00 8.298778319580336904e-02 1.234139084654943125e-01
1.799470817063080430e+00 8.314529429312493558e-02 1.230534758062238332e-01
1.794195388878851993e+00 8.330280539044651600e-02 1.226927254299021580e-01
1.788915741816426097e+00 8.346031648776808254e-02 1.223316865534162245e-01
1.783632296592064570e+00 8.361782758508964908e-02 1.219703879466677160e-01
1.778345467444264694e+00 8.377533868241122950e-02 1.216088579365882938e-01
1.773055662192636106e+00 8.393284977973279604e-02 1.212471244111659324e-01
1.767763282296878735e+00 8.409036087705437645e-02 1.208852148234779017e-01
1.762468722915927044e+00 8.424787197437594299e-02 1.205231561957353786e-01
1.757172372967155560e+00 8.440538307169750953e-02 1.201609751233320145e-01
1.751874615185644357e+00 8.456289416901908995e-02 1.197986977788967344e-01
1.746575826183554891e+00 8.472040526634065649e-02 1.194363499163539899e-01
1.741276376509457213e+00 8.487791636366223691e-02 1.190739568749807492e-01
1.735976630707752655e+00 8.503542746098380345e-02 1.187115435834700666e-01
1.730676947378008590e+00 8.519293855830536999e-02 1.183491345639886144e-01
1.725377679234344264e+00 8.535044965562695041e-02 1.179867539362375317e-01
1.720079173164718700e+00 8.550796075294851695e-02 1.176244254215068202e-01
1.714781770290165319e+00 8.566547185027008349e-02 1.172621723467258681e-01
1.709485806024000576e+00 8.582298294759166390e-02 1.169000176485125581e-01
1.704191610130882273e+00 8.598049404491323044e-02 1.165379838772116206e-01
1.698899506785774172e+00 8.613800514223481086e-02 1.161760932009271025e-01
1.693609814632817567e+00 8.629551623955637740e-02 1.158143674095477582e-01
1.688322846844019676e+00 8.645302733687794394e-02 1.154528279187606865e-01
1.683038911213148747e+00 8.661053843419952436e-02 1.150914957764722080e-01
1.677758357434248282e+00 8.676804953152109090e-02 1.147303948958611347e-01
1.672481668607947558e+00 8.692556062884267132e-02 1.143695583128684218e-01
1.667209343966249424e+00 8.708307172616423786e-02 1.140090201665489855e-01
1.661941872645931850e+00 8.724058282348580440e-02 1.136488139056147234e-01
1.656679733812584709e+00 8.739809392080738482e-02 1.132889722969160490e-01
1.651423396784569730e+00 8.755560501812895136e-02 1.129295274339191524e-01
1.646173321156734204e+00 8.771311611545053177e-02 1.125705107451655529e-01
1.640929956923923516e+00 8.787062721277209831e-02 1.122119530027185369e-01
1.635693744604197697e+00 8.802813831009366485e-02 1.118538843305890151e-01
1.630465115361725781e+00 8.818564940741524527e-02 1.114963342131392865e-01
1.625244491129347102e+00 8.834316050473681181e-02 1.111393315034643892e-01
1.620032284730662298e+00 8.850067160205837835e-02 1.107829044317409917e-01
1.614828900001763268e+00 8.865818269937995877e-02 1.104270806135514010e-01
1.609634731912413796e+00 8.881569379670152531e-02 1.100718870581708364e-01
1.604450166686756996e+00 8.897320489402310573e-02 1.097173501768212711e-01
1.599275581923453871e+00 8.913071599134467227e-02 1.093634957908870553e-01
1.594111346715251010e+00 8.928822708866623881e-02 1.090103491400914448e-01
1.588957821767941203e+00 8.944573818598781922e-02 1.086579348906313858e-01
1.583815359518656818e+00 8.960324928330938576e-02 1.083062771432667937e-01
1.578684304253539228e+00 8.976076038063096618e-02 1.079553994413671586e-01
1.573564992224678161e+00 8.991827147795253272e-02 1.076053247789082734e-01
1.568457751766322072e+00 9.007578257527409926e-02 1.072560756084190020e-01
1.563362903410402627e+00 9.023329367259567968e-02 1.069076738488813350e-01
1.558280760001211851e+00 9.039080476991724622e-02 1.065601408935721028e-01
1.553211626809359869e+00 9.054831586723882664e-02 1.062134976178560897e-01
1.548155801644878871e+00 9.070582696456039318e-02 1.058677643869202906e-01
1.543113574969518620e+00 9.086333806188195972e-02 1.055229610634528942e-01
1.538085230008185977e+00 9.102084915920354014e-02 1.051791070152641588e-01
1.533071065536860011e+00 9.117836025652510668e-02 1.048362226735954361e-01
1.528071476555524999e+00 9.133587135384667322e-02 1.044943350497883755e-01
1.523086877875372114e+00 9.149338245116825363e-02 1.041534725099373809e-01
1.518117673920839517e+00 9.165089354848982017e-02 1.038136627098577985e-01
1.513164258891631420e+00 9.180840464581140059e-02 1.034749326061655539e-01
1.508227016926374286e+00 9.196591574313296713e-02 1.031373084674686441e-01
1.503306322265220096e+00 9.212342684045453367e-02 1.028008158854858689e-01
1.498402539411244350e+00 9.228093793777611409e-02 1.024654797860844180e-01
1.493516023290792027e+00 9.243844903509768063e-02 1.021313244402443504e-01
1.488647119412518371e+00 9.259596013241926105e-02 1.017983734749345753e-01
1.483796164025277475e+00 9.275347122974082759e-02 1.014666498839095349e-01
1.478963484274684159e+00 9.291098232706239413e-02 1.011361760384156538e-01
1.474149398358430618e+00 9.306849342438397454e-02 1.008069736978121633e-01
1.469354215680280795e+00 9.322600452170554108e-02 1.004790640201019408e-01
1.464578237002675642e+00 9.338351561902712150e-02 1.001524675723668573e-01
1.459821754598025656e+00 9.354102671634868804e-02 9.982720434111391761e-02
1.455085052398579215e+00 9.369853781367025458e-02 9.950329374252350756e-02
1.450368406144890487e+00 9.385604891099183500e-02 9.918075463260228597e-02
1.445672083532848262e+00 9.401356000831340154e-02 9.885960531723725353e-02
1.440996344359282366e+00 9.417107110563496808e-02 9.853986356215298226e-02
1.436341440666055291e+00 9.432858220295654850e-02 9.822154660276508076e-02
1.431707616882752276e+00 9.448609330027811504e-02 9.790467115393750031e-02
1.427095109967817077e+00 9.464360439759969545e-02 9.758925341963418931e-02
1.422504149548197150e+00 9.480111549492126199e-02 9.727530910246816320e-02
1.417934958057504691e+00 9.495862659224282853e-02 9.696285341314964112e-02
1.413387750872621584e+00 9.511613768956440895e-02 9.665190107982747636e-02
1.408862736448803998e+00 9.527364878688597549e-02 9.634246635732789110e-02
1.404360116453222007e+00 9.543115988420755591e-02 9.603456303628642166e-02
1.399880085896984205e+00 9.558867098152912245e-02 9.572820445217621044e-02
1.395422833711754240e+00 9.574618207885068899e-02 9.542340352473875631e-02
1.390988563701282210e+00 9.590369317617226941e-02 9.512017419071572277e-02
1.386577502972424103e+00 9.606120427349383595e-02 9.481853198038840691e-02
1.382189873611849640e+00 9.621871537081541637e-02 9.451849208074207531e-02
1.377825890503082018e+00 9.637622646813698291e-02 9.422006918618806848e-02
1.373485761471525901e+00 9.653373756545854945e-02 9.392327750848128431e-02
1.369169687427836068e+00 9.669124866278012986e-02 9.362813078652455767e-02
1.364877862509546791e+00 9.684875976010169640e-02 9.333464229605305251e-02
1.360610474221005006e+00 9.700627085742326294e-02 9.304282485920413459e-02
1.356367703571565775e+00 9.716378195474484336e-02 9.275269085396682656e-02
1.352149725212097087e+00 9.732129305206640990e-02 9.246425222351703499e-02
1.347956707569732515e+00 9.747880414938799032e-02 9.217752048543202681e-02
1.343788812980936553e+00 9.763631524670955686e-02 9.189250674078998371e-02
1.339646197822819129e+00 9.779382634403112340e-02 9.160922168314958314e-02
1.335529012642765911e+00 9.795133744135270382e-02 9.132767560741475443e-02
1.331437402286327565e+00 9.810884853867427036e-02 9.104787841857997499e-02
1.327371506023408143e+00 9.826635963599585077e-02 9.076983964035938157e-02
1.323331457672781042e+00 9.842387073331741731e-02 9.049356842370184784e-02
1.319317385724825487e+00 9.858138183063898385e-02 9.021907355518353488e-02
1.315329413462678954e+00 9.873889292796056427e-02 8.994636346529343018e-02
1.311367659081600134e+00 9.889640402528213081e-02 8.967544623659506886e-02
1.307432235806723630e+00 9.905391512260371123e-02 8.940632961177943927e-02
1.303523252009124223e+00 9.921142621992527777e-02 8.913902100160152331e-02
1.299640811320191824e+00 9.936893731724684431e-02 8.887352749270185925e-02
1.295785012744401721e+00 9.952644841456842473e-02 8.860985585531790110e-02
1.291955950770411921e+00 9.968395951188999127e-02 8.834801255088137184e-02
1.288153715480534034e+00 9.984147060921155781e-02 8.808800373950417817e-02
1.284378392658586332e+00 9.999898170653313823e-02 8.782983528735362200e-02
1.280630063896151416e+00 1.001564928038547048e-01 8.757351277391887956e-02
1.276908806697206966e+00 1.003140039011762852e-01 8.731904149916579205e-02
1.273214694581197959e+00 1.004715149984978517e-01 8.706642649058525529e-02
1.269547796983029109e+00 1.006290260958194183e-01 8.681567249635456507e-02
1.265908158388900917e+00 1.007865371931409987e-01 8.656678255857999660e-02
1.262295780696557790e+00 1.009440482904625652e-01 8.631975680703533882e-02
1.258710659175070301e+00 1.011015593877841456e-01 8.607459491820471098e-02
1.255152786911241991e+00 1.012590704851057122e-01 8.583129641934207632e-02
1.251622154875677406e+00 1.014165815824272787e-01 8.558986069298889221e-02
1.248118751987726371e+00 1.015740926797488591e-01 8.535028698141539083e-02
1.244642565179285398e+00 1.017316037770704257e-01 8.511257439098365851e-02
1.241193579457414264e+00 1.018891148743920061e-01 8.487672189642915532e-02
1.237771777965882336e+00 1.020466259717135726e-01 8.464272834506994525e-02
1.234377142045595566e+00 1.022041370690351392e-01 8.441059246093834956e-02
1.231009651293921481e+00 1.023616481663567196e-01 8.418031284883817356e-02
1.227669283622973229e+00 1.025191592636782861e-01 8.395188799833035176e-02
1.224356015316789392e+00 1.026766703609998527e-01 8.372531628764263989e-02
1.221069821087519713e+00 1.028341814583214331e-01 8.350059598751244372e-02
1.217810674130558990e+00 1.029916925556429996e-01 8.327772526495641481e-02
1.214578546178653129e+00 1.031492036529645800e-01 8.305670218697086549e-02
1.211373407555044857e+00 1.033067147502861466e-01 8.283752472416575086e-02
1.208195227225603574e+00 1.034642258476077131e-01 8.262019075432953941e-02
1.205043972850009082e+00 1.036217369449292935e-01 8.240469806592938540e-02
1.201919610831973184e+00 1.037792480422508601e-01 8.219104436154552051e-02
1.198822106368506057e+00 1.039367591395724405e-01 8.197922726123986481e-02
1.195751423498303545e+00 1.040942702368940070e-01 8.176924430586539339e-02
1.192707525149169667e+00 1.042517813342155736e-01 8.156109296030865374e-02
1.189690373184588035e+00 1.044092924315371540e-01 8.135477061667469034e-02
1.186699928449372887e+00 1.045668035288587205e-01 8.115027459740874194e-02
1.183736150814502341e+00 1.047243146261803010e-01 8.094760215836205308e-02
1.180798999221051693e+00 1.048818257235018675e-01 8.074675049179608211e-02
1.177888431723294493e+00 1.050393368208234340e-01 8.054771672933019877e-02
1.175004405531003604e+00 1.051968479181450145e-01 8.035049794483395402e-02
1.172146877050928016e+00 1.053543590154665810e-01 8.015509115726378309e-02
1.169315801927450993e+00 1.055118701127881475e-01 7.996149333344303167e-02
1.166511135082482831e+00 1.056693812101097280e-01 7.976970139079010702e-02
1.163732825958730954e+00 1.058268923074312945e-01 7.957971187203823071e-02
1.160980742747726335e+00 1.059844034047528749e-01 7.939151576370968855e-02
1.158254687675907890e+00 1.061419145020744415e-01 7.920509954142611331e-02
1.155554463109951913e+00 1.062994255993960080e-01 7.902044969039907774e-02
1.152879873602121297e+00 1.064569366967175884e-01 7.883755284529737895e-02
1.150230725865040382e+00 1.066144477940391549e-01 7.865639578852216818e-02
1.147606828746803309e+00 1.067719588913607354e-01 7.847696544850477074e-02
1.145007993206362151e+00 1.069294699886823019e-01 7.829924889802358789e-02
1.142434032289324497e+00 1.070869810860038684e-01 7.812323335254903189e-02
1.139884761104003275e+00 1.072444921833254489e-01 7.794890616860589150e-02
1.137359996797804307e+00 1.074020032806470154e-01 7.777625484215855423e-02
1.134859558533944934e+00 1.075595143779685958e-01 7.760526700701879388e-02
1.132383267468461074e+00 1.077170254752901624e-01 7.743593043327373637e-02
1.129930946727516261e+00 1.078745365726117289e-01 7.726823302573396224e-02
1.127502421385018216e+00 1.080320476699333093e-01 7.710216282240296704e-02
1.125097518440536293e+00 1.081895587672548759e-01 7.693770799296696661e-02
1.122716066797498469e+00 1.083470698645764424e-01 7.677485683730418675e-02
1.120357897241673006e+00 1.085045809618980228e-01 7.661359778401295728e-02
1.118022842419945206e+00 1.086620920592195894e-01 7.645391938896087258e-02
1.115710736819362170e+00 1.088196031565411698e-01 7.629581033385147981e-02
1.113421416746465997e+00 1.089771142538627363e-01 7.613925942481111764e-02
1.111154720306874566e+00 1.091346253511843029e-01 7.598425559099260262e-02
1.108910487385162513e+00 1.092921364485058833e-01 7.583078788319939922e-02
1.106688559624963819e+00 1.094496475458274498e-01 7.567884547252498595e-02
1.104488780409378812e+00 1.096071586431490302e-01 7.552841764901309374e-02
1.102310994841603442e+00 1.097646697404705968e-01 7.537949382033283519e-02
1.100155049725834555e+00 1.099221808377921633e-01 7.523206351047331819e-02
1.098020793548390106e+00 1.100796919351137437e-01 7.508611635845220678e-02
1.095908076459130021e+00 1.102372030324353103e-01 7.494164211704548717e-02
1.093816750253067571e+00 1.103947141297568907e-01 7.479863065152998758e-02
1.091746668352234328e+00 1.105522252270784572e-01 7.465707193844295375e-02
1.089697685787809123e+00 1.107097363244000238e-01 7.451695606436040120e-02
1.087669659182435300e+00 1.108672474217216042e-01 7.437827322468752722e-02
1.085662446732785558e+00 1.110247585190431707e-01 7.424101372246674768e-02
1.083675907952798223e+00 1.111822696163647373e-01 7.410516795081913133e-02
1.081709854471693433e+00 1.113397807136863177e-01 7.397072302835813740e-02
1.079763990933040541e+00 1.114972918110078842e-01 7.383765875768180664e-02
1.077838011308356325e+00 1.116548029083294646e-01 7.370595421159967242e-02
1.075931613699025124e+00 1.118123140056510312e-01 7.357558874533454141e-02
1.074044500264766944e+00 1.119698251029725977e-01 7.344654199163111463e-02
1.072176377153583937e+00 1.121273362002941781e-01 7.331879385596518084e-02
1.070326954433167721e+00 1.122848472976157447e-01 7.319232451185343769e-02
1.068495946023761967e+00 1.124423583949373251e-01 7.306711439626206728e-02
1.066683069632401670e+00 1.125998694922588916e-01 7.294314420510997210e-02
1.064888046688523549e+00 1.127573805895804582e-01 7.282039488886560274e-02
1.063110602280940897e+00 1.129148916869020386e-01 7.269884764823722478e-02
1.061350465096070339e+00 1.130724027842236051e-01 7.257848392994829811e-02
1.059607367357498386e+00 1.132299138815451855e-01 7.245928542260524075e-02
1.057881044766740386e+00 1.133874249788667521e-01 7.234123405264622497e-02
1.056171236445275996e+00 1.135449360761883186e-01 7.222431198037726485e-02
1.054477684877709320e+00 1.137024471735098990e-01 7.210850159608532539e-02
1.052800135856169383e+00 1.138599582708314656e-01 7.199378551623653033e-02
1.051138338425785301e+00 1.140174693681530321e-01 7.188014657974717281e-02
1.049492044831321191e+00 1.141749804654746125e-01 7.176756784433487024e-02
1.047861010464885112e+00 1.143324915627961791e-01 7.165603258294235556e-02
1.046244993814693380e+00 1.144900026601177595e-01 7.154552428023402966e-02
1.044643756414900704e+00 1.146475137574393260e-01 7.143602662916512247e-02
1.043057062796422629e+00 1.148050248547608926e-01 7.132752352761886905e-02
1.041484680438788279e+00 1.149625359520824730e-01 7.121999907511399053e-02
1.039926379722923455e+00 1.151200470494040395e-01 7.111343756957565210e-02
1.038381933884931607e+00 1.152775581467256200e-01 7.100782350417528255e-02
1.036851118970781860e+00 1.154350692440471865e-01 7.090314156423165037e-02
1.035333713791917187e+00 1.155925803413687530e-01 7.079937662417534749e-02
1.033829499881748770e+00 1.157500914386903335e-01 7.069651374457365522e-02
1.032338261453027872e+00 1.159076025360119000e-01 7.059453816921565372e-02
1.030859785356083469e+00 1.160651136333334804e-01 7.049343532225625653e-02
1.029393861037867230e+00 1.162226247306550470e-01 7.039319080541560358e-02
1.027940280501845827e+00 1.163801358279766135e-01 7.029379039523632466e-02
1.026498838268676606e+00 1.165376469252981939e-01 7.019522004039452368e-02
1.025069331337657541e+00 1.166951580226197605e-01 7.009746585906355409e-02
1.023651559140849043e+00 1.168526691199413270e-01 7.000051413577669523e-02
1.022245299016572684e+00 1.170101802172629074e-01 6.990434964422780062e-02
1.020850252748197518e+00 1.171676913145844739e-01 6.980895199142549135e-02
1.019466110237474465e+00 1.173252024119060544e-01 6.971429997187587879e-02
1.018092565249467896e+00 1.174827135092276209e-01 6.962037264427060890e-02
1.016729315352898233e+00 1.176402246065491874e-01 6.952714932740726439e-02
1.015376061861988477e+00 1.177977357038707679e-01 6.943460959621276796e-02
1.014032509779751123e+00 1.179552468011923344e-01 6.934273327786501240e-02
1.012698367742694838e+00 1.181127578985139148e-01 6.925150044801180182e-02
1.011373347966929126e+00 1.182702689958354814e-01 6.916089142708525817e-02
1.010057166195591716e+00 1.184277800931570479e-01 6.907088677670684962e-02
1.008749541647616876e+00 1.185852911904786283e-01 6.898146729618398476e-02
1.007450196967779377e+00 1.187428022878001949e-01 6.889261401909375915e-02
1.006158858177987003e+00 1.189003133851217753e-01 6.880430820995220298e-02
1.004875254629793435e+00 1.190578244824433418e-01 6.871653136096712855e-02
1.003599118958123482e+00 1.192153355797649084e-01 6.862926518887348115e-02
1.002330187036131193e+00 1.193728466770864888e-01 6.854249163184659988e-02
1.001068197931225034e+00 1.195303577744080553e-01 6.845619284649495651e-02
9.998128938621800854e-01 1.196878688717296219e-01 6.837035120492734874e-02
9.985640201573249275e-01 1.198453799690512023e-01 6.828494929189370122e-02
9.973213252138077856e-01 1.200028910663727688e-01 6.819996990199944653e-02
9.960845604578668633e-01 1.201604021636943492e-01 6.811539603698862910e-02
9.948534803061152010e-01 1.203179132610159158e-01 6.803121090309667551e-02
9.936278421278005313e-01 1.204754243583374823e-01 6.794739790846941740e-02
9.924074062080319170e-01 1.206329354556590627e-01 6.786394066064839470e-02
9.911919357119011176e-01 1.207904465529806293e-01 6.778082296411751251e-02
9.899811966495623006e-01 1.209479576503022097e-01 6.769802881791496529e-02
9.887749578421591856e-01 1.211054687476237762e-01 6.761554241330323956e-02
9.875729908886400343e-01 1.212629798449453428e-01 6.753334813149976246e-02
9.863750701333858784e-01 1.214204909422669232e-01 6.745143054146346406e-02
9.851809726347036111e-01 1.215780020395884897e-01 6.736977439774000098e-02
9.839904781340725881e-01 1.217355131369100563e-01 6.728836463835863313e-02
9.828033690262244493e-01 1.218930242342316367e-01 6.720718638278662393e-02
9.816194303299281554e-01 1.220505353315532032e-01 6.712622492993099155e-02
9.804384496595659471e-01 1.222080464288747836e-01 6.704546575619499404e-02
9.792602171974111869e-01 1.223655575261963502e-01 6.696489451358242362e-02
9.780845256666164111e-01 1.225230686235179167e-01 6.688449702785026485e-02
9.769111703048838358e-01 1.226805797208394971e-01 6.680425929670845420e-02
9.757399488350406713e-01 1.228380908181610637e-01 6.672416748780747586e-02
9.745706560033111643e-01 1.229956019154826441e-01 6.664420756524845613e-02
9.734030728084995809e-01 1.231531130128042106e-01 6.656436455304053090e-02
9.722369799118546485e-01 1.233106241101257772e-01 6.648462345210995328e-02
9.710721606719183718e-01 1.234681352074473576e-01 6.640496944783215449e-02
9.699084011192518062e-01 1.236256463047689241e-01 6.632538790830372344e-02
9.687454899318297397e-01 1.237831574020905046e-01 6.624586438265979427e-02
9.675832184111601286e-01 1.239406684994120711e-01 6.616638459944083894e-02
9.664213804590245926e-01 1.240981795967336376e-01 6.608693446500231439e-02
9.652597725548848207e-01 1.242556906940552180e-01 6.600750006196953734e-02
9.640981937339068164e-01 1.244132017913767846e-01 6.592806764773480321e-02
9.629364455655905486e-01 1.245707128886983511e-01 6.584862365299631870e-02
9.617743321330057826e-01 1.247282239860199315e-01 6.576915468033799061e-02
9.606116600125864657e-01 1.248857350833414981e-01 6.568964750284780885e-02
9.594482382545046484e-01 1.250432461806630924e-01 6.561008906277585040e-02
9.582838783635584390e-01 1.252007572779846589e-01 6.553046647022715832e-02
9.571183942806350542e-01 1.253582683753062255e-01 6.545076700189421393e-02
9.559516023646339455e-01 1.255157794726277920e-01 6.537097809982085617e-02
9.547833213749290504e-01 1.256732905699493585e-01 6.529108737020285214e-02
9.536133724542960044e-01 1.258308016672709251e-01 6.521108258222045595e-02
9.524415791123266306e-01 1.259883127645924916e-01 6.513095166690431592e-02
9.512677672092725301e-01 1.261458238619140859e-01 6.505068271603060837e-02
9.500917649403607390e-01 1.263033349592356525e-01 6.497026398104838174e-02
9.489134028205200577e-01 1.264608460565572190e-01 6.488968387203532251e-02
9.477325136695321506e-01 1.266183571538787855e-01 6.480893095668208148e-02
9.465489325975871004e-01 1.267758682512003521e-01 6.472799395930473043e-02
9.453624969912196585e-01 1.269333793485219464e-01 6.464686175988285100e-02
9.441730464996453964e-01 1.270908904458435129e-01 6.456552339312536526e-02
9.429804230214393623e-01 1.272484015431650795e-01 6.448396804755947287e-02
9.417844706915792230e-01 1.274059126404866460e-01 6.440218506464451265e-02
9.405850358688563340e-01 1.275634237378082125e-01 6.432016393791126219e-02
9.393819671235700275e-01 1.277209348351298068e-01 6.423789431212044432e-02
9.381751152255846105e-01 1.278784459324513734e-01 6.415536598244581112e-02
9.369643331326836799e-01 1.280359570297729399e-01 6.407256889367804464e-02
9.357494759792156502e-01 1.281934681270945064e-01 6.398949313944808648e-02
9.345304010650343773e-01 1.283509792244160730e-01 6.390612896147103428e-02
9.333069678447352135e-01 1.285084903217376673e-01 6.382246674880991122e-02
9.320790379171245421e-01 1.286660014190592338e-01 6.373849703715565862e-02
9.308464750149778588e-01 1.288235125163808004e-01 6.365421050812683501e-02
9.296091449950358854e-01 1.289810236137023669e-01 6.356959798858524691e-02
9.283669158832301704e-01 1.291385347110239334e-01 6.348465045372896076e-02
9.271196740413555348e-01 1.292960458083455277e-01 6.339936013261990300e-02
9.258673463920172875e-01 1.294535569056670943e-01 6.331372202799601112e-02
9.246098668841511437e-01 1.296110680029886608e-01 6.322773162307764039e-02
9.233471707768460268e-01 1.297685791003102274e-01 6.314138449067767389e-02
9.220791946331450273e-01 1.299260901976317939e-01 6.305467629277732022e-02
9.208058763139239655e-01 1.300836012949533882e-01 6.296760278010786471e-02
9.195271549718231352e-01 1.302411123922749547e-01 6.288015979173534886e-02
9.182429710452280069e-01 1.303986234895965213e-01 6.279234325464921884e-02
9.169532662523107724e-01 1.305561345869180878e-01 6.270414918335474874e-02
9.156579835851105242e-01 1.307136456842396544e-01 6.261557367946814223e-02
9.143570673036617302e-01 1.308711567815612486e-01 6.252661293131528408e-02
9.130504629301807729e-01 1.310286678788828152e-01 6.243726321353389869e-02
9.117381172432592606e-01 1.311861789762043817e-01 6.234752088667663145e-02
9.104199782721359435e-01 1.313436900735259483e-01 6.225738239681930658e-02
9.090959952909749564e-01 1.315012011708475148e-01 6.216684427516973310e-02
9.077661188131795900e-01 1.316587122681690813e-01 6.207590313767868961e-02
9.064303005857626827e-01 1.318162233654906756e-01 6.198455568465510018e-02
9.050884935837093526e-01 1.319737344628122422e-01 6.189279870038055797e-02
9.037406520043935743e-01 1.321312455601338087e-01 6.180062905272733914e-02
9.023867312619930914e-01 1.322887566574553753e-01 6.170804369277664569e-02
9.010266879819605057e-01 1.324462677547769418e-01 6.161503965444050518e-02
8.996604799954823761e-01 1.326037788520985361e-01 6.152161405408277522e-02
8.982880663339699590e-01 1.327612899494201026e-01 6.142776409014243100e-02
8.969094072235694881e-01 1.329188010467416692e-01 6.133348704275826124e-02
8.955244640796643507e-01 1.330763121440632357e-01 6.123878027339277330e-02
8.941331995014289991e-01 1.332338232413848023e-01 6.114364122445983124e-02
8.927355772663483346e-01 1.333913343387063966e-01 6.104806741894992783e-02
8.913315623247750619e-01 1.335488454360279631e-01 6.095205646005789207e-02
8.899211207944789370e-01 1.337063565333495296e-01 6.085560603081023590e-02
8.885042199552111164e-01 1.338638676306710962e-01 6.075871389369335435e-02
8.870808282432667280e-01 1.340213787279926627e-01 6.066137789028187149e-02
8.856509152460321221e-01 1.341788898253142570e-01 6.056359594086555692e-02
8.842144516965777523e-01 1.343364009226358236e-01 6.046536604407966309e-02
8.827714094681842205e-01 1.344939120199573901e-01 6.036668627653068997e-02
8.813217615689231677e-01 1.346514231172789566e-01 6.026755479242560526e-02
8.798654821362004164e-01 1.348089342146005232e-01 6.016796982319883025e-02
8.784025464313117704e-01 1.349664453119221175e-01 6.006792967714001674e-02
8.769329308339699480e-01 1.351239564092436840e-01 5.996743273901956189e-02
8.754566128368466149e-01 1.352814675065652505e-01 5.986647746971557327e-02
8.739735710400732271e-01 1.354389786038868171e-01 5.976506240583766283e-02
8.724837851457775129e-01 1.355964897012083836e-01 5.966318615935348874e-02
8.709872361203780944e-01 1.357540007985299779e-01 5.956084742868689857e-02
8.694839372402918265e-01 1.359115118958515445e-01 5.945804712172103601e-02
8.679739698830231109e-01 1.360690229931731110e-01 5.935479080330565566e-02
8.664574239313103110e-01 1.362265340904946775e-01 5.925108461990517827e-02
8.649343888490235166e-01 1.363840451878162441e-01 5.914693468934056203e-02
8.634049536790162627e-01 1.365415562851378384e-01 5.904234710064220487e-02
8.618692070409987860e-01 1.366990673824594049e-01 5.893732791390473430e-02
8.603272371295090926e-01 1.368565784797809715e-01 5.883188316014813235e-02
8.587791317119329859e-01 1.370140895771025380e-01 5.872601884118235083e-02
8.572249781266069180e-01 1.371716006744241045e-01 5.861974092947758869e-02
8.556648632809846777e-01 1.373291117717456711e-01 5.851305536803901725e-02
8.540988736498540401e-01 1.374866228690672654e-01 5.840596807028467646e-02
8.525270952736371255e-01 1.376441339663888319e-01 5.829848491992926235e-02
8.509496137567508223e-01 1.378016450637103985e-01 5.819061177087216791e-02
8.493665142660136169e-01 1.379591561610319650e-01 5.808235444708836903e-02
8.477778815291462378e-01 1.381166672583535315e-01 5.797371874252602031e-02
8.461837998333057165e-01 1.382741783556751258e-01 5.786471042100600065e-02
8.445843530236909480e-01 1.384316894529966924e-01 5.775533521612689208e-02
8.429796245022167511e-01 1.385892005503182589e-01 5.764559883117395533e-02
8.413696972262286744e-01 1.387467116476398254e-01 5.753550693903152630e-02
8.397546537073011796e-01 1.389042227449613920e-01 5.742506518210061667e-02
8.381345760100686881e-01 1.390617338422829863e-01 5.731427917221912360e-02
8.365095457511314558e-01 1.392192449396045528e-01 5.720315449058697294e-02
8.348796440980139622e-01 1.393767560369261194e-01 5.709169668769479428e-02
8.332449517681771445e-01 1.395342671342476859e-01 5.697991128325655824e-02
8.316055490280831464e-01 1.396917782315692524e-01 5.686780376614546800e-02
8.299615156923253467e-01 1.398492893288908467e-01 5.675537959433451379e-02
8.283129311227958036e-01 1.400068004262124133e-01 5.664264419483956703e-02
8.266598742279271939e-01 1.401643115235339798e-01 5.652960296366748433e-02
8.250024234619640628e-01 1.403218226208555464e-01 5.641626126576634870e-02
8.233406568243029078e-01 1.404793337181771129e-01 5.630262443498031122e-02
8.216746518588768922e-01 1.406368448154987072e-01 5.618869777400746501e-02
8.200044856535934068e-01 1.407943559128202737e-01 5.607448655436141766e-02
8.183302348398188153e-01 1.409518670101418403e-01 5.595999601633613874e-02
8.166519755918995038e-01 1.411093781074634068e-01 5.584523136897304174e-02
8.149697836267709716e-01 1.412668892047849734e-01 5.573019779003441504e-02
8.132837342035676986e-01 1.414244003021065677e-01 5.561490042597666550e-02
8.115939021233066208e-01 1.415819113994281342e-01 5.549934439192862751e-02
8.099003617286134604e-01 1.417394224967497007e-01 5.538353477167298061e-02
8.082031869034940197e-01 1.418969335940712673e-01 5.526747661763042191e-02
8.065024510731342300e-01 1.420544446913928338e-01 5.515117495084621846e-02
8.047982272037805807e-01 1.422119557887144281e-01 5.503463476098185980e-02
8.030905878026316502e-01 1.423694668860359946e-01 5.491786100630770273e-02
8.013796049177772662e-01 1.425269779833575612e-01 5.480085861369878020e-02
7.996653501539178199e-01 1.426844890806791277e-01 5.468363247970980945e-02
7.979479175668071633e-01 1.428420001780006943e-01 5.456618903616915206e-02
7.962274689211656931e-01 1.429995112753222608e-01 5.444853934505726467e-02
7.945041768862630693e-01 1.431570223726438551e-01 5.433069521404210178e-02
7.927782120931475829e-01 1.433145334699654216e-01 5.421266831141154791e-02
7.910497431432476079e-01 1.434720445672869882e-01 5.409447016666173169e-02
7.893189366172599364e-01 1.436295556646085547e-01 5.397611217110472731e-02
7.875859570843272150e-01 1.437870667619301213e-01 5.385760557849630925e-02
7.858509671114690676e-01 1.439445778592517156e-01 5.373896150568074903e-02
7.841141272732877754e-01 1.441020889565732821e-01 5.362019093325447877e-02
7.823755961619255350e-01 1.442596000538948486e-01 5.350130470624717832e-02
7.806355303972385418e-01 1.444171111512164152e-01 5.338231353481733693e-02
7.788940846372472970e-01 1.445746222485379817e-01 5.326322799496695931e-02
7.771514115887793173e-01 1.447321333458595760e-01 5.314405852926937929e-02
7.754076620183382174e-01 1.448896444431811426e-01 5.302481544761240145e-02
7.736629847631925072e-01 1.450471555405027091e-01 5.290550892795674309e-02
7.719175267426481302e-01 1.452046666378242756e-01 5.278614901710673712e-02
7.701714329695343864e-01 1.453621777351458422e-01 5.266674563149588428e-02
7.684248465618529478e-01 1.455196888324674365e-01 5.254730855798340344e-02
7.666779087546304883e-01 1.456771999297890030e-01 5.242784745466477769e-02
7.649307589119112016e-01 1.458347110271105695e-01 5.230837185169181364e-02
7.631835345389530456e-01 1.459922221244321361e-01 5.218889115210659929e-02
7.614363712945408924e-01 1.461497332217537026e-01 5.206941463268369152e-02
7.596894030034706535e-01 1.463072443190752969e-01 5.194995144478365551e-02
7.579427616691735148e-01 1.464647554163968635e-01 5.183051061521638803e-02
7.561965774864710665e-01 1.466222665137184300e-01 5.171110104711343358e-02
7.544509788544664364e-01 1.467797776110399965e-01 5.159173152080938352e-02
7.527060923895496636e-01 1.469372887083615631e-01 5.147241069473136588e-02
7.509620429385228668e-01 1.470947998056831574e-01 5.135314710629650808e-02
7.492189535918382104e-01 1.472523109030047239e-01 5.123394917281715033e-02
7.474769456969418968e-01 1.474098220003262905e-01 5.111482519241344197e-02
7.457361388717043127e-01 1.475673330976478570e-01 5.099578334493166248e-02
7.439966510179573111e-01 1.477248441949694235e-01 5.087683169287008506e-02
7.422585983351032146e-01 1.478823552922910178e-01 5.075797818230935038e-02
7.405220953338195189e-01 1.480398663896125844e-01 5.063923064384989042e-02
7.387872548498312097e-01 1.481973774869341509e-01 5.052059679355353633e-02
7.370541880577441418e-01 1.483548885842557175e-01 5.040208423388962272e-02
7.353230044849690117e-01 1.485123996815772840e-01 5.028370045468707333e-02
7.335938120256716433e-01 1.486699107788988505e-01 5.016545283408840178e-02
7.318667169548014328e-01 1.488274218762204448e-01 5.004734863950899976e-02
7.301418239421749723e-01 1.489849329735420114e-01 4.992939502860023471e-02
7.284192360665706634e-01 1.491424440708635779e-01 4.981159905021325524e-02
7.266990548299048225e-01 1.492999551681851444e-01 4.969396764536841010e-02
7.249813801714062311e-01 1.494574662655067110e-01 4.957650764822466721e-02
7.232663104818622957e-01 1.496149773628283053e-01 4.945922578705352901e-02
7.215539426178502191e-01 1.497724884601498718e-01 4.934212868521251766e-02
7.198443719160199095e-01 1.499299995574714384e-01 4.922522286212169945e-02
7.181376953916750461e-01 1.500875106547930049e-01 4.910851495199269195e-02
7.164340386310507069e-01 1.502450217521145714e-01 4.899201354280745963e-02
7.147335417889237874e-01 1.504025328494361657e-01 4.887572821879049290e-02
7.130363429507398099e-01 1.505600439467577323e-01 4.875966842265905959e-02
7.113425779784618985e-01 1.507175550440792988e-01 4.864384344508160263e-02
7.096523805329717494e-01 1.508750661414008654e-01 4.852826242620970898e-02
7.079658820965536448e-01 1.510325772387224319e-01 4.841293435721568533e-02
7.062832119954274290e-01 1.511900883360440262e-01 4.829786808183327007e-02
7.046044974223814039e-01 1.513475994333655927e-01 4.818307229790552010e-02
7.029298634594238759e-01 1.515051105306871593e-01 4.806855555893366216e-02
7.012594331004899928e-01 1.516626216280087258e-01 4.795432627562995487e-02
6.995933272742137499e-01 1.518201327253302924e-01 4.784039271747481809e-02
6.979316648666814560e-01 1.519776438226518867e-01 4.772676301427292156e-02
6.962745627442513685e-01 1.521351549199734532e-01 4.761344515771347152e-02
6.946221357763713300e-01 1.522926660172950197e-01 4.750044700293068467e-02
6.929744968583948506e-01 1.524501771146165863e-01 4.738777627006404702e-02
6.913317569344229474e-01 1.526076882119381528e-01 4.727544054582023120e-02
6.896940250201175626e-01 1.527651993092597471e-01 4.716344728503318179e-02
6.880614082255254171e-01 1.529227104065813136e-01 4.705180381222482527e-02
6.864340117778561234e-01 1.530802215039028802e-01 4.694051732316287251e-02
6.848119390442701793e-01 1.532377326012244467e-01 4.682959488641893347e-02
6.831952915546040117e-01 1.533952436985460133e-01 4.671904344492264216e-02
6.815841690240928008e-01 1.535527547958676076e-01 4.660886981751551777e-02
6.799786693760235812e-01 1.537102658931891741e-01 4.649908070049997566e-02
6.783788887643511512e-01 1.538677769905107406e-01 4.638968266918597899e-02
6.767849215962790099e-01 1.540252880878323072e-01 4.628068217943510920e-02
6.751968605547566948e-01 1.541827991851538737e-01 4.617208556919902979e-02
6.736147966209375948e-01 1.543403102824754403e-01 4.606389906005527862e-02
6.720388190965632669e-01 1.544978213797970346e-01 4.595612875873789083e-02
6.704690156262673728e-01 1.546553324771186011e-01 4.584878065866263008e-02
6.689054722198257696e-01 1.548128435744401676e-01 4.574186064144859787e-02
6.673482732743146739e-01 1.549703546717617342e-01 4.563537447843336176e-02
6.657975015961820064e-01 1.551278657690833007e-01 4.552932783218235913e-02
6.642532384232433529e-01 1.552853768664048950e-01 4.542372625799302038e-02
6.627155634465793366e-01 1.554428879637264616e-01 4.531857520539211981e-02
6.611845548323460608e-01 1.556003990610480281e-01 4.521388001962739489e-02
6.596602892434799692e-01 1.557579101583695946e-01 4.510964594315153980e-02
6.581428418613094466e-01 1.559154212556911612e-01 4.500587811710037023e-02
6.566322864070549548e-01 1.560729323530127555e-01 4.490258158276287659e-02
6.551286951632312450e-01 1.562304434503343220e-01 4.479976128304485189e-02
6.536321389949293348e-01 1.563879545476558885e-01 4.469742206392410266e-02
6.521426873710055583e-01 1.565454656449774551e-01 4.459556867589961615e-02
6.506604083851178499e-01 1.567029767422990216e-01 4.449420577542996524e-02
6.491853687766998560e-01 1.568604878396206159e-01 4.439333792636757786e-02
6.477176339517550785e-01 1.570179989369421825e-01 4.429296960138076611e-02
6.462572680035760797e-01 1.571755100342637490e-01 4.419310518337050270e-02
6.448043337333108083e-01 1.573330211315853155e-01 4.409374896687685147e-02
6.433588926704186806e-01 1.574905322289068821e-01 4.399490515947784147e-02
6.419210050929906597e-01 1.576480433262284764e-01 4.389657788317897352e-02
6.404907253297748015e-01 1.578055544235500429e-01 4.379877085315096036e-02
6.390680864773612413e-01 1.579630655208716095e-01 4.370148633264276522e-02
6.376531154611511099e-01 1.581205766181931760e-01 4.360472616289803871e-02
6.376531154611511099e-01 1.581205766181931760e-01 4.360472616289803871e-02
4.982219246963960346e-01 1.826842454521749870e-01 3.493325601407189229e-02
4.243995130900890533e-01 2.073525430377324841e-01 2.221883784185502489e-02
3.383723058440831766e-01 2.322407203492417860e-01 1.992742091319547187e-02
2.949034010747446088e-01 2.568837818198746459e-01 1.890144494790694032e-02
2.500314872367500607e-01 2.811184729179193598e-01 1.232483694399123114e-02
2.201632042617426843e-01 3.057758170190760794e-01 9.369844618583379400e-03
1.926650583376033621e-01 3.308749588216616799e-01 8.074795734522485433e-03
1.686530671152918492e-01 3.553458836143503774e-01 6.544640094411454355e-03
1.528705573938040629e-01 3.797183506574301481e-01 7.030174448671900993e-03
1.351067717731823659e-01 4.042043120935024936e-01 3.778274590399226772e-03
1.231382310280637882e-01 4.287407985369371399e-01 3.009677326186606036e-03
1.124344672446943860e-01 4.533371424922238990e-01 2.735552709551515669e-03
1.016508429359070653e-01 4.779959634912051558e-01 3.757019927245648216e-03
9.300450698495019153e-02 5.026629933946460405e-01 2.608610891705205690e-03
8.659627738757186277e-02 5.271487506500315279e-01 2.898034348814170977e-03
8.052417266269921992e-02 5.515427964227138657e-01 2.055865103632961190e-03
7.531883582805984356e-02 5.762240530263548210e-01 1.711615313921658081e-03
7.057184574885794204e-02 6.007285446297923048e-01 1.579753398509403358e-03
6.576116947847299166e-02 6.252568531449649303e-01 2.242926381565096914e-03
6.314738774886942407e-02 6.499965502683907603e-01 2.170308874525153815e-03
6.017869164382323721e-02 6.746857991314229031e-01 1.721552967249321761e-03
5.821501096802420006e-02 6.991270364754236244e-01 1.353362340532262209e-03
5.662708512779890402e-02 7.235756604093172006e-01 1.197203426221536996e-03
5.619206747567716959e-02 7.479714013051395050e-01 1.543419007829269652e-03
5.589436860275016905e-02 7.726132299420060967e-01 1.311769552706061213e-03
5.551764926079410384e-02 7.972349387995918413e-01 1.315910039827146135e-03
5.368835267147414880e-02 8.217736356692634248e-01 1.472253026865759807e-03
5.214133452223601584e-02 8.463200505719705724e-01 1.258120704679387917e-03
5.078180304431960390e-02 8.708218859006343626e-01 1.042390089046811184e-03
5.010134274448944242e-02 8.954790463233904818e-01 1.151799900723353334e-03
4.938533745347543913e-02 9.199626960429320155e-01 1.252429146281409077e-03
4.966773540941298026e-02 9.443606208269833546e-01 1.355875540852943904e-03
4.991595443888451056e-02 9.688687146412832130e-01 1.468519496167199501e-03
4.976430648969874804e-02 9.930926048855095445e-01 1.745622304970870231e-03
5.088366810859049072e-02 1.017620455362175491e+00 1.371829143898529134e-03
5.270878529386779920e-02 1.042409919186157552e+00 1.682560225326992353e-03
5.541747039540673853e-02 1.066789561870425063e+00 1.688878170316305974e-03
5.700233930683230171e-02 1.090909765172895618e+00 2.005006441225407054e-03
5.650745053103566756e-02 1.115651582439790346e+00 3.131916676308739694e-03
5.816312617845938171e-02 1.140641543091339027e+00 1.900251557905691200e-03
5.918680159524112444e-02 1.164692026865203012e+00 3.398381728111899997e-03
6.115688612808073410e-02 1.188605021497627590e+00 3.036475033276389741e-03
6.578898514280376308e-02 1.214006438167991364e+00 2.916641862006398318e-03
7.081314892050223631e-02 1.240498485730926914e+00 4.197866027010640870e-03
8.088221771381241820e-02 1.264816150349954427e+00 8.825146012109279584e-03
8.703087331359779522e-02 1.284554513240047102e+00 1.141574291636158339e-02
9.306308149363648474e-02 1.309527810458392949e+00 1.606008781153534654e-02
1.370306383382363102e-01 1.335814856768205550e+00 2.720150963884204742e-02
1.283685951110833667e-01 1.360349523175663267e+00 1.549448282116188402e-01
