7.622704656893620978e+00 7.669903939428205850e-04 5.181810582922994346e-01
9.085514923277433041e+00 9.245014912643925459e-04 6.176209036010248399e-01
1.052131733434671190e+01 1.082012588585964507e-03 7.152247917686805900e-01
1.193019861306041385e+01 1.239523685907536251e-03 8.109986181036478170e-01
1.331213903635973494e+01 1.397034783229108429e-03 9.049410418593085703e-01
1.466707039462802520e+01 1.554545880550680173e-03 9.970474262390233156e-01
1.599495582602557775e+01 1.712056977872252134e-03 1.087315265425241817e+00
1.729578964670280072e+01 1.869568075193824095e-03 1.175744173037626128e+00
1.856964241214933153e+01 2.027079172515396273e-03 1.262338945342060814e+00
1.981658457317942634e+01 2.184590269836968017e-03 1.347104371488739183e+00
2.103680026798920366e+01 2.342101367158539761e-03 1.430052968940903169e+00
2.223047621665816109e+01 2.499612464480111939e-03 1.511197430674700470e+00
2.339783012688182495e+01 2.657123561801683683e-03 1.590552556162123432e+00
2.453915598328841341e+01 2.814634659123255861e-03 1.668138330076934794e+00
2.565476263569984283e+01 2.972145756444827605e-03 1.743975747608478510e+00
2.674495489643874180e+01 3.129656853766399783e-03 1.818085529482405871e+00
2.781008033086341058e+01 3.287167951087971527e-03 1.890491302717379973e+00
2.885052160668961108e+01 3.444679048409543271e-03 1.961219080542411897e+00
2.986666246478751319e+01 3.602190145731115449e-03 2.030294949138085947e+00
3.085887602153316323e+01 3.759701243052687193e-03 2.097744272446376623e+00
3.182755443719571176e+01 3.917212340374259805e-03 2.163593708987117115e+00
3.277310608467022490e+01 4.074723437695831549e-03 2.227871019392324570e+00
3.369595044860044197e+01 4.232234535017403293e-03 2.290604719655523258e+00
3.459649666599485585e+01 4.389745632338975037e-03 2.351822622352112813e+00
3.547514008328383284e+01 4.547256729660546781e-03 2.411551602592822974e+00
3.633228164265025129e+01 4.704767826982118525e-03 2.469818915879994581e+00
3.716832668937261985e+01 4.862278924303691137e-03 2.526652117032402334e+00
3.798368289801982201e+01 5.019790021625262881e-03 2.582078919210801793e+00
3.877875827655809360e+01 5.177301118946834625e-03 2.636127058239842835e+00
3.955394702165079934e+01 5.334812216268406369e-03 2.688823331070662181e+00
4.030962420292657811e+01 5.492323313589978981e-03 2.740193234424677104e+00
4.104616343685946589e+01 5.649834410911550725e-03 2.790262166239841690e+00
4.176393735331367907e+01 5.807345508233122469e-03 2.839055457385719183e+00
4.246331667201668836e+01 5.964856605554694213e-03 2.886598308883386643e+00
4.314466942336025568e+01 6.122367702876265957e-03 2.932915738936549221e+00
4.380836029311122104e+01 6.279878800197838569e-03 2.978032538385871231e+00
4.445474634940757142e+01 6.437389897519410313e-03 3.021972980236012241e+00
4.508415935788032414e+01 6.594900994840982057e-03 3.064759617461736418e+00
4.569692099571068411e+01 6.752412092162553801e-03 3.106414317238764600e+00
4.629335057217218719e+01 6.909923189484126413e-03 3.146958785775683776e+00
4.687376459615374813e+01 7.067434286805698157e-03 3.186414538914757344e+00
4.743847639753640522e+01 7.224945384127269901e-03 3.224802876393630946e+00
4.798779580558998958e+01 7.382456481448841645e-03 3.262144859983181266e+00
4.852202887739969128e+01 7.539967578770413389e-03 3.298461295026317686e+00
4.904147767023529525e+01 7.697478676091986001e-03 3.333772714963963324e+00
4.954643824212302405e+01 7.854989773413558612e-03 3.368099245416645626e+00
5.003718200557730711e+01 8.012500870735128622e-03 3.401459336636645236e+00
5.051396480644271492e+01 8.170011968056702101e-03 3.433870380675268841e+00
5.097704036210025436e+01 8.327523065378272110e-03 3.465349624893778291e+00
5.142666024146102188e+01 8.485034162699845589e-03 3.495914170603380722e+00
5.186307365241277978e+01 8.642545260021415598e-03 3.525580958616138627e+00
5.228652725687692282e+01 8.800056357342989077e-03 3.554366756672801664e+00
5.269726501063328783e+01 8.957567454664562556e-03 3.582288148554304108e+00
5.309552802537478300e+01 9.115078551986132566e-03 3.609361524704432167e+00
5.348155445071597569e+01 9.272589649307706045e-03 3.635603074208938690e+00
5.385557937412634999e+01 9.430100746629276054e-03 3.661028777993120542e+00
5.421783447148115442e+01 9.587611843950849533e-03 3.685654385066762462e+00
5.456853377766488222e+01 9.745122941272419542e-03 3.709494445229178261e+00
5.490786776423708915e+01 9.902634038593993021e-03 3.732561906477005031e+00
5.523602435831619317e+01 1.006014513591556303e-02 3.754869543839254309e+00
5.555319062285841625e+01 1.021765623323713651e-02 3.776430073600363535e+00
5.585955259483553448e+01 1.037516733055870999e-02 3.797256142299752835e+00
5.615529513928024841e+01 1.053267842788028000e-02 3.817360316810020304e+00
5.644060181787732944e+01 1.069018952520185348e-02 3.836755075403952997e+00
5.671565477088648066e+01 1.084770062252342349e-02 3.855452799727799640e+00
5.698063461129402185e+01 1.100521171984499696e-02 3.873465767605853927e+00
5.723572033019000571e+01 1.116272281716656697e-02 3.890806146608104310e+00
5.748108921244701008e+01 1.132023391448814045e-02 3.907485988318218251e+00
5.771691676186215147e+01 1.147774501180971046e-02 3.923517223244777252e+00
5.794337663499039337e+01 1.163525610913128394e-02 3.938911656323355714e+00
5.816064014549510119e+01 1.179276720645285742e-02 3.953680933222969873e+00
5.836886121213030520e+01 1.195027830377442743e-02 3.967835517130428258e+00
5.856817370483435070e+01 1.210778940109600091e-02 3.981384508341422990e+00
5.875871047640332279e+01 1.226530049841757092e-02 3.994336938007699178e+00
5.894060448847400835e+01 1.242281159573914440e-02 4.006701844679843028e+00
5.911398867943379543e+01 1.258032269306071441e-02 4.018488265327984976e+00
5.927899584210042150e+01 1.273783379038228789e-02 4.029705227026624037e+00
5.943575851050730563e+01 1.289534488770385789e-02 4.040361739258452545e+00
5.958440885517721597e+01 1.305285598502543137e-02 4.050466786795209551e+00
5.972507858631783506e+01 1.321036708234700485e-02 4.060029323117039901e+00
5.985789886440823437e+01 1.336787817966857486e-02 4.069058264334293185e+00
5.998300021769562562e+01 1.352538927699014834e-02 4.077562483579051822e+00
6.010051246613779341e+01 1.368290037431171835e-02 4.085550805834851751e+00
6.021056465138112657e+01 1.384041147163329183e-02 4.093032003176690026e+00
6.031328497237530684e+01 1.399792256895486184e-02 4.100014790394184594e+00
6.040880072626328712e+01 1.415543366627643532e-02 4.106507820973361866e+00
6.049723825420714718e+01 1.431294476359800533e-02 4.112519683413982108e+00
6.057872280076996674e+01 1.447045586091957881e-02 4.118058891670488997e+00
6.065337005223076972e+01 1.462796695824115228e-02 4.123133309938235236e+00
6.072127994063763623e+01 1.478547805556272229e-02 4.127749731461448413e+00
6.078255108674807872e+01 1.494298915288429577e-02 4.131914860344617857e+00
6.083728237423222396e+01 1.510050025020586578e-02 4.135635418564668875e+00
6.088557285857230283e+01 1.525801134752743926e-02 4.138918139778086314e+00
6.092752168153377568e+01 1.541552244484900927e-02 4.141769763506762736e+00
6.096322799089735156e+01 1.557303354217058275e-02 4.144197029681503608e+00
6.099279086515254278e+01 1.573054463949215276e-02 4.146206673522796926e+00
6.101630924287603364e+01 1.588805573681372624e-02 4.147805420740038329e+00
6.103388185653541598e+01 1.604556683413529972e-02 4.148999983031620431e+00
6.104560717047151286e+01 1.620307793145686973e-02 4.149797053869032304e+00
6.105158332283676259e+01 1.636058902877844320e-02 4.150203304549929584e+00
6.105190807126729879e+01 1.651810012610001321e-02 4.150225380504985573e+00
6.104667874209106060e+01 1.667561122342158669e-02 4.149869897845133160e+00
6.103599218288016459e+01 1.683312232074316017e-02 4.149143440136137784e+00
6.101994471816930599e+01 1.699063341806473018e-02 4.148052555388390239e+00
6.099863210817045456e+01 1.714814451538630366e-02 4.146603753250399649e+00
6.097214951032357533e+01 1.730565561270787367e-02 4.144803502395054018e+00
6.094059144353566637e+01 1.746316671002944715e-02 4.142658228088641259e+00
6.090405175496317725e+01 1.762067780735101716e-02 4.140174309932760366e+00
6.086262358553135243e+01 1.777818890467259064e-02 4.137358079520385701e+00
6.081639851114702822e+01 1.793570000199416065e-02 4.134215762056669519e+00
6.076546552869147177e+01 1.809321109931573412e-02 4.130753407428128021e+00
6.070991274735155230e+01 1.825072219663730760e-02 4.126977005177021596e+00
6.064982762909027514e+01 1.840823329395887761e-02 4.122892500848222674e+00
6.058529696215557436e+01 1.856574439128045109e-02 4.118505794188365599e+00
6.051640683653665320e+01 1.872325548860202110e-02 4.113822737477407010e+00
6.044324262127224046e+01 1.888076658592359458e-02 4.108849133986087310e+00
6.036588894351081080e+01 1.903827768324516459e-02 4.103590736552445328e+00
6.028442966923862656e+01 1.919578878056673807e-02 4.098053246271757821e+00
6.019894788558950438e+01 1.935329987788830808e-02 4.092242311293979640e+00
6.010952588465364244e+01 1.951081097520988156e-02 4.086163525723079282e+00
6.001624514871222260e+01 1.966832207253145504e-02 4.079822428613317342e+00
5.991918633682403339e+01 1.982583316985302505e-02 4.073224503057414125e+00
5.981842927269318011e+01 1.998334426717459852e-02 4.066375175361826244e+00
5.971405293375532608e+01 2.014085536449616853e-02 4.059279814304829870e+00
5.960613544141909870e+01 2.029836646181774201e-02 4.051943730473162475e+00
5.949475405240060866e+01 2.045587755913931202e-02 4.044372175672929615e+00
5.937998515109944719e+01 2.061338865646088550e-02 4.036570342411358148e+00
5.926190424295725023e+01 2.077089975378245551e-02 4.028543363445314718e+00
5.914058594875165653e+01 2.092841085110402899e-02 4.020296311393413369e+00
5.901610399977394650e+01 2.108592194842560247e-02 4.011834198408197771e+00
5.888853123384566857e+01 2.124343304574717248e-02 4.003161975905362269e+00
5.875793959212955997e+01 2.140094414306874596e-02 3.994284534346954629e+00
5.862440011669175988e+01 2.155845524039031597e-02 3.985206703075662826e+00
5.848798294877648374e+01 2.171596633771188944e-02 3.975933250197536406e+00
5.834875739498161806e+01 2.187347743503345945e-02 3.966468887080503158e+00
5.820679921702989645e+01 2.203098853235503293e-02 3.956818763903062308e+00
5.806219665285503595e+01 2.218849962967660294e-02 3.946988878959515112e+00
5.791503745717491114e+01 2.234601072699817642e-02 3.936985197695803240e+00
5.776540734690416912e+01 2.250352182431974990e-02 3.926813547030790552e+00
5.761339004322055501e+01 2.266103292164131991e-02 3.916479618215866765e+00
5.745906731295655590e+01 2.281854401896289339e-02 3.905988969648703346e+00
5.730251900931833120e+01 2.297605511628446340e-02 3.895347029641260672e+00
5.714382311192839126e+01 2.313356621360603688e-02 3.884559099141842609e+00
5.698305576619107882e+01 2.329107731092760689e-02 3.873630354411102594e+00
5.682029132198185550e+01 2.344858840824918036e-02 3.862565849652097594e+00
5.665560237166115343e+01 2.360609950557075037e-02 3.851370519594405462e+00
5.648905978741571232e+01 2.376361060289232385e-02 3.840049182032547304e+00
5.632073275793004541e+01 2.392112170021389733e-02 3.828606540318861384e+00
5.615068882439086906e+01 2.407863279753546734e-02 3.817047185811032861e+00
5.597899391583215589e+01 2.423614389485704082e-02 3.805375600274801595e+00
5.580571238382052712e+01 2.439365499217861083e-02 3.793596158241836047e+00
5.563090703649127278e+01 2.455116608950018431e-02 3.781713129323444722e+00
5.545463917193911385e+01 2.470867718682175432e-02 3.769730680480440022e+00
5.527696861096992365e+01 2.486618828414332780e-02 3.757652878249555961e+00
5.509795372922040713e+01 2.502369938146489781e-02 3.745483690926897591e+00
5.491765148865300006e+01 2.518121047878647129e-02 3.733226990708923942e+00
5.473611746843460679e+01 2.533872157610804476e-02 3.720886555791542705e+00
5.455340589520383787e+01 2.549623267342961477e-02 3.708466072427629712e+00
5.436956967273890484e+01 2.565374377075118825e-02 3.695969136943818789e+00
5.418466041103069131e+01 2.581125486807275826e-02 3.683399257716850617e+00
5.399872845477024441e+01 2.596876596539433174e-02 3.670759857110102331e+00
5.381182291126271622e+01 2.612627706271590175e-02 3.658054273371154519e+00
5.362399167776929687e+01 2.628378816003747523e-02 3.645285762490447112e+00
5.343528146829226699e+01 2.644129925735904524e-02 3.632457500022093555e+00
5.324573783981071529e+01 2.659881035468061872e-02 3.619572582867351951e+00
5.305540521797055220e+01 2.675632145200219220e-02 3.606634031020996556e+00
5.286432713015475571e+01 2.691383254932376221e-02 3.593644803415108946e+00
5.267255662876628008e+01 2.707134364664533568e-02 3.580608506479627806e+00
5.248016052979338752e+01 2.722885474396690569e-02 3.567529682274243275e+00
5.228720455269994005e+01 2.738636584128847917e-02 3.554412798318403954e+00
5.209375212206537498e+01 2.754387693861004918e-02 3.541262166128452460e+00
5.189986443461751264e+01 2.770138803593162266e-02 3.528081945774418582e+00
5.170560052461097200e+01 2.785889913325319267e-02 3.514876150324354409e+00
5.151101732757333451e+01 2.801641023057476615e-02 3.501648650177713762e+00
5.131616974244258245e+01 2.817392132789633963e-02 3.488403177289367108e+00
5.112111069211994874e+01 2.833143242521790964e-02 3.475143329285907523e+00
5.092589118246478108e+01 2.848894352253948312e-02 3.461872573476034276e+00
5.073056035975709221e+01 2.864645461986105313e-02 3.448594250756784163e+00
5.053516556665490356e+01 2.880396571718262660e-02 3.435311579417427374e+00
5.033975239667405077e+01 2.896147681450419661e-02 3.422027658842941911e+00
5.014436474721779291e+01 2.911898791182577009e-02 3.408745473118885538e+00
4.994904487118625269e+01 2.927649900914734010e-02 3.395467894539737408e+00
4.975383342719049296e+01 2.943401010646891358e-02 3.382197687022382215e+00
4.955876952840446137e+01 2.959152120379048706e-02 3.368937509426998211e+00
4.936389079007992109e+01 2.974903230111205707e-02 3.355689918787060577e+00
4.916923337575536124e+01 2.990654339843363055e-02 3.342457373450554492e+00
4.897483204218562491e+01 3.006405449575520056e-02 3.329242236134234201e+00
4.878072018302249546e+01 3.022156559307677404e-02 3.316046776892970005e+00
4.858692987127369634e+01 3.037907669039834405e-02 3.302873176006048794e+00
4.839349190056928052e+01 3.053658778771991752e-02 3.289723526782413199e+00
4.820043582526241721e+01 3.069409888504148753e-02 3.276599838286651245e+00
4.800778999939350911e+01 3.085160998236306101e-02 3.263504037987729145e+00
4.781558161454373135e+01 3.100912107968463102e-02 3.250437974332220037e+00
4.762383673660667682e+01 3.116663217700620450e-02 3.237403419243994662e+00
4.743258034150294833e+01 3.132414327432777451e-02 3.224402070552045974e+00
4.724183634986640357e+01 3.148165437164934799e-02 3.211435554348410992e+00
4.705162766072592717e+01 3.163916546897092147e-02 3.198505427277822832e+00
4.686197618420911937e+01 3.179667656629248801e-02 3.185613178760847486e+00
4.667290287329384313e+01 3.195418766361406149e-02 3.172760233152323028e+00
4.648442775463112753e+01 3.211169876093563497e-02 3.159947951836649338e+00
4.629656995846411860e+01 3.226920985825720151e-02 3.147177635261646955e+00
4.610934774766742805e+01 3.242672095557877499e-02 3.134450524912603342e+00
4.592277854592967401e+01 3.258423205290034846e-02 3.121767805228089276e+00
4.573687896510226381e+01 3.274174315022192194e-02 3.109130605459091257e+00
4.555166483173644565e+01 3.289925424754349542e-02 3.096540001472958270e+00
4.536715121518021476e+01 3.305676534486506196e-02 3.083997017663403728e+00
4.518335500504989000e+01 3.321427644218663544e-02 3.071502802163485590e+00
4.500029962026346908e+01 3.337178753950820892e-02 3.059058946959289038e+00
4.481800867301808466e+01 3.352929863682978240e-02 3.046667057175747040e+00
4.463650463268044177e+01 3.368680973415134894e-02 3.034328660249740572e+00
4.445580886428002998e+01 3.384432083147292242e-02 3.022045208546808137e+00
4.427594166587634561e+01 3.400183192879449590e-02 3.009818081901332931e+00
4.409692230483211972e+01 3.415934302611606938e-02 2.997648590082333975e+00
4.391876905301347023e+01 3.431685412343764285e-02 2.985537975186331572e+00
4.374149922094903076e+01 3.447436522075920939e-02 2.973487413959435166e+00
4.356512919096952174e+01 3.463187631808078287e-02 2.961498020050125302e+00
4.338967444935497753e+01 3.478938741540235635e-02 2.949570846194581986e+00
4.321514961751615402e+01 3.494689851272392983e-02 2.937706886336353129e+00
4.304156848223131249e+01 3.510440961004549637e-02 2.925907077681804136e+00
4.286894402496791656e+01 3.526192070736706985e-02 2.914172302693376349e+00
4.269728845030890341e+01 3.541943180468864333e-02 2.902503391021962642e+00
4.252661321350931445e+01 3.557694290201021681e-02 2.890901121380159200e+00
4.235692904720588103e+01 3.573445399933179029e-02 2.879366223357967325e+00
4.218824598730360975e+01 3.589196509665335683e-02 2.867899379182508923e+00
4.202057339805909209e+01 3.604947619397493030e-02 2.856501225423166979e+00
4.185391999638591187e+01 3.620698729129650378e-02 2.845172354643825230e+00
4.168829387540011311e+01 3.636449838861807726e-02 2.833913317003471377e+00
4.152370252723029864e+01 3.652200948593964380e-02 2.822724621806779410e+00
4.136015286510944833e+01 3.667952058326121728e-02 2.811606739005890088e+00
4.119765124477147111e+01 3.683703168058279076e-02 2.800560100654922557e+00
4.103620348517046068e+01 3.699454277790436424e-02 2.789585102318430376e+00
4.087581488854284828e+01 3.715205387522593772e-02 2.778682104435211020e+00
4.071649025983086290e+01 3.730956497254750426e-02 2.767851433638680358e+00
4.055823392548506945e+01 3.746707606986907774e-02 2.757093384035040007e+00
4.040104975166575230e+01 3.762458716719065122e-02 2.746408218440589799e+00
4.024494116185790915e+01 3.778209826451222469e-02 2.735796169579166826e+00
4.008991115392004190e+01 3.793960936183379123e-02 2.725257441241102363e+00
3.993596231658091966e+01 3.809712045915536471e-02 2.714792209404642609e+00
3.978309684540138846e+01 3.825463155647693819e-02 2.704400623321016273e+00
3.963131655821707966e+01 3.841214265379851167e-02 2.694082806564210841e+00
3.948062291007881441e+01 3.856965375112008515e-02 2.683838858046594833e+00
3.933101700770198050e+01 3.872716484844165169e-02 2.673668853001168522e+00
3.918249962344393822e+01 3.888467594576322517e-02 2.663572843931730993e+00
3.903507120882093062e+01 3.904218704308479865e-02 2.653550861531742910e+00
3.888873190757836795e+01 3.919969814040637213e-02 2.643602915572817125e+00
3.874348156833050183e+01 3.935720923772793867e-02 2.633728995763959357e+00
3.859931975677816496e+01 3.951472033504951215e-02 2.623929072582103839e+00
3.845624576752277335e+01 3.967223143237108562e-02 2.614203098075220222e+00
3.831425863548457755e+01 3.982974252969265910e-02 2.604551006638500699e+00
3.817335714693840032e+01 3.998725362701423258e-02 2.594972715764566118e+00
3.803353985018104311e+01 4.014476472433579912e-02 2.585468126768615260e+00
3.789480506583757347e+01 4.030227582165737260e-02 2.576037125489032853e+00
3.775715089682126546e+01 4.045978691897894608e-02 2.566679582964448425e+00
3.762057523795618863e+01 4.061729801630051956e-02 2.557395356087881044e+00
3.748507561596638027e+01 4.077480911362208610e-02 2.548184276729402953e+00
3.735064823220060504e+01 4.093232021094365958e-02 2.539046086661889579e+00
3.721728868398839296e+01 4.108983130826523306e-02 2.529980486597810607e+00
3.708499245886712714e+01 4.124734240558680654e-02 2.520987169786117477e+00
3.695375494218490076e+01 4.140485350290838001e-02 2.512065822529072623e+00
3.682357142287923324e+01 4.156236460022994655e-02 2.503216124575075252e+00
3.669443709904738427e+01 4.171987569755152003e-02 2.494437749497335766e+00
3.656634708331193906e+01 4.187738679487309351e-02 2.485730365058605784e+00
3.643929640799125735e+01 4.203489789219466699e-02 2.477093633562668540e+00
3.631328003007800476e+01 4.219240898951623353e-02 2.468527212192767273e+00
3.618829283603575675e+01 4.234992008683780701e-02 2.460030753337678178e+00
3.606432964641674488e+01 4.250743118415938049e-02 2.451603904905609532e+00
3.594138522030849714e+01 4.266494228148095397e-02 2.443246310626485673e+00
3.581945425961430374e+01 4.282245337880252745e-02 2.434957610342920020e+00
3.569853141317286571e+01 4.297996447612409399e-02 2.426737440290278158e+00
3.557861128072331525e+01 4.313747557344566746e-02 2.418585433366192028e+00
3.545968841672018357e+01 4.329498667076724094e-02 2.410501219389914240e+00
3.534175733400289943e+01 4.345249776808881442e-02 2.402484425351759434e+00
3.522481250732654701e+01 4.361000886541038096e-02 2.394534675653120281e+00
3.510884837675568093e+01 4.376751996273195444e-02 2.386651592337171834e+00
3.499385935092866617e+01 4.392503106005352792e-02 2.378834795310783345e+00
3.487983981019475266e+01 4.408254215737510140e-02 2.371083902557767242e+00
3.476678410963010890e+01 4.424005325469667488e-02 2.363398530343906234e+00
3.465468658193463369e+01 4.439756435201824142e-02 2.355778293413871793e+00
3.454354154021534384e+01 4.455507544933981490e-02 2.348222805180446127e+00
3.443334328066035255e+01 4.471258654666138838e-02 2.340731677906279007e+00
3.432408608510520054e+01 4.487009764398296185e-02 2.333304522878356657e+00
3.421576422349730251e+01 4.502760874130452839e-02 2.325940950575524191e+00
3.410837195626113072e+01 4.518511983862610187e-02 2.318640570829271663e+00
3.400190353656694242e+01 4.534263093594767535e-02 2.311402992977957815e+00
3.389635321250755595e+01 4.550014203326924883e-02 2.304227826014781932e+00
3.379171522918590398e+01 4.565765313059082231e-02 2.297114678729697879e+00
3.368798383071491997e+01 4.581516422791238885e-02 2.290063159845357355e+00
3.358515326213601782e+01 4.597267532523396233e-02 2.283072878147531792e+00
3.348321777125512710e+01 4.613018642255553581e-02 2.276143442609918743e+00
3.338217161040280700e+01 4.628769751987710929e-02 2.269274462513795054e+00
3.328200903811766409e+01 4.644520861719867583e-02 2.262465547562451551e+00
3.318272432075877276e+01 4.660271971452024931e-02 2.255716307990805802e+00
3.308431173404731851e+01 4.676023081184182278e-02 2.249026354670194738e+00
3.298676556454086750e+01 4.691774190916339626e-02 2.242395299208601145e+00
3.289008011104279916e+01 4.707525300648496974e-02 2.235822754046459249e+00
3.279424968594858569e+01 4.723276410380653628e-02 2.229308332548177063e+00
3.269926861653141970e+01 4.739027520112810976e-02 2.222851649089529591e+00
3.260513124617010305e+01 4.754778629844968324e-02 2.216452319141128058e+00
3.251183193551870687e+01 4.770529739577125672e-02 2.210109959347933639e+00
3.241936506362358728e+01 4.786280849309282326e-02 2.203824187605188278e+00
3.232772502898691869e+01 4.802031959041439674e-02 2.197594623130715963e+00
3.223690625057948722e+01 4.817783068773597022e-02 2.191420886533769430e+00
3.214690316880486165e+01 4.833534178505754370e-02 2.185302599880571961e+00
3.205771024641656197e+01 4.849285288237911717e-02 2.179239386756663510e+00
3.196932196938918480e+01 4.865036397970068371e-02 2.173230872326125773e+00
3.188173284774605776e+01 4.880787507702225719e-02 2.167276683387835412e+00
3.179493741634446735e+01 4.896538617434383067e-02 2.161376448428850683e+00
3.170893023562056356e+01 4.912289727166540415e-02 2.155529797675048265e+00
3.162370589229431417e+01 4.928040836898697069e-02 2.149736363139036932e+00
3.153925900003659777e+01 4.943791946630854417e-02 2.143995778665515495e+00
3.145558420010066669e+01 4.959543056363011765e-02 2.138307679974195352e+00
3.137267616191773101e+01 4.975294166095169113e-02 2.132671704700284998e+00
3.129052958365828374e+01 4.991045275827326461e-02 2.127087492432651494e+00
3.120913913081927760e+01 5.006796385559483115e-02 2.121554680539059046e+00
3.112849750110428104e+01 5.022547495291640463e-02 2.116072772619362219e+00
3.104859510825393798e+01 5.038298605023797810e-02 2.110641117012734824e+00
3.096942238459450181e+01 5.054049714755955158e-02 2.105259063321776480e+00
3.089096992050805568e+01 5.069800824488111812e-02 2.099925971893500609e+00
3.081322846125700110e+01 5.085551934220269160e-02 2.094641213603479990e+00
3.073618890388332048e+01 5.101303043952426508e-02 2.089404169645051823e+00
3.065984229417914975e+01 5.117054153684583856e-02 2.084214231323388677e+00
3.058417982373156718e+01 5.132805263416741204e-02 2.079070799854600970e+00
3.050919282703318913e+01 5.148556373148897858e-02 2.073973286169325636e+00
3.043487277866133667e+01 5.164307482881055206e-02 2.068921110720964407e+00
3.036121129052294521e+01 5.180058592613212554e-02 2.063913703298401181e+00
3.028820010916276573e+01 5.195809702345369901e-02 2.058950502843012842e+00
3.021583111313310610e+01 5.211560812077526555e-02 2.054030957269869173e+00
3.014409631042469684e+01 5.227311921809683903e-02 2.049154523293089891e+00
3.007298783595581071e+01 5.243063031541841251e-02 2.044320666255153185e+00
3.000249794836270922e+01 5.258814141273998599e-02 2.039528859908718239e+00
2.993261881926289902e+01 5.274565251006155947e-02 2.034778572091028970e+00
2.986334225520706909e+01 5.290316360738312601e-02 2.030069245822584634e+00
2.979466012865684377e+01 5.306067470470469949e-02 2.025400328604419986e+00
2.972656444744192683e+01 5.321818580202627297e-02 2.020771277139704392e+00
2.965904735204435738e+01 5.337569689934784645e-02 2.016181557149137493e+00
2.959210111294668266e+01 5.353320799666941299e-02 2.011630643190670753e+00
2.952571812804223583e+01 5.369071909399098647e-02 2.007118018483471378e+00
2.945989092010637123e+01 5.384823019131255994e-02 2.002643174736011389e+00
2.939461213432552356e+01 5.400574128863413342e-02 1.998205611978104201e+00
2.932987453588490467e+01 5.416325238595570690e-02 1.993804838396915136e+00
2.926567100761129225e+01 5.432076348327727344e-02 1.989440370176724038e+00
2.920199454767009684e+01 5.447827458059884692e-02 1.985111731342370955e+00
2.913883826731560234e+01 5.463578567792042040e-02 1.980818453606324248e+00
2.907619538869242248e+01 5.479329677524199388e-02 1.976560076219227469e+00
2.901405924268764736e+01 5.495080787256356042e-02 1.972336145823885944e+00
2.895242326683111500e+01 5.510831896988513390e-02 1.968146216312537167e+00
2.889128100283191358e+01 5.526583006720670738e-02 1.963989848659378756e+00
2.883062549021232712e+01 5.542334116452828086e-02 1.959866569700636107e+00
2.877044807853322794e+01 5.558085226184985433e-02 1.955775791391264562e+00
2.871073994087545245e+01 5.573836335917142087e-02 1.951716913689347077e+00
2.865149241463236507e+01 5.589587445649299435e-02 1.947689347722707742e+00
2.859269699804283960e+01 5.605338555381456783e-02 1.943692515553230749e+00
2.853434534681130330e+01 5.621089665113614131e-02 1.939725849947091962e+00
2.847642927081221487e+01 5.636840774845770785e-02 1.935788794150733017e+00
2.841894073087721395e+01 5.652591884577928133e-02 1.931880801672465564e+00
2.836187183566116587e+01 5.668342994310085481e-02 1.928001336069416149e+00
2.830521483858667864e+01 5.684094104042242829e-02 1.924149870739827017e+00
2.824896213486346497e+01 5.699845213774400177e-02 1.920325888720435081e+00
2.819310625858063801e+01 5.715596323506556831e-02 1.916528882488807817e+00
2.813763987987046988e+01 5.731347433238714179e-02 1.912758353770541264e+00
2.808255580214113678e+01 5.747098542970871526e-02 1.909013813351147615e+00
2.802784695937626935e+01 5.762849652703028874e-02 1.905294780892476725e+00
2.797350641349980904e+01 5.778600762435185528e-02 1.901600784753590068e+00
2.791952735180506195e+01 5.794351872167342876e-02 1.897931361815982765e+00
2.786590308338859145e+01 5.810102981899500224e-02 1.894286057241173493e+00
2.781262645196387595e+01 5.825854091631657572e-02 1.890664384554570310e+00
2.775968888295206227e+01 5.841605201363814920e-02 1.887065760868009479e+00
2.770708171419376598e+01 5.857356311095971574e-02 1.883489597339715216e+00
2.765479645218062643e+01 5.873107420828128922e-02 1.879935316592585393e+00
2.760282476862321133e+01 5.888858530560286270e-02 1.876402352480869284e+00
2.755115849710597686e+01 5.904609640292443618e-02 1.872890149862785680e+00
2.749978962982565633e+01 5.920360750024600272e-02 1.869398164378798688e+00
2.744871031441265075e+01 5.936111859756757619e-02 1.865925862235540578e+00
2.739791285083063244e+01 5.951862969488914967e-02 1.862472719995051262e+00
2.734738968835496564e+01 5.967614079221072315e-02 1.859038224369375270e+00
2.729713342262366993e+01 5.983365188953229663e-02 1.855621872020093877e+00
2.724713679276351286e+01 5.999116298685386317e-02 1.852223169362952948e+00
2.719739267858418685e+01 6.014867408417543665e-02 1.848841632377135280e+00
2.714789409784290797e+01 6.030618518149701013e-02 1.845476786419304238e+00
2.709863420357444852e+01 6.046369627881858361e-02 1.842128166042110937e+00
2.704960628148570478e+01 6.062120737614015015e-02 1.838795314817075477e+00
2.700080374741320099e+01 6.077871847346172363e-02 1.835477785161749420e+00
2.695222014484147621e+01 6.093622957078329710e-02 1.832175138171024731e+00
2.690384913597337757e+01 6.109374066810487058e-02 1.828886943010102684e+00
2.685568379647745729e+01 6.125125176542643712e-02 1.825612728972381582e+00
2.680771600598739823e+01 6.140876286274801060e-02 1.822351944046442407e+00
2.675993766099541205e+01 6.156627396006958408e-02 1.819104037366887416e+00
2.671234082223738326e+01 6.172378505739115756e-02 1.815868469233377080e+00
2.666491771162248625e+01 6.188129615471273104e-02 1.812644710901914369e+00
2.661766070924047511e+01 6.203880725203429758e-02 1.809432244381401489e+00
2.657056235044196768e+01 6.219631834935587106e-02 1.806230562235160653e+00
2.652361532299121549e+01 6.235382944667744454e-02 1.803039167387387121e+00
2.647681246428850343e+01 6.251134054399902495e-02 1.799857572934329131e+00
2.643014675866042040e+01 6.266885164132059149e-02 1.796685301960081915e+00
2.638361133471530096e+01 6.282636273864215803e-02 1.793521887356821276e+00
2.633719946276202961e+01 6.298387383596373845e-02 1.790366871649329505e+00
2.629090455229140844e+01 6.314138493328530499e-02 1.787219806823785673e+00
2.624472014951593479e+01 6.329889603060687153e-02 1.784080254160526513e+00
2.619863993496908350e+01 6.345640712792845195e-02 1.780947784070841200e+00
2.615265772115953169e+01 6.361391822525001849e-02 1.777821975937515564e+00
2.610676745028073498e+01 6.377142932257158503e-02 1.774702417959129308e+00
2.606096319197302691e+01 6.392894041989316545e-02 1.771588706997926810e+00
2.601523914113754188e+01 6.408645151721473199e-02 1.768480448431209329e+00
2.596958959663851374e+01 6.424396261453631241e-02 1.765377254703550225e+00
2.592400830335721551e+01 6.440147371185787895e-02 1.762278700600516501e+00
2.587848830340092832e+01 6.455898480917944549e-02 1.759184313134056987e+00
2.583302273656448733e+01 6.471649590650102590e-02 1.756093625956788085e+00
2.578760489114128873e+01 6.487400700382259244e-02 1.753006182816056802e+00
2.574222820147491220e+01 6.503151810114417286e-02 1.749921537387500337e+00
2.569688624556823697e+01 6.518902919846573940e-02 1.746839253112519863e+00
2.565157274274771737e+01 6.534654029578730594e-02 1.743758903039500430e+00
2.560628155138129003e+01 6.550405139310888636e-02 1.740680069668676611e+00
2.556100666664879739e+01 6.566156249043045290e-02 1.737602344800570853e+00
2.551574221836176903e+01 6.581907358775203332e-02 1.734525329387783366e+00
2.547048246883326073e+01 6.597658468507359986e-02 1.731448633390187286e+00
2.542522181079337784e+01 6.613409578239516640e-02 1.728371875633226695e+00
2.537995476535239092e+01 6.629160687971674681e-02 1.725294683669458706e+00
2.533467598000682486e+01 6.644911797703831335e-02 1.722216693642999896e+00
2.528938022668878460e+01 6.660662907435987989e-02 1.719137550156932370e+00
2.524406239985776068e+01 6.676414017168146031e-02 1.716056906143581307e+00
2.519871751463189824e+01 6.692165126900302685e-02 1.712974422737480573e+00
2.515334070495864083e+01 6.707916236632460727e-02 1.709889769151020644e+00
2.510792722182371506e+01 6.723667346364617381e-02 1.706802622552691329e+00
2.506247243149625348e+01 6.739418456096774035e-02 1.703712667947794079e+00
2.501697179240539981e+01 6.755169565828932077e-02 1.700619596606541162e+00
2.497142049358188132e+01 6.770920675561088731e-02 1.697523081485807106e+00
2.492581351464806261e+01 6.786671785293246772e-02 1.694422781307172610e+00
2.488014594847613026e+01 6.802422895025403426e-02 1.691318362490788152e+00
2.483441301036630122e+01 6.818174004757560080e-02 1.688209499779291800e+00
2.478861003628517778e+01 6.833925114489718122e-02 1.685095876118059000e+00
2.474273248113741275e+01 6.849676224221874776e-02 1.681977182537712778e+00
2.469677591707224806e+01 6.865427333954032818e-02 1.678853118039000725e+00
2.465073603182286632e+01 6.881178443686189472e-02 1.675723389479911729e+00
2.460460862707716245e+01 6.896929553418346126e-02 1.672587711464919247e+00
2.455838961687987876e+01 6.912680663150504168e-02 1.669445806236360408e+00
2.451207502606400368e+01 6.928431772882660822e-02 1.666297403567809532e+00
2.446566098871151596e+01 6.944182882614817476e-02 1.663142240659433391e+00
2.441914374664158771e+01 6.959933992346975518e-02 1.659980062035231851e+00
2.437251964792651293e+01 6.975685102079132172e-02 1.656810619442142141e+00
2.432578514543351389e+01 6.991436211811290213e-02 1.653633671750919909e+00
2.427893679539205252e+01 7.007187321543446867e-02 1.650448984858743806e+00
2.423197125598538193e+01 7.022938431275603521e-02 1.647256331593474732e+00
2.418488528596688880e+01 7.038689541007761563e-02 1.644055491619590637e+00
2.413767574329884624e+01 7.054440650739918217e-02 1.640846251345654094e+00
2.409033958381331431e+01 7.070191760472076259e-02 1.637628403833285118e+00
2.404287385989553982e+01 7.085942870204232913e-02 1.634401748707656088e+00
2.399527572906502115e+01 7.101693979936389567e-02 1.631166092740822027e+00
2.394754257458769331e+01 7.117445089668547609e-02 1.627921258050772257e+00
2.389967196336350241e+01 7.133196199400704263e-02 1.624667079238686362e+00
2.385166155083987150e+01 7.148947309132862304e-02 1.621403396925080731e+00
2.380350907778120373e+01 7.164698418865018958e-02 1.618130057530202670e+00
2.375521236912461021e+01 7.180449528597175612e-02 1.614846913196245959e+00
2.370676933285165688e+01 7.196200638329333654e-02 1.611553821710651979e+00
2.365817795887671338e+01 7.211951748061490308e-02 1.608250646430544384e+00
2.360943631794985009e+01 7.227702857793646962e-02 1.604937256208145424e+00
2.356054256057517904e+01 7.243453967525805004e-02 1.601613525317249653e+00
2.351149491594327046e+01 7.259205077257961658e-02 1.598279333380647982e+00
2.346229169087790822e+01 7.274956186990119700e-02 1.594934565298534279e+00
2.341293126879648412e+01 7.290707296722276354e-02 1.591579111177827022e+00
2.336341210868319251e+01 7.306458406454433008e-02 1.588212866262375789e+00
2.331373274407575380e+01 7.322209516186591050e-02 1.584835730864077474e+00
2.326389178206424546e+01 7.337960625918747704e-02 1.581447610294814954e+00
2.321388790230231791e+01 7.353711735650905745e-02 1.578048414799247956e+00
2.316371985602986072e+01 7.369462845383062399e-02 1.574638059488365549e+00
2.311338646510767703e+01 7.385213955115219053e-02 1.571216464273876179e+00
2.306288662106299014e+01 7.400965064847377095e-02 1.567783553803311358e+00
2.301221928414583928e+01 7.416716174579533749e-02 1.564339257395888527e+00
2.296138348239615468e+01 7.432467284311691791e-02 1.560883508979089118e+00
2.291037831072140563e+01 7.448218394043848445e-02 1.557416247025958489e+00
2.285920296862308376e+01 7.463969503776005099e-02 1.553937417119699349e+00
2.280785735055377117e+01 7.479720613508163141e-02 1.550447012085343745e+00
2.275634191357554670e+01 7.495471723240319795e-02 1.546945062993347220e+00
2.270465716757832553e+01 7.511222832972476449e-02 1.543431604505330457e+00
2.265280365937258722e+01 7.526973942704634490e-02 1.539906673792722946e+00
2.260078197208241235e+01 7.542725052436791144e-02 1.536370310495505098e+00
2.254859272454594077e+01 7.558476162168949186e-02 1.532822556681447956e+00
2.249623657071916227e+01 7.574227271901105840e-02 1.529263456805586285e+00
2.244371419908685183e+01 7.589978381633262494e-02 1.525693057670177266e+00
2.239102633207747672e+01 7.605729491365420536e-02 1.522111408384921205e+00
2.233817372548407576e+01 7.621480601097577190e-02 1.518518560327597244e+00
2.228515716788980683e+01 7.637231710829735232e-02 1.514914567105011711e+00
2.223197748009891939e+01 7.652982820561891886e-02 1.511299484514318836e+00
2.217863551457238103e+01 7.668733930294048540e-02 1.507673370504648558e+00
2.212513215486865192e+01 7.684485040026206581e-02 1.504036285139102924e+00
2.207146831508921281e+01 7.700236149758363235e-02 1.500388290557049364e+00
2.201764493932904188e+01 7.715987259490521277e-02 1.496729450936778116e+00
2.196366300113150416e+01 7.731738369222677931e-02 1.493059832458437208e+00
2.190952350294845274e+01 7.747489478954834585e-02 1.489379503267336702e+00
2.185522747560456480e+01 7.763240588686992627e-02 1.485688533437529379e+00
2.180077597776626419e+01 7.778991698419149281e-02 1.481986994935715618e+00
2.174617009541538337e+01 7.794742808151305935e-02 1.478274961585456238e+00
2.169141094132741898e+01 7.810493917883463977e-02 1.474552509031712200e+00
2.163649965455375579e+01 7.826245027615620631e-02 1.470819714705640324e+00
2.158143741369066859e+01 7.841996137347778673e-02 1.467076658726608418e+00
2.152622617314082731e+01 7.857747247079935327e-02 1.463323473952242493e+00
2.147086901328266961e+01 7.873498356812091981e-02 1.459560369782462619e+00
2.141536908822132546e+01 7.889249466544250022e-02 1.455787560629031141e+00
2.135972953243089378e+01 7.905000576276406676e-02 1.452005259569219664e+00
2.130395346070937634e+01 7.920751686008564718e-02 1.448213678342744615e+00
2.124804396813592788e+01 7.936502795740721372e-02 1.444413027348861789e+00
2.119200413003160222e+01 7.952253905472878026e-02 1.440603515643700039e+00
2.113583700192182135e+01 7.968005015205036068e-02 1.436785350937706429e+00
2.107954561950248973e+01 7.983756124937192722e-02 1.432958739593344744e+00
2.102313299860790252e+01 7.999507234669350764e-02 1.429123886622914341e+00
2.096660213518173421e+01 8.015258344401507418e-02 1.425280995686577956e+00
2.090995600525038967e+01 8.031009454133664072e-02 1.421430269090547593e+00
2.085319756489900200e+01 8.046760563865822113e-02 1.417571907785455387e+00
2.079632975024945196e+01 8.062511673597978767e-02 1.413706111364859686e+00
2.073935547744158114e+01 8.078262783330135421e-02 1.409833078063968070e+00
2.068227764261618162e+01 8.094013893062293463e-02 1.405953004758475844e+00
2.062509912190059325e+01 8.109765002794450117e-02 1.402066086963595914e+00
2.056782277139651427e+01 8.125516112526608159e-02 1.398172518833223910e+00
2.051045142717031311e+01 8.141267222258764813e-02 1.394272493159279147e+00
2.045298790524546817e+01 8.157018331990921467e-02 1.390366201371193933e+00
2.039543500159727429e+01 8.172769441723079509e-02 1.386453833535553626e+00
2.033779549214938598e+01 8.188520551455236163e-02 1.382535578355859496e+00
2.028007213277352605e+01 8.204271661187394205e-02 1.378611623172509182e+00
2.022226765928981962e+01 8.220022770919550859e-02 1.374682153962819120e+00
2.016438478747082286e+01 8.235773880651707513e-02 1.370747355341303431e+00
2.010642648337650940e+01 8.251524990383865554e-02 1.366807428936669844e+00
2.004839725705153697e+01 8.267276100116022208e-02 1.362862681335598403e+00
1.999030212161840936e+01 8.283027209848178862e-02 1.358913453323314258e+00
1.993214601623428095e+01 8.298778319580336904e-02 1.354960080656980592e+00
1.987393380593378112e+01 8.314529429312493558e-02 1.351002894055008063e+00
1.981567028227051708e+01 8.330280539044651600e-02 1.347042219240673910e+00
1.975736016396107075e+01 8.346031648776808254e-02 1.343078376985889166e+00
1.969900809753099935e+01 8.361782758508964908e-02 1.339111683155119525e+00
1.964061865796334772e+01 8.377533868241122950e-02 1.335142448749468524e+00
1.958219634934890507e+01 8.393284977973279604e-02 1.331170979950879962e+00
1.952374560553756311e+01 8.409036087705437645e-02 1.327197578166417147e+00
1.946527079079155342e+01 8.424787197437594299e-02 1.323222540072670039e+00
1.940677620043929608e+01 8.440538307169750953e-02 1.319246157660202812e+00
1.934826606152997996e+01 8.456289416901908995e-02 1.315268718278048254e+00
1.928974453348929785e+01 8.472040526634065649e-02 1.311290504678289226e+00
1.923121570877471598e+01 8.487791636366223691e-02 1.307311795060596804e+00
1.917268361353170647e+01 8.503542746098380345e-02 1.303332863116847040e+00
1.911415220824909866e+01 8.519293855830536999e-02 1.299353978075663552e+00
1.905562538841494202e+01 8.535044965562695041e-02 1.295375404747005632e+00
1.899710698517128904e+01 8.550796075294851695e-02 1.291397403566683755e+00
1.893860076596843456e+01 8.566547185027008349e-02 1.287420230640824892e+00
1.888011043521879273e+01 8.582298294759166390e-02 1.283444137790328510e+00
1.882163963494918235e+01 8.598049404491323044e-02 1.279469372595208432e+00
1.876319194545206059e+01 8.613800514223481086e-02 1.275496178438857875e+00
1.870477088593568382e+01 8.629551623955637740e-02 1.271524794552249649e+00
1.864637991517230731e+01 8.645302733687794394e-02 1.267555456058003349e+00
1.858802243253520103e+01 8.661053843419952436e-02 1.263588394040872087e+00
1.852970230015771236e+01 8.676804953152109090e-02 1.259623871043410670e+00
1.847142485355840336e+01 8.692556062884267132e-02 1.255662249766887006e+00
1.841319560641589348e+01 8.708307172616423786e-02 1.251703905023649810e+00
1.835501996091389998e+01 8.724058282348580440e-02 1.247749204046772808e+00
1.829690320911113588e+01 8.739809392080738482e-02 1.243798506583185137e+00
1.823885053431035530e+01 8.755560501812895136e-02 1.239852164986733118e+00
1.818086701242472003e+01 8.771311611545053177e-02 1.235910524311065073e+00
1.812295761334184974e+01 8.787062721277209831e-02 1.231973922402359367e+00
1.806512720228473157e+01 8.802813831009366485e-02 1.228042689991831971e+00
1.800738054116896336e+01 8.818564940741524527e-02 1.224117150788007091e+00
1.794972228995637309e+01 8.834316050473681181e-02 1.220197621568728463e+00
1.789215700800343356e+01 8.850067160205837835e-02 1.216284412272826909e+00
1.783468915540567323e+01 8.865818269937995877e-02 1.212377826091508348e+00
1.777732309433606162e+01 8.881569379670152531e-02 1.208478159559337684e+00
1.772006309037811178e+01 8.897320489402310573e-02 1.204585702644858758e+00
1.766291331385273722e+01 8.913071599134467227e-02 1.200700738840796866e+00
1.760587784113882037e+01 8.928822708866623881e-02 1.196823545253823617e+00
1.754896065598700972e+01 8.944573818598781922e-02 1.192954392693871046e+00
1.749216565082621955e+01 8.960324928330938576e-02 1.189093545762943016e+00
1.743549662806320200e+01 8.976076038063096618e-02 1.185241262943462104e+00
1.737895730137405792e+01 8.991827147795253272e-02 1.181397796686059820e+00
1.732255129698771512e+01 9.007578257527409926e-02 1.177563393496829036e+00
1.726628215496179664e+01 9.023329367259567968e-02 1.173738294024055495e+00
1.721015333044917384e+01 9.039080476991724622e-02 1.169922733144316274e+00
1.715416819495653655e+01 9.054831586723882664e-02 1.166116940048032902e+00
1.709833003759354852e+01 9.070582696456039318e-02 1.162321138324391878e+00
1.704264206631309619e+01 9.086333806188195972e-02 1.158535546045650788e+00
1.698710740914203754e+01 9.102084915920354014e-02 1.154760375850807375e+00
1.693172936585826704e+01 9.117836025652510668e-02 1.150995852054258473e+00
1.687651229896851390e+01 9.133587135384667322e-02 1.147242271213257503e+00
1.682146078978083992e+01 9.149338245116825363e-02 1.143499944758872067e+00
1.676657930488866199e+01 9.165089354848982017e-02 1.139769176324027411e+00
1.671187219796015100e+01 9.180840464581140059e-02 1.136050261865143574e+00
1.665734371154571747e+01 9.196591574313296713e-02 1.132343489785005763e+00
1.660299797887381956e+01 9.212342684045453367e-02 1.128649141054844263e+00
1.654883902563353004e+01 9.228093793777611409e-02 1.124967489335505944e+00
1.649487077174542193e+01 9.243844903509768063e-02 1.121298801097842412e+00
1.644109703311809056e+01 9.259596013241926105e-02 1.117643335742111388e+00
1.638752152339189294e+01 9.275347122974082759e-02 1.114001345716515656e+00
1.633414785566811389e+01 9.291098232706239413e-02 1.110373076634748601e+00
1.628097954422428018e+01 9.306849342438397454e-02 1.106758767392599818e+00
1.622802000621496177e+01 9.322600452170554108e-02 1.103158650283573516e+00
1.617527256335718278e+01 9.338351561902712150e-02 1.099572951113457986e+00
1.612274044360134084e+01 9.354102671634868804e-02 1.096001889313916289e+00
1.607042678278639869e+01 9.369853781367025458e-02 1.092445678055001146e+00
1.601833462627963200e+01 9.385604891099183500e-02 1.088904524356622883e+00
1.596646693060042921e+01 9.401356000831340154e-02 1.085378629198933798e+00
1.591482656502843795e+01 9.417107110563496808e-02 1.081868187631649159e+00
1.586341631319496770e+01 9.432858220295654850e-02 1.078373388882225115e+00
1.581223887465888112e+01 9.448609330027811504e-02 1.074894416462988778e+00
1.576129686646536143e+01 9.464360439759969545e-02 1.071431448277099241e+00
1.571059282468817919e+01 9.480111549492126199e-02 1.067984656723390824e+00
1.566012920595560587e+01 9.495862659224282853e-02 1.064554208800098767e+00
1.560990838895912169e+01 9.511613768956440895e-02 1.061140266207425853e+00
1.555993267594555185e+01 9.527364878688597549e-02 1.057742985448966166e+00
1.551020429419189739e+01 9.543115988420755591e-02 1.054362517931971333e+00
1.546072539746350039e+01 9.558867098152912245e-02 1.050999010066470118e+00
1.541149807238234537e+01 9.574618207885068899e-02 1.047652603698175700e+00
1.536252456982252568e+01 9.590369317617226941e-02 1.044323451838438555e+00
1.531380739802512281e+01 9.606120427349383595e-02 1.041011724994062915e+00
1.526534900978665732e+01 9.621871537081541637e-02 1.037717589902807047e+00
1.521715177834980004e+01 9.637622646813698291e-02 1.034441207894470471e+00
1.516921799900508105e+01 9.653373756545854945e-02 1.031182734999769757e+00
1.512154989067432709e+01 9.669124866278012986e-02 1.027942322057982860e+00
1.507414959747482186e+01 9.684875976010169640e-02 1.024720114823274519e+00
1.502701919026482180e+01 9.700627085742326294e-02 1.021516254069763985e+00
1.498016066816978942e+01 9.716378195474484336e-02 1.018330875695270699e+00
1.493357596009002286e+01 9.732129305206640990e-02 1.015164110823804755e+00
1.488726692618889835e+01 9.747880414938799032e-02 1.012016085906733087e+00
1.484123535936246974e+01 9.763631524670955686e-02 1.008886922822682664e+00
1.479548298668979278e+01 9.779382634403112340e-02 1.005776738976130291e+00
1.475001147086454445e+01 9.795133744135270382e-02 1.002685647394722324e+00
1.470482241160753389e+01 9.810884853867427036e-02 9.996137568252959626e-01
1.465991734706031480e+01 9.826635963599585077e-02 9.965611718286154774e-01
1.461529775516041241e+01 9.842387073331741731e-02 9.935279928728556476e-01
1.457096505499686145e+01 9.858138183063898385e-02 9.905143164257526056e-01
1.452692060814822739e+01 9.873889292796056427e-02 9.875202350455585254e-01
1.448316572000092428e+01 9.889640402528213081e-02 9.845458374706600457e-01
1.443970164104971587e+01 9.905391512260371123e-02 9.815912087079844417e-01
1.439652956817956664e+01 9.921142621992527777e-02 9.786564301201385874e-01
1.435365064592883400e+01 9.936893731724684431e-02 9.757415795112768242e-01
1.431106596773475736e+01 9.952644841456842473e-02 9.728467312117710097e-01
1.426877657716042513e+01 9.968395951188999127e-02 9.699719561616154673e-01
1.422678346910382885e+01 9.984147060921155781e-02 9.671173219926172404e-01
1.418508759098901884e+01 9.999898170653313823e-02 9.642828931093705425e-01
1.414368984393964546e+01 1.001564928038547048e-01 9.614687307690308327e-01
1.410259108393453609e+01 1.003140039011762852e-01 9.586748931598707557e-01
1.406179212294605563e+01 1.004715149984978517e-01 9.559014354786635748e-01
1.402129372783560513e+01 1.006290260958194183e-01 9.531484098556002316e-01
1.398109638992307246e+01 1.007865371931409987e-01 9.504158496899360875e-01
1.394120013016775772e+01 1.009440482904625652e-01 9.477037564064562103e-01
1.390160489631975338e+01 1.011015593877841456e-01 9.450121264532823639e-01
1.386231061202749970e+01 1.012590704851057122e-01 9.423409546401407821e-01
1.382331717756745171e+01 1.014165815824272787e-01 9.396902341879601606e-01
1.378462447056134721e+01 1.015740926797488591e-01 9.370599567776338734e-01
1.374623234668085381e+01 1.017316037770704257e-01 9.344501125979185474e-01
1.370814064033912594e+01 1.018891148743920061e-01 9.318606903924464557e-01
1.367034916537053491e+01 1.020466259717135726e-01 9.292916775059323342e-01
1.363285771569805149e+01 1.022041370690351392e-01 9.267430599295406468e-01
1.359566606598844452e+01 1.023616481663567196e-01 9.242148223454267342e-01
1.355877397229600412e+01 1.025191592636782861e-01 9.217069481704933676e-01
1.352218117269402420e+01 1.026766703609998527e-01 9.192194195993211858e-01
1.348588738789537089e+01 1.028341814583214331e-01 9.167522176463509531e-01
1.344989232186136974e+01 1.029916925556429996e-01 9.143053221872794456e-01
1.341419566239937744e+01 1.031492036529645800e-01 9.118787119996752955e-01
1.337879708174977011e+01 1.033067147502861466e-01 9.094723648028869567e-01
1.334369623716162145e+01 1.034642258476077131e-01 9.070862572971751803e-01
1.330889277145805316e+01 1.036217369449292935e-01 9.047203652021422737e-01
1.327438631359086507e+01 1.037792480422508601e-01 9.023746632944382728e-01
1.324017647918465990e+01 1.039367591395724405e-01 9.000491254447489098e-01
1.320626287107123531e+01 1.040942702368940070e-01 8.977437246541211113e-01
1.317264507981335342e+01 1.042517813342155736e-01 8.954584330895705158e-01
1.313932268421907246e+01 1.044092924315371540e-01 8.931932221190440613e-01
1.310629525184594613e+01 1.045668035288587205e-01 8.909480623456942361e-01
1.307356233949615998e+01 1.047243146261803010e-01 8.887229236415384870e-01
1.304112349370175927e+01 1.048818257235018675e-01 8.865177751804443895e-01
1.300897825120066642e+01 1.050393368208234340e-01 8.843325854704882083e-01
1.297712613940386994e+01 1.051968479181450145e-01 8.821673223857138257e-01
1.294556667685349538e+01 1.053543590154665810e-01 8.800219531972721665e-01
1.291429937367186653e+01 1.055118701127881475e-01 8.778964446039478897e-01
1.288332373200207215e+01 1.056693812101097280e-01 8.757907627621073221e-01
1.285263919347313966e+01 1.058268923074312945e-01 8.737048697144532694e-01
1.282224430234998280e+01 1.059844034047528749e-01 8.716386665021021996e-01
1.279213687435786184e+01 1.061419145020744415e-01 8.695920046410383630e-01
1.276231472677085677e+01 1.062994255993960080e-01 8.675647357525334558e-01
1.273277570100136558e+01 1.064569366967175884e-01 8.655567130987479318e-01
1.270351766232152357e+01 1.066144477940391549e-01 8.635677915637955948e-01
1.267453849958825884e+01 1.067719588913607354e-01 8.615978276350517717e-01
1.264583612497152032e+01 1.069294699886823019e-01 8.596466793846793131e-01
1.261740847368692897e+01 1.070869810860038684e-01 8.577142064514541309e-01
1.258925350373129604e+01 1.072444921833254489e-01 8.558002700227873571e-01
1.256136919562183074e+01 1.074020032806470154e-01 8.539047328169947493e-01
1.253375355213900200e+01 1.075595143779685958e-01 8.520274590658185598e-01
1.250640459807262062e+01 1.077170254752901624e-01 8.501683144971662331e-01
1.247932037997121313e+01 1.078745365726117289e-01 8.483271663180727007e-01
1.245249896589481686e+01 1.080320476699333093e-01 8.465038831978961564e-01
1.242593844517109858e+01 1.081895587672548759e-01 8.446983352517403176e-01
1.239963692815455332e+01 1.083470698645764424e-01 8.429103940240812998e-01
1.237359254598883496e+01 1.085045809618980228e-01 8.411399324726167581e-01
1.234780345037238902e+01 1.086620920592195894e-01 8.393868249523289693e-01
1.232226781332698629e+01 1.088196031565411698e-01 8.376509471997536371e-01
1.229698382696949110e+01 1.089771142538627363e-01 8.359321763174625275e-01
1.227194970328633694e+01 1.091346253511843029e-01 8.342303907587333978e-01
1.224716367391132366e+01 1.092921364485058833e-01 8.325454703124463007e-01
1.222262398990587684e+01 1.094496475458274498e-01 8.308772960881436465e-01
1.219832892154263426e+01 1.096071586431490302e-01 8.292257505013205243e-01
1.217427675809153165e+01 1.097646697404705968e-01 8.275907172588821137e-01
1.215046580760890826e+01 1.099221808377921633e-01 8.259720813448074850e-01
1.212689439672898040e+01 1.100796919351137437e-01 8.243697290059750493e-01
1.210356087045865792e+01 1.102372030324353103e-01 8.227835477382131613e-01
1.208046359197445518e+01 1.103947141297568907e-01 8.212134262724948286e-01
1.205760094242220148e+01 1.105522252270784572e-01 8.196592545613243797e-01
1.203497132071965936e+01 1.107097363244000238e-01 8.181209237653157551e-01
1.201257314336124438e+01 1.108672474217216042e-01 8.165983262399207909e-01
1.199040484422545205e+01 1.110247585190431707e-01 8.150913555223379126e-01
1.196846487173908358e+01 1.111822696163647373e-01 8.135999061387375608e-01
1.194675114547472994e+01 1.113397807136863177e-01 8.121238366645046058e-01
1.192526040342108296e+01 1.114972918110078842e-01 8.106629253525630130e-01
1.190398926570125937e+01 1.116548029083294646e-01 8.092169424434954017e-01
1.188293439804996154e+01 1.118123140056510312e-01 8.077856612784971579e-01
1.186209251102344808e+01 1.119698251029725977e-01 8.063688582456737253e-01
1.184146035922585227e+01 1.121273362002941781e-01 8.049663127274423458e-01
1.182103474055162096e+01 1.122848472976157447e-01 8.035778070490392500e-01
1.180081249544401167e+01 1.124423583949373251e-01 8.022031264281088703e-01
1.178079050616883094e+01 1.125998694922588916e-01 8.008420589253364419e-01
1.176096569610328757e+01 1.127573805895804582e-01 7.994943953961036742e-01
1.174133502903991300e+01 1.129148916869020386e-01 7.981599294431712677e-01
1.172189550850433015e+01 1.130724027842236051e-01 7.968384573703012341e-01
1.170264417708779980e+01 1.132299138815451855e-01 7.955297781368834142e-01
1.168357811579295458e+01 1.133874249788667521e-01 7.942336933134614974e-01
1.166469444339359818e+01 1.135449360761883186e-01 7.929500070382107246e-01
1.164599031580697641e+01 1.137024471735098990e-01 7.916785259742676883e-01
1.162746292547968530e+01 1.138599582708314656e-01 7.904190592679840588e-01
1.160910950078551451e+01 1.140174693681530321e-01 7.891714185079929944e-01
1.159092730543604688e+01 1.141749804654746125e-01 7.879354176851433023e-01
1.157291363790313099e+01 1.143324915627961791e-01 7.867108731532372889e-01
1.155506583085304939e+01 1.144900026601177595e-01 7.854976035905704146e-01
1.153738125059238939e+01 1.146475137574393260e-01 7.842954299622589831e-01
1.151985729652493795e+01 1.148050248547608926e-01 7.831041754833220070e-01
1.150249140061991682e+01 1.149625359520824730e-01 7.819236655825323457e-01
1.148528102689049923e+01 1.151200470494040395e-01 7.807537278669670622e-01
1.146822367088336136e+01 1.152775581467256200e-01 7.795941920873074027e-01
1.145131685917823816e+01 1.154350692440471865e-01 7.784448901038195645e-01
1.143455814889764710e+01 1.155925803413687530e-01 7.773056558530270221e-01
1.141794512722639610e+01 1.157500914386903335e-01 7.761763253150454345e-01
1.140147541094078498e+01 1.159076025360119000e-01 7.750567364815816873e-01
1.138514664594737269e+01 1.160651136333334804e-01 7.739467293245759771e-01
1.136895650683064929e+01 1.162226247306550470e-01 7.728461457654560718e-01
1.135290269641007654e+01 1.163801358279766135e-01 7.717548296450243983e-01
1.133698294530578465e+01 1.165376469252981939e-01 7.706726266939352143e-01
1.132119501151280261e+01 1.166951580226197605e-01 7.695993845037503167e-01
1.130553667989437017e+01 1.168526691199413270e-01 7.685349524924967035e-01
1.129000549130337916e+01 1.170101802172629074e-01 7.674791634907101034e-01
1.127459815213954641e+01 1.171676913145844739e-01 7.664317936039386492e-01
1.125931123757819741e+01 1.173252024119060544e-01 7.653926100172753211e-01
1.124414136546231191e+01 1.174827135092276209e-01 7.643613828163028368e-01
1.122908519564368213e+01 1.176402246065491874e-01 7.633378849423052559e-01
1.121413942934062824e+01 1.177977357038707679e-01 7.623218921486051292e-01
1.119930080851164966e+01 1.179552468011923344e-01 7.613131829579893317e-01
1.118456611524474376e+01 1.181127578985139148e-01 7.603115386211919402e-01
1.116993217116217174e+01 1.182702689958354814e-01 7.593167430764322656e-01
1.115539583683982450e+01 1.184277800931570479e-01 7.583285829099439823e-01
1.114095401124140849e+01 1.185852911904786283e-01 7.573468473175133386e-01
1.112660363116671114e+01 1.187428022878001949e-01 7.563713280669703831e-01
1.111234167071366308e+01 1.189003133851217753e-01 7.554018194616224369e-01
1.109816514075387239e+01 1.190578244824433418e-01 7.544381183046017236e-01
1.108407108842156141e+01 1.192153355797649084e-01 7.534800238641223835e-01
1.107005659661497710e+01 1.193728466770864888e-01 7.525273378395895829e-01
1.105611878351076349e+01 1.195303577744080553e-01 7.515798643285845904e-01
1.104225480209025179e+01 1.196878688717296219e-01 7.506374097946638679e-01
1.102846183967768212e+01 1.198453799690512023e-01 7.496997830359694026e-01
1.101473711749033590e+01 1.200028910663727688e-01 7.487667951546433942e-01
1.100107789019972948e+01 1.201604021636943492e-01 7.478382595270036681e-01
1.098748144550403438e+01 1.203179132610159158e-01 7.469139917744737067e-01
1.097394510371128185e+01 1.204754243583374823e-01 7.459938097352505348e-01
1.096046621733320059e+01 1.206329354556590627e-01 7.450775334366956937e-01
1.094704217068897911e+01 1.207904465529806293e-01 7.441649850683973444e-01
1.093367037951959020e+01 1.209479576503022097e-01 7.432559889559546829e-01
1.092034829061147150e+01 1.211054687476237762e-01 7.423503715353936272e-01
1.090707338143003469e+01 1.212629798449453428e-01 7.414479613282566328e-01
1.089384315976212747e+01 1.214204909422669232e-01 7.405485889172949143e-01
1.088065516336806837e+01 1.215780020395884897e-01 7.396520869228161432e-01
1.086750695964199309e+01 1.217355131369100563e-01 7.387582899795936964e-01
1.085439614528141483e+01 1.218930242342316367e-01 7.378670347144045127e-01
1.084132034596454730e+01 1.220505353315532032e-01 7.369781597240945281e-01
1.082827721603639759e+01 1.222080464288747836e-01 7.360915055542386343e-01
1.081526443820258798e+01 1.223655575261963502e-01 7.352069146783287712e-01
1.080227972323102392e+01 1.225230686235179167e-01 7.343242314774907076e-01
1.078932080966110618e+01 1.226805797208394971e-01 7.334433022207199615e-01
1.077638546347875170e+01 1.228380908181610637e-01 7.325639750427891395e-01
1.076347141779532635e+01 1.229956019154826441e-01 7.316860958437019224e-01
1.075057625389126414e+01 1.231531130128042106e-01 7.308095002022036990e-01
1.073769754931893061e+01 1.233106241101257772e-01 7.299340234436112462e-01
1.072483291142046546e+01 1.234681352074473576e-01 7.290595029183085662e-01
1.071197997704864413e+01 1.236256463047689241e-01 7.281857779827727306e-01
1.069913641229513246e+01 1.237831574020905046e-01 7.273126899811007684e-01
1.068629991222673326e+01 1.239406684994120711e-01 7.264400822270810076e-01
1.067346820062851798e+01 1.240981795967336376e-01 7.255677999867277128e-01
1.066063902975426991e+01 1.242556906940552180e-01 7.246956904613222061e-01
1.064781018008380364e+01 1.244132017913767846e-01 7.238236027709114007e-01
1.063497946008692985e+01 1.245707128886983511e-01 7.229513879382638564e-01
1.062214470599412941e+01 1.247282239860199315e-01 7.220788988732820268e-01
1.060930378157339860e+01 1.248857350833414981e-01 7.212059903578286191e-01
1.059645457791349266e+01 1.250432461806630924e-01 7.203325190309970427e-01
1.058359501321284668e+01 1.252007572779846589e-01 7.194583433747574475e-01
1.057072303257483981e+01 1.253582683753062255e-01 7.185833237000429641e-01
1.055783660780817002e+01 1.255157794726277920e-01 7.177073221331768949e-01
1.054493373723313177e+01 1.256732905699493585e-01 7.168302026027049134e-01
1.053201244549307702e+01 1.258308016672709251e-01 7.159518308265776509e-01
1.051907078337124091e+01 1.259883127645924916e-01 7.150720742997013213e-01
1.050610682761229597e+01 1.261458238619140859e-01 7.141908022818032054e-01
1.049311868074914145e+01 1.263033349592356525e-01 7.133078857856587351e-01
1.048010447093419373e+01 1.264608460565572190e-01 7.124231975656255544e-01
1.046706235177541799e+01 1.266183571538787855e-01 7.115366121064924387e-01
1.045399050217677406e+01 1.267758682512003521e-01 7.106480056126364131e-01
1.044088712618291837e+01 1.269333793485219464e-01 7.097572559974643092e-01
1.042775045282826873e+01 1.270908904458435129e-01 7.088642428731531941e-01
1.041457873598989714e+01 1.272484015431650795e-01 7.079688475406498149e-01
1.040137025424442108e+01 1.274059126404866460e-01 7.070709529799423798e-01
1.038812331072897521e+01 1.275634237378082125e-01 7.061704438406090079e-01
1.037483623300529878e+01 1.277209348351298068e-01 7.052672064325792300e-01
1.036150737292782686e+01 1.278784459324513734e-01 7.043611287171679392e-01
1.034813510651508395e+01 1.280359570297729399e-01 7.034521002983303850e-01
1.033471783382427667e+01 1.281934681270945064e-01 7.025400124141394365e-01
1.032125397882914086e+01 1.283509792244160730e-01 7.016247579284805580e-01
1.030774198930108199e+01 1.285084903217376673e-01 7.007062313229732720e-01
1.029418033669284860e+01 1.286660014190592338e-01 6.997843286890608194e-01
1.028056751602544239e+01 1.288235125163808004e-01 6.988589477203250855e-01
1.026690204577760746e+01 1.289810236137023669e-01 6.979299877049739420e-01
1.025318246838533653e+01 1.291385347110239334e-01 6.969973495597954205e-01
1.023940752879178184e+01 1.292960458083455277e-01 6.960609479677377642e-01
1.022557641990672117e+01 1.294535569056670943e-01 6.951207280639092323e-01
1.021168841224098145e+01 1.296110680029886608e-01 6.941766402586317941e-01
1.019774279077513768e+01 1.297685791003102274e-01 6.932286359458609271e-01
1.018373885489106279e+01 1.299260901976317939e-01 6.922766674985326718e-01
1.016967591830430173e+01 1.300836012949533882e-01 6.913206882639656436e-01
1.015555330899707087e+01 1.302411123922749547e-01 6.903606525593091181e-01
1.014137036915176004e+01 1.303986234895965213e-01 6.893965156670193162e-01
1.012712645508514342e+01 1.305561345869180878e-01 6.884282338303896465e-01
1.011282093718298292e+01 1.307136456842396544e-01 6.874557642491030407e-01
1.009845319983519474e+01 1.308711567815612486e-01 6.864790650748264778e-01
1.008402264137163229e+01 1.310286678788828152e-01 6.854980954068443655e-01
1.006952867399796325e+01 1.311861789762043817e-01 6.845128152877004712e-01
1.005497072373240464e+01 1.313436900735259483e-01 6.835231856988968069e-01
1.004034823034253066e+01 1.315012011708475148e-01 6.825291685565976207e-01
1.002566064728246786e+01 1.316587122681690813e-01 6.815307267073602571e-01
1.001090744163072443e+01 1.318162233654906756e-01 6.805278239239089810e-01
9.996088094027927085e+00 1.319737344628122422e-01 6.795204249009029196e-01
9.981202098615160168e+00 1.321312455601338087e-01 6.785084952507431932e-01
9.966248962972281689e+00 1.322887566574553753e-01 6.774920014993804918e-01
9.951228208056850377e+00 1.324462677547769418e-01 6.764709110821636173e-01
9.936139368142949735e+00 1.326037788520985361e-01 6.754451923396808111e-01
9.920981990760317615e+00 1.327612899494201026e-01 6.744148145136207306e-01
9.905755636633738703e+00 1.329188010467416692e-01 6.733797477426537448e-01
9.890459879622310879e+00 1.330763121440632357e-01 6.723399630583037911e-01
9.875094306659301324e+00 1.332338232413848023e-01 6.712954323808573154e-01
9.859658517691615387e+00 1.333913343387063966e-01 6.702461285152511161e-01
9.844152125619689997e+00 1.335488454360279631e-01 6.691920251469853920e-01
9.828574756237287602e+00 1.337063565333495296e-01 6.681330968380313484e-01
9.812926048171467741e+00 1.338638676306710962e-01 6.670693190227485747e-01
9.797205652822535527e+00 1.340213787279926627e-01 6.660006680038067506e-01
9.781413234303816040e+00 1.341788898253142570e-01 6.649271209480872580e-01
9.765548469381933216e+00 1.343364009226358236e-01 6.638486558826273143e-01
9.749611047416363974e+00 1.344939120199573901e-01 6.627652516905078173e-01
9.733600670299582092e+00 1.346514231172789566e-01 6.616768881067853769e-01
9.717517052396786426e+00 1.348089342146005232e-01 6.605835457143968137e-01
9.701359920485780108e+00 1.349664453119221175e-01 6.594852059400699851e-01
9.685129013696522904e+00 1.351239564092436840e-01 6.583818510502151833e-01
9.668824083450848761e+00 1.352814675065652505e-01 6.572734641468283012e-01
9.652444893401737502e+00 1.354389786038868171e-01 6.561600291633618021e-01
9.635991219372964878e+00 1.355964897012083836e-01 6.550415308606215570e-01
9.619462851151540761e+00 1.357540007985299779e-01 6.539179549486155985e-01
9.602859935366481636e+00 1.359115118958515445e-01 6.527893113949839732e-01
9.586183370777090929e+00 1.360690229931731110e-01 6.516556612961579287e-01
9.569434150077199774e+00 1.362265340904946775e-01 6.505170721341086981e-01
9.552613261334540695e+00 1.363840451878162441e-01 6.493736110763322911e-01
9.535721687966988824e+00 1.365415562851378384e-01 6.482253449742338969e-01
9.518760408719092680e+00 1.366990673824594049e-01 6.470723403615313840e-01
9.501730397639667203e+00 1.368565784797809715e-01 6.459146634527339614e-01
9.484632624059916139e+00 1.370140895771025380e-01 6.447523801416545908e-01
9.467468052572485249e+00 1.371716006744241045e-01 6.435855559999835718e-01
9.450237643011215383e+00 1.373291117717456711e-01 6.424142562759157515e-01
9.432942350431442691e+00 1.374866228690672654e-01 6.412385458928098192e-01
9.415583125091229633e+00 1.376441339663888319e-01 6.400584894479113274e-01
9.398160912433262126e+00 1.378016450637103985e-01 6.388741512111232312e-01
9.380676653067238746e+00 1.379591561610319650e-01 6.376855951238100673e-01
9.363131282753332840e+00 1.381166672583535315e-01 6.364928847976702997e-01
9.345525732385979722e+00 1.382741783556751258e-01 6.352960835136373108e-01
9.327860927978495198e+00 1.384316894529966924e-01 6.340952542208325715e-01
9.310137790648418843e+00 1.385892005503182589e-01 6.328904595355691054e-01
9.292357236603328019e+00 1.387467116476398254e-01 6.316817617403875929e-01
9.274520177127556053e+00 1.389042227449613920e-01 6.304692227831526496e-01
9.256627518569295887e+00 1.390617338422829863e-01 6.292529042761779712e-01
9.238680162328492429e+00 1.392192449396045528e-01 6.280328674954013257e-01
9.220679004845367288e+00 1.393767560369261194e-01 6.268091733796052889e-01
9.202624937589490628e+00 1.395342671342476859e-01 6.255818825296743935e-01
9.184518847049455204e+00 1.396917782315692524e-01 6.243510552078936904e-01
9.166361614723275153e+00 1.398492893288908467e-01 6.231167513372940503e-01
9.148154117109175587e+00 1.400068004262124133e-01 6.218790305010295505e-01
9.129897225697245489e+00 1.401643115235339798e-01 6.206379519418062651e-01
9.111591806961358841e+00 1.403218226208555464e-01 6.193935745613359245e-01
9.093238722351912884e+00 1.404793337181771129e-01 6.181459569198404225e-01
9.074838828289017556e+00 1.406368448154987072e-01 6.168951572355899637e-01
9.056392976156285357e+00 1.407943559128202737e-01 6.156412333844802909e-01
9.037902012295147003e+00 1.409518670101418403e-01 6.143842428996469929e-01
9.019366777999554330e+00 1.411093781074634068e-01 6.131242429711046826e-01
9.000788109511670854e+00 1.412668892047849734e-01 6.118612904454540091e-01
8.982166838017551669e+00 1.414244003021065677e-01 6.105954418255883365e-01
8.963503789643661790e+00 1.415819113994281342e-01 6.093267532704578215e-01
8.944799785453842134e+00 1.417394224967497007e-01 6.080552805948608031e-01
8.926055641446788869e+00 1.418969335940712673e-01 6.067810792692756028e-01
8.907272168553843628e+00 1.420544446913928338e-01 6.055042044197078699e-01
8.888450172637673674e+00 1.422119557887144281e-01 6.042247108276016521e-01
8.869590454491074638e+00 1.423694668860359946e-01 6.029426529297583492e-01
8.850693809836299053e+00 1.425269779833575612e-01 6.016580848182898622e-01
8.831761029498657933e+00 1.426844890806791277e-01 6.003710602524224837e-01
8.812793152260114837e+00 1.428420001780006943e-01 5.990816498471358553e-01
8.793791964702215580e+00 1.429995112753222608e-01 5.977899750518047561e-01
8.774759373839838617e+00 1.431570223726438551e-01 5.964961655026976839e-01
8.755697264177102923e+00 1.433145334699654216e-01 5.952003493058326544e-01
8.736607497802348021e+00 1.434720445672869882e-01 5.939026530434335927e-01
8.717491914486304339e+00 1.436295556646085547e-01 5.926032017806033281e-01
8.698352331783455682e+00 1.437870667619301213e-01 5.913021190722150822e-01
8.679190545136192370e+00 1.439445778592517156e-01 5.899995269699918055e-01
8.660008327982005483e+00 1.441020889565732821e-01 5.886955460297936815e-01
8.640807431863466448e+00 1.442596000538948486e-01 5.873902953190939247e-01
8.621589586540583383e+00 1.444171111512164152e-01 5.860838924246168924e-01
8.602356500106219883e+00 1.445746222485379817e-01 5.847764534601842534e-01
8.583109859103636552e+00 1.447321333458595760e-01 5.834680930747042638e-01
8.563851328646535421e+00 1.448896444431811426e-01 5.821589244603344593e-01
8.544582552541529097e+00 1.450471555405027091e-01 5.808490593608049979e-01
8.525305153412627845e+00 1.452046666378242756e-01 5.795386080798801132e-01
8.506020732828105224e+00 1.453621777351458422e-01 5.782276794899858796e-01
8.486730871429156053e+00 1.455196888324674365e-01 5.769163810409528859e-01
8.467437129060781942e+00 1.456771999297890030e-01 5.756048187689160045e-01
8.448141044904261321e+00 1.458347110271105695e-01 5.742930973053171906e-01
8.428844137611839926e+00 1.459922221244321361e-01 5.729813198860629342e-01
8.409547905442718019e+00 1.461497332217537026e-01 5.716695883607694206e-01
8.390253826400936532e+00 1.463072443190752969e-01 5.703580032021334789e-01
8.370963358374796215e+00 1.464647554163968635e-01 5.690466635154122210e-01
8.351677939277731610e+00 1.466222665137184300e-01 5.677356670479986045e-01
8.332398987190689610e+00 1.467797776110399965e-01 5.664251101990990245e-01
8.313127900505760337e+00 1.469372887083615631e-01 5.651150880294995016e-01
8.293866058071131420e+00 1.470947998056831574e-01 5.638056942714181341e-01
8.274614819337301697e+00 1.472523109030047239e-01 5.624970213384439255e-01
8.255375524504453111e+00 1.474098220003262905e-01 5.611891603355559921e-01
8.236149494670774729e+00 1.475673330976478570e-01 5.598822010692062756e-01
8.216938031981971591e+00 1.477248441949694235e-01 5.585762320574821915e-01
8.197742419781580026e+00 1.478823552922910178e-01 5.572713405403260101e-01
8.178563922762304372e+00 1.480398663896125844e-01 5.559676124898215166e-01
8.159403787118144180e+00 1.481973774869341509e-01 5.546651326205356280e-01
8.140263240697160896e+00 1.483548885842557175e-01 5.533639843999039742e-01
8.121143493155265958e+00 1.485123996815772840e-01 5.520642500586840917e-01
8.102045736110289553e+00 1.486699107788988505e-01 5.507660106014298229e-01
8.082971143296916239e+00 1.488274218762204448e-01 5.494693458170228917e-01
8.063920870722222745e+00 1.489849329735420114e-01 5.481743342892466675e-01
8.044896056821356112e+00 1.491424440708635779e-01 5.468810534073685892e-01
8.025897822614089350e+00 1.492999551681851444e-01 5.455895793767822077e-01
8.006927271861371764e+00 1.494574662655067110e-01 5.442999872296511166e-01
7.987985491222667100e+00 1.496149773628283053e-01 5.430123508356017314e-01
7.969073550413130924e+00 1.497724884601498718e-01 5.417267429124107414e-01
7.950192502361352886e+00 1.499299995574714384e-01 5.404432350367264215e-01
7.931343418535515610e+00 1.500875106547930049e-01 5.391619000454935806e-01
7.912527685950342615e+00 1.502450217521145714e-01 5.378828322260796879e-01
7.893746852520220791e+00 1.504025328494361657e-01 5.366061368035915935e-01
7.875002443305166189e+00 1.505600439467577323e-01 5.353319174495287935e-01
7.856295958808352964e+00 1.507175550440792988e-01 5.340602761660478981e-01
7.837628875223495051e+00 1.508750661414008654e-01 5.327913133027831760e-01
7.819002644683180847e+00 1.510325772387224319e-01 5.315251275737258307e-01
7.800418695507730149e+00 1.511900883360440262e-01 5.302618160741422448e-01
7.781878432455159533e+00 1.513475994333655927e-01 5.290014742975641671e-01
7.763383236971353796e+00 1.515051105306871593e-01 5.277441961527977732e-01
7.744934467440844017e+00 1.516626216280087258e-01 5.264900739809693642e-01
7.726533459438314821e+00 1.518201327253302924e-01 5.252391985726229118e-01
7.708181525979897586e+00 1.519776438226518867e-01 5.239916591848031713e-01
7.689879957775198172e+00 1.521351549199734532e-01 5.227475435581873109e-01
7.671630023479298899e+00 1.522926660172950197e-01 5.215069379342157641e-01
7.653432969944756081e+00 1.524501771146165863e-01 5.202699270722243030e-01
7.635290022473861349e+00 1.526076882119381528e-01 5.190365942665897681e-01
7.617202385070608983e+00 1.527651993092597471e-01 5.178070213638604757e-01
7.599171240692765394e+00 1.529227104065813136e-01 5.165812887798908459e-01
7.581197751503441218e+00 1.530802215039028802e-01 5.153594755169427222e-01
7.563283059122760221e+00 1.532377326012244467e-01 5.141416591807941305e-01
7.545428284878855862e+00 1.533952436985460133e-01 5.129279159978006319e-01
7.527634530058821660e+00 1.535527547958676076e-01 5.117183208319558974e-01
7.509902876158895957e+00 1.537102658931891741e-01 5.105129472018986592e-01
7.492234385134247887e+00 1.538677769905107406e-01 5.093118672978909078e-01
7.474630099648362780e+00 1.540252880878323072e-01 5.081151519987738840e-01
7.457091043321509183e+00 1.541827991851538737e-01 5.069228708888560142e-01
7.439618220978778673e+00 1.543403102824754403e-01 5.057350922747753108e-01
7.422212618897287228e+00 1.544978213797970346e-01 5.045518832023047073e-01
7.404875205052530163e+00 1.546553324771186011e-01 5.033733094730965529e-01
7.387606929364103792e+00 1.548128435744401676e-01 5.021994356613883603e-01
7.370408723940427898e+00 1.549703546717617342e-01 5.010303251306389427e-01
7.353281503322520507e+00 1.551278657690833007e-01 4.998660400500977707e-01
7.336226164726915577e+00 1.552853768664048950e-01 4.987066414113204282e-01
7.319243588287504210e+00 1.554428879637264616e-01 4.975521890446074624e-01
7.302334637296429953e+00 1.556003990610480281e-01 4.964027416353807842e-01
7.285500158443792174e+00 1.557579101583695946e-01 4.952583567404773013e-01
7.268740982056335120e+00 1.559154212556911612e-01 4.941190908043760488e-01
7.252057922334897988e+00 1.560729323530127555e-01 4.929849991753384453e-01
7.235451777590796496e+00 1.562304434503343220e-01 4.918561361214785488e-01
7.218923330480864209e+00 1.563879545476558885e-01 4.907325548467393883e-01
7.202473348241467122e+00 1.565454656449774551e-01 4.896143075068018491e-01
7.186102582920838699e+00 1.567029767422990216e-01 4.885014452248785943e-01
7.169811771610726581e+00 1.568604878396206159e-01 4.873940181074602473e-01
7.153601636676043540e+00 1.570179989369421825e-01 4.862920752599280694e-01
7.137472885983704884e+00 1.571755100342637490e-01 4.851956648021084617e-01
7.121426213129763205e+00 1.573330211315853155e-01 4.841048338837143916e-01
7.105462297665337879e+00 1.574905322289068821e-01 4.830196286997035515e-01
7.089581805321027552e+00 1.576480433262284764e-01 4.819400945055332675e-01
7.073785336120982592e+00 1.578055544235500429e-01 4.808662720900265253e-01
7.058073255594574213e+00 1.579630655208716095e-01 4.797981863013706660e-01
7.042445861114583927e+00 1.581205766181931760e-01 4.787358573545618112e-01
7.042445861114583927e+00 1.581205766181931760e-01 4.787358573545618112e-01
5.478233387847597058e+00 1.826842454521749870e-01 3.739359755279854647e-01
4.650078091239474354e+00 2.073525430377324841e-01 2.498140767587058164e-01
3.683975518122945214e+00 2.322407203492417860e-01 2.110210172793559880e-01
3.203777639964942470e+00 2.568837818198746459e-01 1.966390386352893926e-01
2.701373215211335665e+00 2.811184729179193598e-01 1.254479358631528374e-01
2.365960326685135673e+00 3.057758170190760794e-01 9.461957679740946869e-02
2.061131347015172643e+00 3.308749588216616799e-01 8.084775225504284291e-02
1.796449386379221913e+00 3.553458836143503774e-01 6.562265040536251204e-02
1.622188851505819818e+00 3.797183506574301481e-01 6.874560411716869324e-02
1.428875020599412737e+00 4.042043120935024936e-01 3.775324649094394247e-02
1.297759451384562501e+00 4.287407985369371399e-01 2.876130473461422851e-02
1.180367022008253830e+00 4.533371424922238990e-01 2.461046431371527107e-02
1.063567364426926343e+00 4.779959634912051558e-01 3.564284205274644707e-02
9.700403878710419647e-01 5.026629933946460405e-01 2.407615988894718645e-02
8.991582453520442497e-01 5.271487506500315279e-01 2.608382674728611586e-02
8.352765946637172867e-01 5.515427964227138657e-01 1.821744289801216152e-02
7.783765096927537375e-01 5.762240530263548210e-01 1.565636415583410157e-02
7.255446570653159011e-01 6.007285446297923048e-01 1.267086179876372905e-02
6.748336240273862252e-01 6.252568531449649303e-01 2.001498530810240373e-02
6.458586327876973954e-01 6.499965502683907603e-01 1.911262229567134430e-02
6.125841711073378715e-01 6.746857991314229031e-01 1.442928481737776325e-02
5.912443964642242200e-01 6.991270364754236244e-01 1.120569335733515200e-02
5.732126938127233284e-01 7.235756604093172006e-01 9.873132931727019931e-03
5.674782909419180399e-01 7.479714013051395050e-01 1.241620513990502640e-02
5.637463747967125238e-01 7.726132299420060967e-01 1.035596025200310327e-02
5.584730841454484951e-01 7.972349387995918413e-01 1.099899251324958603e-02
5.385535967859639284e-01 8.217736356692634248e-01 1.323514813567888866e-02
5.216182534152959960e-01 8.463200505719705724e-01 1.018021350601141552e-02
5.068574207113960561e-01 8.708218859006343626e-01 9.060921610148977776e-03
4.994710109466466430e-01 8.954790463233904818e-01 8.916720746568790670e-03
4.908081308950111854e-01 9.199626960429320155e-01 9.606766524123152087e-03
4.919363228460076898e-01 9.443606208269833546e-01 1.217176243477355140e-02
4.929878529725154057e-01 9.688687146412832130e-01 1.223410758786614740e-02
4.912295476827462370e-01 9.930926048855095445e-01 1.494427471357152350e-02
5.015788442813542414e-01 1.017620455362175491e+00 1.111563866916109866e-02
5.179707275510161413e-01 1.042409919186157552e+00 1.447434218471708826e-02
5.439693342293906442e-01 1.066789561870425063e+00 1.296560363454486546e-02
5.566125139527615673e-01 1.090909765172895618e+00 1.658022466449789525e-02
5.497935474150050794e-01 1.115651582439790346e+00 2.793381424604255217e-02
5.652752325428566094e-01 1.140641543091339027e+00 1.794486738166104628e-02
5.736584037354088839e-01 1.164692026865203012e+00 3.257424038899626312e-02
5.943769896084016846e-01 1.188605021497627590e+00 2.694613634235719368e-02
6.369107511712618352e-01 1.214006438167991364e+00 2.477069043543287871e-02
6.866432845357213210e-01 1.240498485730926914e+00 3.500415519937644798e-02
7.787223153004504406e-01 1.264816150349954427e+00 7.177434585321858240e-02
8.262869844133552411e-01 1.284554513240047102e+00 1.014780246069636321e-01
8.964167127269581092e-01 1.309527810458392949e+00 1.480658765694452816e-01
1.298203929274074797e+00 1.335814856768205550e+00 2.166169223739900507e-01
1.244195726044348138e+00 1.360349523175663267e+00 1.522228469294804487e+00
