1.361619043814703278e-01 7.669903939428205850e-04 9.364716354598654618e-03
1.622916103827985457e-01 9.245014912643925459e-04 1.116182169212353963e-02
1.879388838121707761e-01 1.082012588585964507e-03 1.292574708686552304e-02
2.131052737737142988e-01 1.239523685907536251e-03 1.465659908052452214e-02
2.377904279608177573e-01 1.397034783229108429e-03 1.635435344274404137e-02
2.619931279671913193e-01 1.554545880550680173e-03 1.801892637600843380e-02
2.857127153417312604e-01 1.712056977872252134e-03 1.965027259446595898e-02
3.089490885556733790e-01 1.869568075193824095e-03 2.124838511534059629e-02
3.317035079188769831e-01 2.027079172515396273e-03 2.281335061812175477e-02
3.539772318714188293e-01 2.184590269836968017e-03 2.434525565370211295e-02
3.757735496142560194e-01 2.342101367158539761e-03 2.584432644125899195e-02
3.970957964676922747e-01 2.499612464480111939e-03 2.731079237188927325e-02
4.179478612737796417e-01 2.657123561801683683e-03 2.874492090588538773e-02
4.383349953847138769e-01 2.814634659123255861e-03 3.014707321198991860e-02
4.582627156848311789e-01 2.972145756444827605e-03 3.151762872127207571e-02
4.777364669379253748e-01 3.129656853766399783e-03 3.285696190461476207e-02
4.967624575914194041e-01 3.287167951087971527e-03 3.416549975625973734e-02
5.153475231147784941e-01 3.444679048409543271e-03 3.544371239472495633e-02
5.334985181468772097e-01 3.602190145731115449e-03 3.669207125693007415e-02
5.512221075446929186e-01 3.759701243052687193e-03 3.791103472729193818e-02
5.685252963400971860e-01 3.917212340374259805e-03 3.910108458620887434e-02
5.854153791658474049e-01 4.074723437695831549e-03 4.026272253176592375e-02
6.018998491402689499e-01 4.232234535017403293e-03 4.139646391315752322e-02
6.179860145452293896e-01 4.389745632338975037e-03 4.250281136720438641e-02
6.336809373259664202e-01 4.547256729660546781e-03 4.358225058859744455e-02
6.489917793828323678e-01 4.704767826982118525e-03 4.463527414657377651e-02
6.639257812672505477e-01 4.862278924303691137e-03 4.566238001970263083e-02
6.784902251380039440e-01 5.019790021625262881e-03 4.666406904815486451e-02
6.926923991092447386e-01 5.177301118946834625e-03 4.764084248168969776e-02
7.065393445882945933e-01 5.334812216268406369e-03 4.859318460247558785e-02
7.200377613224491213e-01 5.492323313589978981e-03 4.952155619455746172e-02
7.331943231017745699e-01 5.649834410911550725e-03 5.042641625673725120e-02
7.460156860928444100e-01 5.807345508233122469e-03 5.130822257573772888e-02
7.585084723420788544e-01 5.964856605554694213e-03 5.216743059162261970e-02
7.706792558571655682e-01 6.122367702876265957e-03 5.300449244052785058e-02
7.825345509018396539e-01 6.279878800197838569e-03 5.381985614961946190e-02
7.940807356686001572e-01 6.437389897519410313e-03 5.461396038758291327e-02
8.053237363794588655e-01 6.594900994840982057e-03 5.538721273823137004e-02
8.162692990497160128e-01 6.752412092162553801e-03 5.614000839142136573e-02
8.269231273975045093e-01 6.909923189484126413e-03 5.687273962796537963e-02
8.372908751185932363e-01 7.067434286805698157e-03 5.758579528832116073e-02
8.473781391231636206e-01 7.224945384127269901e-03 5.827956030744210064e-02
8.571904537911121391e-01 7.382456481448841645e-03 5.895441531967789139e-02
8.667332861210235162e-01 7.539967578770413389e-03 5.961073632513877452e-02
8.760120316640755966e-01 7.697478676091986001e-03 6.024889441004437768e-02
8.850319788089002770e-01 7.854989773413558612e-03 6.086925329036751986e-02
8.937979757093357236e-01 8.012500870735128622e-03 6.147214640434661009e-02
9.023145924568383158e-01 8.170011968056702101e-03 6.205788806610938735e-02
9.105863611228084409e-01 8.327523065378272110e-03 6.262678997490353505e-02
9.186177754012252450e-01 8.485034162699845589e-03 6.317916119051857071e-02
9.264132868118719610e-01 8.642545260021415598e-03 6.371530787215734515e-02
9.339773013967596071e-01 8.800056357342989077e-03 6.423553305122850499e-02
9.413141768589693426e-01 8.957567454664562556e-03 6.474013643456631717e-02
9.484282200985780786e-01 9.115078551986132566e-03 6.522941423496077251e-02
9.553236851050170841e-01 9.272589649307706045e-03 6.570365902620174670e-02
9.620047711696112502e-01 9.430100746629276054e-03 6.616315962014393537e-02
9.684756166434834723e-01 9.587611843950849533e-03 6.660820063739851526e-02
9.747400447624520181e-01 9.745122941272419542e-03 6.703904502610180671e-02
9.808014578582937570e-01 9.902634038593993021e-03 6.745592678615403015e-02
9.866632128122572176e-01 1.006014513591556303e-02 6.785907679153471705e-02
9.923286510693424267e-01 1.021765623323713651e-02 6.824872485457481042e-02
9.978010957477208009e-01 1.037516733055870999e-02 6.862509952715335759e-02
1.003083849031595864e+00 1.053267842788028000e-02 6.898842792138773494e-02
1.008180189823888906e+00 1.069018952520185348e-02 6.933893554819418881e-02
1.013093371637066475e+00 1.084770062252342349e-02 6.967684617222656696e-02
1.017826620702404483e+00 1.100521171984499696e-02 7.000238168183856025e-02
1.022383134279771344e+00 1.116272281716656697e-02 7.031576197283663510e-02
1.026766079151425703e+00 1.132023391448814045e-02 7.061720484488910599e-02
1.030978590284851171e+00 1.147774501180971046e-02 7.090692590956075569e-02
1.035023769650844638e+00 1.163525610913128394e-02 7.118513850902521978e-02
1.038904677369888008e+00 1.179276720645285742e-02 7.145205310714508595e-02
1.042624062842831600e+00 1.195027830377442743e-02 7.170785879762624215e-02
1.046184317345025594e+00 1.210778940109600091e-02 7.195272004361634444e-02
1.049587813982936879e+00 1.226530049841757092e-02 7.218680005867381122e-02
1.052836927807218936e+00 1.242281159573914440e-02 7.241026219007117015e-02
1.055934033453227450e+00 1.258032269306071441e-02 7.262326975651826888e-02
1.058881502956057430e+00 1.273783379038228789e-02 7.282598589788846777e-02
1.061681703728220239e+00 1.289534488770385789e-02 7.301857343613094020e-02
1.064336996688955761e+00 1.305285598502543137e-02 7.320119474661132553e-02
1.066849734535045169e+00 1.321036708234700485e-02 7.337401163918481906e-02
1.069222260143643632e+00 1.336787817966857486e-02 7.353718524834863823e-02
1.071456905098555401e+00 1.352538927699014834e-02 7.369087593188489160e-02
1.073555988331639011e+00 1.368290037431171835e-02 7.383524317742115595e-02
1.075521814872029136e+00 1.384041147163329183e-02 7.397044551640662158e-02
1.077356674696041017e+00 1.399792256895486184e-02 7.409664044501294844e-02
1.079062841671309947e+00 1.415543366627643532e-02 7.421398435151571604e-02
1.080642572589092909e+00 1.431294476359800533e-02 7.432263244973985605e-02
1.082098104652456039e+00 1.447045586091957881e-02 7.442273860630647941e-02
1.083431504327931005e+00 1.462796695824115228e-02 7.451444494520402528e-02
1.084644556669326798e+00 1.478547805556272229e-02 7.459787423588598587e-02
1.085739023307292106e+00 1.494298915288429577e-02 7.467314763684691770e-02
1.086716670568799392e+00 1.510050025020586578e-02 7.474038662957736834e-02
1.087579267849845044e+00 1.525801134752743926e-02 7.479971290664390315e-02
1.088328586087674132e+00 1.541552244484900927e-02 7.485124826661458675e-02
1.088966396326980890e+00 1.557303354217058275e-02 7.489511451544755838e-02
1.089494468374733183e+00 1.573054463949215276e-02 7.493143337397453752e-02
1.089914569538681155e+00 1.588805573681372624e-02 7.496032639114021123e-02
1.090228463444915086e+00 1.604556683413529972e-02 7.498191486267836992e-02
1.090437908930064204e+00 1.620307793145686973e-02 7.499631975492104807e-02
1.090544659004158978e+00 1.636058902877844320e-02 7.500366163346826320e-02
1.090550459880191392e+00 1.651810012610001321e-02 7.500406059644475210e-02
1.090457050066834466e+00 1.667561122342158669e-02 7.499763621210024656e-02
1.090266159520901557e+00 1.683312232074316017e-02 7.498450746051910087e-02
1.089979508856357082e+00 1.699063341806473018e-02 7.496479267921879464e-02
1.089598808606851987e+00 1.714814451538630366e-02 7.493860951242972690e-02
1.089125758538915800e+00 1.730565561270787367e-02 7.490607486385918168e-02
1.088562047013171163e+00 1.746316671002944715e-02 7.486730485275810976e-02
1.087909350390977359e+00 1.762067780735101716e-02 7.482241477311196709e-02
1.087169332418514545e+00 1.777818890467259064e-02 7.477151905128066878e-02
1.086343628886546897e+00 1.793570000199416065e-02 7.471473019095301038e-02
1.085433829517538751e+00 1.809321109931573412e-02 7.465215752740915478e-02
1.084441508177357960e+00 1.825072219663730760e-02 7.458390930537066310e-02
1.083368227170721898e+00 1.840823329395887761e-02 7.451009297442562351e-02
1.082215536767993092e+00 1.856574439128045109e-02 7.443081515648342084e-02
1.080984974766766138e+00 1.872325548860202110e-02 7.434618161562199512e-02
1.079678066086529054e+00 1.888076658592359458e-02 7.425629723021053008e-02
1.078296322394625584e+00 1.903827768324516459e-02 7.416126596718429498e-02
1.076841241762004797e+00 1.919578878056673807e-02 7.406119085836831983e-02
1.075314308347227632e+00 1.935329987788830808e-02 7.395617397874473808e-02
1.073716992107247359e+00 1.951081097520988156e-02 7.384631642656111494e-02
1.072050748533661890e+00 1.966832207253145504e-02 7.373171830519097136e-02
1.070317018413113885e+00 1.982583316985302505e-02 7.361247870665484083e-02
1.068517227610575659e+00 1.998334426717459852e-02 7.348869569671567792e-02
1.066652786874400460e+00 2.014085536449616853e-02 7.336046630147075032e-02
1.064725091662008127e+00 2.029836646181774201e-02 7.322788649536285388e-02
1.062735521985096243e+00 2.045587755913931202e-02 7.309105119053492527e-02
1.060685442273454404e+00 2.061338865646088550e-02 7.295005422746325685e-02
1.058576201256331561e+00 2.077089975378245551e-02 7.280498836679856478e-02
1.056409131860509332e+00 2.092841085110402899e-02 7.265594528235586047e-02
1.054185551124163567e+00 2.108592194842560247e-02 7.250301555519013397e-02
1.051906760125708828e+00 2.124343304574717248e-02 7.234628866870243535e-02
1.049574043926835065e+00 2.140094414306874596e-02 7.218585300472239730e-02
1.047188671528959114e+00 2.155845524039031597e-02 7.202179584051281169e-02
1.044751895842409128e+00 2.171596633771188944e-02 7.185420334665057474e-02
1.042264954868494797e+00 2.187347743503345945e-02 7.168316066832486344e-02
1.039729201914332046e+00 2.203098853235503293e-02 7.150876088103530481e-02
1.037146213145550888e+00 2.218849962967660294e-02 7.133111238767268769e-02
1.034517556096253843e+00 2.234601072699817642e-02 7.115032299748308420e-02
1.031844761899925134e+00 2.250352182431974990e-02 7.096649801621145170e-02
1.029129326040846060e+00 2.266103292164131991e-02 7.077974029778132115e-02
1.026372709093462454e+00 2.281854401896289339e-02 7.059015029514591200e-02
1.023576337449732199e+00 2.297605511628446340e-02 7.039782611031214499e-02
1.020741604034395067e+00 2.313356621360603688e-02 7.020286354353459657e-02
1.017869869008146910e+00 2.329107731092760689e-02 7.000535614167686937e-02
1.014962460458731730e+00 2.344858840824918036e-02 6.980539524574279342e-02
1.012020675079972065e+00 2.360609950557075037e-02 6.960307003757736088e-02
1.009045778838784990e+00 2.376361060289232385e-02 6.939846758574154395e-02
1.006039007630233018e+00 2.392112170021389733e-02 6.919167289056471493e-02
1.003001567920658310e+00 2.407863279753546734e-02 6.898276892837665319e-02
9.999346373790406473e-01 2.423614389485704082e-02 6.877183669493018570e-02
9.968393654965724826e-01 2.439365499217861083e-02 6.855895524801337848e-02
9.937168741946315054e-01 2.455116608950018431e-02 6.834420174926340852e-02
9.905682584212299746e-01 2.470867718682175432e-02 6.812765150518843016e-02
9.873945867360477413e-01 2.486618828414332780e-02 6.790937800740387553e-02
9.841969018841764116e-01 2.502369938146489781e-02 6.768945297209238987e-02
9.809762213587015500e-01 2.518121047878647129e-02 6.746794637869640843e-02
9.777335379522801295e-01 2.533872157610804476e-02 6.724492650785328374e-02
9.744698202977941648e-01 2.549623267342961477e-02 6.702045997857998538e-02
9.711860133982991306e-01 2.565374377075118825e-02 6.679461178472034799e-02
9.678830391463458804e-01 2.581125486807275826e-02 6.656744533066261127e-02
9.645617968328452640e-01 2.596876596539433174e-02 6.633902246633714694e-02
9.612231636456831652e-01 2.612627706271590175e-02 6.610940352150931898e-02
9.578679951581233754e-01 2.628378816003747523e-02 6.587864733937001671e-02
9.544971258072585396e-01 2.644129925735904524e-02 6.564681130944181875e-02
9.511113693626502830e-01 2.659881035468061872e-02 6.541395139981043272e-02
9.477115193852230224e-01 2.675632145200219220e-02 6.518012218868543539e-02
9.442983533905204840e-01 2.691383254932376221e-02 6.494537715073413209e-02
9.408728190364341604e-01 2.707134364664533568e-02 6.470978146239034223e-02
9.374361098353207744e-01 2.722885474396690569e-02 6.447341720905633289e-02
9.339893997126781366e-01 2.738636584128847917e-02 6.423636512902192175e-02
9.305338216012261077e-01 2.754387693861004918e-02 6.399870314124413151e-02
9.270704686382923443e-01 2.770138803593162266e-02 6.376050642769887089e-02
9.236003953336472394e-01 2.785889913325319267e-02 6.352184751370024141e-02
9.201246187081788541e-01 2.801641023057476615e-02 6.328279634621461480e-02
9.166441194038352780e-01 2.817392132789633963e-02 6.304342037019827760e-02
9.131598427652604100e-01 2.833143242521790964e-02 6.280378460298845222e-02
9.096726998935993347e-01 2.848894352253948312e-02 6.256395170677998829e-02
9.061835686729341477e-01 2.864645461986105313e-02 6.232398205922009410e-02
9.026932947698311782e-01 2.880396571718262660e-02 6.208393382215340178e-02
8.992026926064964343e-01 2.896147681450419661e-02 6.184386300855197055e-02
8.957125463080269911e-01 2.911898791182577009e-02 6.160382354766394397e-02
8.922236106242923404e-01 2.927649900914734010e-02 6.136386734841690893e-02
8.887366118268928972e-01 2.943401010646891358e-02 6.112404436110773637e-02
8.852522485817865272e-01 2.959152120379048706e-02 6.088440263741829589e-02
8.817711927980325104e-01 2.974903230111205707e-02 6.064498838878926157e-02
8.782940904532062776e-01 2.990654339843363055e-02 6.040584604318881973e-02
8.748215623959614273e-01 3.006405449575520056e-02 6.016701830031015441e-02
8.713542051262845867e-01 3.022156559307677404e-02 5.992854618523451443e-02
8.678925915539245084e-01 3.037907669039834405e-02 5.969046910059295358e-02
8.644372717355210956e-01 3.053658778771991752e-02 5.945282487726367276e-02
8.609887735909128592e-01 3.069409888504148753e-02 5.921564982363677898e-02
8.575476035991397294e-01 3.085160998236306101e-02 5.897897877348289714e-02
8.541142474746092894e-01 3.100912107968463102e-02 5.874284513245747047e-02
8.506891708239362471e-01 3.116663217700620450e-02 5.850728092327567298e-02
8.472728197839012321e-01 3.132414327432777451e-02 5.827231682958883274e-02
8.438656216410389543e-01 3.148165437164934799e-02 5.803798223859760186e-02
8.404679854332859357e-01 3.163916546897092147e-02 5.780430528243092614e-02
8.370803025341546633e-01 3.179667656629248801e-02 5.757131287832345512e-02
8.337029472199026792e-01 3.195418766361406149e-02 5.733903076762340151e-02
8.303362772201103859e-01 3.211169876093563497e-02 5.710748355365918849e-02
8.269806342521157649e-01 3.226920985825720151e-02 5.687669473849590873e-02
8.236363445397323346e-01 3.242672095557877499e-02 5.664668675861093960e-02
8.203037193166666796e-01 3.258423205290034846e-02 5.641748101951703925e-02
8.169830553150402297e-01 3.274174315022192194e-02 5.618909792936108150e-02
8.136746352394118587e-01 3.289925424754349542e-02 5.596155693152574800e-02
8.103787282686638616e-01 3.305676534486506196e-02 5.573487653914721562e-02
8.070956360965422238e-01 3.321427644218663544e-02 5.550907750161475362e-02
8.038257770475942809e-01 3.337178753950820892e-02 5.528418858975636674e-02
8.005695728988494464e-01 3.352929863682978240e-02 5.506023881184908542e-02
7.973274250133276508e-01 3.368680973415134894e-02 5.483725577216926744e-02
7.940997150276307703e-01 3.384432083147292242e-02 5.461526571828258930e-02
7.908868055194215874e-01 3.400183192879449590e-02 5.439429358695076905e-02
7.876890406553594959e-01 3.415934302611606938e-02 5.417436304869427399e-02
7.845067468198714256e-01 3.431685412343764285e-02 5.395549655103688835e-02
7.813402332253234217e-01 3.447436522075920939e-02 5.373771536047096398e-02
7.781897925039833464e-01 3.463187631808078287e-02 5.352103960317051295e-02
7.750557012822553160e-01 3.478938741540235635e-02 5.330548830448495617e-02
7.719382207376641603e-01 3.494689851272392983e-02 5.309107942724654999e-02
7.688375971389646013e-01 3.510440961004549637e-02 5.287782990891692209e-02
7.657540623699052862e-01 3.526192070736706985e-02 5.266575569760973546e-02
7.626878344369983909e-01 3.541943180468864333e-02 5.245487178701330189e-02
7.596391179617544287e-01 3.557694290201021681e-02 5.224519225024459174e-02
7.566081046577871616e-01 3.573445399933179029e-02 5.203673027266277062e-02
7.535949737932173820e-01 3.589196509665335683e-02 5.182949818367163508e-02
7.505998926387272840e-01 3.604947619397493030e-02 5.162350748753518487e-02
7.476230169017211713e-01 3.620698729129650378e-02 5.141876889323757083e-02
7.446644911469093575e-01 3.636449838861807726e-02 5.121529234340931047e-02
7.417244492037591286e-01 3.652200948593964380e-02 5.101308704235028857e-02
7.388030145611113042e-01 3.667952058326121728e-02 5.081216148317003328e-02
7.359003007493826187e-01 3.683703168058279076e-02 5.061252347407418223e-02
7.330164117106652277e-01 3.699454277790436424e-02 5.041418016381860739e-02
7.301514421570911573e-01 3.715205387522593772e-02 5.021713806635633853e-02
7.273054779177873241e-01 3.730956497254750426e-02 5.002140308469991969e-02
7.244785962747386510e-01 3.746707606986907774e-02 4.982698053402077887e-02
7.216708662879143255e-01 3.762458716719065122e-02 4.963387516401034094e-02
7.188823491099176621e-01 3.778209826451222469e-02 4.944209118052034224e-02
7.161130982905246078e-01 3.793960936183379123e-02 4.925163226650793036e-02
7.133631600713584708e-01 3.809712045915536471e-02 4.906250160230236912e-02
7.106325736710115137e-01 3.825463155647693819e-02 4.887470188521458175e-02
7.079213715608925206e-01 3.841214265379851167e-02 4.868823534850897500e-02
7.052295797321037618e-01 3.856965375112008515e-02 4.850310377975820819e-02
7.025572179535433115e-01 3.872716484844165169e-02 4.831930853859457003e-02
6.999043000215803279e-01 3.888467594576322517e-02 4.813685057388179811e-02
6.972708340015036921e-01 3.904218704308479865e-02 4.795573044032078874e-02
6.946568224609909192e-01 3.919969814040637213e-02 4.777594831450703017e-02
6.920622626958873314e-01 3.935720923772793867e-02 4.759750401045868828e-02
6.894871469484474824e-01 3.951472033504951215e-02 4.742039699462647501e-02
6.869314626183652406e-01 3.967223143237108562e-02 4.724462640040753142e-02
6.843951924667335263e-01 3.982974252969265910e-02 4.707019104217310262e-02
6.818783148131722927e-01 3.998725362701423258e-02 4.689708942882611642e-02
6.793808037263781019e-01 4.014476472433579912e-02 4.672531977690667915e-02
6.769026292082198637e-01 4.030227582165737260e-02 4.655488002325334357e-02
6.744437573716521861e-01 4.045978691897894608e-02 4.638576783723944580e-02
6.720041506125991049e-01 4.061729801630051956e-02 4.621798063259451028e-02
6.695837647517332014e-01 4.077480911362208610e-02 4.605151537082653734e-02
6.671825319349778960e-01 4.093232021094365958e-02 4.588636738518096780e-02
6.648003735188564578e-01 4.108983130826523306e-02 4.572253126684788782e-02
6.624372088987106055e-01 4.124734240558680654e-02 4.556000147213462581e-02
6.600929556445082058e-01 4.140485350290838001e-02 4.539877233180587834e-02
6.577675296040658148e-01 4.156236460022994655e-02 4.523883805818312148e-02
6.554608450025501964e-01 4.171987569755152003e-02 4.508019275198795611e-02
6.531728145383215445e-01 4.187738679487309351e-02 4.492283040893382123e-02
6.509033494752914928e-01 4.203489789219466699e-02 4.476674492607801703e-02
6.486523597318537560e-01 4.219240898951623353e-02 4.461193010793807617e-02
6.464197539665630377e-01 4.234992008683780701e-02 4.445837967238443905e-02
6.442054396606217148e-01 4.250743118415938049e-02 4.430608725631351996e-02
6.420093231973075243e-01 4.266494228148095397e-02 4.415504642111057337e-02
6.398313099384347336e-01 4.282245337880252745e-02 4.400525065790829304e-02
6.376713042979428314e-01 4.297996447612409399e-02 4.385669339264802735e-02
6.355292098127208744e-01 4.313747557344566746e-02 4.370936799095082731e-02
6.334049292107535312e-01 4.329498667076724094e-02 4.356326776280429469e-02
6.312983644766688718e-01 4.345249776808881442e-02 4.341838596707063569e-02
6.292094169148068072e-01 4.361000886541038096e-02 4.327471581582433696e-02
6.271379872098410413e-01 4.376751996273195444e-02 4.313225047852156657e-02
6.250839754850896490e-01 4.392503106005352792e-02 4.299098308601046609e-02
6.230472813585514746e-01 4.408254215737510140e-02 4.285090673438516490e-02
6.210278039967804808e-01 4.424005325469667488e-02 4.271201448869114958e-02
6.190254421666303575e-01 4.439756435201824142e-02 4.257429938648388951e-02
6.170400942849739723e-01 4.455507544933981490e-02 4.243775444124847640e-02
6.150716584664668307e-01 4.471258654666138838e-02 4.230237264568467714e-02
6.131200325693890729e-01 4.487009764398296185e-02 4.216814697485958552e-02
6.111851142396674819e-01 4.502760874130452839e-02 4.203507038923554040e-02
6.092668009531233553e-01 4.518511983862610187e-02 4.190313583757551003e-02
6.073649900559981996e-01 4.534263093594767535e-02 4.177233625973054976e-02
6.054795788038372928e-01 4.550014203326924883e-02 4.164266458931391302e-02
6.036104643987779683e-01 4.565765313059082231e-02 4.151411375626564565e-02
6.017575440252739272e-01 4.581516422791238885e-02 4.138667668930962745e-02
5.999207148843639370e-01 4.597267532523396233e-02 4.126034631831032584e-02
5.980998742264682644e-01 4.613018642255553581e-02 4.113511557652852618e-02
5.962949193828295247e-01 4.628769751987710929e-02 4.101097740278365072e-02
5.945057477955821845e-01 4.644520861719867583e-02 4.088792474352197226e-02
5.927322570465556328e-01 4.660271971452024931e-02 4.076595055479727975e-02
5.909743448848112646e-01 4.676023081184182278e-02 4.064504780416509921e-02
5.892319092529776370e-01 4.691774190916339626e-02 4.052520947249374506e-02
5.875048483124258869e-01 4.707525300648496974e-02 4.040642855569590020e-02
5.857930604673184938e-01 4.723276410380653628e-02 4.028869806638247369e-02
5.840964443875737988e-01 4.739027520112810976e-02 4.017201103544207341e-02
5.824148990307995710e-01 4.754778629844968324e-02 4.005636051354967420e-02
5.807483236631859613e-01 4.770529739577125672e-02 3.994173957260324648e-02
5.790966178794586527e-01 4.786280849309282326e-02 3.982814130709629030e-02
5.774596816218758866e-01 4.802031959041439674e-02 3.971555883542439436e-02
5.758374151983211009e-01 4.817783068773597022e-02 3.960398530112937271e-02
5.742297192995233779e-01 4.833534178505754370e-02 3.949341387408387971e-02
5.726364950154423372e-01 4.849285288237911717e-02 3.938383775161811290e-02
5.710576438508284669e-01 4.865036397970068371e-02 3.927525015959004717e-02
5.694930677400062979e-01 4.880787507702225719e-02 3.916764435340228112e-02
5.679426690609018502e-01 4.896538617434383067e-02 3.906101361896659185e-02
5.664063506483476562e-01 4.912289727166540415e-02 3.895535127361917510e-02
5.648840158066757988e-01 4.928040836898697069e-02 3.885065066698663999e-02
5.633755683216342680e-01 4.943791946630854417e-02 3.874690518180567284e-02
5.618809124716647174e-01 4.959543056363011765e-02 3.864410823469855566e-02
5.603999530385440631e-01 4.975294166095169113e-02 3.854225327690517094e-02
5.589325953174084649e-01 4.991045275827326461e-02 3.844133379497233216e-02
5.574787440197583877e-01 5.006796385559483115e-02 3.834134323530657279e-02
5.560382687070372087e-01 5.022547495291640463e-02 3.824227262682240724e-02
5.546109981429994118e-01 5.038298605023797810e-02 3.814411019251894019e-02
5.531967614233873620e-01 5.054049714755955158e-02 3.804684417822817855e-02
5.517953904672439069e-01 5.069800824488111812e-02 3.795046302395842230e-02
5.504067199601890836e-01 5.085551934220269160e-02 3.785495535999292699e-02
5.490305872990318692e-01 5.101303043952426508e-02 3.776031000308068680e-02
5.476668325376575774e-01 5.117054153684583856e-02 3.766651595271454378e-02
5.463152983342389746e-01 5.132805263416741204e-02 3.757356238750077931e-02
5.449758298996244532e-01 5.148556373148897858e-02 3.748143866160929399e-02
5.436482749469500053e-01 5.164307482881055206e-02 3.739013430130810889e-02
5.423324836424258111e-01 5.180058592613212554e-02 3.729963900157879514e-02
5.410283085572541451e-01 5.195809702345369901e-02 3.720994262280936243e-02
5.397356046206451818e-01 5.211560812077526555e-02 3.712103518756300347e-02
5.384542290739260384e-01 5.227311921809683903e-02 3.703290687742182702e-02
5.371840414256890961e-01 5.243063031541841251e-02 3.694554802990213105e-02
5.359249033944610829e-01 5.258814141273998599e-02 3.685894913451136234e-02
5.346766751443814414e-01 5.274565251006155947e-02 3.677310057385194120e-02
5.334392103185185974e-01 5.290316360738312601e-02 3.668799228203097063e-02
5.322123637372870864e-01 5.306067470470469949e-02 3.660361427412903851e-02
5.309959926391373264e-01 5.321818580202627297e-02 3.651995673153041189e-02
5.297899566320457554e-01 5.337569689934784645e-02 3.643700999858664330e-02
5.285941176461455004e-01 5.353320799666941299e-02 3.635476457935871847e-02
5.274083398874674922e-01 5.369071909399098647e-02 3.627321113443551792e-02
5.262324897927695977e-01 5.384823019131255994e-02 3.619234047782715624e-02
5.250664359853992602e-01 5.400574128863413342e-02 3.611214357392936170e-02
5.239100492322031899e-01 5.416325238595570690e-02 3.603261153455982607e-02
5.227632024014214895e-01 5.432076348327727344e-02 3.595373561606244467e-02
5.216257704215502278e-01 5.447827458059884692e-02 3.587550721647792679e-02
5.204976302411563616e-01 5.463578567792042040e-02 3.579791787278002041e-02
5.193786607896040408e-01 5.479329677524199388e-02 3.572095925817449918e-02
5.182687429386894085e-01 5.495080787256356042e-02 3.564462317946043290e-02
5.171677594651338250e-01 5.510831896988513390e-02 3.556890157445067452e-02
5.160755950065781805e-01 5.526583006720670738e-02 3.549378650894532278e-02
5.149921252302633867e-01 5.542334116452828086e-02 3.541926943179325021e-02
5.139171956161975308e-01 5.558085226184985433e-02 3.534533971567615368e-02
5.128506484919820307e-01 5.573836335917142087e-02 3.527198651646480665e-02
5.117923291202804981e-01 5.589587445649299435e-02 3.519919919189275215e-02
5.107420856368874995e-01 5.605338555381456783e-02 3.512696729729698070e-02
5.096997689903539630e-01 5.621089665113614131e-02 3.505528058146552967e-02
5.086652328831198222e-01 5.636840774845770785e-02 3.498412898258884685e-02
5.076383337141245899e-01 5.652591884577928133e-02 3.491350262431265616e-02
5.066189305228261386e-01 5.668342994310085481e-02 3.484339181188792628e-02
5.056068849346212479e-01 5.684094104042242829e-02 3.477378702841698449e-02
5.046020611076043050e-01 5.699845213774400177e-02 3.470467893119185548e-02
5.036043256806272961e-01 5.715596323506556831e-02 3.463605834812187589e-02
5.026135477226369996e-01 5.731347433238714179e-02 3.456791627424949526e-02
5.016295986832445264e-01 5.747098542970871526e-02 3.450024386835042617e-02
5.006523523444881274e-01 5.762849652703028874e-02 3.443303244961629095e-02
4.996816847737622913e-01 5.778600762435185528e-02 3.436627349441696844e-02
4.987174742778939240e-01 5.794351872167342876e-02 3.429995863314243276e-02
4.977596013394419705e-01 5.810102981899500224e-02 3.423407964582143859e-02
4.968079381279782991e-01 5.825854091631657572e-02 3.416862774074602704e-02
4.958623314785778335e-01 5.841605201363814920e-02 3.410359238379443575e-02
4.949226266618933501e-01 5.857356311095971574e-02 3.403896293324969874e-02
4.939886719611356058e-01 5.873107420828128922e-02 3.397472895458752279e-02
4.930603186107681557e-01 5.888858530560286270e-02 3.391088021625997262e-02
4.921374207367550380e-01 5.904609640292443618e-02 3.384740668558592486e-02
4.912198352983002669e-01 5.920360750024600272e-02 3.378429852474406497e-02
4.903074220310686959e-01 5.936111859756757619e-02 3.372154608686791372e-02
4.894000433918057058e-01 5.951862969488914967e-02 3.365913991223692947e-02
4.884975645043624914e-01 5.967614079221072315e-02 3.359707072456425553e-02
4.875998531070193653e-01 5.983365188953229663e-02 3.353532942737399991e-02
4.867067795011493225e-01 5.999116298685386317e-02 3.347390710047028206e-02
4.858182165010991316e-01 6.014867408417543665e-02 3.341279499649038587e-02
4.849340393853272535e-01 6.030618518149701013e-02 3.335198453754414233e-02
4.840541258487116583e-01 6.046369627881858361e-02 3.329146731193388664e-02
4.831783559560092756e-01 6.062120737614015015e-02 3.323123507095347706e-02
4.823066120964404901e-01 6.077871847346172363e-02 3.317127972576490447e-02
4.814387789393607675e-01 6.093622957078329710e-02 3.311159334434943952e-02
4.805747432747523029e-01 6.109374066810487058e-02 3.305216814053731772e-02
4.797143814155251373e-01 6.125125176542643712e-02 3.299299560758416766e-02
4.788575483102058272e-01 6.140876286274801060e-02 3.293406576938164715e-02
4.780040992084594320e-01 6.156627396006958408e-02 3.287536867053270778e-02
4.771538922937825777e-01 6.172378505739115756e-02 3.281689455741833294e-02
4.763067886286578845e-01 6.188129615471273104e-02 3.275863387442575630e-02
4.754626521010966722e-01 6.203880725203429758e-02 3.270057726027165296e-02
4.746213493724849020e-01 6.219631834935587106e-02 3.264271554441516149e-02
4.737827498267235815e-01 6.235382944667744454e-02 3.258503974356011246e-02
4.729467255206140086e-01 6.251134054399902495e-02 3.252754105824257058e-02
4.721131511354541010e-01 6.266885164132059149e-02 3.247021086950187957e-02
4.712819039298003498e-01 6.282636273864215803e-02 3.241304073563176791e-02
4.704528636933600905e-01 6.298387383596373845e-02 3.235602238900917721e-02
4.696259127020017687e-01 6.314138493328530499e-02 3.229914773300018166e-02
4.688009356738097044e-01 6.329889603060687153e-02 3.224240883893747522e-02
4.679778197262002837e-01 6.345640712792845195e-02 3.218579794317096010e-02
4.671564543340199771e-01 6.361391822525001849e-02 3.212930744418600326e-02
4.663367312886324556e-01 6.377142932257158503e-02 3.207292989978946518e-02
4.655185446579437891e-01 6.392894041989316545e-02 3.201665802436051006e-02
4.647017907473531828e-01 6.408645151721473199e-02 3.196048468616482369e-02
4.638863677193190149e-01 6.424396261453631241e-02 3.190440288118980006e-02
4.630721638406814500e-01 6.440147371185787895e-02 3.184840492483856367e-02
4.622590548248562969e-01 6.455898480917944549e-02 3.179248226913571757e-02
4.614469181302207068e-01 6.471649590650102590e-02 3.173662648611790676e-02
4.606356338677334850e-01 6.487400700382259244e-02 3.168082933025662129e-02
4.598250847572004640e-01 6.503151810114417286e-02 3.162508273545027587e-02
4.590151560845671108e-01 6.518902919846573940e-02 3.156937881208696228e-02
4.582057356601962339e-01 6.534654029578730594e-02 3.151370984417494608e-02
4.573967137781033698e-01 6.550405139310888636e-02 3.145806828653899268e-02
4.565879831761309737e-01 6.566156249043045290e-02 3.140244676208132912e-02
4.557794389970035165e-01 6.581907358775203332e-02 3.134683805910316173e-02
4.549709787502776992e-01 6.597658468507359986e-02 3.129123512868771384e-02
4.541625022751075713e-01 6.613409578239516640e-02 3.123563108213940967e-02
4.533539117038601907e-01 6.629160687971674681e-02 3.118001918848139695e-02
4.525451114264997243e-01 6.644911797703831335e-02 3.112439287200611734e-02
4.517360080557427660e-01 6.660662907435987989e-02 3.106874570987874090e-02
4.509265103929726570e-01 6.676414017168146031e-02 3.101307142979290929e-02
4.501165293948595769e-01 6.692165126900302685e-02 3.095736390767503746e-02
4.493059781406825159e-01 6.707916236632460727e-02 3.090161716543670875e-02
4.484947718003378103e-01 6.723667346364617381e-02 3.084582536877457024e-02
4.476828276029917730e-01 6.739418456096774035e-02 3.078998282501427611e-02
4.468700644240350961e-01 6.755169565828932077e-02 3.073408395470274279e-02
4.460563963266819254e-01 6.770920675561088731e-02 3.067812284742305051e-02
4.452417336335525722e-01 6.786671785293246772e-02 3.062209333549396548e-02
4.444259886902123258e-01 6.802422895025403426e-02 3.056598939036494350e-02
4.436090760291186430e-01 6.818174004757560080e-02 3.050980513389192975e-02
4.427909123381535417e-01 6.833925114489718122e-02 3.045353483617302057e-02
4.419714164297509629e-01 6.849676224221874776e-02 3.039717291342519667e-02
4.411505092106469683e-01 6.865427333954032818e-02 3.034071392590390048e-02
4.403281136522159689e-01 6.881178443686189472e-02 3.028415257586274806e-02
4.395041547613688371e-01 6.896929553418346126e-02 3.022748370555218556e-02
4.386785595520099057e-01 6.912680663150504168e-02 3.017070229525624023e-02
4.378512570170186025e-01 6.928431772882660822e-02 3.011380346136560346e-02
4.370221781007533335e-01 6.944182882614817476e-02 3.005678245448653932e-02
4.361912556720473622e-01 6.959933992346975518e-02 2.999963465758363063e-02
4.353584244976986262e-01 6.975685102079132172e-02 2.994235558415650825e-02
4.345236212164233502e-01 6.991436211811290213e-02 2.988494087644847502e-02
4.336867843132636291e-01 7.007187321543446867e-02 2.982738630368635124e-02
4.328478540944296071e-01 7.022938431275603521e-02 2.976968776035024064e-02
4.320067726625825832e-01 7.038689541007761563e-02 2.971184126447354301e-02
4.311634838925204605e-01 7.054440650739918217e-02 2.965384295597070854e-02
4.303179334072572138e-01 7.070191760472076259e-02 2.959568909499208852e-02
4.294700685545051466e-01 7.085942870204232913e-02 2.953737606030646876e-02
4.286198385599557792e-01 7.101693979936389567e-02 2.947890035984314719e-02
4.277671966817361282e-01 7.117445089668547609e-02 2.942025877886753418e-02
4.269120994581677708e-01 7.133196199400704263e-02 2.936144832824481160e-02
4.260545050092676145e-01 7.148947309132862304e-02 2.930246612762335556e-02
4.251943729790418347e-01 7.164698418865018958e-02 2.924330940146591118e-02
4.243316645150465027e-01 7.180449528597175612e-02 2.918397547764392877e-02
4.234663422482338735e-01 7.196200638329333654e-02 2.912446178605132552e-02
4.225983702730955471e-01 7.211951748061490308e-02 2.906476585723897013e-02
4.217277141280647013e-01 7.227702857793646962e-02 2.900488532106668127e-02
4.208543407761954347e-01 7.243453967525805004e-02 2.894481790537450222e-02
4.199782185860924111e-01 7.259205077257961658e-02 2.888456143467108342e-02
4.190993173130972416e-01 7.274956186990119700e-02 2.882411382883974527e-02
4.182176080807183949e-01 7.290707296722276354e-02 2.876347310186131920e-02
4.173330633622898134e-01 7.306458406454433008e-02 2.870263736055269146e-02
4.164456569628706140e-01 7.322209516186591050e-02 2.864160480332188577e-02
4.155553640013619487e-01 7.337960625918747704e-02 2.858037371893821024e-02
4.146621608928446889e-01 7.353711735650905745e-02 2.851894248531741671e-02
4.137660253311215008e-01 7.369462845383062399e-02 2.845730956832107778e-02
4.128669362714734170e-01 7.385213955115219053e-02 2.839547352057061186e-02
4.119648739136102522e-01 7.400965064847377095e-02 2.833343298027468649e-02
4.110598196848152530e-01 7.416716174579533749e-02 2.827118667006995462e-02
4.101517562232804837e-01 7.432467284311691791e-02 2.820873339587495754e-02
4.092406673616313384e-01 7.448218394043848445e-02 2.814607204575697921e-02
4.083265388008219809e-01 7.463969503776005099e-02 2.808320163628008972e-02
4.074093686554931537e-01 7.479720613508163141e-02 2.802012203777618296e-02
4.064891650899968845e-01 7.495471723240319795e-02 2.795683381175945170e-02
4.055659372123315287e-01 7.511222832972476449e-02 2.789333758464460772e-02
4.046396947899953966e-01 7.526973942704634490e-02 2.782963402820437873e-02
4.037104482391452587e-01 7.542725052436791144e-02 2.776572385882382366e-02
4.027782086138864126e-01 7.558476162168949186e-02 2.770160783676373084e-02
4.018429875956226471e-01 7.574227271901105840e-02 2.763728676542821783e-02
4.009047974825347693e-01 7.589978381633262494e-02 2.757276149064106369e-02
3.999636511791283544e-01 7.605729491365420536e-02 2.750803289992681186e-02
3.990195621858897423e-01 7.621480601097577190e-02 2.744310192179941557e-02
3.980725445890243575e-01 7.637231710829735232e-02 2.737796952505642048e-02
3.971226130502928386e-01 7.652982820561891886e-02 2.731263671807990234e-02
3.961697827969291597e-01 7.668733930294048540e-02 2.724710454814320559e-02
3.952140696116521190e-01 7.684485040026206581e-02 2.718137410072381591e-02
3.942554898227601523e-01 7.700236149758363235e-02 2.711544649882222796e-02
3.932940602943162944e-01 7.715987259490521277e-02 2.704932290228682576e-02
3.923297984164101915e-01 7.731738369222677931e-02 2.698300450714418569e-02
3.913627220955148145e-01 7.747489478954834585e-02 2.691649254493587093e-02
3.903928497449172252e-01 7.763240588686992627e-02 2.684978828206018367e-02
3.894202002752331082e-01 7.778991698419149281e-02 2.678289301911995074e-02
3.884447930850039588e-01 7.794742808151305935e-02 2.671580809027567643e-02
3.874666480513783706e-01 7.810493917883463977e-02 2.664853486260473220e-02
3.864857855208620463e-01 7.826245027615620631e-02 2.658107473546517108e-02
3.855022265463385889e-01 7.841996137347778673e-02 2.651342915679708728e-02
3.845160060386700329e-01 7.857747247079935327e-02 2.644560052764154470e-02
3.835271790216584487e-01 7.873498356812091981e-02 2.637759263233380169e-02
3.825358018360623391e-01 7.889249466544250022e-02 2.630940934578459775e-02
3.815419304719773197e-01 7.905000576276406676e-02 2.624105451878732537e-02
3.805456205680312065e-01 7.920751686008564718e-02 2.617253197796272704e-02
3.795469274106205160e-01 7.936502795740721372e-02 2.610384552570640254e-02
3.785459059332090814e-01 7.952253905472878026e-02 2.603499894014046218e-02
3.775426107156580335e-01 7.968005015205036068e-02 2.596599597506759130e-02
3.765370959836198961e-01 7.983756124937192722e-02 2.589684035992925737e-02
3.755294156079659884e-01 7.999507234669350764e-02 2.582753579976640804e-02
3.745196231042680068e-01 8.015258344401507418e-02 2.575808597518376361e-02
3.735077716323212949e-01 8.031009454133664072e-02 2.568849454231706200e-02
3.724939139957175183e-01 8.046760563865822113e-02 2.561876513280367251e-02
3.714781026414507026e-01 8.062511673597978767e-02 2.554890135375548210e-02
3.704603896595822787e-01 8.078262783330135421e-02 2.547890678773582704e-02
3.694408267829373260e-01 8.094013893062293463e-02 2.540878499273868316e-02
3.684194653868469449e-01 8.109765002794450117e-02 2.533853950217086759e-02
3.673963564889305977e-01 8.125516112526608159e-02 2.526817382483713750e-02
3.663715507489233580e-01 8.141267222258764813e-02 2.519769144492825519e-02
3.653450984685405745e-01 8.157018331990921467e-02 2.512709582201168301e-02
3.643170495913832241e-01 8.172769441723079509e-02 2.505639039102513718e-02
3.632874537028766282e-01 8.188520551455236163e-02 2.498557856227226828e-02
3.622563600302645681e-01 8.204271661187394205e-02 2.491466372142235250e-02
3.612238174426160575e-01 8.220022770919550859e-02 2.484364922951071142e-02
3.601898744508964523e-01 8.235773880651707513e-02 2.477253842294360742e-02
3.591545840368745024e-01 8.251524990383865554e-02 2.470133494561275664e-02
3.581180267620172608e-01 8.267276100116022208e-02 2.463004433824039080e-02
3.570802921741082492e-01 8.283027209848178862e-02 2.455867275959458529e-02
3.560414684997118551e-01 8.298778319580336904e-02 2.448722627757484588e-02
3.550016426413661330e-01 8.314529429312493558e-02 2.441571086901899584e-02
3.539609001890410833e-01 8.330280539044651600e-02 2.434413242049120532e-02
3.529193254316427275e-01 8.346031648776808254e-02 2.427249672907329930e-02
3.518770013685522668e-01 8.361782758508964908e-02 2.420080950315827914e-02
3.508340097212097608e-01 8.377533868241122950e-02 2.412907636324702551e-02
3.497904309447303906e-01 8.393284977973279604e-02 2.405730284274726696e-02
3.487463442395387081e-01 8.409036087705437645e-02 2.398549438877372458e-02
3.477018275630372468e-01 8.424787197437594299e-02 2.391365636295058120e-02
3.466569576412865117e-01 8.440538307169750953e-02 2.384179404221486651e-02
3.456118099806970712e-01 8.456289416901908995e-02 2.376991261962053958e-02
3.445664588797428540e-01 8.472040526634065649e-02 2.369801720514412222e-02
3.435209774406659533e-01 8.487791636366223691e-02 2.362611282648969732e-02
3.424754375811991380e-01 8.503542746098380345e-02 2.355420442989514251e-02
3.414299100462715453e-01 8.519293855830536999e-02 2.348229688093717363e-02
3.403844644197243086e-01 8.535044965562695041e-02 2.341039496533718275e-02
3.393391691360073681e-01 8.550796075294851695e-02 2.333850338976562258e-02
3.382940914918648456e-01 8.566547185027008349e-02 2.326662678264570377e-02
3.372492976580159785e-01 8.582298294759166390e-02 2.319476969495678706e-02
3.362048526908062995e-01 8.598049404491323044e-02 2.312293660103572138e-02
3.351608205438401655e-01 8.613800514223481086e-02 2.305113189937681162e-02
3.341172640795950222e-01 8.629551623955637740e-02 2.297935991343068654e-02
3.330742450809993094e-01 8.645302733687794394e-02 2.290762489240056807e-02
3.320318242699566991e-01 8.661053843419952436e-02 2.283593101251625221e-02
3.309900706345044186e-01 8.676804953152109090e-02 2.276428301852190250e-02
3.299490794812823258e-01 8.692556062884267132e-02 2.269268746525864022e-02
3.289089492993457209e-01 8.708307172616423786e-02 2.262115112644241810e-02
3.278697765861527946e-01 8.724058282348580440e-02 2.254968063881450380e-02
3.268316558720341658e-01 8.739809392080738482e-02 2.247828250382426576e-02
3.257946797446482634e-01 8.755560501812895136e-02 2.240696308931128602e-02
3.247589388733875815e-01 8.771311611545053177e-02 2.233572863118380575e-02
3.237245220337454099e-01 8.787062721277209831e-02 2.226458523509459997e-02
3.226915161316238900e-01 8.802813831009366485e-02 2.219353887811291795e-02
3.216600062275790650e-01 8.818564940741524527e-02 2.212259541039175020e-02
3.206300755609997055e-01 8.834316050473681181e-02 2.205176055683096339e-02
3.196018055741938757e-01 8.850067160205837835e-02 2.198103991873378432e-02
3.185752759364035014e-01 8.865818269937995877e-02 2.191043897545847177e-02
3.175505645677113020e-01 8.881569379670152531e-02 2.183996308606249437e-02
3.165277476628539643e-01 8.897320489402310573e-02 2.176961749094036627e-02
3.155068997149234611e-01 8.913071599134467227e-02 2.169940731345371132e-02
3.144880935389553489e-01 8.928822708866623881e-02 2.162933756155360418e-02
3.134714002953971068e-01 8.944573818598781922e-02 2.155941312939462992e-02
3.124568895134458013e-01 8.960324928330938576e-02 2.148963879893991263e-02
3.114446291142617951e-01 8.976076038063096618e-02 2.142001924155775144e-02
3.104346854340383488e-01 8.991827147795253272e-02 2.135055901960818472e-02
3.094271232469282262e-01 9.007578257527409926e-02 2.128126258801986762e-02
3.084220057878342969e-01 9.023329367259567968e-02 2.121213429585748142e-02
3.074193947750331612e-01 9.039080476991724622e-02 2.114317838787771117e-02
3.064193504326568340e-01 9.054831586723882664e-02 2.107439900607544631e-02
3.054219315130059509e-01 9.070582696456039318e-02 2.100580019121844541e-02
3.044271953187038804e-01 9.086333806188195972e-02 2.093738588437096468e-02
3.034351977246812493e-01 9.102084915920354014e-02 2.086915992840577758e-02
3.024459976738018696e-01 9.117836025652510668e-02 2.080112637719685673e-02
3.014596730921105250e-01 9.133587135384667322e-02 2.073329059021175938e-02
3.004763058140290655e-01 9.149338245116825363e-02 2.066565819572183452e-02
2.994959756248692373e-01 9.165089354848982017e-02 2.059823468106819142e-02
2.985187602927955042e-01 9.180840464581140059e-02 2.053102539485993430e-02
2.975447356011114985e-01 9.196591574313296713e-02 2.046403554919472983e-02
2.965739753803387502e-01 9.212342684045453367e-02 2.039727022186502495e-02
2.956065515400570498e-01 9.228093793777611409e-02 2.033073435854797564e-02
2.946425341005382004e-01 9.243844903509768063e-02 2.026443277498105044e-02
2.936819912241213082e-01 9.259596013241926105e-02 2.019837015911990150e-02
2.927249892463614223e-01 9.275347122974082759e-02 2.013255107328071336e-02
2.917715927069163828e-01 9.291098232706239413e-02 2.006697995626441702e-02
2.908218643801875336e-01 9.306849342438397454e-02 2.000166112546409442e-02
2.898758653057002532e-01 9.322600452170554108e-02 1.993659877895440774e-02
2.889336548182097064e-01 9.338351561902712150e-02 1.987179699756217929e-02
2.879952905775484684e-01 9.354102671634868804e-02 1.980725974691921812e-02
2.870608285981922636e-01 9.369853781367025458e-02 1.974299087949568654e-02
2.861303232785502582e-01 9.385604891099183500e-02 1.967899413661465882e-02
2.852038274299708576e-01 9.401356000831340154e-02 1.961527315044695949e-02
2.842813923054670622e-01 9.417107110563496808e-02 1.955183144598683989e-02
2.833630676281432836e-01 9.432858220295654850e-02 1.948867244300702892e-02
2.824489016193452162e-01 9.448609330027811504e-02 1.942579945799482663e-02
2.815389410265031755e-01 9.464360439759969545e-02 1.936321570606701001e-02
2.806332311506817279e-01 9.480111549492126199e-02 1.930092430286465405e-02
2.797318158738359983e-01 9.495862659224282853e-02 1.923892826642767742e-02
2.788347376857612803e-01 9.511613768956440895e-02 1.917723051904833900e-02
2.779420377107470475e-01 9.527364878688597549e-02 1.911583388910444853e-02
2.770537557339211032e-01 9.543115988420755591e-02 1.905474111287113956e-02
2.761699302272959677e-01 9.558867098152912245e-02 1.899395483631235310e-02
2.752905984635243830e-01 9.574618207885068899e-02 1.893347762290441619e-02
2.744158006492413704e-01 9.590369317617226941e-02 1.887331223791221049e-02
2.735455815883447994e-01 9.606120427349383595e-02 1.881346176278347881e-02
2.726799850943446013e-01 9.621871537081541637e-02 1.875392921085076992e-02
2.718190535597059254e-01 9.637622646813698291e-02 1.869471749771232580e-02
2.709628279844600862e-01 9.653373756545854945e-02 1.863582944319991039e-02
2.701113480044888826e-01 9.669124866278012986e-02 1.857726777332409374e-02
2.692646519194650812e-01 9.684875976010169640e-02 1.851903512219589890e-02
2.684227767204588333e-01 9.700627085742326294e-02 1.846113403392544636e-02
2.675857581172009780e-01 9.716378195474484336e-02 1.840356696449703747e-02
2.667536305650125561e-01 9.732129305206640990e-02 1.834633628362128746e-02
2.659264272913895444e-01 9.747880414938799032e-02 1.828944427656347890e-02
2.651041803222536908e-01 9.763631524670955686e-02 1.823289314594904453e-02
2.642869205078584027e-01 9.779382634403112340e-02 1.817668501354526359e-02
2.634746775483625680e-01 9.795133744135270382e-02 1.812082192202014302e-02
2.626674800190608172e-01 9.810884853867427036e-02 1.806530583667760939e-02
2.618653553952774993e-01 9.826635963599585077e-02 1.801013864716970170e-02
2.610683300769319759e-01 9.842387073331741731e-02 1.795532216918605331e-02
2.602764294127519196e-01 9.858138183063898385e-02 1.790085814611915363e-02
2.594896777241744723e-01 9.873889292796056427e-02 1.784674825070826226e-02
2.587080983288942426e-01 9.889640402528213081e-02 1.779299408665887400e-02
2.579317135640941117e-01 9.905391512260371123e-02 1.773959719024051016e-02
2.571605448093425283e-01 9.921142621992527777e-02 1.768655903186145892e-02
2.563946125091576822e-01 9.936893731724684431e-02 1.763388101762070059e-02
2.556339361952545963e-01 9.952644841456842473e-02 1.758156449083794759e-02
2.548785345084628173e-01 9.968395951188999127e-02 1.752961073356108096e-02
2.541284252203229732e-01 9.984147060921155781e-02 1.747802096805148656e-02
2.533836252543639200e-01 9.999898170653313823e-02 1.742679635824740184e-02
2.526441507070656400e-01 1.001564928038547048e-01 1.737593801120569312e-02
2.519100168685006191e-01 1.003140039011762852e-01 1.732544697852144225e-02
2.511812382426683032e-01 1.004715149984978517e-01 1.727532425772655006e-02
2.504578285277654359e-01 1.006290260958194183e-01 1.722557079093272811e-02
2.497397965000800746e-01 1.007865371931409987e-01 1.717618718174089912e-02
2.490271425340014333e-01 1.009440482904625652e-01 1.712717345590016038e-02
2.483198656962062323e-01 1.011015593877841456e-01 1.707852954921996319e-02
2.476179646228514608e-01 1.012590704851057122e-01 1.703025536790020097e-02
2.469214375326076460e-01 1.014165815824272787e-01 1.698235078942755133e-02
2.462302822394715207e-01 1.015740926797488591e-01 1.693481566345673983e-02
2.455444961653528435e-01 1.017316037770704257e-01 1.688764981267616011e-02
2.448640763524273789e-01 1.018891148743920061e-01 1.684085303365753100e-02
2.441890194752789067e-01 1.020466259717135726e-01 1.679442509769090569e-02
2.435193218528200476e-01 1.022041370690351392e-01 1.674836575160460264e-02
2.428549794599964284e-01 1.023616481663567196e-01 1.670267471857014158e-02
2.421959879392847348e-01 1.025191592636782861e-01 1.665735169889305881e-02
2.415423426119731043e-01 1.026766703609998527e-01 1.661239637078870679e-02
2.408940384892459263e-01 1.028341814583214331e-01 1.656780839114464429e-02
2.402510702830602252e-01 1.029916925556429996e-01 1.652358739626868731e-02
2.396134324168199270e-01 1.031492036529645800e-01 1.647973300262299892e-02
2.389811190358609727e-01 1.033067147502861466e-01 1.643624480754525552e-02
2.383541240177347309e-01 1.034642258476077131e-01 1.639312238995590393e-02
2.377324409823061702e-01 1.036217369449292935e-01 1.635036531105266491e-02
2.371160633016615449e-01 1.037792480422508601e-01 1.630797311499193256e-02
2.365049841098275651e-01 1.039367591395724405e-01 1.626594532955724648e-02
2.358991963123172886e-01 1.040942702368940070e-01 1.622428146681581529e-02
2.352986925954859976e-01 1.042517813342155736e-01 1.618298102376199143e-02
2.347034654357184058e-01 1.044092924315371540e-01 1.614204348294910607e-02
2.341135071084351482e-01 1.045668035288587205e-01 1.610146831310892493e-02
2.335288096969372340e-01 1.047243146261803010e-01 1.606125496975991523e-02
2.329493651010734745e-01 1.048818257235018675e-01 1.602140289580341465e-02
2.323751650457434315e-01 1.050393368208234340e-01 1.598191152210834409e-02
2.318062010892426583e-01 1.051968479181450145e-01 1.594278026808524859e-02
2.312424646314450438e-01 1.053543590154665810e-01 1.590400854224899296e-02
2.306839469218243122e-01 1.055118701127881475e-01 1.586559574277047330e-02
2.301306390673237279e-01 1.056693812101097280e-01 1.582754125801787842e-02
2.295825310939434982e-01 1.058268923074312945e-01 1.578984440201607747e-02
2.290395969983592406e-01 1.059844034047528749e-01 1.575250338635178840e-02
2.285017977635787345e-01 1.061419145020744415e-01 1.571551552757941353e-02
2.279690944002758513e-01 1.062994255993960080e-01 1.567887814415610051e-02
2.274414483502993911e-01 1.064569366967175884e-01 1.564258858419364032e-02
2.269188214816968419e-01 1.066144477940391549e-01 1.560664422511620804e-02
2.264011760838034459e-01 1.067719588913607354e-01 1.557104247332259488e-02
2.258884748623870564e-01 1.069294699886823019e-01 1.553578076385230509e-02
2.253806809348732065e-01 1.070869810860038684e-01 1.550085656005714511e-02
2.248777578256201948e-01 1.072444921833254489e-01 1.546626735327628031e-02
2.243796694612611164e-01 1.074020032806470154e-01 1.543201066251584201e-02
2.238863801661103436e-01 1.075595143779685958e-01 1.539808403413302565e-02
2.233978546576280144e-01 1.077170254752901624e-01 1.536448504152415281e-02
2.229140580419430584e-01 1.078745365726117289e-01 1.533121128481675782e-02
2.224349558094378121e-01 1.080320476699333093e-01 1.529826039056591744e-02
2.219605138303910874e-01 1.081895587672548759e-01 1.526563001145459474e-02
2.214906983506773341e-01 1.083470698645764424e-01 1.523331782599784447e-02
2.210254759875210639e-01 1.085045809618980228e-01 1.520132153825080358e-02
2.205648137253100327e-01 1.086620920592195894e-01 1.516963887752076356e-02
2.201086789114612974e-01 1.088196031565411698e-01 1.513826759808283885e-02
2.196570392523439219e-01 1.089771142538627363e-01 1.510720547889954010e-02
2.192098628092507551e-01 1.091346253511843029e-01 1.507645032334374059e-02
2.187671179944290778e-01 1.092921364485058833e-01 1.504599995892566891e-02
2.183287735671555485e-01 1.094496475458274498e-01 1.501585223702296516e-02
2.178947986298706008e-01 1.096071586431490302e-01 1.498600503261480338e-02
2.174651626243571667e-01 1.097646697404705968e-01 1.495645624401910345e-02
2.170398353279735792e-01 1.099221808377921633e-01 1.492720379263341723e-02
2.166187868499288849e-01 1.100796919351137437e-01 1.489824562267879834e-02
2.162019876276175812e-01 1.102372030324353103e-01 1.486957970094764797e-02
2.157894084229918519e-01 1.103947141297568907e-01 1.484120401655430847e-02
2.153810203189839567e-01 1.105522252270784572e-01 1.481311658068889918e-02
2.149767947159804682e-01 1.107097363244000238e-01 1.478531542637492001e-02
2.145767033283339786e-01 1.108672474217216042e-01 1.475779860822929584e-02
2.141807181809233795e-01 1.110247585190431707e-01 1.473056420222579668e-02
2.137888115584990756e-01 1.111822696163647373e-01 1.470361030221121849e-02
2.134009462990601180e-01 1.113397807136863177e-01 1.467693435231945051e-02
2.130170641343550886e-01 1.114972918110078842e-01 1.465053234507386268e-02
2.126371046907378770e-01 1.116548029083294646e-01 1.462440012819654113e-02
2.122610084093073946e-01 1.118123140056510312e-01 1.459853360544471033e-02
2.118887165317955290e-01 1.119698251029725977e-01 1.457292873564021256e-02
2.115201710867470053e-01 1.121273362002941781e-01 1.454758153171899215e-02
2.111553148759874876e-01 1.122848472976157447e-01 1.452248805980041815e-02
2.107940914613782579e-01 1.124423583949373251e-01 1.449764443827631158e-02
2.104364451518431767e-01 1.125998694922588916e-01 1.447304683691872339e-02
2.100823209906657607e-01 1.127573805895804582e-01 1.444869147600627221e-02
2.097316647430554903e-01 1.129148916869020386e-01 1.442457462546900722e-02
2.093844228839610300e-01 1.130724027842236051e-01 1.440069260405020361e-02
2.090405425861479594e-01 1.132299138815451855e-01 1.437704177848645078e-02
2.086999717085117612e-01 1.133874249788667521e-01 1.435361856270383346e-02
2.083626587846420519e-01 1.135449360761883186e-01 1.433041941703141163e-02
2.080285530116097181e-01 1.137024471735098990e-01 1.430744084743006128e-02
2.076976042389977184e-01 1.138599582708314656e-01 1.428467940473805708e-02
2.073697629581447155e-01 1.140174693681530321e-01 1.426213168393124404e-02
2.070449802916169701e-01 1.141749804654746125e-01 1.423979432339902637e-02
2.067232079828920932e-01 1.143324915627961791e-01 1.421766400423478405e-02
2.064043983862518250e-01 1.144900026601177595e-01 1.419573744954077607e-02
2.060885044568837587e-01 1.146475137574393260e-01 1.417401142374737077e-02
2.057754797411800451e-01 1.148050248547608926e-01 1.415248273194579659e-02
2.054652783672386018e-01 1.149625359520824730e-01 1.413114821923488335e-02
2.051578550355481756e-01 1.151200470494040395e-01 1.411000477008040460e-02
2.048531650098702195e-01 1.152775581467256200e-01 1.408904930768795777e-02
2.045511641082995991e-01 1.154350692440471865e-01 1.406827879338816943e-02
2.042518086945070421e-01 1.155925803413687530e-01 1.404769022603436120e-02
2.039550556691563654e-01 1.157500914386903335e-01 1.402728064141227360e-02
2.036608624614943963e-01 1.159076025360119000e-01 1.400704711166165552e-02
2.033691870211125075e-01 1.160651136333334804e-01 1.398698674470962543e-02
2.030799878098665801e-01 1.162226247306550470e-01 1.396709668371499610e-02
2.027932237939647775e-01 1.163801358279766135e-01 1.394737410652408145e-02
2.025088544362094178e-01 1.165376469252981939e-01 1.392781622513710252e-02
2.022268396883919461e-01 1.166951580226197605e-01 1.390842028518516661e-02
2.019471399822418411e-01 1.168526691199413270e-01 1.388918356530775833e-02
2.016697113908107464e-01 1.170101802172629074e-01 1.387010304437049681e-02
2.013944950815836354e-01 1.171676913145844739e-01 1.385117467608878820e-02
2.011214298780265863e-01 1.173252024119060544e-01 1.383239425296501832e-02
2.008504553657641245e-01 1.174827135092276209e-01 1.381375761992003313e-02
2.005815118808107478e-01 1.176402246065491874e-01 1.379526067348375504e-02
2.003145404980976874e-01 1.177977357038707679e-01 1.377689936100608137e-02
2.000494830202848573e-01 1.179552468011923344e-01 1.375866967988743569e-02
1.997862819668524137e-01 1.181127578985139148e-01 1.374056767682848255e-02
1.995248805634682598e-01 1.182702689958354814e-01 1.372258944709890509e-02
1.992652227316163427e-01 1.184277800931570479e-01 1.370473113382405898e-02
1.990072530784897376e-01 1.185852911904786283e-01 1.368698892728987225e-02
1.987509168871351706e-01 1.187428022878001949e-01 1.366935906426497947e-02
1.984961601068440940e-01 1.189003133851217753e-01 1.365183782733990492e-02
1.982429293437840967e-01 1.190578244824433418e-01 1.363442154428270645e-02
1.979911718518702346e-01 1.192153355797649084e-01 1.361710658741111662e-02
1.977408355238587101e-01 1.193728466770864888e-01 1.359988937298004311e-02
1.974918688826723390e-01 1.195303577744080553e-01 1.358276636058491395e-02
1.972442210729386525e-01 1.196878688717296219e-01 1.356573405257976289e-02
1.969978418527416897e-01 1.198453799690512023e-01 1.354878899350988111e-02
1.967526815855856204e-01 1.200028910663727688e-01 1.353192776955914473e-02
1.965086912325569868e-01 1.201604021636943492e-01 1.351514700801096855e-02
1.962658223446867578e-01 1.203179132610159158e-01 1.349844337672295724e-02
1.960240270555051456e-01 1.204754243583374823e-01 1.348181358361489127e-02
1.957832580737866590e-01 1.206329354556590627e-01 1.346525437616974581e-02
1.955434686764721819e-01 1.207904465529806293e-01 1.344876254094688056e-02
1.953046127017796507e-01 1.209479576503022097e-01 1.343233490310825028e-02
1.950666445424822648e-01 1.211054687476237762e-01 1.341596832595608017e-02
1.948295191393616121e-01 1.212629798449453428e-01 1.339965971048259763e-02
1.945931919748213612e-01 1.214204909422669232e-01 1.338340599493080540e-02
1.943576190666716497e-01 1.215780020395884897e-01 1.336720415436701975e-02
1.941227569620617432e-01 1.217355131369100563e-01 1.335105120026355147e-02
1.938885627315776738e-01 1.218930242342316367e-01 1.333494418009275109e-02
1.936549939634784889e-01 1.220505353315532032e-01 1.331888017693064544e-02
1.934220087580887648e-01 1.222080464288747836e-01 1.330285630907124782e-02
1.931895657223295093e-01 1.223655575261963502e-01 1.328686972965040583e-02
1.929576239643892854e-01 1.225230686235179167e-01 1.327091762627932020e-02
1.927261430885299498e-01 1.226805797208394971e-01 1.325499722068728542e-02
1.924950831892814629e-01 1.228380908181610637e-01 1.323910576832244661e-02
1.922644037739463518e-01 1.229956019154826441e-01 1.322324048424558876e-02
1.920340616377203824e-01 1.231531130128042106e-01 1.320739839698874957e-02
1.918040135092061171e-01 1.233106241101257772e-01 1.319157653050392724e-02
1.915742166491311849e-01 1.234681352074473576e-01 1.317577194534073903e-02
1.913446288453619915e-01 1.236256463047689241e-01 1.315998173830345598e-02
1.911152084080499913e-01 1.237831574020905046e-01 1.314420304211722304e-02
1.908859141649199564e-01 1.239406684994120711e-01 1.312843302510395029e-02
1.906567054566818964e-01 1.240981795967336376e-01 1.311266889086681355e-02
1.904275421325731521e-01 1.242556906940552180e-01 1.309690787798362469e-02
1.901983845460235301e-01 1.244132017913767846e-01 1.308114725970871764e-02
1.899691935504390639e-01 1.245707128886983511e-01 1.306538434368292520e-02
1.897399304951056798e-01 1.247282239860199315e-01 1.304961647165191717e-02
1.895105572212029410e-01 1.248857350833414981e-01 1.303384101919197874e-02
1.892810360579323947e-01 1.250432461806630924e-01 1.301805539544376514e-02
1.890513298187468660e-01 1.252007572779846589e-01 1.300225704285295526e-02
1.888214017976937442e-01 1.253582683753062255e-01 1.298644343691877055e-02
1.885912157658485300e-01 1.255157794726277920e-01 1.297061208594866774e-02
1.883607359678550197e-01 1.256732905699493585e-01 1.295476053082038510e-02
1.881299271185572497e-01 1.258308016672709251e-01 1.293888634475033085e-02
1.878987543997274468e-01 1.259883127645924916e-01 1.292298713306849062e-02
1.876671834568786335e-01 1.261458238619140859e-01 1.290706053299927984e-02
1.874351803961704643e-01 1.263033349592356525e-01 1.289110421344866891e-02
1.872027117813959696e-01 1.264608460565572190e-01 1.287511587479698086e-02
1.869697446310521760e-01 1.266183571538787855e-01 1.285909324869741882e-02
1.867362464154903590e-01 1.267758682512003521e-01 1.284303409788005446e-02
1.865021850541419002e-01 1.269333793485219464e-01 1.282693621596105345e-02
1.862675289128221390e-01 1.270908904458435129e-01 1.281079742725721969e-02
1.860322468011028907e-01 1.272484015431650795e-01 1.279461558660530823e-02
1.857963079697557973e-01 1.274059126404866460e-01 1.277838857918617635e-02
1.855596821082689529e-01 1.275634237378082125e-01 1.276211432035399482e-02
1.853223393424195675e-01 1.277209348351298068e-01 1.274579075546929466e-02
1.850842502319170746e-01 1.278784459324513734e-01 1.272941585973687631e-02
1.848453857681064683e-01 1.280359570297729399e-01 1.271298763804783877e-02
1.846057173717278455e-01 1.281934681270945064e-01 1.269650412482552400e-02
1.843652168907344568e-01 1.283509792244160730e-01 1.267996338387541132e-02
1.841238565981695996e-01 1.285084903217376673e-01 1.266336350823912826e-02
1.838816091900889182e-01 1.286660014190592338e-01 1.264670262005151286e-02
1.836384477835399931e-01 1.288235125163808004e-01 1.262997887040171428e-02
1.833943459145884192e-01 1.289810236137023669e-01 1.261319043919737967e-02
1.831492775472404744e-01 1.291385347110239334e-01 1.259633553577837149e-02
1.829032202628221582e-01 1.292960458083455277e-01 1.257941261827050933e-02
1.826561596445422098e-01 1.294535569056670943e-01 1.256242069513978377e-02
1.824080826617718587e-01 1.296110680029886608e-01 1.254535887018733316e-02
1.821589765423507201e-01 1.297685791003102274e-01 1.252822626499081569e-02
1.819088287713640506e-01 1.299260901976317939e-01 1.251102201882029960e-02
1.816576270899349088e-01 1.300836012949533882e-01 1.249374528855519244e-02
1.814053594940273628e-01 1.302411123922749547e-01 1.247639524860193368e-02
1.811520142332584404e-01 1.303986234895965213e-01 1.245897109081227534e-02
1.808975798097231247e-01 1.305561345869180878e-01 1.244147202440248901e-02
1.806420449768262604e-01 1.307136456842396544e-01 1.242389727587301165e-02
1.803853987381243140e-01 1.308711567815612486e-01 1.240624608892879413e-02
1.801276303461782913e-01 1.310286678788828152e-01 1.238851772440039550e-02
1.798687293014084310e-01 1.311861789762043817e-01 1.237071146016523703e-02
1.796086853509641090e-01 1.313436900735259483e-01 1.235282659106985703e-02
1.793474884875948805e-01 1.315012011708475148e-01 1.233486242885226992e-02
1.790851289485288489e-01 1.316587122681690813e-01 1.231681830206484210e-02
1.788215972143619714e-01 1.318162233654906756e-01 1.229869355599788432e-02
1.785568840079460595e-01 1.319737344628122422e-01 1.228048755260315733e-02
1.782909802932871324e-01 1.321312455601338087e-01 1.226219967041814254e-02
1.780238772744436038e-01 1.322887566574553753e-01 1.224382930449025193e-02
1.777555663944355713e-01 1.324462677547769418e-01 1.222537586630178218e-02
1.774860393341518294e-01 1.326037788520985361e-01 1.220683878369477511e-02
1.772152880112625728e-01 1.327612899494201026e-01 1.218821750079624941e-02
1.769433045791369841e-01 1.329188010467416692e-01 1.216951147794369768e-02
1.766700814257581298e-01 1.330763121440632357e-01 1.215072019161052806e-02
1.763956111726487086e-01 1.332338232413848023e-01 1.213184313433212855e-02
1.761198866737899160e-01 1.333913343387063966e-01 1.211287981463154279e-02
1.758429010145476090e-01 1.335488454360279631e-01 1.209382975694559513e-02
1.755646475105969717e-01 1.337063565333495296e-01 1.207469250155093765e-02
1.752851197068502342e-01 1.338638676306710962e-01 1.205546760449031744e-02
1.750043113763838643e-01 1.340213787279926627e-01 1.203615463749876761e-02
1.747222165193630938e-01 1.341788898253142570e-01 1.201675318792965776e-02
1.744388293619747454e-01 1.343364009226358236e-01 1.199726285868130647e-02
1.741541443553478452e-01 1.344939120199573901e-01 1.197768326812270745e-02
1.738681561744841175e-01 1.346514231172789566e-01 1.195801405002001536e-02
1.735808597171816237e-01 1.348089342146005232e-01 1.193825485346250784e-02
1.732922501029608153e-01 1.349664453119221175e-01 1.191840534278868456e-02
1.730023226719846208e-01 1.351239564092436840e-01 1.189846519751204534e-02
1.727110729839817782e-01 1.352814675065652505e-01 1.187843411224703480e-02
1.724184968171620369e-01 1.354389786038868171e-01 1.185831179663439372e-02
1.721245901671380474e-01 1.355964897012083836e-01 1.183809797526704302e-02
1.718293492789433607e-01 1.357540007985299779e-01 1.181779238989217121e-02
1.715327767717645113e-01 1.359115118958515445e-01 1.179739522064782165e-02
1.712348886998478759e-01 1.360690229931731110e-01 1.177690757168616854e-02
1.709357027953618546e-01 1.362265340904946775e-01 1.175633066256071696e-02
1.706352367078402821e-01 1.363840451878162441e-01 1.173566570714167610e-02
1.703335080037581273e-01 1.365415562851378384e-01 1.171491391358674486e-02
1.700305341661123848e-01 1.366990673824594049e-01 1.169407648431233966e-02
1.697263325940213952e-01 1.368565784797809715e-01 1.167315461596600892e-02
1.694209206023346015e-01 1.370140895771025380e-01 1.165214949939958125e-02
1.691143154212579880e-01 1.371716006744241045e-01 1.163106231964342388e-02
1.688065341959925358e-01 1.373291117717456711e-01 1.160989425588157542e-02
1.684975939863824490e-01 1.374866228690672654e-01 1.158864648142754125e-02
1.681875117665797004e-01 1.376441339663888319e-01 1.156732016370124946e-02
1.678763044247207070e-01 1.378016450637103985e-01 1.154591646420676139e-02
1.675639887626119706e-01 1.379591561610319650e-01 1.152443653851070553e-02
1.672505814954342584e-01 1.381166672583535315e-01 1.150288153622191535e-02
1.669360992514534736e-01 1.382741783556751258e-01 1.148125260097151469e-02
1.666205585717455140e-01 1.384316894529966924e-01 1.145955087039403873e-02
1.663039759099346482e-01 1.385892005503182589e-01 1.143777747610941892e-02
1.659863676319400794e-01 1.387467116476398254e-01 1.141593354370554550e-02
1.656677500157387184e-01 1.389042227449613920e-01 1.139402019272196288e-02
1.653481392511347015e-01 1.390617338422829863e-01 1.137203853663401945e-02
1.650275514395433962e-01 1.392192449396045528e-01 1.134998968283800445e-02
1.647060025937860939e-01 1.393767560369261194e-01 1.132787473263702910e-02
1.643835086378949428e-01 1.395342671342476859e-01 1.130569478122763101e-02
1.640600854069286518e-01 1.396917782315692524e-01 1.128345091768704310e-02
1.637357486468006273e-01 1.398492893288908467e-01 1.126114422496145642e-02
1.634105140141149104e-01 1.400068004262124133e-01 1.123877577985466121e-02
1.630843970760165185e-01 1.401643115235339798e-01 1.121634665301779119e-02
1.627574133100478104e-01 1.403218226208555464e-01 1.119385790893944257e-02
1.624295781040180908e-01 1.404793337181771129e-01 1.117131060593669692e-02
1.621009067558824290e-01 1.406368448154987072e-01 1.114870579614679613e-02
1.617714144736305260e-01 1.407943559128202737e-01 1.112604452551948543e-02
1.614411163751853229e-01 1.409518670101418403e-01 1.110332783381005710e-02
1.611100274883081052e-01 1.411093781074634068e-01 1.108055675457280710e-02
1.607781627505218136e-01 1.412668892047849734e-01 1.105773231515578409e-02
1.604455370090337729e-01 1.414244003021065677e-01 1.103485553669543602e-02
1.601121650206734359e-01 1.415819113994281342e-01 1.101192743411237920e-02
1.597780614518382325e-01 1.417394224967497007e-01 1.098894901610762351e-02
1.594432408784486055e-01 1.418969335940712673e-01 1.096592128515951926e-02
1.591077177859084313e-01 1.420544446913928338e-01 1.094284523752101640e-02
1.587715065690815941e-01 1.422119557887144281e-01 1.091972186321804594e-02
1.584346215322703644e-01 1.423694668860359946e-01 1.089655214604805418e-02
1.580970768892036304e-01 1.425269779833575612e-01 1.087333706357918560e-02
1.577588867661378347e-01 1.426844890806791277e-01 1.085007758736353592e-02
1.574200697184987008e-01 1.428420001780006943e-01 1.082677499357524026e-02
1.570806576594136750e-01 1.429995112753222608e-01 1.080343147708212777e-02
1.567406846532719278e-01 1.431570223726438551e-01 1.078004938070796503e-02
1.564001843623601951e-01 1.433145334699654216e-01 1.075663101962135056e-02
1.560591900485593653e-01 1.434720445672869882e-01 1.073317868145244949e-02
1.557177345750980768e-01 1.436295556646085547e-01 1.070969462641358644e-02
1.553758504083634084e-01 1.437870667619301213e-01 1.068618108742379509e-02
1.550335696197612245e-01 1.439445778592517156e-01 1.066264027023672289e-02
1.546909238876311432e-01 1.441020889565732821e-01 1.063907435357237981e-02
1.543479444992107152e-01 1.442596000538948486e-01 1.061548548925220214e-02
1.540046623526427072e-01 1.444171111512164152e-01 1.059187580233712268e-02
1.536611079590367579e-01 1.445746222485379817e-01 1.056824739126935309e-02
1.533173114445688656e-01 1.447321333458595760e-01 1.054460232801677881e-02
1.529733025526257839e-01 1.448896444431811426e-01 1.052094265822043490e-02
1.526291106459925773e-01 1.450471555405027091e-01 1.049727040134498454e-02
1.522847647090764811e-01 1.452046666378242756e-01 1.047358755083164540e-02
1.519402933501727837e-01 1.453621777351458422e-01 1.044989607425404060e-02
1.515957248037631266e-01 1.455196888324674365e-01 1.042619791347624419e-02
1.512510869328536900e-01 1.456771999297890030e-01 1.040249498481362993e-02
1.509064072313410776e-01 1.458347110271105695e-01 1.037878917919556228e-02
1.505617128264184756e-01 1.459922221244321361e-01 1.035508236233087694e-02
1.502170304810046819e-01 1.461497332217537026e-01 1.033137637487498844e-02
1.498723865962072188e-01 1.463072443190752969e-01 1.030767303259921309e-02
1.495278072138125913e-01 1.464647554163968635e-01 1.028397412656211103e-02
1.491833180188027463e-01 1.466222665137184300e-01 1.026028142328254747e-02
1.488389443418983715e-01 1.467797776110399965e-01 1.023659666491456496e-02
1.484947111621243709e-01 1.469372887083615631e-01 1.021292156942387418e-02
1.481506431093993770e-01 1.470947998056831574e-01 1.018925783076594753e-02
1.478067644671474112e-01 1.472523109030047239e-01 1.016560711906561859e-02
1.474630991749301401e-01 1.474098220003262905e-01 1.014197108079812303e-02
1.471196708310966716e-01 1.475673330976478570e-01 1.011835133897136946e-02
1.467765026954540031e-01 1.477248441949694235e-01 1.009474949330955648e-02
1.464336176919520116e-01 1.478823552922910178e-01 1.007116712043787908e-02
1.460910384113869032e-01 1.480398663896125844e-01 1.004760577406843547e-02
1.457487871141184277e-01 1.481973774869341509e-01 1.002406698518712273e-02
1.454068857327988906e-01 1.483548885842557175e-01 1.000055226224132524e-02
1.450653558751199279e-01 1.485123996815772840e-01 9.977063091328810390e-03
1.447242188265649987e-01 1.486699107788988505e-01 9.953600936387059853e-03
1.443834955531765607e-01 1.488274218762204448e-01 9.930167239383568684e-03
1.440432067043346531e-01 1.489849329735420114e-01 9.906763420506968509e-03
1.437033726155375613e-01 1.491424440708635779e-01 9.883390878358228743e-03
1.433640133111983017e-01 1.492999551681851444e-01 9.860050990143035682e-03
1.430251485074413853e-01 1.494574662655067110e-01 9.836745111864123037e-03
1.426867976149127637e-01 1.496149773628283053e-01 9.813474578514507982e-03
1.423489797415878055e-01 1.497724884601498718e-01 9.790240704270654348e-03
1.420117136955888482e-01 1.499299995574714384e-01 9.767044782686242974e-03
1.416750186162050729e-01 1.500875106547930049e-01 9.743888130091372599e-03
1.413389192792312288e-01 1.502450217521145714e-01 9.720772450474321827e-03
1.410034433345605798e-01 1.504025328494361657e-01 9.697699645493350340e-03
1.406686180238463368e-01 1.505600439467577323e-01 9.674671588729441205e-03
1.403344701500906233e-01 1.507175550440792988e-01 9.651690123594753451e-03
1.400010260820637176e-01 1.508750661414008654e-01 9.628757063636608077e-03
1.396683117587396716e-01 1.510325772387224319e-01 9.605874192842494066e-03
1.393363526937417274e-01 1.511900883360440262e-01 9.583043265945832487e-03
1.390051739798073838e-01 1.513475994333655927e-01 9.560266008733071114e-03
1.386748002932569890e-01 1.515051105306871593e-01 9.537544118351020186e-03
1.383452558984735459e-01 1.516626216280087258e-01 9.514879263614934093e-03
1.380165646523950074e-01 1.518201327253302924e-01 9.492273085317502052e-03
1.376887500090032690e-01 1.519776438226518867e-01 9.469727196537582048e-03
1.373618350238259844e-01 1.521351549199734532e-01 9.447243182949781326e-03
1.370358423584379648e-01 1.522926660172950197e-01 9.424822603134113200e-03
1.367107942849626057e-01 1.524501771146165863e-01 9.402466988885520294e-03
1.363867126905778937e-01 1.526076882119381528e-01 9.380177845523836669e-03
1.360636190820171953e-01 1.527651993092597471e-01 9.357956652203285042e-03
1.357415345900719328e-01 1.529227104065813136e-01 9.335804862222206457e-03
1.354204799740852949e-01 1.530802215039028802e-01 9.313723903332071785e-03
1.351004756264479190e-01 1.532377326012244467e-01 9.291715178046718732e-03
1.347815415770809711e-01 1.533952436985460133e-01 9.269780063950653834e-03
1.344636974979191713e-01 1.535527547958676076e-01 9.247919914007396089e-03
1.341469627073794968e-01 1.537102658931891741e-01 9.226136056866798829e-03
1.338313561748231961e-01 1.538677769905107406e-01 9.204429797171960470e-03
1.335168965250104200e-01 1.540252880878323072e-01 9.182802415865561063e-03
1.332036020425384215e-01 1.541827991851538737e-01 9.161255170495144137e-03
1.328914906762724002e-01 1.543403102824754403e-01 9.139789295517813938e-03
1.325805800437610538e-01 1.544978213797970346e-01 9.118406002603956020e-03
1.322708874356371411e-01 1.546553324771186011e-01 9.097106480939870163e-03
1.319624298200066936e-01 1.548128435744401676e-01 9.075891897529653890e-03
1.316552238468206015e-01 1.549703546717617342e-01 9.054763397495852600e-03
1.313492858522287698e-01 1.551278657690833007e-01 9.033722104378942228e-03
1.310446318629195639e-01 1.552853768664048950e-01 9.012769120435762393e-03
1.307412776004396593e-01 1.554428879637264616e-01 8.991905526936632906e-03
1.304392384854969889e-01 1.556003990610480281e-01 8.971132384461276768e-03
1.301385296422425397e-01 1.557579101583695946e-01 8.950450733193325917e-03
1.298391659025340261e-01 1.559154212556911612e-01 8.929861593213553675e-03
1.295411618101773299e-01 1.560729323530127555e-01 8.909365964791589321e-03
1.292445316251489285e-01 1.562304434503343220e-01 8.888964828676302124e-03
1.289492893277943419e-01 1.563879545476558885e-01 8.868659146384580763e-03
1.286554486230082894e-01 1.565454656449774551e-01 8.848449860488816904e-03
1.283630229443847581e-01 1.567029767422990216e-01 8.828337894902331395e-03
1.280720254583548878e-01 1.568604878396206159e-01 8.808324155163967800e-03
1.277824690682891895e-01 1.570179989369421825e-01 8.788409528720217412e-03
1.274943664185851089e-01 1.571755100342637490e-01 8.768594885206355480e-03
1.272077298987242533e-01 1.573330211315853155e-01 8.748881076725494033e-03
1.269225716473081633e-01 1.574905322289068821e-01 8.729268938126108143e-03
1.266389035560669396e-01 1.576480433262284764e-01 8.709759287277794512e-03
1.263567363430376234e-01 1.578055544235500429e-01 8.690352861327811304e-03
1.260760765375529557e-01 1.579630655208716095e-01 8.671050109339729570e-03
1.257969294514866276e-01 1.581205766181931760e-01 8.651851396644731282e-03
1.257969294514866276e-01 1.581205766181931760e-01 8.651851396644729547e-03
9.860463635077094946e-02 1.826842454521749870e-01 7.087442627664453619e-03
8.418391341576876574e-02 2.073525430377324841e-01 4.299748782126799895e-03
6.744103309514541678e-02 2.322407203492417860e-01 4.051630019834248468e-03
5.886779437694766859e-02 2.568837818198746459e-01 3.925062822877046012e-03
5.009790263477907624e-02 2.811184729179193598e-01 2.596305724865536659e-03
4.429099739456954232e-02 3.057758170190760794e-01 1.994200888745247327e-03
3.887180950354689885e-02 3.308749588216616799e-01 1.721398280123549859e-03
3.414716109858315085e-02 3.553458836143503774e-01 1.397311478216021509e-03
3.103519795881805668e-02 3.797183506574301481e-01 1.520752703689146447e-03
2.749019106433937820e-02 4.042043120935024936e-01 8.106165522150816103e-04
2.511696813792137911e-02 4.287407985369371399e-01 6.787936162734685809e-04
2.298823165983877176e-02 4.533371424922238990e-01 6.374448089318043853e-04
2.084127912139763922e-02 4.779959634912051558e-01 8.292204792682318507e-04
1.911353345064353143e-02 5.026629933946460405e-01 5.990048465476541196e-04
1.785002208897089326e-02 5.271487506500315279e-01 6.709372457334992264e-04
1.661239936610495183e-02 5.515427964227138657e-01 4.773822104661449911e-04
1.558077807247189479e-02 5.762240530263548210e-01 3.961472301501997475e-04
1.464381855828579375e-02 6.007285446297923048e-01 3.895111313265777505e-04
1.367283255774682724e-02 6.252568531449649303e-01 5.252338687500665180e-04
1.315608084431776383e-02 6.499965502683907603e-01 5.088930160771749185e-04
1.257828348173039429e-02 6.746857991314229031e-01 4.165246829242400927e-04
1.218503319142669877e-02 6.991270364754236244e-01 3.328988809729346138e-04
1.188201870738761837e-02 7.235756604093172006e-01 3.001513068030654493e-04
1.180799880797321101e-02 7.479714013051395050e-01 3.815611233349517771e-04
1.175952459541011220e-02 7.726132299420060967e-01 3.300484585117966136e-04
1.170479412699696083e-02 7.972349387995918413e-01 3.188283984973933451e-04
1.133924778010857518e-02 8.217736356692634248e-01 3.505699266402864320e-04
1.103312889150987949e-02 8.463200505719705724e-01 3.129194593311802864e-04
1.076530914810094018e-02 8.708218859006343626e-01 2.564109781521851645e-04
1.062952700459076846e-02 8.954790463233904818e-01 2.967770010944407490e-04
1.050654019518007173e-02 9.199626960429320155e-01 3.210525227912965291e-04
1.058975987559097366e-02 9.443606208269833546e-01 3.200075645726758013e-04
1.065444210279594198e-02 9.688687146412832130e-01 3.620421191669579049e-04
1.063720440173091496e-02 9.930926048855095445e-01 4.167334820622954324e-04
1.089259391905040078e-02 1.017620455362175491e+00 3.437669054750812684e-04
1.130123846726423763e-02 1.042409919186157552e+00 4.008807772345346506e-04
1.190729625771133789e-02 1.066789561870425063e+00 4.155286621937362293e-04
1.226996251178324310e-02 1.090909765172895618e+00 4.826045489611520650e-04
1.219375554901046092e-02 1.115651582439790346e+00 7.139915192216790812e-04
1.256510261932947126e-02 1.140641543091339027e+00 4.443860025850177682e-04
1.282063079615986846e-02 1.164692026865203012e+00 7.852705687001180525e-04
1.321676027671857441e-02 1.188605021497627590e+00 7.006104372912025455e-04
1.421960761226634049e-02 1.214006438167991364e+00 7.443594076277885042e-04
1.535330241721792437e-02 1.240498485730926914e+00 1.057274102338028651e-03
1.759985897740989555e-02 1.264816150349954427e+00 2.126153266212597957e-03
1.911731821350708127e-02 1.284554513240047102e+00 2.523809855703219342e-03
2.044018141650403783e-02 1.309527810458392949e+00 3.546266673158532130e-03
2.998119756108626188e-02 1.335814856768205550e+00 6.724126704244625698e-03
2.750053640385109396e-02 1.360349523175663267e+00 3.332900414556732444e-02
