3.093546635080598861e+01 7.669903939428205850e-04 2.096087055672827049e+00
3.687203608690425938e+01 9.245014912643925459e-04 2.498329803133799043e+00
4.269899897912006992e+01 1.082012588585964507e-03 2.893145945672450203e+00
4.841670697801420431e+01 1.239523685907536251e-03 3.280559330319445799e+00
5.402508004086568860e+01 1.397034783229108429e-03 3.660564533639126150e+00
5.952384135040353641e+01 1.554545880550680173e-03 4.033142799389321631e+00
6.491284130904350036e+01 1.712056977872252134e-03 4.398283991322003317e+00
7.019205684983684534e+01 1.869568075193824095e-03 4.755986546495392986e+00
7.536177431038601071e+01 2.027079172515396273e-03 5.106269866218502429e+00
8.042227960348596127e+01 2.184590269836968017e-03 5.449153323016765249e+00
8.537432002307322421e+01 2.342101367158539761e-03 5.784687551108174119e+00
9.021865334122428237e+01 2.499612464480111939e-03 6.112923894675579284e+00
9.495616308804981998e+01 2.657123561801683683e-03 6.433922218859115638e+00
9.958804235077847977e+01 2.814634659123255861e-03 6.747763363387132785e+00
1.041155445445304366e+02 2.972145756444827605e-03 7.054532255610619806e+00
1.085399066989131853e+02 3.129656853766399783e-03 7.354312712651278616e+00
1.128625393495476743e+02 3.287167951087971527e-03 7.647200307836588884e+00
1.170849954890759506e+02 3.444679048409543271e-03 7.933300266920635835e+00
1.212088324653568634e+02 3.602190145731115449e-03 8.212718110752883049e+00
1.252355645085247602e+02 3.759701243052687193e-03 8.485556438665387446e+00
1.291667831351549296e+02 3.917212340374259805e-03 8.751923086669213703e+00
1.330041456580415513e+02 4.074723437695831549e-03 9.011930348914255262e+00
1.367493544851441811e+02 4.232234535017403293e-03 9.265693575052813102e+00
1.404040700302829237e+02 4.389745632338975037e-03 9.513325269350255908e+00
1.439698967405331871e+02 4.547256729660546781e-03 9.754934143946496050e+00
1.474484617723919655e+02 4.704767826982118525e-03 9.990630449698334914e+00
1.508414101515801917e+02 4.862278924303691137e-03 1.022052564822335441e+01
1.541503963568525251e+02 5.019790021625262881e-03 1.044473184164608703e+01
1.573770762200007880e+02 5.177301118946834625e-03 1.066336122376849538e+01
1.605230495219641398e+02 5.334812216268406369e-03 1.087652219056819902e+01
1.635898384198243320e+02 5.492323313589978981e-03 1.108431787848154748e+01
1.665789591732794293e+02 5.649834410911550725e-03 1.128685102435723842e+01
1.694919240380370411e+02 5.807345508233122469e-03 1.148422409374653874e+01
1.723302375178358830e+02 5.964856605554694213e-03 1.167653902695242785e+01
1.750953932021973571e+02 6.122367702876265957e-03 1.186389702476580510e+01
1.777888711070444572e+02 6.279878800197838569e-03 1.204639836827451838e+01
1.804121203334331653e+02 6.437389897519410313e-03 1.222414124387509737e+01
1.829664872964454219e+02 6.594900994840982057e-03 1.239721688029487190e+01
1.854532774688840959e+02 6.752412092162553801e-03 1.256571373214489462e+01
1.878737867137968180e+02 6.909923189484126413e-03 1.272971960291030769e+01
1.902292995293405511e+02 7.067434286805698157e-03 1.288932152602803960e+01
1.925210875122026835e+02 7.224945384127269901e-03 1.304460566077323058e+01
1.947504080524282983e+02 7.382456481448841645e-03 1.319565720382490959e+01
1.969185032312846033e+02 7.539967578770413389e-03 1.334256031458887115e+01
1.990265988974600759e+02 7.697478676091986001e-03 1.348539805260394253e+01
2.010758965527207067e+02 7.854989773413558612e-03 1.362425182774027910e+01
2.030674976791631821e+02 8.012500870735128622e-03 1.375919627285903957e+01
2.050024405841695057e+02 8.170011968056702101e-03 1.389030174030721199e+01
2.068817549371097471e+02 8.327523065378272110e-03 1.401763799714807490e+01
2.087064616881498296e+02 8.485034162699845589e-03 1.414127421965985398e+01
2.104775722056391203e+02 8.642545260021415598e-03 1.426127893488789766e+01
2.121960875255499843e+02 8.800056357342989077e-03 1.437771996978915467e+01
2.138629977014341819e+02 8.957567454664562556e-03 1.449066440718727478e+01
2.154792812445941479e+02 9.115078551986132566e-03 1.460017854784047309e+01
2.170459046452351402e+02 9.272589649307706045e-03 1.470632787799635466e+01
2.185638219663608481e+02 9.430100746629276054e-03 1.480917704187554129e+01
2.200339734255929329e+02 9.587611843950849533e-03 1.490878974558040859e+01
2.214572276475555270e+02 9.745122941272419542e-03 1.500522484430358361e+01
2.228343576290767487e+02 9.902634038593993021e-03 1.509853471380779943e+01
2.241661260407976783e+02 1.006014513591556303e-02 1.518877103018676777e+01
2.254532920463024936e+02 1.021765623323713651e-02 1.527598523190739144e+01
2.266966106453897396e+02 1.037516733055870999e-02 1.536022847531193136e+01
2.278968320817400581e+02 1.053267842788028000e-02 1.544155159448351355e+01
2.290547013096155240e+02 1.069018952520185348e-02 1.552000506511135924e+01
2.301709575146633711e+02 1.084770062252342349e-02 1.559563897202203187e+01
2.312463336843482580e+02 1.100521171984499696e-02 1.566850298007332398e+01
2.322815562239413794e+02 1.116272281716656697e-02 1.573864630813488041e+01
2.332773446143169451e+02 1.132023391448814045e-02 1.580611770590164689e+01
2.342344111081535516e+02 1.147774501180971046e-02 1.587096543330940612e+01
2.351534604614078035e+02 1.163525610913128394e-02 1.593323724234035232e+01
2.360351879218044928e+02 1.179276720645285742e-02 1.599298024072966662e+01
2.368802181427506639e+02 1.195027830377442743e-02 1.605023675297007557e+01
2.376890944129030743e+02 1.210778940109600091e-02 1.610504359054222689e+01
2.384623558930172749e+02 1.226530049841757092e-02 1.615743728523355216e+01
2.392005421855606642e+02 1.242281159573914440e-02 1.620745439876042582e+01
2.399041927986468181e+02 1.258032269306071441e-02 1.625513148644615313e+01
2.405738466496194690e+02 1.273783379038228789e-02 1.630050506358534790e+01
2.412100416055893106e+02 1.289534488770385789e-02 1.634361157431224498e+01
2.418133140584204455e+02 1.305285598502543137e-02 1.638448736280316709e+01
2.423841985318654793e+02 1.321036708234700485e-02 1.642316864665720999e+01
2.429232273186956945e+02 1.336787817966857486e-02 1.645969149230942463e+01
2.434309301458755499e+02 1.352538927699014834e-02 1.649409179234410061e+01
2.439078338658960661e+02 1.368290037431171835e-02 1.652640524458048432e+01
2.443544621726020409e+02 1.384041147163329183e-02 1.655666733281821124e+01
2.447713353398951597e+02 1.399792256895486184e-02 1.658491330913263440e+01
2.451589699818462691e+02 1.415543366627643532e-02 1.661117817762080762e+01
2.455178788328380222e+02 1.431294476359800533e-02 1.663549667950466571e+01
2.458485701768907177e+02 1.447045586091957881e-02 1.665790325446402065e+01
2.461515135073340730e+02 1.462796695824115228e-02 1.667842971384704498e+01
2.464271143815983294e+02 1.478547805556272229e-02 1.669710353691234417e+01
2.466757730354608782e+02 1.494298915288429577e-02 1.671395184234055264e+01
2.468978907716860078e+02 1.510050025020586578e-02 1.672900182110787171e+01
2.470938695903086284e+02 1.525801134752743926e-02 1.674228071143532404e+01
2.472641118415293420e+02 1.541552244484900927e-02 1.675381577527000232e+01
2.474090198999610095e+02 1.557303354217058275e-02 1.676363427621312852e+01
2.475289958590095409e+02 1.573054463949215276e-02 1.677176345881221309e+01
2.476244412442682403e+02 1.588805573681372624e-02 1.677823052914165203e+01
2.476957567448712325e+02 1.604556683413529972e-02 1.678306263660004660e+01
2.477433419618053847e+02 1.620307793145686973e-02 1.678628685685669097e+01
2.477675951722764296e+02 1.636058902877844320e-02 1.678793017588574799e+01
2.477689131092289472e+02 1.651810012610001321e-02 1.678801947502721603e+01
2.477476907552154728e+02 1.667561122342158669e-02 1.678658151702025236e+01
2.477043211498384778e+02 1.683312232074316017e-02 1.678364293295594578e+01
2.476391952100410663e+02 1.699063341806473018e-02 1.677923021010089855e+01
2.475527015625571607e+02 1.714814451538630366e-02 1.677336968054451916e+01
2.474452263878718270e+02 1.730565561270787367e-02 1.676608751062636316e+01
2.473171532750914423e+02 1.746316671002944715e-02 1.675740969110250589e+01
2.471688630871355485e+02 1.762067780735101716e-02 1.674736202801145168e+01
2.470007338208029353e+02 1.777818890467259064e-02 1.673597013319262672e+01
2.468131371215282002e+02 1.793570000199416065e-02 1.672325918813759671e+01
2.466064341682036911e+02 1.809321109931573412e-02 1.670925366515890431e+01
2.463809825371634474e+02 1.825072219663730760e-02 1.669397779247139724e+01
2.461371371780920185e+02 1.840823329395887761e-02 1.667745562031664264e+01
2.458752503065144026e+02 1.856574439128045109e-02 1.665971101367843943e+01
2.455956713041901764e+02 1.872325548860202110e-02 1.664076764553378851e+01
2.452987466270220978e+02 1.888076658592359458e-02 1.662064899061311252e+01
2.449848197200763877e+02 1.903827768324516459e-02 1.659937831964231592e+01
2.446542309393698815e+02 1.919578878056673807e-02 1.657697869404328728e+01
2.443073174800778418e+02 1.935329987788830808e-02 1.655347296106952371e+01
2.439444133108245865e+02 1.951081097520988156e-02 1.652888374935390559e+01
2.435658491137603789e+02 1.966832207253145504e-02 1.650323346484844222e+01
2.431719522301259531e+02 1.982583316985302505e-02 1.647654428713593333e+01
2.427630466110151133e+02 1.998334426717459852e-02 1.644883816609379679e+01
2.423394527730835932e+02 2.014085536449616853e-02 1.642013681889306653e+01
2.419014877589449668e+02 2.029836646181774201e-02 1.639046172731489293e+01
2.414494651020037281e+02 2.045587755913931202e-02 1.635983413536781228e+01
2.409836947955141113e+02 2.061338865646088550e-02 1.632827504719119815e+01
2.405044832656273002e+02 2.077089975378245551e-02 1.629580522522910613e+01
2.400121333482340731e+02 2.092841085110402899e-02 1.626244518866115740e+01
2.395069442693944666e+02 2.108592194842560247e-02 1.622821521207651330e+01
2.389892116291714501e+02 2.124343304574717248e-02 1.619313532437854164e+01
2.384592273886891292e+02 2.140094414306874596e-02 1.615722530790786138e+01
2.379172798602387218e+02 2.155845524039031597e-02 1.612050469777200590e+01
2.373636537002774105e+02 2.171596633771188944e-02 1.608299278137102917e+01
2.367986301779901908e+02 2.187347743503345945e-02 1.604470861659438086e+01
2.362225167596019446e+02 2.203098853235503293e-02 1.600567303635811101e+01
2.356356715439439427e+02 2.218849962967660294e-02 1.596591030427982183e+01
2.350384506687973669e+02 2.234601072699817642e-02 1.592544455110264856e+01
2.344312020018610099e+02 2.250352182431974990e-02 1.588429934721575698e+01
2.338142653114709617e+02 2.266103292164131991e-02 1.584249771422170205e+01
2.331879724345812690e+02 2.281854401896289339e-02 1.580006213631827627e+01
2.325526474420150009e+02 2.297605511628446340e-02 1.575701457149535401e+01
2.319086068009706310e+02 2.313356621360603688e-02 1.571337646254584897e+01
2.312561595347805223e+02 2.329107731092760689e-02 1.566916874789038339e+01
2.305956073799245019e+02 2.344858840824918036e-02 1.562441187221604899e+01
2.299272449403029555e+02 2.360609950557075037e-02 1.557912579692944810e+01
2.292513598387803881e+02 2.376361060289232385e-02 1.553333001042479822e+01
2.285682328660102201e+02 2.392112170021389733e-02 1.548704353816777690e+01
2.278781381265528125e+02 2.407863279753546734e-02 1.544028495259607681e+01
2.271813431823174483e+02 2.423614389485704082e-02 1.539307238283851653e+01
2.264781091933272137e+02 2.439365499217861083e-02 1.534542352425283518e+01
2.257686910558483078e+02 2.455116608950018431e-02 1.529735564778488310e+01
2.250533375379010863e+02 2.470867718682175432e-02 1.524888560915040614e+01
2.243322914121770850e+02 2.486618828414332780e-02 1.520002985784107352e+01
2.236057895863917224e+02 2.502369938146489781e-02 1.515080444595677278e+01
2.228740632311008198e+02 2.518121047878647129e-02 1.510122503686601725e+01
2.221373379050167216e+02 2.533872157610804476e-02 1.505130691369698148e+01
2.213958336778430578e+02 2.549623267342961477e-02 1.500106498766036722e+01
2.206497652506765519e+02 2.565374377075118825e-02 1.495051380620745540e+01
2.198993420739955980e+02 2.581125486807275826e-02 1.489966756102464096e+01
2.191447684632716459e+02 2.596876596539433174e-02 1.484854009586685031e+01
2.183862437122533322e+02 2.612627706271590175e-02 1.479714491423334444e+01
2.176239622039292101e+02 2.628378816003747523e-02 1.474549518688616168e+01
2.168581135192303577e+02 2.644129925735904524e-02 1.469360375921549533e+01
2.160888825435033880e+02 2.659881035468061872e-02 1.464148315845390336e+01
2.153164495707694357e+02 2.675632145200219220e-02 1.458914560074062550e+01
2.145409912496004097e+02 2.691383254932376221e-02 1.453660305521104412e+01
2.137627228842616773e+02 2.707134364664533568e-02 1.448387011018519388e+01
2.129819156362175931e+02 2.722885474396690569e-02 1.443096513868608888e+01
2.121988362168722233e+02 2.738636584128847917e-02 1.437790621221508580e+01
2.114137420242270196e+02 2.754387693861004918e-02 1.432471077122751169e+01
2.106268814149215700e+02 2.770138803593162266e-02 1.427139564356527401e+01
2.098384939695613980e+02 2.785889913325319267e-02 1.421797706243464177e+01
2.090488107514208878e+02 2.801641023057476615e-02 1.416447068393509312e+01
2.082580545586177152e+02 2.817392132789633963e-02 1.411089160414583077e+01
2.074664401698562699e+02 2.833143242521790964e-02 1.405725437577659065e+01
2.066741745838484405e+02 2.848894352253948312e-02 1.400357302438998452e+01
2.058814572525159292e+02 2.864645461986105313e-02 1.394986106420256533e+01
2.050884803080833194e+02 2.880396571718262660e-02 1.389613151347191078e+01
2.042954287841756980e+02 2.896147681450419661e-02 1.384239690947745238e+01
2.035024808310301125e+02 2.911898791182577009e-02 1.378866932310255677e+01
2.027098079249438740e+02 2.927649900914734010e-02 1.373496037302601636e+01
2.019175750720598614e+02 2.943401010646891358e-02 1.368128123952991615e+01
2.011259410066241458e+02 2.959152120379048706e-02 1.362764267793292028e+01
2.003350583838172838e+02 2.974903230111205707e-02 1.357405503165588811e+01
1.995450739672851910e+02 2.990654339843363055e-02 1.352052824492836436e+01
1.987561288114789022e+02 3.006405449575520056e-02 1.346707187514332560e+01
1.979683584389244686e+02 3.022156559307677404e-02 1.341369510486842387e+01
1.971818930125360225e+02 3.037907669039834405e-02 1.336040675352135843e+01
1.963968575030881993e+02 3.053658778771991752e-02 1.330721528871726633e+01
1.956133718519587035e+02 3.069409888504148753e-02 1.325412883729562097e+01
1.948315511292574627e+02 3.085160998236306101e-02 1.320115519603456988e+01
1.940515056874488664e+02 3.100912107968463102e-02 1.314830184205987429e+01
1.932733413105833620e+02 3.116663217700620450e-02 1.309557594295633542e+01
1.924971593592392196e+02 3.132414327432777451e-02 1.304298436658861426e+01
1.917230569112905982e+02 3.148165437164934799e-02 1.299053369063921970e+01
1.909511268985995400e+02 3.163916546897092147e-02 1.293823021187026256e+01
1.901814582397383333e+02 3.179667656629248801e-02 1.288607995511636517e+01
1.894141359688478587e+02 3.195418766361406149e-02 1.283408868201564346e+01
1.886492413607271317e+02 3.211169876093563497e-02 1.278226189948536806e+01
1.878868520522543690e+02 3.226920985825720151e-02 1.273060486794908996e+01
1.871270421602383465e+02 3.242672095557877499e-02 1.267912260932183344e+01
1.863698823957923594e+02 3.258423205290034846e-02 1.262781991475973342e+01
1.856154401753247782e+02 3.274174315022192194e-02 1.257670135218037899e+01
1.848637797282353006e+02 3.289925424754349542e-02 1.252577127355997177e+01
1.841149622109412292e+02 3.305676534486506196e-02 1.247503382265937510e+01
1.833690561671132571e+02 3.321427644218663544e-02 1.242449364377581844e+01
1.826261566384961270e+02 3.337178753950820892e-02 1.237415717663026271e+01
1.818863594512253030e+02 3.352929863682978240e-02 1.232403091409143059e+01
1.811497557934511065e+02 3.368680973415134894e-02 1.227412103477320571e+01
1.804164323715566240e+02 3.384432083147292242e-02 1.222443341361941549e+01
1.796864715618066555e+02 3.400183192879449590e-02 1.217497363217909445e+01
1.789599515575561668e+02 3.415934302611606938e-02 1.212574698858084332e+01
1.782369465121044527e+02 3.431685412343764285e-02 1.207675850721217259e+01
1.775175266773239855e+02 3.447436522075920939e-02 1.202801294811255239e+01
1.768017585381521144e+02 3.463187631808078287e-02 1.197951481608610536e+01
1.760897049430547838e+02 3.478938741540235635e-02 1.193126836954142433e+01
1.753814252305714660e+02 3.494689851272392983e-02 1.188327762906586038e+01
1.746769753520256643e+02 3.510440961004549637e-02 1.183554638573997408e+01
1.739764079905225174e+02 3.526192070736706985e-02 1.178807820920041927e+01
1.732797726763116088e+02 3.541943180468864333e-02 1.174087645545656322e+01
1.725871158986212208e+02 3.557694290201021681e-02 1.169394427446802887e+01
1.718984812140545841e+02 3.573445399933179029e-02 1.164728461748923927e+01
1.712139093516463504e+02 3.589196509665335683e-02 1.160090024418773957e+01
1.705334383146587811e+02 3.604947619397493030e-02 1.155479372954155437e+01
1.698571034792213936e+02 3.620698729129650378e-02 1.150896747052270719e+01
1.691849376898860555e+02 3.636449838861807726e-02 1.146342369257170368e+01
1.685169713521982828e+02 3.652200948593964380e-02 1.141816445586987605e+01
1.678532325223526698e+02 3.667952058326121728e-02 1.137319166141414861e+01
1.671937469940276628e+02 3.683703168058279076e-02 1.132850705690067805e+01
1.665385383824709606e+02 3.699454277790436424e-02 1.128411224242219468e+01
1.658876282059184177e+02 3.715205387522593772e-02 1.124000867598469888e+01
1.652410359644209166e+02 3.730956497254750426e-02 1.119619767884852912e+01
1.645987792161512857e+02 3.746707606986907774e-02 1.115268044069862086e+01
1.639608736512716121e+02 3.762458716719065122e-02 1.110945802464956600e+01
1.633273331634206045e+02 3.778209826451222469e-02 1.106653137208935789e+01
1.626981699189035169e+02 3.793960936183379123e-02 1.102390130736744744e+01
1.620733944236410196e+02 3.809712045915536471e-02 1.098156854233101143e+01
1.614530155879481583e+02 3.825463155647693819e-02 1.093953368071414545e+01
1.608370407892053322e+02 3.841214265379851167e-02 1.089779722238427873e+01
1.602254759324919746e+02 3.856965375112008515e-02 1.085635956745046293e+01
1.596183255092265370e+02 3.872716484844165169e-02 1.081522102023668808e+01
1.590155926538915878e+02 3.888467594576322517e-02 1.077438179312533073e+01
1.584172791988900144e+02 3.904218704308479865e-02 1.073384201027408302e+01
1.578233857275883736e+02 3.919969814040637213e-02 1.069360171120997016e+01
1.572339116256130467e+02 3.935720923772793867e-02 1.065366085430504661e+01
1.566488551304337875e+02 3.951472033504951215e-02 1.061401932013594340e+01
1.560682133793090429e+02 3.967223143237108562e-02 1.057467691473257432e+01
1.554919824556246510e+02 3.982974252969265910e-02 1.053563337271783595e+01
1.549201574336808847e+02 3.998725362701423258e-02 1.049688836034225936e+01
1.543527324219842853e+02 4.014476472433579912e-02 1.045844147841732585e+01
1.537897006050736763e+02 4.030227582165737260e-02 1.042029226514944362e+01
1.532310542839413188e+02 4.045978691897894608e-02 1.038244019887877734e+01
1.526767849150843119e+02 4.061729801630051956e-02 1.034488470072521338e+01
1.521268824611276500e+02 4.077480911362208610e-02 1.030762509058873100e+01
1.515813315058834121e+02 4.093232021094365958e-02 1.027066032391834227e+01
1.510401141818530562e+02 4.108983130826523306e-02 1.023398919007016694e+01
1.505032121759651034e+02 4.124734240558680654e-02 1.019761044820979201e+01
1.499706067604300017e+02 4.140485350290838001e-02 1.016152282940279683e+01
1.494422788161919868e+02 4.156236460022994655e-02 1.012572503820387482e+01
1.489182088555355108e+02 4.171987569755152003e-02 1.009021575418849181e+01
1.483983770438603074e+02 4.187738679487309351e-02 1.005499363342835295e+01
1.478827632206649128e+02 4.203489789219466699e-02 1.002005730991313825e+01
1.473713469197512609e+02 4.219240898951623353e-02 9.985405396919519561e+00
1.468641073886907407e+02 4.234992008683780701e-02 9.951036488330109009e+00
1.463610236075646469e+02 4.250743118415938049e-02 9.916949159903273525e+00
1.458620743070101469e+02 4.266494228148095397e-02 9.883141970495826101e+00
1.453672379855916006e+02 4.282245337880252745e-02 9.849613463240103783e+00
1.448764929265200010e+02 4.297996447612409399e-02 9.816362166676780632e+00
1.443898172137436973e+02 4.313747557344566746e-02 9.783386595845144029e+00
1.439071887474310927e+02 4.329498667076724094e-02 9.750685253332141755e+00
1.434285852588628529e+02 4.345249776808881442e-02 9.718256630281446817e+00
1.429539843247606257e+02 4.361000886541038096e-02 9.686099207364302188e+00
1.424833633810603715e+02 4.376751996273195444e-02 9.654211455712776058e+00
1.420166997361602057e+02 4.392503106005352792e-02 9.622591837817385141e+00
1.415539705836515054e+02 4.408254215737510140e-02 9.591238808389700665e+00
1.410951530145592585e+02 4.424005325469667488e-02 9.560150815191740037e+00
1.406402240290979080e+02 4.439756435201824142e-02 9.529326299832488800e+00
1.401891605479677025e+02 4.455507544933981490e-02 9.498763698533320365e+00
1.397419394232061904e+02 4.471258654666138838e-02 9.468461442863214117e+00
1.392985374486034686e+02 4.487009764398296185e-02 9.438417960444516197e+00
1.388589313697037255e+02 4.502760874130452839e-02 9.408631675630587665e+00
1.384230978934038205e+02 4.518511983862610187e-02 9.379101010156157159e+00
1.379910136971606391e+02 4.534263093594767535e-02 9.349824383761211166e+00
1.375626554378251285e+02 4.550014203326924883e-02 9.320800214789521476e+00
1.371379997601142406e+02 4.565765313059082231e-02 9.292026920762726405e+00
1.367170233047272063e+02 4.581516422791238885e-02 9.263502918930223373e+00
1.362997027161314065e+02 4.597267532523396233e-02 9.235226626796723792e+00
1.358860146500134363e+02 4.613018642255553581e-02 9.207196462627123879e+00
1.354759357804224180e+02 4.628769751987710929e-02 9.179410845930505047e+00
1.350694428066017849e+02 4.644520861719867583e-02 9.151868197923025861e+00
1.346665124595329530e+02 4.660271971452024931e-02 9.124566941971325562e+00
1.342671215081920195e+02 4.676023081184182278e-02 9.097505504016410782e+00
1.338712467655325327e+02 4.691774190916339626e-02 9.070682312979089446e+00
1.334788650942057870e+02 4.707525300648496974e-02 9.044095801147506108e+00
1.330899534120242720e+02 4.723276410380653628e-02 9.017744404547352488e+00
1.327044886971791300e+02 4.739027520112810976e-02 8.991626563295399777e+00
1.323224479932234487e+02 4.754778629844968324e-02 8.965740721937111246e+00
1.319438084138191130e+02 4.770529739577125672e-02 8.940085329768308497e+00
1.315685471472700101e+02 4.786280849309282326e-02 8.914658841142298229e+00
1.311966414608381228e+02 4.802031959041439674e-02 8.889459715762358272e+00
1.308280687048539903e+02 4.817783068773597022e-02 8.864486418960193959e+00
1.304628063166293828e+02 4.833534178505754370e-02 8.839737421961098462e+00
1.301008318241796360e+02 4.849285288237911717e-02 8.815211202136133295e+00
1.297421228497589709e+02 4.865036397970068371e-02 8.790906243241689566e+00
1.293866571132192291e+02 4.880787507702225719e-02 8.766821035647046401e+00
1.290344124351967992e+02 4.896538617434383067e-02 8.742954076550335074e+00
1.286853667401355494e+02 4.912289727166540415e-02 8.719303870183326310e+00
1.283394980591478145e+02 4.928040836898697069e-02 8.695868928005312526e+00
1.279967845327217333e+02 4.943791946630854417e-02 8.672647768886529107e+00
1.276572044132837220e+02 4.959543056363011765e-02 8.649638919281805727e+00
1.273207360676158970e+02 4.975294166095169113e-02 8.626840913394314470e+00
1.269873579791337477e+02 4.991045275827326461e-02 8.604252293329942347e+00
1.266570484986528555e+02 5.006796385559483115e-02 8.581871592210045918e+00
1.263297779910297720e+02 5.022547495291640463e-02 8.559696802053238684e+00
1.260055075520412800e+02 5.038298605023797810e-02 8.537725286835286198e+00
1.256841983528906752e+02 5.054049714755955158e-02 8.515954415642630337e+00
1.253658122062242910e+02 5.069800824488111812e-02 8.494381601023800243e+00
1.250503115532443132e+02 5.085551934220269160e-02 8.473004298116247668e+00
1.247376594511247276e+02 5.101303043952426508e-02 8.451820003793665492e+00
1.244278195607171114e+02 5.117054153684583856e-02 8.430826255832998939e+00
1.241207561345573112e+02 5.132805263416741204e-02 8.410020632101797844e+00
1.238164340051392713e+02 5.148556373148897858e-02 8.389400749763694876e+00
1.235148185734672097e+02 5.164307482881055206e-02 8.368964264502739780e+00
1.232158757978744603e+02 5.180058592613212554e-02 8.348708869765797402e+00
1.229195721830993762e+02 5.195809702345369901e-02 8.328632296022380643e+00
1.226258747696107463e+02 5.211560812077526555e-02 8.308732310041335722e+00
1.223347511231815616e+02 5.227311921809683903e-02 8.289006714184445457e+00
1.220461693246987949e+02 5.243063031541841251e-02 8.269453345715932713e+00
1.217600979571381430e+02 5.258814141273998599e-02 8.250070075919941459e+00
1.214765052503243368e+02 5.274565251006155947e-02 8.230854752152236387e+00
1.211953579525196716e+02 5.290316360738312601e-02 8.211805121382717232e+00
1.209166230794750021e+02 5.306067470470469949e-02 8.192918948705436577e+00
1.206402681963097194e+02 5.321818580202627297e-02 8.174194036437882005e+00
1.203662614064904517e+02 5.337569689934784645e-02 8.155628223374208119e+00
1.200945713410691127e+02 5.353320799666941299e-02 8.137219384056042060e+00
1.198251671481727527e+02 5.369071909399098647e-02 8.118965428060342049e+00
1.195580184827413035e+02 5.384823019131255994e-02 8.100864299304074478e+00
1.192930954964993191e+02 5.400574128863413342e-02 8.082913975364718340e+00
1.190303688281663597e+02 5.416325238595570690e-02 8.065112466816957593e+00
1.187698095938904856e+02 5.432076348327727344e-02 8.047457816584492107e+00
1.185113893779022334e+02 5.447827458059884692e-02 8.029948099306768228e+00
1.182550802233842688e+02 5.463578567792042040e-02 8.012581420720348291e+00
1.180008546235491025e+02 5.479329677524199388e-02 7.995355917054347117e+00
1.177486855129223215e+02 5.495080787256356042e-02 7.978269754439847539e+00
1.174985462588211647e+02 5.510831896988513390e-02 7.961321128332471631e+00
1.172504106513568303e+02 5.526583006720670738e-02 7.944508262835006107e+00
1.170042504425997834e+02 5.542334116452828086e-02 7.927829243959184424e+00
1.167600305261960045e+02 5.558085226184985433e-02 7.911281693012112370e+00
1.165177150795768029e+02 5.573836335917142087e-02 7.894863182772491328e+00
1.162772689470083662e+02 5.589587445649299435e-02 7.878571331201611905e+00
1.160386576255213100e+02 5.605338555381456783e-02 7.862403800489956573e+00
1.158018472511937915e+02 5.621089665113614131e-02 7.846358296127809773e+00
1.155668045857770920e+02 5.636840774845770785e-02 7.830432565999035255e+00
1.153334970036569018e+02 5.652591884577928133e-02 7.814624399497616558e+00
1.151018924791346052e+02 5.668342994310085481e-02 7.798931626665901895e+00
1.148719595740271728e+02 5.684094104042242829e-02 7.783352117354371380e+00
1.146436674255707260e+02 5.699845213774400177e-02 7.767883780402052629e+00
1.144169857346200416e+02 5.715596323506556831e-02 7.752524562836957678e+00
1.141918847541383144e+02 5.731347433238714179e-02 7.737272449096163740e+00
1.139683352779664887e+02 5.747098542970871526e-02 7.722125460264880559e+00
1.137463086298641741e+02 5.762849652703028874e-02 7.707081653333891502e+00
1.135257766528151251e+02 5.778600762435185528e-02 7.692139120474921654e+00
1.133067116985936877e+02 5.794351872167342876e-02 7.677295988333704635e+00
1.130890866132922383e+02 5.810102981899500224e-02 7.662550417049366125e+00
1.128728723543240591e+02 5.825854091631657572e-02 7.647900438790244948e+00
1.126580341232012614e+02 5.841605201363814920e-02 7.633343695723450395e+00
1.124445367660051573e+02 5.857356311095971574e-02 7.618877805933252922e+00
1.122323458132587604e+02 5.873107420828128922e-02 7.604500433879478827e+00
1.120214274659984710e+02 5.888858530560286270e-02 7.590209289453762942e+00
1.118117485821986890e+02 5.904609640292443618e-02 7.576002127059743074e+00
1.116032766635349844e+02 5.920360750024600272e-02 7.561876744716157894e+00
1.113959798424844223e+02 5.936111859756757619e-02 7.547830983182812759e+00
1.111898268697430865e+02 5.951862969488914967e-02 7.533862725108035896e+00
1.109847871019634340e+02 5.967614079221072315e-02 7.519969894197800819e+00
1.107808304897862115e+02 5.983365188953229663e-02 7.506150454404791006e+00
1.105779275661770953e+02 5.999116298685386317e-02 7.492402409138161801e+00
1.103760494350398176e+02 6.014867408417543665e-02 7.478723800491964724e+00
1.101751677601149169e+02 6.030618518149701013e-02 7.465112708492990024e+00
1.099752547541442596e+02 6.046369627881858361e-02 7.451567250366583295e+00
1.097762831682971552e+02 6.062120737614015015e-02 7.438085579820182147e+00
1.095782262818521815e+02 6.077871847346172363e-02 7.424665886344205212e+00
1.093810578921259093e+02 6.093622957078329710e-02 7.411306394529651342e+00
1.091847522782333044e+02 6.109374066810487058e-02 7.398005361612606023e+00
1.089892813389383406e+02 6.125125176542643712e-02 7.384760883544291055e+00
1.087946121190983888e+02 6.140876286274801060e-02 7.371570727390920119e+00
1.086007117319883832e+02 6.156627396006958408e-02 7.358432664854466232e+00
1.084075479574386236e+02 6.172378505739115756e-02 7.345344512800534353e+00
1.082150892293740299e+02 6.188129615471273104e-02 7.332304132414061648e+00
1.080233046236689489e+02 6.203880725203429758e-02 7.319309428376402415e+00
1.078321638462977887e+02 6.219631834935587106e-02 7.306358348062445884e+00
1.076416372217801154e+02 6.235382944667744454e-02 7.293448880757708253e+00
1.074516956819082054e+02 6.251134054399902495e-02 7.280579056894532997e+00
1.072623107547500041e+02 6.266885164132059149e-02 7.267746947306971350e+00
1.070734545539167470e+02 6.282636273864215803e-02 7.254950662503599546e+00
1.068850997680875849e+02 6.298387383596373845e-02 7.242188351957717707e+00
1.066972196507879573e+02 6.314138493328530499e-02 7.229458203414805162e+00
1.065097880104054724e+02 6.329889603060687153e-02 7.216758442215991387e+00
1.063227792004468313e+02 6.345640712792845195e-02 7.204087330637906739e+00
1.061361681100178487e+02 6.361391822525001849e-02 7.191443167247656199e+00
1.059499301545283032e+02 6.377142932257158503e-02 7.178824286272991628e+00
1.057640412666097518e+02 6.392894041989316545e-02 7.166229056986934687e+00
1.055784778872435368e+02 6.408645151721473199e-02 7.153655883106647018e+00
1.053932168793278947e+02 6.424396261453631241e-02 7.141103196937017117e+00
1.052082328575142611e+02 6.440147371185787895e-02 7.128569278448995128e+00
1.050234975843637955e+02 6.455898480917944549e-02 7.116052214365143236e+00
1.048389832188862982e+02 6.471649590650102590e-02 7.103550118270090863e+00
1.046546625227479694e+02 6.487400700382259244e-02 7.091061144582513798e+00
1.044705088503351931e+02 6.503151810114417286e-02 7.078583487881889624e+00
1.042864961390513656e+02 6.518902919846573940e-02 7.066115382251047627e+00
1.041025988998380427e+02 6.534654029578730594e-02 7.053655100633892339e+00
1.039187922079131710e+02 6.550405139310888636e-02 7.041200954207885943e+00
1.037350516937228377e+02 6.566156249043045290e-02 7.028751291770939602e+00
1.035513535340932521e+02 6.581907358775203332e-02 7.016304499141919671e+00
1.033676744435858126e+02 6.597658468507359986e-02 7.003858998574887806e+00
1.031839916660375849e+02 6.613409578239516640e-02 6.991413248185904372e+00
1.030002829662949182e+02 6.629160687971674681e-02 6.978965741392944011e+00
1.028165266221216996e+02 6.644911797703831335e-02 6.966515006367602680e+00
1.026327014162825151e+02 6.660662907435987989e-02 6.954059605498694729e+00
1.024487866287989277e+02 6.676414017168146031e-02 6.941598134867556169e+00
1.022647620293653006e+02 6.692165126900302685e-02 6.929129223734164178e+00
1.020806078699247195e+02 6.707916236632460727e-02 6.916651534034113702e+00
1.018963048774005529e+02 6.723667346364617381e-02 6.904163759886121632e+00
1.017118342465744689e+02 6.739418456096774035e-02 6.891664627109471475e+00
1.015271775462440473e+02 6.755169565828932077e-02 6.879152886865551153e+00
1.013423152518986683e+02 6.770920675561088731e-02 6.866627216236723896e+00
1.011572269891790796e+02 6.786671785293246772e-02 6.854086234722366555e+00
1.009718928433313181e+02 6.802422895025403426e-02 6.841528592963213917e+00
1.007862933964551218e+02 6.818174004757560080e-02 6.828952975265210945e+00
1.006004097203543921e+02 6.833925114489718122e-02 6.816358099115056746e+00
1.004142233695232136e+02 6.849676224221874776e-02 6.803742714704985595e+00
1.002277163742730579e+02 6.865427333954032818e-02 6.791105604467076340e+00
1.000408712339934709e+02 6.881178443686189472e-02 6.778445582616615894e+00
9.985367091054001776e+01 6.896929553418346126e-02 6.765761494704089607e+00
9.966609882174964241e+01 6.912680663150504168e-02 6.753052217175816274e+00
9.947813883507481592e+01 6.928431772882660822e-02 6.740316656942592743e+00
9.928977526133667197e+01 6.944182882614817476e-02 6.727553750956451140e+00
9.910099284858959834e+01 6.959933992346975518e-02 6.714762465794930968e+00
9.891177677609853447e+01 6.975685102079132172e-02 6.701941797252997546e+00
9.872211264842091794e+01 6.991436211811290213e-02 6.689090769942070303e+00
9.853198648959252637e+01 7.007187321543446867e-02 6.676208436896048148e+00
9.834138473741150221e+01 7.022938431275603521e-02 6.663293879184047697e+00
9.815029423782289086e+01 7.038689541007761563e-02 6.650346205529879207e+00
9.795870223939444088e+01 7.054440650739918217e-02 6.637364551937772639e+00
9.776659638788191842e+01 7.070191760472076259e-02 6.624348081324137993e+00
9.757396472088598216e+01 7.085942870204232913e-02 6.611295983155517142e+00
9.738079570267706231e+01 7.101693979936389567e-02 6.598207475808213651e+00
9.718707871367948314e+01 7.117445089668547609e-02 6.585081839734161946e+00
9.699280387956541460e+01 7.133196199400704263e-02 6.571918405880870395e+00
9.679796168536208256e+01 7.148947309132862304e-02 6.558716529544592611e+00
9.660254296234136007e+01 7.164698418865018958e-02 6.545475589481983825e+00
9.640653888337581634e+01 7.180449528597175612e-02 6.532194987595471680e+00
9.620994095836010729e+01 7.196200638329333654e-02 6.518874148622992415e+00
9.601274102969935598e+01 7.211951748061490308e-02 6.505512519832332252e+00
9.581493126785683501e+01 7.227702857793646962e-02 6.492109570719425626e+00
9.561650416696414823e+01 7.243453967525805004e-02 6.478664792710930875e+00
9.541745254048871061e+01 7.259205077257961658e-02 6.465177698870664180e+00
9.521776951695922264e+01 7.274956186990119700e-02 6.451647823609971688e+00
9.501744853574679439e+01 7.290707296722276354e-02 6.438074722401876393e+00
9.481648334289764080e+01 7.306458406454433008e-02 6.424457971498720887e+00
9.461486798702091505e+01 7.322209516186591050e-02 6.410797167653523587e+00
9.441259681522566893e+01 7.337960625918747704e-02 6.397091927844691384e+00
9.420966446910807690e+01 7.353711735650905745e-02 6.383341889004134018e+00
9.400606588078500181e+01 7.369462845383062399e-02 6.369546707748491521e+00
9.380179626897641754e+01 7.385213955115219053e-02 6.355706060113702982e+00
9.359685113513177157e+01 7.400965064847377095e-02 6.341819641292551601e+00
9.339122625960048651e+01 7.416716174579533749e-02 6.327887165375175371e+00
9.318491769784590417e+01 7.432467284311691791e-02 6.313908365092534503e+00
9.297792177670204694e+01 7.448218394043848445e-02 6.299882991562794743e+00
9.277023524748017280e+01 7.463969503776005099e-02 6.285810824665327701e+00
9.256185768183381413e+01 7.479720613508163141e-02 6.271691835376757673e+00
9.235279093467268297e+01 7.495471723240319795e-02 6.257526149379762259e+00
9.214303707529930421e+01 7.511222832972476449e-02 6.243313906883588338e+00
9.193259832285211530e+01 7.526973942704634490e-02 6.229055258249863947e+00
9.172147704384231304e+01 7.542725052436791144e-02 6.214750363825730872e+00
9.150967574972051466e+01 7.558476162168949186e-02 6.200399393778958768e+00
9.129719709445723197e+01 7.574227271901105840e-02 6.186002527933989192e+00
9.108404387215226450e+01 7.589978381633262494e-02 6.171559955609978054e+00
9.087021901466022200e+01 7.605729491365420536e-02 6.157071875459915411e+00
9.065572558924016278e+01 7.621480601097577190e-02 6.142538495311333335e+00
9.044056679622437400e+01 7.637231710829735232e-02 6.127960032008393121e+00
9.022474596670900837e+01 7.652982820561891886e-02 6.113336711255385580e+00
9.000826656026372063e+01 7.668733930294048540e-02 6.098668767461546736e+00
8.979113216266209463e+01 7.684485040026206581e-02 6.083956443587298146e+00
8.957334648363141127e+01 7.700236149758363235e-02 6.069199990991738680e+00
8.935491335462258178e+01 7.715987259490521277e-02 6.054399669281586682e+00
8.913583672659775914e+01 7.731738369222677931e-02 6.039555746161243910e+00
8.891612066783945068e+01 7.747489478954834585e-02 6.024668497284365820e+00
8.869576936177641358e+01 7.763240588686992627e-02 6.009738206106542080e+00
8.847478710482850772e+01 7.778991698419149281e-02 5.994765163739273817e+00
8.825317830427053423e+01 7.794742808151305935e-02 5.979749668805230733e+00
8.803094747611497439e+01 7.810493917883463977e-02 5.964692027294803189e+00
8.780809924301047431e+01 7.826245027615620631e-02 5.949592552423698777e+00
8.758463838809205981e+01 7.841996137347778673e-02 5.934451568281662759e+00
8.736057284297467618e+01 7.857747247079935327e-02 5.919269612289243199e+00
8.713591510885669322e+01 7.873498356812091981e-02 5.904047531487183420e+00
8.691067798614398043e+01 7.889249466544250022e-02 5.888786193189535112e+00
8.668487419557312990e+01 7.905000576276406676e-02 5.873486459312238672e+00
8.645851637802857681e+01 7.920751686008564718e-02 5.858149186360696703e+00
8.623161709436915601e+01 7.936502795740721372e-02 5.842775225418049168e+00
8.600418882526872721e+01 7.952253905472878026e-02 5.827365422134345607e+00
8.577624397106399101e+01 7.968005015205036068e-02 5.811920616716264476e+00
8.554779485161674302e+01 7.983756124937192722e-02 5.796441643917759734e+00
8.531885370618392983e+01 7.999507234669350764e-02 5.780929333031257222e+00
8.508943269329967052e+01 8.015258344401507418e-02 5.765384507879671716e+00
8.485954389066715464e+01 8.031009454133664072e-02 5.749807986809073235e+00
8.462919929506135475e+01 8.046760563865822113e-02 5.734200582682094982e+00
8.439841082223969693e+01 8.062511673597978767e-02 5.718563102871890180e+00
8.416719030686584802e+01 8.078262783330135421e-02 5.702896349256958430e+00
8.393554950244072188e+01 8.094013893062293463e-02 5.687201118216471230e+00
8.370350008124398755e+01 8.109765002794450117e-02 5.671478200626311583e+00
8.347105363428455860e+01 8.125516112526608159e-02 5.655728381855725573e+00
8.323822167126141380e+01 8.141267222258764813e-02 5.639952441764651603e+00
8.300501562053280225e+01 8.157018331990921467e-02 5.624151154701653610e+00
8.277144682909474227e+01 8.172769441723079509e-02 5.608325289502446687e+00
8.253752656256710907e+01 8.188520551455236163e-02 5.592475609488967159e+00
8.230326600519228464e+01 8.204271661187394205e-02 5.576602872469265115e+00
8.206867625983674941e+01 8.220022770919550859e-02 5.560707830737642965e+00
8.183376834800715471e+01 8.235773880651707513e-02 5.544791231075705262e+00
8.159855430695965595e+01 8.251524990383865554e-02 5.528853889088961360e+00
8.136305243995290937e+01 8.267276100116022208e-02 5.512897044946969416e+00
8.112728309190246989e+01 8.283027209848178862e-02 5.496922077155347530e+00
8.089126630754789460e+01 8.298778319580336904e-02 5.480930343880753952e+00
8.065502183081501641e+01 8.314529429312493558e-02 5.464923182907697630e+00
8.041856910741920217e+01 8.330280539044651600e-02 5.448901911814894916e+00
8.018192728747908404e+01 8.346031648776808254e-02 5.432867828152394551e+00
7.994511522813805016e+01 8.361782758508964908e-02 5.416822209619184925e+00
7.970815149619626538e+01 8.377533868241122950e-02 5.400766314241542077e+00
7.947105437074957024e+01 8.393284977973279604e-02 5.384701380551827121e+00
7.923384184583298406e+01 8.409036087705437645e-02 5.368628627767605188e+00
7.899653163307155523e+01 8.424787197437594299e-02 5.352549255971252862e+00
7.875914116433420986e+01 8.440538307169750953e-02 5.336464446289776120e+00
7.852168759438994527e+01 8.456289416901908995e-02 5.320375361074789033e+00
7.828418780356925311e+01 8.472040526634065649e-02 5.304283144082841517e+00
7.804665840042322600e+01 8.487791636366223691e-02 5.288188920655591652e+00
7.780911572438701285e+01 8.503542746098380345e-02 5.272093797900267553e+00
7.757157584843918130e+01 8.519293855830536999e-02 5.255998864869867226e+00
7.733405458176358138e+01 8.535044965562695041e-02 5.239905192743513851e+00
7.709656747240671848e+01 8.550796075294851695e-02 5.223813835006501094e+00
7.685912980993266785e+01 8.566547185027008349e-02 5.207725827630202531e+00
7.662175662807698018e+01 8.582298294759166390e-02 5.191642189251863826e+00
7.638446270739368060e+01 8.598049404491323044e-02 5.175563921353985464e+00
7.614726257789823194e+01 8.613800514223481086e-02 5.159492008443375077e+00
7.591017052170623458e+01 8.629551623955637740e-02 5.143427418229945758e+00
7.567320057566382729e+01 8.645302733687794394e-02 5.127371101804963693e+00
7.543636653555637395e+01 8.661053843419952436e-02 5.111323993926179199e+00
7.519968407520332221e+01 8.676804953152109090e-02 5.095287156600854850e+00
7.496317484791043739e+01 8.692556062884267132e-02 5.079262056986902252e+00
7.472686123001616920e+01 8.708307172616423786e-02 5.063250211232570130e+00
7.449076514537568983e+01 8.724058282348580440e-02 5.047253104827319703e+00
7.425490807092027978e+01 8.739809392080738482e-02 5.031272192978484270e+00
7.401931104221345947e+01 8.755560501812895136e-02 5.015308900987754726e+00
7.378399465899609311e+01 8.771311611545053177e-02 4.999364624626883469e+00
7.354897909072225559e+01 8.787062721277209831e-02 4.983440730512787020e+00
7.331428408208213909e+01 8.802813831009366485e-02 4.967538556481757794e+00
7.307992895851025139e+01 8.818564940741524527e-02 4.951659411962676671e+00
7.284593263167889177e+01 8.834316050473681181e-02 4.935804578349234362e+00
7.261231360497038168e+01 8.850067160205837835e-02 4.919975309370724581e+00
7.237908997893323715e+01 8.865818269937995877e-02 4.904172831461712789e+00
7.214627945671362852e+01 8.881569379670152531e-02 4.888398344130081341e+00
7.191389934946569440e+01 8.897320489402310573e-02 4.872653020323591377e+00
7.168196658173634717e+01 8.913071599134467227e-02 4.856938006794750962e+00
7.145049769682447049e+01 8.928822708866623881e-02 4.841254424463943273e+00
7.121950886211288889e+01 8.944573818598781922e-02 4.825603368780690516e+00
7.098901587437046601e+01 8.960324928330938576e-02 4.809985910082909655e+00
7.075903416502625021e+01 8.976076038063096618e-02 4.794403093954284323e+00
7.052957880541090674e+01 8.991827147795253272e-02 4.778855941579386091e+00
7.030066451196532284e+01 9.007578257527409926e-02 4.763345450096612588e+00
7.007230565141871637e+01 9.023329367259567968e-02 4.747872592949029524e+00
6.984451624592860242e+01 9.039080476991724622e-02 4.732438320232632556e+00
6.961730997818851563e+01 9.054831586723882664e-02 4.717043559042445544e+00
6.939070019649750520e+01 9.070582696456039318e-02 4.701689213816000468e+00
6.916469991979346332e+01 9.086333806188195972e-02 4.686376166674382837e+00
6.893932184264794216e+01 9.102084915920354014e-02 4.671105277760665864e+00
6.871457935665523564e+01 9.117836025652510668e-02 4.655877454445930042e+00
6.849049016631603592e+01 9.133587135384667322e-02 4.640693896329826984e+00
6.826707286409951791e+01 9.149338245116825363e-02 4.625555863177881477e+00
6.804434557692478336e+01 9.165089354848982017e-02 4.610464583211451917e+00
6.782232597342272129e+01 9.180840464581140059e-02 4.595421253599767830e+00
6.760103127127146649e+01 9.196591574313296713e-02 4.580427040956966955e+00
6.738047824448445056e+01 9.212342684045453367e-02 4.565483081835894907e+00
6.716068323064449430e+01 9.228093793777611409e-02 4.550590483218278415e+00
6.694166213809076282e+01 9.243844903509768063e-02 4.535750323001679796e+00
6.672343045304724285e+01 9.259596013241926105e-02 4.520963650482503482e+00
6.650600324669954944e+01 9.275347122974082759e-02 4.506231486835496014e+00
6.628939518221224603e+01 9.291098232706239413e-02 4.491554825589226141e+00
6.607362052169034428e+01 9.306849342438397454e-02 4.476934633097756411e+00
6.585869313308165829e+01 9.322600452170554108e-02 4.462371849008337499e+00
6.564462649701668795e+01 9.338351561902712150e-02 4.447867386724855265e+00
6.543143371358992511e+01 9.354102671634868804e-02 4.433422133867304105e+00
6.521912750907699774e+01 9.369853781367025458e-02 4.419036952726920653e+00
6.500772024258941428e+01 9.385604891099183500e-02 4.404712680717092432e+00
6.479722391266447801e+01 9.401356000831340154e-02 4.390450130819868235e+00
6.458765016379165047e+01 9.417107110563496808e-02 4.376250092028156402e+00
6.437901029287095866e+01 9.432858220295654850e-02 4.362113329783332105e+00
6.417131525560860439e+01 9.448609330027811504e-02 4.348040586408580488e+00
6.396457567284278412e+01 9.464360439759969545e-02 4.334032581537519135e+00
6.375880183680293101e+01 9.480111549492126199e-02 4.320090012538297053e+00
6.355400371730219433e+01 9.495862659224282853e-02 4.306213554933175480e+00
6.335019096786033543e+01 9.511613768956440895e-02 4.292403862813404025e+00
6.314737293175936372e+01 9.527364878688597549e-02 4.278661569249528895e+00
6.294555864802885736e+01 9.543115988420755591e-02 4.264987286696925395e+00
6.274475685736362607e+01 9.558867098152912245e-02 4.251381607396787388e+00
6.254497602796851652e+01 9.574618207885068899e-02 4.237845105127254541e+00
6.234622529463788965e+01 9.590369317617226941e-02 4.224378398832428161e+00
6.214851483664682519e+01 9.606120427349383595e-02 4.210982178227030914e+00
6.195185460825798884e+01 9.621871537081541637e-02 4.197657117779679758e+00
6.175625424087808568e+01 9.637622646813698291e-02 4.184403870083313493e+00
6.156172304955816088e+01 9.653373756545854945e-02 4.171223066295634219e+00
6.136827003941967718e+01 9.669124866278012986e-02 4.158115316574523490e+00
6.117590391200248945e+01 9.684875976010169640e-02 4.145081210508152481e+00
6.098463307153693336e+01 9.700627085742326294e-02 4.132121317539961147e+00
6.079446563113789637e+01 9.716378195474484336e-02 4.119236187388353621e+00
6.060540941892318045e+01 9.732129305206640990e-02 4.106426350461245711e+00
6.041747198405337826e+01 9.747880414938799032e-02 4.093692318265326868e+00
6.023066060269599120e+01 9.763631524670955686e-02 4.081034583810149385e+00
6.004498228391116754e+01 9.779382634403112340e-02 4.068453622006939163e+00
5.986044377546194539e+01 9.795133744135270382e-02 4.055949890062278129e+00
5.967705156954647805e+01 9.810884853867427036e-02 4.043523827866494891e+00
5.949481190845387601e+01 9.826635963599585077e-02 4.031175858376889742e+00
5.931373079014532834e+01 9.842387073331741731e-02 4.018906387995899721e+00
5.913381397375527371e+01 9.858138183063898385e-02 4.006715806943830671e+00
5.895506698502160958e+01 9.873889292796056427e-02 3.994604489626796706e+00
5.877749512163583034e+01 9.889640402528213081e-02 3.982572794999215571e+00
5.860110345852082503e+01 9.905391512260371123e-02 3.970621066921442122e+00
5.842589685303318703e+01 9.921142621992527777e-02 3.958749634512231719e+00
5.825187995008960229e+01 9.936893731724684431e-02 3.946958812496101476e+00
5.807905718722139454e+01 9.952644841456842473e-02 3.935248901545810085e+00
5.790743279955404432e+01 9.968395951188999127e-02 3.923620188619751481e+00
5.773701082471395551e+01 9.984147060921155781e-02 3.912072947294416903e+00
5.756779510766246233e+01 9.999898170653313823e-02 3.900607438091939994e+00
5.739978930545851910e+01 1.001564928038547048e-01 3.889223908802801777e+00
5.723299689194843154e+01 1.003140039011762852e-01 3.877922594803575596e+00
5.706742116238562801e+01 1.004715149984978517e-01 3.866703719369970926e+00
5.690306522894827879e+01 1.006290260958194183e-01 3.855567493373103005e+00
5.673993108557561271e+01 1.007865371931409987e-01 3.844514051915841168e+00
5.657801881732744675e+01 1.009440482904625652e-01 3.833543400761562747e+00
5.641732821215628491e+01 1.011015593877841456e-01 3.822655525542617561e+00
5.625785896020216370e+01 1.012590704851057122e-01 3.811850405263891961e+00
5.609961065675381775e+01 1.014165815824272787e-01 3.801128012503466991e+00
5.594258280515964543e+01 1.015740926797488591e-01 3.790488313609836180e+00
5.578677481968733076e+01 1.017316037770704257e-01 3.779931268895670993e+00
5.563218602833050141e+01 1.018891148743920061e-01 3.769456832827999371e+00
5.547881567556721194e+01 1.020466259717135726e-01 3.759064954215096233e+00
5.532666292506844741e+01 1.022041370690351392e-01 3.748755576390016220e+00
5.517572686235717327e+01 1.023616481663567196e-01 3.738528637390758469e+00
5.502600649742067418e+01 1.025191592636782861e-01 3.728384070137262363e+00
5.487750076727341053e+01 1.026766703609998527e-01 3.718321802605071280e+00
5.473020853847549461e+01 1.028341814583214331e-01 3.708341757995965438e+00
5.458412860960367397e+01 1.029916925556429996e-01 3.698443854905396844e+00
5.443925971367657013e+01 1.031492036529645800e-01 3.688628007486808524e+00
5.429560052053678021e+01 1.033067147502861466e-01 3.678894125613038746e+00
5.415314963918726221e+01 1.034642258476077131e-01 3.669242115034633045e+00
5.401190562008566332e+01 1.036217369449292935e-01 3.659671877535291884e+00
5.387186695739517717e+01 1.037792480422508601e-01 3.650183311084389981e+00
5.373303209119284674e+01 1.039367591395724405e-01 3.640776309986597514e+00
5.359539940963820470e+01 1.040942702368940070e-01 3.631450765028819472e+00
5.345896725109903258e+01 1.042517813342155736e-01 3.622206563624239095e+00
5.332373390623856579e+01 1.044092924315371540e-01 3.613043589953731427e+00
5.318969762006179991e+01 1.045668035288587205e-01 3.603961725104511515e+00
5.305685659392484865e+01 1.047243146261803010e-01 3.594960847206296162e+00
5.292520898750418468e+01 1.048818257235018675e-01 3.586040831564719422e+00
5.279475292072850579e+01 1.050393368208234340e-01 3.577201550792236784e+00
5.266548647567467611e+01 1.051968479181450145e-01 3.568442874936581966e+00
5.253740769842679725e+01 1.053543590154665810e-01 3.559764671606743036e+00
5.241051460089861536e+01 1.055118701127881475e-01 3.551166806096430761e+00
5.228480516262148825e+01 1.056693812101097280e-01 3.542649141505227917e+00
5.216027711754061613e+01 1.058268923074312945e-01 3.534211524292599105e+00
5.203692455779969350e+01 1.059844034047528749e-01 3.525853554161326731e+00
5.191473861888663777e+01 1.061419145020744415e-01 3.517574630480763798e+00
5.179371044257491974e+01 1.062994255993960080e-01 3.509374153046162625e+00
5.167383126859941456e+01 1.064569366967175884e-01 3.501251528290313164e+00
5.155509243352565107e+01 1.066144477940391549e-01 3.493206169206941603e+00
5.143748536963414608e+01 1.067719588913607354e-01 3.485237495275111286e+00
5.132100160381732934e+01 1.069294699886823019e-01 3.477344932384482501e+00
5.120563275649467272e+01 1.070869810860038684e-01 3.469527912761805499e+00
5.109137054053923066e+01 1.072444921833254489e-01 3.461785874898185345e+00
5.097820676021937913e+01 1.074020032806470154e-01 3.454118263477378381e+00
5.086613331015512784e+01 1.075595143779685958e-01 3.446524529305075024e+00
5.075514217428774089e+01 1.077170254752901624e-01 3.439004129239084495e+00
5.064522542486253798e+01 1.078745365726117289e-01 3.431556526120412620e+00
5.053637522142577154e+01 1.080320476699333093e-01 3.424181188705296641e+00
5.042858380983467725e+01 1.081895587672548759e-01 3.416877591598125097e+00
5.032184352128044225e+01 1.083470698645764424e-01 3.409645215185234779e+00
5.021614677132353677e+01 1.085045809618980228e-01 3.402483545569557677e+00
5.011148605894256036e+01 1.086620920592195894e-01 3.395392074506166757e+00
5.000785396559495410e+01 1.088196031565411698e-01 3.388370299338631764e+00
4.990524315429070157e+01 1.089771142538627363e-01 3.381417722936260972e+00
4.980364636867710715e+01 1.091346253511843029e-01 3.374533853632086355e+00
4.970305643213701785e+01 1.092921364485058833e-01 3.367718205161762679e+00
4.960346624689700690e+01 1.094496475458274498e-01 3.360970296603138063e+00
4.950486879314915001e+01 1.096071586431490302e-01 3.354289652316753134e+00
4.940725712818286297e+01 1.097646697404705968e-01 3.347675801887012526e+00
4.931062438552901028e+01 1.099221808377921633e-01 3.341128280064196154e+00
4.921496377411367007e+01 1.100796919351137437e-01 3.334646626707118866e+00
4.912026857742538510e+01 1.102372030324353103e-01 3.328230386726708456e+00
4.902653215269101850e+01 1.103947141297568907e-01 3.321879110030158344e+00
4.893374793006285017e+01 1.105522252270784572e-01 3.315592351465857401e+00
4.884190941181758205e+01 1.107097363244000238e-01 3.309369670769108485e+00
4.875101017156379868e+01 1.108672474217216042e-01 3.303210632508433608e+00
4.866104385346044836e+01 1.110247585190431707e-01 3.297114806032617196e+00
4.857200416070836013e+01 1.111822696163647373e-01 3.291081764690931166e+00
4.848388265024237853e+01 1.113397807136863177e-01 3.285110936408613735e+00
4.839666608373757839e+01 1.114972918110078842e-01 3.279201424199622128e+00
4.831034074453138771e+01 1.116548029083294646e-01 3.273352298667304705e+00
4.822489310106820426e+01 1.118123140056510312e-01 3.267562642957256180e+00
4.814030980369318513e+01 1.119698251029725977e-01 3.261831552540082502e+00
4.805657768151237264e+01 1.121273362002941781e-01 3.256158134998645703e+00
4.797368373931828955e+01 1.122848472976157447e-01 3.250541509819753205e+00
4.789161515458066276e+01 1.124423583949373251e-01 3.244980808190264021e+00
4.781035927449898537e+01 1.125998694922588916e-01 3.239475172797376068e+00
4.772990361311649821e+01 1.127573805895804582e-01 3.234023757633075924e+00
4.765023584849522109e+01 1.129148916869020386e-01 3.228625727802739931e+00
4.757134381994726624e+01 1.130724027842236051e-01 3.223280259337518494e+00
4.749321552532605750e+01 1.132299138815451855e-01 3.217986539010814440e+00
4.741583911837111742e+01 1.133874249788667521e-01 3.212743764158368265e+00
4.733920290610994641e+01 1.135449360761883186e-01 3.207551142502214514e+00
4.726329534631043572e+01 1.137024471735098990e-01 3.202407891978069188e+00
4.718810504498873826e+01 1.138599582708314656e-01 3.197313240566471926e+00
4.711362075396546345e+01 1.140174693681530321e-01 3.192266426127199797e+00
4.703983136847371327e+01 1.141749804654746125e-01 3.187266696237196939e+00
4.696672592481531439e+01 1.143324915627961791e-01 3.182313308031766041e+00
4.689429359806445063e+01 1.144900026601177595e-01 3.177405528048976358e+00
4.682252369981881657e+01 1.146475137574393260e-01 3.172542632077286484e+00
4.675140567599554231e+01 1.148050248547608926e-01 3.167723905006211371e+00
4.668092910467311185e+01 1.149625359520824730e-01 3.162948640680083301e+00
4.661108369397500439e+01 1.151200470494040395e-01 3.158216141754665696e+00
4.654185927999809280e+01 1.152775581467256200e-01 3.153525719556787177e+00
4.647324582478173483e+01 1.154350692440471865e-01 3.148876693946729866e+00
4.640523341431805449e+01 1.155925803413687530e-01 3.144268393183411447e+00
4.633781225660187886e+01 1.157500914386903335e-01 3.139700153792261084e+00
4.627097267972019523e+01 1.159076025360119000e-01 3.135171320435762965e+00
4.620470512998020496e+01 1.160651136333334804e-01 3.130681245786621325e+00
4.613900017007370735e+01 1.162226247306550470e-01 3.126229290403379935e+00
4.607384847727937682e+01 1.163801358279766135e-01 3.121814822608624862e+00
4.600924084170022610e+01 1.165376469252981939e-01 3.117437218369548901e+00
4.594516816453571550e+01 1.166951580226197605e-01 3.113095861180882551e+00
4.588162145602541386e+01 1.168526691199413270e-01 3.108790141925559691e+00
4.581859073613387068e+01 1.170101802172629074e-01 3.104519384388686465e+00
4.575606263833761744e+01 1.171676913145844739e-01 3.100282682897901765e+00
4.569402326356102861e+01 1.173252024119060544e-01 3.096079095696837147e+00
4.563245888588798493e+01 1.174827135092276209e-01 3.091907692761846516e+00
4.557135594988810112e+01 1.176402246065491874e-01 3.087767555620852367e+00
4.551070106801005721e+01 1.177977357038707679e-01 3.083657777176712855e+00
4.545048101803971718e+01 1.179552468011923344e-01 3.079577461535002669e+00
4.539068274062179853e+01 1.181127578985139148e-01 3.075525723836082470e+00
4.533129333684415485e+01 1.182702689958354814e-01 3.071501690091422265e+00
4.527230006588142430e+01 1.184277800931570479e-01 3.067504497023940235e+00
4.521369034269871889e+01 1.185852911904786283e-01 3.063533291912411638e+00
4.515545173581256222e+01 1.187428022878001949e-01 3.059587232439760385e+00
4.509757196510771138e+01 1.189003133851217753e-01 3.055665486545129372e+00
4.504003889970872621e+01 1.190578244824433418e-01 3.051767232279670061e+00
4.498284055590585950e+01 1.192153355797649084e-01 3.047891657666004228e+00
4.492596509513168712e+01 1.193728466770864888e-01 3.044037960561125189e+00
4.486940082199023294e+01 1.195303577744080553e-01 3.040205348522864615e+00
4.481313618233444629e+01 1.196878688717296219e-01 3.036393038679618073e+00
4.475715976139230889e+01 1.198453799690512023e-01 3.032600257603387917e+00
4.470146028194089638e+01 1.200028910663727688e-01 3.028826241186052926e+00
4.464602660252575106e+01 1.201604021636943492e-01 3.025070234518729695e+00
4.459084771572553052e+01 1.203179132610159158e-01 3.021331491774178701e+00
4.453591274646051090e+01 1.204754243583374823e-01 3.017609276092202197e+00
4.448121095034430539e+01 1.206329354556590627e-01 3.013902859467963324e+00
4.442673171207572125e+01 1.207904465529806293e-01 3.010211522643015503e+00
4.437246454387361183e+01 1.209479576503022097e-01 3.006534554999257480e+00
4.431839908394964311e+01 1.211054687476237762e-01 3.002871254455456107e+00
4.426452509502092880e+01 1.212629798449453428e-01 2.999220927366464284e+00
4.421083246285904522e+01 1.214204909422669232e-01 2.995582888424904500e+00
4.415731119487787026e+01 1.215780020395884897e-01 2.991956460565491582e+00
4.410395141875514469e+01 1.217355131369100563e-01 2.988340974871624312e+00
4.405074338109142928e+01 1.218930242342316367e-01 2.984735770484533202e+00
4.399767744610061726e+01 1.220505353315532032e-01 2.981140194514541708e+00
4.394474409433596662e+01 1.222080464288747836e-01 2.977553601954757045e+00
4.389193392144749595e+01 1.223655575261963502e-01 2.973975355596867320e+00
4.383923763697129772e+01 1.225230686235179167e-01 2.970404825949114258e+00
4.378664606314944763e+01 1.226805797208394971e-01 2.966841391156331387e+00
4.373415013361105963e+01 1.228380908181610637e-01 2.963284436910575526e+00
4.368174064856940930e+01 1.229956019154826441e-01 2.959733339864081714e+00
4.362940779205744946e+01 1.231531130128042106e-01 2.956187434918696955e+00
4.357714173297839721e+01 1.233106241101257772e-01 2.952646055951128723e+00
4.352493276113224852e+01 1.234681352074473576e-01 2.949108545029660355e+00
4.347277128608295982e+01 1.236256463047689241e-01 2.945574252337391119e+00
4.342064783605563605e+01 1.237831574020905046e-01 2.942042536097514649e+00
4.336855305686608375e+01 1.239406684994120711e-01 2.938512762500792519e+00
4.331647771087837384e+01 1.240981795967336376e-01 2.934984305634918300e+00
4.326441267599208373e+01 1.242556906940552180e-01 2.931456547415897340e+00
4.321234894465738563e+01 1.244132017913767846e-01 2.927928877521313034e+00
4.316027762291714964e+01 1.245707128886983511e-01 2.924400693325420075e+00
4.310818992947626782e+01 1.247282239860199315e-01 2.920871399836089566e+00
4.305607719479598927e+01 1.248857350833414981e-01 2.917340409633440768e+00
4.300393086021431799e+01 1.250432461806630924e-01 2.913807142810244333e+00
4.295174247708929016e+01 1.252007572779846589e-01 2.910271026913868297e+00
4.289950370596818630e+01 1.253582683753062255e-01 2.906731496889995547e+00
4.284720631577729222e+01 1.255157794726277920e-01 2.903187995027716184e+00
4.279484218303578302e+01 1.256732905699493585e-01 2.899639970906263908e+00
4.274240329109053249e+01 1.258308016672709251e-01 2.896086881343177488e+00
4.268988172937273617e+01 1.259883127645924916e-01 2.892528190343921057e+00
4.263726969267373335e+01 1.261458238619140859e-01 2.888963369052824692e+00
4.258455948044202444e+01 1.263033349592356525e-01 2.885391895705445187e+00
4.253174349609865601e+01 1.264608460565572190e-01 2.881813255582185374e+00
4.247881424637170511e+01 1.266183571538787855e-01 2.878226940963195979e+00
4.242576434064881852e+01 1.267758682512003521e-01 2.874632451084509377e+00
4.237258649034691871e+01 1.269333793485219464e-01 2.871029292095332419e+00
4.231927350829968759e+01 1.270908904458435129e-01 2.867416977016539192e+00
4.226581830816055430e+01 1.272484015431650795e-01 2.863795025700226926e+00
4.221221390382188332e+01 1.274059126404866460e-01 2.860162964790356810e+00
4.215845340885077519e+01 1.275634237378082125e-01 2.856520327684531235e+00
4.210453003593751475e+01 1.277209348351298068e-01 2.852866654496612142e+00
4.205043709636017013e+01 1.278784459324513734e-01 2.849201492020455362e+00
4.199616799946275592e+01 1.280359570297729399e-01 2.845524393694547793e+00
4.194171625214617904e+01 1.281934681270945064e-01 2.841834919567514106e+00
4.188707545837260682e+01 1.283509792244160730e-01 2.838132636264532938e+00
4.183223931868304390e+01 1.285084903217376673e-01 2.834417116954659921e+00
4.177720162972524065e+01 1.286660014190592338e-01 2.830687941318825729e+00
4.172195628379473931e+01 1.288235125163808004e-01 2.826944695518748496e+00
4.166649726838640788e+01 1.289810236137023669e-01 2.823186972166545683e+00
4.161081866822156883e+01 1.291385347110239334e-01 2.819414370462077102e+00
4.155491538986282052e+01 1.292960458083455277e-01 2.815626545290520255e+00
4.149878415787009089e+01 1.294535569056670943e-01 2.811823274718656673e+00
4.144242201173411644e+01 1.296110680029886608e-01 2.808004358151960478e+00
4.138582604966866541e+01 1.297685791003102274e-01 2.804169598974791011e+00
4.132899342833276535e+01 1.299260901976317939e-01 2.800318804531571448e+00
4.127192136255624177e+01 1.300836012949533882e-01 2.796451786108182791e+00
4.121460712506780766e+01 1.302411123922749547e-01 2.792568358913553261e+00
4.115704804622518509e+01 1.303986234895965213e-01 2.788668342061364047e+00
4.109924151374814727e+01 1.305561345869180878e-01 2.784751558551963768e+00
4.104118497245306685e+01 1.307136456842396544e-01 2.780817835254380199e+00
4.098287592398983747e+01 1.308711567815612486e-01 2.776867002888500302e+00
4.092431192658122541e+01 1.310286678788828152e-01 2.772898896007399472e+00
4.086549059476269719e+01 1.311861789762043817e-01 2.768913352979727183e+00
4.080640959912558685e+01 1.313436900735259483e-01 2.764910215972292473e+00
4.074706666606071792e+01 1.315012011708475148e-01 2.760889330932693397e+00
4.068745957750346065e+01 1.316587122681690813e-01 2.756850547572056609e+00
4.062758617068147515e+01 1.318162233654906756e-01 2.752793719347925716e+00
4.056744433786199266e+01 1.319737344628122422e-01 2.748718703447152301e+00
4.050703202610156950e+01 1.321312455601338087e-01 2.744625360768935707e+00
4.044634723699577705e+01 1.322887566574553753e-01 2.740513555907859722e+00
4.038538802643135028e+01 1.324462677547769418e-01 2.736383157137103783e+00
4.032415250433788856e+01 1.326037788520985361e-01 2.732234036391615106e+00
4.026263883444082836e+01 1.327612899494201026e-01 2.728066069251376291e+00
4.020084523401551735e+01 1.329188010467416692e-01 2.723879134924731549e+00
4.013876997364069155e+01 1.330763121440632357e-01 2.719673116231698717e+00
4.007641137695438260e+01 1.332338232413848023e-01 2.715447899587417169e+00
4.001376782040832580e+01 1.333913343387063966e-01 2.711203374985508674e+00
3.995083773302397390e+01 1.335488454360279631e-01 2.706939435981554176e+00
3.988761959614815567e+01 1.337063565333495296e-01 2.702655979676532372e+00
3.982411194320951608e+01 1.338638676306710962e-01 2.698352906700314691e+00
3.976031335947475043e+01 1.340213787279926627e-01 2.694030121195151395e+00
3.969622248180419888e+01 1.341788898253142570e-01 2.689687530799113713e+00
3.963183799840950883e+01 1.343364009226358236e-01 2.685325046629669643e+00
3.956715864860831289e+01 1.344939120199573901e-01 2.680942583267060364e+00
3.950218322258128012e+01 1.346514231172789566e-01 2.676540058737845840e+00
3.943691056112755433e+01 1.348089342146005232e-01 2.672117394498330079e+00
3.937133955542074659e+01 1.349664453119221175e-01 2.667674515418026360e+00
3.930546914676362746e+01 1.351239564092436840e-01 2.663211349763033642e+00
3.923929832634345871e+01 1.352814675065652505e-01 2.658727829179470259e+00
3.917282613498556998e+01 1.354389786038868171e-01 2.654223888676765508e+00
3.910605166290839207e+01 1.355964897012083836e-01 2.649699466611064480e+00
3.903897405699785139e+01 1.357540007985299779e-01 2.645154505178116455e+00
3.897159391232315784e+01 1.359115118958515445e-01 2.640589044697891463e+00
3.890391487634796874e+01 1.360690229931731110e-01 2.636003332310712821e+00
3.883594097775344522e+01 1.362265340904946775e-01 2.631397640986978814e+00
3.876767622644649691e+01 1.363840451878162441e-01 2.626772242424997295e+00
3.869912461346335419e+01 1.365415562851378384e-01 2.622127407044466452e+00
3.863029011087439102e+01 1.366990673824594049e-01 2.617463403980014647e+00
3.856117667169306173e+01 1.368565784797809715e-01 2.612780501075037343e+00
3.849178822978723957e+01 1.370140895771025380e-01 2.608078964875686356e+00
3.842212869979414336e+01 1.371716006744241045e-01 2.603359060625108246e+00
3.835220197703816325e+01 1.373291117717456711e-01 2.598621052257874542e+00
3.828201193745096731e+01 1.374866228690672654e-01 2.593865202394564751e+00
3.821156243749526737e+01 1.376441339663888319e-01 2.589091772336610919e+00
3.814085731409136315e+01 1.378016450637103985e-01 2.584301022061309627e+00
3.806990038454572556e+01 1.379591561610319650e-01 2.579493210216991628e+00
3.799869544648382202e+01 1.381166672583535315e-01 2.574668594118465492e+00
3.792724627778434865e+01 1.382741783556751258e-01 2.569827429742559399e+00
3.785555663651678060e+01 1.384316894529966924e-01 2.564969971723897402e+00
3.778363026088192811e+01 1.385892005503182589e-01 2.560096473350863544e+00
3.771147086915433277e+01 1.387467116476398254e-01 2.555207186561705868e+00
3.763908215962837289e+01 1.389042227449613920e-01 2.550302361940877560e+00
3.756646781056592488e+01 1.390617338422829863e-01 2.545382248715498008e+00
3.749363148014727898e+01 1.392192449396045528e-01 2.540447094752019463e+00
3.742057680642446371e+01 1.393767560369261194e-01 2.535497146553072678e+00
3.734730740727697196e+01 1.395342671342476859e-01 2.530532649254456867e+00
3.727382688036985314e+01 1.396917782315692524e-01 2.525553846622310417e+00
3.720013880311470444e+01 1.398492893288908467e-01 2.520560981050464555e+00
3.712624673263235309e+01 1.400068004262124133e-01 2.515554293557911159e+00
3.705215420571891372e+01 1.401643115235339798e-01 2.510534023786503255e+00
3.697786473881306080e+01 1.403218226208555464e-01 2.505500409998742573e+00
3.690338182796650557e+01 1.404793337181771129e-01 2.500453689075778030e+00
3.682870894881641277e+01 1.406368448154987072e-01 2.495394096515529903e+00
3.675384955656014085e+01 1.407943559128202737e-01 2.490321866430988074e+00
3.667880708593222749e+01 1.409518670101418403e-01 2.485237231548643955e+00
3.660358495118283884e+01 1.411093781074634068e-01 2.480140423207036982e+00
3.652818654606032567e+01 1.412668892047849734e-01 2.475031671355570229e+00
3.645261524379367302e+01 1.414244003021065677e-01 2.469911204553319806e+00
3.637687439707836035e+01 1.415819113994281342e-01 2.464779249968076513e+00
3.630096733806404075e+01 1.417394224967497007e-01 2.459636033375514064e+00
3.622489737834436596e+01 1.418969335940712673e-01 2.454481779158498078e+00
3.614866780894795539e+01 1.420544446913928338e-01 2.449316710306476352e+00
3.607228190033308124e+01 1.422119557887144281e-01 2.444141048415112483e+00
3.599574290238277996e+01 1.423694668860359946e-01 2.438955013685959905e+00
3.591905404440212379e+01 1.425269779833575612e-01 2.433758824926278486e+00
3.584221853582281625e+01 1.426844890806791277e-01 2.428552699596768338e+00
3.576524059236695052e+01 1.428420001780006943e-01 2.423336923341113280e+00
3.568812746457560081e+01 1.429995112753222608e-01 2.418111987432504328e+00
3.561088689174830080e+01 1.431570223726438551e-01 2.412878416260824110e+00
3.553352652182847038e+01 1.433145334699654216e-01 2.407636728025962292e+00
3.545605391178881405e+01 1.434720445672869882e-01 2.402387434763922691e+00
3.537847652802980036e+01 1.436295556646085547e-01 2.397131042373833232e+00
3.530080174679095961e+01 1.437870667619301213e-01 2.391868050645806321e+00
3.522303685457364963e+01 1.439445778592517156e-01 2.386598953289585268e+00
3.514518904857600035e+01 1.441020889565732821e-01 2.381324237964017154e+00
3.506726543713932642e+01 1.442596000538948486e-01 2.376044386307297973e+00
3.498927304020401152e+01 1.444171111512164152e-01 2.370759873967862141e+00
3.491121878977804016e+01 1.445746222485379817e-01 2.365471170636132658e+00
3.483310953041390690e+01 1.447321333458595760e-01 2.360178740076827708e+00
3.475495201969587811e+01 1.448896444431811426e-01 2.354883040161983132e+00
3.467675292873692428e+01 1.450471555405027091e-01 2.349584522904615280e+00
3.459851884268403666e+01 1.452046666378242756e-01 2.344283634492968282e+00
3.452025626123300839e+01 1.453621777351458422e-01 2.338980815325390150e+00
3.444197159915059103e+01 1.455196888324674365e-01 2.333676500045709368e+00
3.436367118680572474e+01 1.456771999297890030e-01 2.328371117579228766e+00
3.428536127070704254e+01 1.458347110271105695e-01 2.323065091169156826e+00
3.420704801404958317e+01 1.459922221244321361e-01 2.317758838413636280e+00
3.412873749726661998e+01 1.461497332217537026e-01 2.312452771303141752e+00
3.405043571858927720e+01 1.463072443190752969e-01 2.307147296258396985e+00
3.397214859461232095e+01 1.464647554163968635e-01 2.301842814168711282e+00
3.389388196086587612e+01 1.466222665137184300e-01 2.296539720430712084e+00
3.381564157239325397e+01 1.467797776110399965e-01 2.291238404987507415e+00
3.373743310433381737e+01 1.469372887083615631e-01 2.285939252368167640e+00
3.365926215251133868e+01 1.470947998056831574e-01 2.280642641727595343e+00
3.358113423402730291e+01 1.472523109030047239e-01 2.275348946886730062e+00
3.350305478785899993e+01 1.474098220003262905e-01 2.270058536373062097e+00
3.342502917546150343e+01 1.475673330976478570e-01 2.264771773461435878e+00
3.334706268137443175e+01 1.477248441949694235e-01 2.259489016215144197e+00
3.326916051383192041e+01 1.478823552922910178e-01 2.254210617527276472e+00
3.319132780537689342e+01 1.480398663896125844e-01 2.248936925162321909e+00
3.311356961347832595e+01 1.481973774869341509e-01 2.243668281798009367e+00
3.303589092115133496e+01 1.483548885842557175e-01 2.238405025067310206e+00
3.295829663758122052e+01 1.485123996815772840e-01 2.233147487600728454e+00
3.288079159874878599e+01 1.486699107788988505e-01 2.227895997068669143e+00
3.280338056805906888e+01 1.488274218762204448e-01 2.222650876224037564e+00
3.272606823697260836e+01 1.489849329735420114e-01 2.217412442945012607e+00
3.264885922563719589e+01 1.491424440708635779e-01 2.212181010277851190e+00
3.257175808352326385e+01 1.492999551681851444e-01 2.206956886479944924e+00
3.249476929005922443e+01 1.494574662655067110e-01 2.201740375062859467e+00
3.241789725526996335e+01 1.496149773628283053e-01 2.196531774835607465e+00
3.234114632041474380e+01 1.497724884601498718e-01 2.191331379947857982e+00
3.226452075862736990e+01 1.499299995574714384e-01 2.186139479933329799e+00
3.218802491828145662e+01 1.500875106547930049e-01 2.180956369423742380e+00
3.211166442834329615e+01 1.502450217521145714e-01 2.175782429819627328e+00
3.203544557076335764e+01 1.504025328494361657e-01 2.170618086765612631e+00
3.195937453474156698e+01 1.505600439467577323e-01 2.165463759621851114e+00
3.188345740981797150e+01 1.507175550440792988e-01 2.160319860995861152e+00
3.180770018687679013e+01 1.508750661414008654e-01 2.155186796810565575e+00
3.173210875915420459e+01 1.510325772387224319e-01 2.150064966372570385e+00
3.165668892324828221e+01 1.511900883360440262e-01 2.144954762440595797e+00
3.158144638013345329e+01 1.513475994333655927e-01 2.139856571294212806e+00
3.150638673617578789e+01 1.515051105306871593e-01 2.134770772802637939e+00
3.143151550415072037e+01 1.516626216280087258e-01 2.129697740493690983e+00
3.135683810426374762e+01 1.518201327253302924e-01 2.124637841622946777e+00
3.128235986517027101e+01 1.519776438226518867e-01 2.119591437242845711e+00
3.120808602499840134e+01 1.521351549199734532e-01 2.114558882271994733e+00
3.113402173237168213e+01 1.522926660172950197e-01 2.109540525564455482e+00
3.106017204743176663e+01 1.524501771146165863e-01 2.104536709979046183e+00
3.098654194286215713e+01 1.526076882119381528e-01 2.099547772448702609e+00
3.091313630491082520e+01 1.527651993092597471e-01 2.094574044049771988e+00
3.083995993441314099e+01 1.529227104065813136e-01 2.089615850071314007e+00
3.076701754781284848e+01 1.530802215039028802e-01 2.084673510084292580e+00
3.069431377818347073e+01 1.532377326012244467e-01 2.079747338010769386e+00
3.062185317624685510e+01 1.533952436985460133e-01 2.074837642192925991e+00
3.054964021139167940e+01 1.535527547958676076e-01 2.069944725462069979e+00
3.047767927268874288e+01 1.537102658931891741e-01 2.065068885207430149e+00
3.040597466990471531e+01 1.538677769905107406e-01 2.060210413444846012e+00
3.033453063451419851e+01 1.540252880878323072e-01 2.055369596885337380e+00
3.026335132070810019e+01 1.541827991851538737e-01 2.050546717003433717e+00
3.019244080640024919e+01 1.543403102824754403e-01 2.045742050105372467e+00
3.012180309423064983e+01 1.544978213797970346e-01 2.040955867397085122e+00
3.005144211256524756e+01 1.546553324771186011e-01 2.036188435051930590e+00
2.998136171649314363e+01 1.548128435744401676e-01 2.031440014278265593e+00
2.991156568881979183e+01 1.549703546717617342e-01 2.026710861386744167e+00
2.984205774105626929e+01 1.551278657690833007e-01 2.022001227857340044e+00
2.977284151440516879e+01 1.552853768664048950e-01 2.017311360406154996e+00
2.970392058074203945e+01 1.554428879637264616e-01 2.012641501051912307e+00
2.963529844359302601e+01 1.556003990610480281e-01 2.007991887182202007e+00
2.956697853910765517e+01 1.557579101583695946e-01 2.003362751619393922e+00
2.949896423702754689e+01 1.559154212556911612e-01 1.998754322686268958e+00
2.943125884165003470e+01 1.560729323530127555e-01 1.994166824271321081e+00
2.936386559278748365e+01 1.562304434503343220e-01 1.989600475893745557e+00
2.929678766672117618e+01 1.563879545476558885e-01 1.985055492768081686e+00
2.923002817715102708e+01 1.565454656449774551e-01 1.980532085868554448e+00
2.916359017613845594e+01 1.567029767422990216e-01 1.976030461992966947e+00
2.909747665504649561e+01 1.568604878396206159e-01 1.971550823826393906e+00
2.903169054547180394e+01 1.570179989369421825e-01 1.967093370004334485e+00
2.896623472017335033e+01 1.571755100342637490e-01 1.962658295175637502e+00
2.890111199399418140e+01 1.573330211315853155e-01 1.958245790064955250e+00
2.883632512477838361e+01 1.574905322289068821e-01 1.953856041534873800e+00
2.877187681428175026e+01 1.576480433262284764e-01 1.949489232647622305e+00
2.870776949760148966e+01 1.578055544235500429e-01 1.945145528397503654e+00
2.864400465817716679e+01 1.579630655208716095e-01 1.940825029297579940e+00
2.858058350284625604e+01 1.581205766181931760e-01 1.936527817119252148e+00
2.858058350284625604e+01 1.581205766181931760e-01 1.936527817119251926e+00
2.218382023425013116e+01 1.826842454521749870e-01 1.502149067662617243e+00
1.878608491605978870e+01 2.073525430377324841e-01 1.020450565806265697e+00
1.484342585378288781e+01 2.322407203492417860e-01 8.358879233213435400e-01
1.288909987709204863e+01 2.568837818198746459e-01 7.770515923401880576e-01
1.083666859093232482e+01 2.811184729179193598e-01 4.898828449317749190e-01
9.462998507599300169e+00 3.057758170190760794e-01 3.679869170240872567e-01
8.224196233284470026e+00 3.308749588216616799e-01 3.113905796421556071e-01
7.153417816667285933e+00 3.553458836143503774e-01 2.550200438207860798e-01
6.446571699826148638e+00 3.797183506574301481e-01 2.595505204254366927e-01
5.670659822391026950e+00 4.042043120935024936e-01 1.481613687973528104e-01
5.139324230908135505e+00 4.287407985369371399e-01 1.097732630754780919e-01
4.665201253516690016e+00 4.533371424922238990e-01 9.204630992599384387e-02
4.196167986502902458e+00 4.779959634912051558e-01 1.342254758369800516e-01
3.821927867756061303e+00 5.026629933946460405e-01 9.061907350306629139e-02
3.533392412685375739e+00 5.271487506500315279e-01 9.539364288464388664e-02
3.281730492339463456e+00 5.515427964227138657e-01 6.592709330722534844e-02
3.052050686158459758e+00 5.762240530263548210e-01 5.823872151470137898e-02
2.835695960756562606e+00 6.007285446297923048e-01 4.314574238512466214e-02
2.636389499094839550e+00 6.252568531449649303e-01 7.409317417445707155e-02
2.517134754558771004e+00 6.499965502683907603e-01 6.819406570898108033e-02
2.382150874028966303e+00 6.746857991314229031e-01 5.019409114580466319e-02
2.296185809857090643e+00 6.991270364754236244e-01 3.860852155259836965e-02
2.222659295545810210e+00 7.235756604093172006e-01 3.499844798617592762e-02
2.196874358281474926e+00 7.479714013051395050e-01 4.253593437314590747e-02
2.181070390730272646e+00 7.726132299420060967e-01 3.425246255075557050e-02
2.158290050981342301e+00 7.972349387995918413e-01 3.879126443761104354e-02
2.077504002583439924e+00 8.217736356692634248e-01 4.872407823267151800e-02
2.009019998009008656e+00 8.463200505719705724e-01 3.489264359716407610e-02
1.951203053256109765e+00 8.708218859006343626e-01 3.364120601204785566e-02
1.920572442291213378e+00 8.954790463233904818e-01 3.095046509806852891e-02
1.884641211645261549e+00 9.199626960429320155e-01 3.122472710104358395e-02
1.885073597579536964e+00 9.443606208269833546e-01 4.468601510611171224e-02
1.884222688926805889e+00 9.688687146412832130e-01 4.181244448890431703e-02
1.880387126968539047e+00 9.930926048855095445e-01 5.423419056001086563e-02
1.918874145068472092e+00 1.017620455362175491e+00 3.842600542628826776e-02
1.979369004489983208e+00 1.042409919186157552e+00 5.007512190609329783e-02
2.076488921959685374e+00 1.066789561870425063e+00 4.072498936563685723e-02
2.116217840362689007e+00 1.090909765172895618e+00 5.591097373151631550e-02
2.091833984111085343e+00 1.115651582439790346e+00 1.000133466611952265e-01
2.145539840212096649e+00 1.140641543091339027e+00 6.475069109155102975e-02
2.178214213960406820e+00 1.164692026865203012e+00 1.262918721107428588e-01
2.256849532911675560e+00 1.188605021497627590e+00 1.001005156124136625e-01
2.414494747376485950e+00 1.214006438167991364e+00 1.011702496828363607e-01
2.603794389789404029e+00 1.240498485730926914e+00 1.259686378521912009e-01
2.943039573502506556e+00 1.264816150349954427e+00 2.614355722500193435e-01
3.095281771651498204e+00 1.284554513240047102e+00 3.328930805885313426e-01
3.399699877679518423e+00 1.309527810458392949e+00 5.419095547042548366e-01
4.889194694348516279e+00 1.335814856768205550e+00 7.533286673923987875e-01
5.015829784357947574e+00 1.360349523175663267e+00 6.645490361208185703e+00
