2.360769839350004062e+01 7.669903939428205850e-04 1.600216124682677821e+00
2.813805672825120041e+01 9.245014912643925459e-04 1.907300379023007864e+00
3.258477109000070726e+01 1.082012588585964507e-03 2.208714939007762279e+00
3.694811006182385427e+01 1.239523685907536251e-03 2.504478010179926439e+00
4.122801256093643474e+01 1.397034783229108429e-03 2.794585452125021519e+00
4.542426734052648385e+01 1.554545880550680173e-03 3.079022945761655805e+00
4.953676023859596000e+01 1.712056977872252134e-03 3.357782752772140888e+00
5.356547365212691147e+01 1.869568075193824095e-03 3.630863679959547063e+00
5.751062609315599872e+01 2.027079172515396273e-03 3.898280538868764467e+00
6.137243574953770775e+01 2.184590269836968017e-03 4.160048119070431483e+00
6.515147290166363803e+01 2.342101367158539761e-03 4.416205076254864359e+00
6.884831582607986888e+01 2.499612464480111939e-03 4.666790608120974682e+00
7.246363876871947696e+01 2.657123561801683683e-03 4.911850417523655921e+00
7.599835220699795002e+01 2.814634659123255861e-03 5.151446219951526295e+00
7.945341265619077831e+01 2.972145756444827605e-03 5.385642851507697060e+00
8.282976412734171845e+01 3.129656853766399783e-03 5.614504300712731322e+00
8.612848303866714161e+01 3.287167951087971527e-03 5.838103531129538837e+00
8.935075452122291040e+01 3.444679048409543271e-03 6.056520875274810756e+00
9.249776702964972230e+01 3.602190145731115449e-03 6.269836890949985531e+00
9.557067611427623888e+01 3.759701243052687193e-03 6.478129905581903714e+00
9.857069630482290279e+01 3.917212340374259805e-03 6.681482244436256046e+00
1.014990923418998534e+02 4.074723437695831549e-03 6.879979636256447151e+00
1.043571633794683322e+02 4.232234535017403293e-03 7.073710142448646820e+00
1.071461765246159956e+02 4.389745632338975037e-03 7.262759652164768376e+00
1.098673561746807081e+02 4.547256729660546781e-03 7.447211159533691394e+00
1.125219440571794820e+02 4.704767826982118525e-03 7.627148833387204618e+00
1.151111955361216559e+02 4.862278924303691137e-03 7.802657766888428270e+00
1.176363731893845568e+02 5.019790021625262881e-03 7.973823542182824298e+00
1.200987406273850269e+02 5.177301118946834625e-03 8.140731811405153451e+00
1.224995186866050432e+02 5.334812216268406369e-03 8.303465327316473577e+00
1.248398689666431522e+02 5.492323313589978981e-03 8.462102827385255210e+00
1.271209485666434347e+02 5.649834410911550725e-03 8.616722744022709435e+00
1.293439115301957543e+02 5.807345508233122469e-03 8.767403302523415931e+00
1.315099059851508798e+02 5.964856605554694213e-03 8.914222327191520634e+00
1.336200717304226373e+02 6.122367702876265957e-03 9.057257077765369147e+00
1.356755382065415745e+02 6.279878800197838569e-03 9.196584111854209098e+00
1.376774112620597350e+02 6.437389897519410313e-03 9.332278387916712603e+00
1.396267183830607337e+02 6.594900994840982057e-03 9.464409552716896101e+00
1.415244558114581537e+02 6.752412092162553801e-03 9.593045135174671501e+00
1.433716124556989087e+02 6.909923189484126413e-03 9.718252167120766671e+00
1.451691685513719392e+02 7.067434286805698157e-03 9.840097092507887666e+00
1.469180944886028612e+02 7.224945384127269901e-03 9.958645687927221601e+00
1.486193498160405966e+02 7.382456481448841645e-03 1.007396299509502846e+01
1.502738823997883912e+02 7.539967578770413389e-03 1.018611326384189830e+01
1.518826277184254820e+02 7.697478676091986001e-03 1.029515990432675565e+01
1.534465026707305242e+02 7.854989773413558612e-03 1.040116506730167778e+01
1.549663478277434479e+02 8.012500870735128622e-03 1.050418572974552589e+01
1.564429555501559435e+02 8.170011968056702101e-03 1.060427560076345088e+01
1.578771116067570404e+02 8.327523065378272110e-03 1.070148794263733194e+01
1.592695951124733256e+02 8.485034162699845589e-03 1.079587556662592895e+01
1.606211778700855177e+02 8.642545260021415598e-03 1.088749078834400841e+01
1.619326237974558467e+02 8.800056357342989077e-03 1.097638538893773941e+01
1.632046884314614204e+02 8.957567454664562556e-03 1.106261058145946130e+01
1.644381185007742090e+02 9.115078551986132566e-03 1.114621698190916455e+01
1.656336515604388353e+02 9.272589649307706045e-03 1.122725458446483593e+01
1.667920156819634769e+02 9.430100746629276054e-03 1.130577274047567471e+01
1.679139283710673567e+02 9.587611843950849533e-03 1.138182008510306531e+01
1.690000524989000610e+02 9.745122941272419542e-03 1.145544155017750221e+01
1.700509779604311120e+02 9.902634038593993021e-03 1.152667712093710684e+01
1.710672867704348619e+02 1.006014513591556303e-02 1.159556624847157735e+01
1.720495582673548540e+02 1.021765623323713651e-02 1.166214820245910211e+01
1.729983686121362041e+02 1.037516733055870999e-02 1.172646203719544644e+01
1.739142903362007928e+02 1.053267842788028000e-02 1.178854656095396614e+01
1.747978919344707549e+02 1.069018952520185348e-02 1.184844030839934170e+01
1.756497374996809242e+02 1.084770062252342349e-02 1.190618151579990069e+01
1.764703863945638886e+02 1.100521171984499696e-02 1.196180809880708296e+01
1.772603929588008214e+02 1.116272281716656697e-02 1.201535763259159140e+01
1.780203062478766469e+02 1.132023391448814045e-02 1.206686733414193569e+01
1.787506698012429354e+02 1.147774501180971046e-02 1.211637404654974759e+01
1.794520214373983720e+02 1.163525610913128394e-02 1.216391422511951959e+01
1.801248917188502503e+02 1.179276720645285742e-02 1.220952383331815483e+01
1.807697573356561236e+02 1.195027830377442743e-02 1.225323518294088743e+01
1.813870328862126655e+02 1.210778940109600091e-02 1.229507637698311662e+01
1.819771298188025241e+02 1.226530049841757092e-02 1.233507530491402093e+01
1.825404599187907024e+02 1.242281159573914440e-02 1.237325987905143343e+01
1.830774348995382184e+02 1.258032269306071441e-02 1.240965800683249398e+01
1.835884660235734884e+02 1.273783379038228789e-02 1.244429756513526186e+01
1.840739637519635323e+02 1.289534488770385789e-02 1.247720637651183218e+01
1.845343374199742925e+02 1.305285598502543137e-02 1.250841218720335313e+01
1.849699949372649712e+02 1.321036708234700485e-02 1.253794264681816273e+01
1.853813425109720754e+02 1.336787817966857486e-02 1.256582528956136002e+01
1.857687843901948952e+02 1.352538927699014834e-02 1.259208751691514294e+01
1.861327226304434816e+02 1.368290037431171835e-02 1.261675658167220782e+01
1.864735568767789857e+02 1.384041147163329183e-02 1.263985957323619402e+01
1.867916841644105261e+02 1.399792256895486184e-02 1.266142340410544342e+01
1.870874987356305041e+02 1.415543366627643532e-02 1.268147479746416550e+01
1.873613918720354548e+02 1.431294476359800533e-02 1.270004027580981720e+01
1.876137514590288333e+02 1.447045586091957881e-02 1.271714613143343264e+01
1.878449357797799451e+02 1.462796695824115228e-02 1.273281665007838015e+01
1.880552543262286633e+02 1.478547805556272229e-02 1.274707281024009475e+01
1.882450125292165524e+02 1.494298915288429577e-02 1.275993531513788248e+01
1.884145166338318234e+02 1.510050025020586578e-02 1.277142492318370870e+01
1.885640734172690429e+02 1.525801134752743926e-02 1.278156242885760818e+01
1.886939899239437466e+02 1.541552244484900927e-02 1.279036864475286883e+01
1.888045732169010478e+02 1.557303354217058275e-02 1.279786438472553023e+01
1.888961301445895060e+02 1.573054463949215276e-02 1.280407044808551476e+01
1.889689671221442211e+02 1.588805573681372624e-02 1.280900760477116229e+01
1.890233899263756712e+02 1.604556683413529972e-02 1.281269658145283685e+01
1.890597035036991826e+02 1.620307793145686973e-02 1.281515804851368756e+01
1.890782117903169421e+02 1.636058902877844320e-02 1.281641260786090797e+01
1.890792175439630682e+02 1.651810012610001321e-02 1.281648078152083592e+01
1.890630221865998237e+02 1.667561122342158669e-02 1.281538300097629879e+01
1.890299256574712672e+02 1.683312232074316017e-02 1.281313959720606199e+01
1.889802262759621669e+02 1.699063341806473018e-02 1.280977079138891206e+01
1.889142206137362052e+02 1.714814451538630366e-02 1.280529668623669259e+01
1.888322033756578264e+02 1.730565561270787367e-02 1.279973725792279104e+01
1.887344672890396566e+02 1.746316671002944715e-02 1.279311234857487811e+01
1.886213030007668010e+02 1.762067780735101716e-02 1.278544165930165555e+01
1.884929989705093476e+02 1.777818890467259064e-02 1.277674474295438856e+01
1.883498388110382393e+02 1.793570000199416065e-02 1.276704082384380001e+01
1.881920981478203601e+02 1.809321109931573412e-02 1.275634858487191714e+01
1.880200498571120704e+02 1.825072219663730760e-02 1.274468652258924450e+01
1.878339648107017865e+02 1.840823329395887761e-02 1.273207299767611822e+01
1.876341117938663103e+02 1.856574439128045109e-02 1.271852622938146915e+01
1.874207574293585594e+02 1.872325548860202110e-02 1.270406429037047680e+01
1.871941661071305134e+02 1.888076658592359458e-02 1.268870510196088830e+01
1.869545999194824049e+02 1.903827768324516459e-02 1.267246642972722448e+01
1.867023186013767599e+02 1.919578878056673807e-02 1.265536587945503300e+01
1.864375794756516029e+02 1.935329987788830808e-02 1.263742089342723673e+01
1.861606374028758921e+02 1.951081097520988156e-02 1.261864874702516204e+01
1.858717447356206947e+02 1.966832207253145504e-02 1.259906654562887596e+01
1.855711512769176181e+02 1.982583316985302505e-02 1.257869122180132493e+01
1.852591042426848560e+02 1.998334426717459852e-02 1.255753953274144052e+01
1.849358482279271527e+02 2.014085536449616853e-02 1.253562805799308855e+01
1.846016251765128970e+02 2.029836646181774201e-02 1.251297319739638603e+01
1.842566743543372638e+02 2.045587755913931202e-02 1.248959116926864432e+01
1.839012323257101684e+02 2.061338865646088550e-02 1.246549800880385916e+01
1.835355329327879588e+02 2.077089975378245551e-02 1.244070956667847483e+01
1.831598072779012227e+02 2.092841085110402899e-02 1.241524150785354941e+01
1.827742837086201746e+02 2.108592194842560247e-02 1.238910931056240194e+01
1.823791878054178994e+02 2.124343304574717248e-02 1.236232826547440311e+01
1.819747423717938375e+02 2.140094414306874596e-02 1.233491347502546454e+01
1.815611674267235003e+02 2.155845524039031597e-02 1.230687985290630770e+01
1.811386801993157292e+02 2.171596633771188944e-02 1.227824212370029500e+01
1.807074953337595389e+02 2.187347743503345945e-02 1.224901483677544078e+01
1.802678474659198571e+02 2.203098853235503293e-02 1.221921389660868940e+01
1.798200098707849577e+02 2.218849962967660294e-02 1.218885782677804208e+01
1.793642543268121585e+02 2.234601072699817642e-02 1.215796504942116307e+01
1.789008463013335302e+02 2.250352182431974990e-02 1.212655355888456654e+01
1.784300450808362370e+02 2.266103292164131991e-02 1.209464093055450284e+01
1.779521038991535420e+02 2.281854401896289339e-02 1.206224432954619807e+01
1.774672700635722435e+02 2.297605511628446340e-02 1.202938051925190521e+01
1.769757850788458313e+02 2.313356621360603688e-02 1.199606586974692490e+01
1.764778847691102328e+02 2.329107731092760689e-02 1.196231636605356030e+01
1.759737993977057329e+02 2.344858840824918036e-02 1.192814761626301134e+01
1.754637537849064586e+02 2.360609950557075037e-02 1.189357485951558857e+01
1.749479674235675191e+02 2.376361060289232385e-02 1.185861297383963553e+01
1.744266545926975027e+02 2.392112170021389733e-02 1.182327648384991292e+01
1.739000244689648582e+02 2.407863279753546734e-02 1.178757956830592946e+01
1.733682812361625452e+02 2.423614389485704082e-02 1.175153606753182167e+01
1.728316241926295334e+02 2.439365499217861083e-02 1.171515949069777562e+01
1.722902478566608977e+02 2.455116608950018431e-02 1.167846302296514871e+01
1.717443420699201795e+02 2.470867718682175432e-02 1.164145953249609811e+01
1.711940920988719768e+02 2.486618828414332780e-02 1.160416157732907116e+01
1.706396787342575294e+02 2.502369938146489781e-02 1.156658141212161439e+01
1.700812783886350417e+02 2.518121047878647129e-02 1.152873099476201268e+01
1.695190631920119415e+02 2.533872157610804476e-02 1.149062199285161867e+01
1.689532010855832027e+02 2.549623267342961477e-02 1.145226579005873724e+01
1.683838559136135871e+02 2.565374377075118825e-02 1.141367349234678308e+01
1.678111875134776199e+02 2.581125486807275826e-02 1.137485593407748219e+01
1.672353518038859477e+02 2.596876596539433174e-02 1.133582368399119922e+01
1.666565008713355667e+02 2.612627706271590175e-02 1.129658705106683314e+01
1.660747830547884405e+02 2.628378816003747523e-02 1.125715609026168984e+01
1.654903430286254604e+02 2.644129925735904524e-02 1.121754060813432119e+01
1.649033218838988830e+02 2.659881035468061872e-02 1.117775016835219759e+01
1.643138572078953246e+02 2.675632145200219220e-02 1.113779409708472024e+01
1.637220838059594712e+02 2.691383254932376221e-02 1.109768153193110685e+01
1.631281659826505006e+02 2.707134364664533568e-02 1.105742361005520280e+01
1.625323106686799690e+02 2.722885474396690569e-02 1.101703435797733199e+01
1.619347213987971941e+02 2.738636584128847917e-02 1.097652757202706653e+01
1.613355946004396060e+02 2.754387693861004918e-02 1.093591656677442359e+01
1.607351198013349460e+02 2.770138803593162266e-02 1.089521418910183392e+01
1.601334798319798267e+02 2.785889913325319267e-02 1.085443283192891961e+01
1.595308510230631214e+02 2.801641023057476615e-02 1.081358444759458770e+01
1.589274033979070282e+02 2.817392132789633963e-02 1.077268056090133186e+01
1.583233008600007850e+02 2.833143242521790964e-02 1.073173228182701777e+01
1.577187013757090597e+02 2.848894352253948312e-02 1.069075031790948316e+01
1.571137571522349390e+02 2.864645461986105313e-02 1.064974498630953725e+01
1.565086148109210171e+02 2.880396571718262660e-02 1.060872622555794109e+01
1.559034155559749877e+02 2.896147681450419661e-02 1.056770360699225009e+01
1.552982953387031557e+02 2.911898791182577009e-02 1.052668634588912866e+01
1.546933850173465146e+02 2.927649900914734010e-02 1.048568331229867390e+01
1.540888105125946197e+02 2.943401010646891358e-02 1.044470304158569540e+01
1.534846929588813964e+02 2.959152120379048706e-02 1.040375374468507275e+01
1.528811488515400754e+02 2.974903230111205707e-02 1.036284331807649295e+01
1.522782901899130650e+02 2.990654339843363055e-02 1.032197935348493800e+01
1.516762246165003205e+02 3.006405449575520056e-02 1.028116914731266895e+01
1.510750555522390641e+02 3.022156559307677404e-02 1.024041970980900729e+01
1.504748823280002625e+02 3.037907669039834405e-02 1.019973777398360859e+01
1.498758003123916751e+02 3.053658778771991752e-02 1.015912980426945111e+01
1.492779010359510892e+02 3.069409888504148753e-02 1.011860200494108675e+01
1.486812723118187591e+02 3.085160998236306101e-02 1.007816032829427044e+01
1.480859983529711315e+02 3.100912107968463102e-02 1.003781048259250674e+01
1.474921598861032521e+02 3.116663217700620450e-02 9.997557939786361203e+00
1.468998342622377606e+02 3.132414327432777451e-02 9.957407943011020279e+00
1.463090955641490609e+02 3.148165437164934799e-02 9.917365513867826721e+00
1.457200147106766224e+02 3.163916546897092147e-02 9.877435459495055525e+00
1.451326595580088963e+02 3.179667656629248801e-02 9.837622379433296871e+00
1.445470949980188209e+02 3.195418766361406149e-02 9.797930672290981136e+00
1.439633830537229358e+02 3.211169876093563497e-02 9.758364542214987836e+00
1.433815829719412420e+02 3.226920985825720151e-02 9.718928005171411755e+00
1.428017513132326428e+02 3.242672095557877499e-02 9.679624895041772703e+00
1.422239420391769045e+02 3.258423205290034846e-02 9.640458869539271447e+00
1.416482065970746191e+02 3.274174315022192194e-02 9.601433415950070938e+00
1.410745940021331251e+02 3.289925424754349542e-02 9.562551856704160969e+00
1.405031509244829522e+02 3.305676534486506196e-02 9.523817355273651586e+00
1.399339296716693468e+02 3.321427644218663544e-02 9.485233457255230149e+00
1.393670027726407170e+02 3.337178753950820892e-02 9.446805078926246324e+00
1.388024433549355194e+02 3.352929863682978240e-02 9.408537177138667218e+00
1.382403210067191708e+02 3.368680973415134894e-02 9.370434468832801400e+00
1.376807018959983111e+02 3.384432083147292242e-02 9.332501439118111364e+00
1.371236488863480076e+02 3.400183192879449590e-02 9.294742349117587565e+00
1.365692216492508351e+02 3.415934302611606938e-02 9.257161243582517685e+00
1.360174767731126337e+02 3.431685412343764285e-02 9.219761958281987191e+00
1.354684678690539954e+02 3.447436522075920939e-02 9.182548127173788544e+00
1.349222456735445235e+02 3.463187631808078287e-02 9.145523189361364658e+00
1.343788581479633137e+02 3.478938741540235635e-02 9.108690395842371501e+00
1.338383505751687892e+02 3.494689851272392983e-02 9.072052816054540614e+00
1.333007656531424345e+02 3.510440961004549637e-02 9.035613344223197174e+00
1.327661435857991421e+02 3.526192070736706985e-02 8.999374705516700601e+00
1.322345221710237411e+02 3.541943180468864333e-02 8.963339462013907522e+00
1.317059368860146833e+02 3.557694290201021681e-02 8.927510018489066113e+00
1.311804209700043202e+02 3.573445399933179029e-02 8.891888628018879359e+00
1.306580055044301503e+02 3.589196509665335683e-02 8.856477397416854913e+00
1.301387194906185130e+02 3.604947619397493030e-02 8.821278292498924145e+00
1.296225899250589464e+02 3.620698729129650378e-02 8.786293143185885057e+00
1.291096418723251702e+02 3.636449838861807726e-02 8.751523648446182690e+00
1.285998985357184949e+02 3.652200948593964380e-02 8.716971381084441362e+00
1.280933813256864653e+02 3.667952058326121728e-02 8.682637792379090058e+00
1.275901099260888429e+02 3.683703168058279076e-02 8.648524216574108081e+00
1.270901023583654705e+02 3.699454277790436424e-02 8.614631875228599966e+00
1.265933750436692264e+02 3.715205387522593772e-02 8.580961881428351035e+00
1.260999428630209280e+02 3.730956497254750426e-02 8.547515243863372802e+00
1.256098192155413216e+02 3.746707606986907774e-02 8.514292870775062028e+00
1.251230160748211944e+02 3.762458716719065122e-02 8.481295573777188679e+00
1.246395440434752828e+02 3.778209826451222469e-02 8.448524071553753956e+00
1.241594124059430442e+02 3.793960936183379123e-02 8.415978993438008260e+00
1.236826291795792372e+02 3.809712045915536471e-02 8.383660882875581422e+00
1.232092011640883271e+02 3.825463155647693819e-02 8.351570200775302766e+00
1.227391339893505915e+02 3.841214265379851167e-02 8.319707328751043462e+00
1.222724321616932599e+02 3.856965375112008515e-02 8.288072572258148085e+00
1.218090991086402823e+02 3.872716484844165169e-02 8.256666163626718458e+00
1.213491372222008522e+02 3.888467594576322517e-02 8.225488264995885146e+00
1.208925479007315715e+02 3.904218704308479865e-02 8.194538971151368756e+00
1.204393315894154028e+02 3.919969814040637213e-02 8.163818312269306432e+00
1.199894878194070600e+02 3.935720923772793867e-02 8.133326256569645807e+00
1.195430152456716399e+02 3.951472033504951215e-02 8.103062712881003549e+00
1.190999116835729126e+02 3.967223143237108562e-02 8.073027533120747279e+00
1.186601741442358247e+02 3.982974252969265910e-02 8.043220514691995504e+00
1.182237988687244865e+02 3.998725362701423258e-02 8.013641402800326219e+00
1.177907813610794960e+02 4.014476472433579912e-02 7.984289892693173130e+00
1.173611164202364705e+02 4.030227582165737260e-02 7.955165631823375882e+00
1.169347981708725825e+02 4.045978691897894608e-02 7.926268221940060421e+00
1.165118200932076604e+02 4.061729801630051956e-02 7.897597221108695109e+00
1.160921745274469856e+02 4.077480911362208610e-02 7.869152110120378296e+00
1.156758497090769566e+02 4.093232021094365958e-02 7.840932091533360015e+00
1.152628320029219253e+02 4.108983130826523306e-02 7.812936241105572499e+00
1.148531074337774385e+02 4.124734240558680654e-02 7.785163611546555451e+00
1.144466617099563024e+02 4.140485350290838001e-02 7.757613234113489575e+00
1.140434802411854633e+02 4.156236460022994655e-02 7.730284119824315958e+00
1.136435481558574878e+02 4.171987569755152003e-02 7.703175260627098453e+00
1.132468503176477412e+02 4.187738679487309351e-02 7.676285630526400006e+00
1.128533713415275344e+02 4.203489789219466699e-02 7.649614186668725502e+00
1.124630956091827301e+02 4.219240898951623353e-02 7.623159870387624437e+00
1.120760072838688330e+02 4.234992008683780701e-02 7.596921608210643662e+00
1.116920903247124670e+02 4.250743118415938049e-02 7.570898312828729715e+00
1.113113285004824462e+02 4.266494228148095397e-02 7.545088884029680365e+00
1.109337054028467122e+02 4.282245337880252745e-02 7.519492209596747578e+00
1.105592044591309957e+02 4.297996447612409399e-02 7.494107166173465728e+00
1.101878089445983449e+02 4.313747557344566746e-02 7.468932620096002672e+00
1.098195019942643427e+02 4.329498667076724094e-02 7.443967428194050662e+00
1.094542666142616980e+02 4.345249776808881442e-02 7.419210438561136378e+00
1.090920856927748872e+02 4.361000886541038096e-02 7.394660491295831584e+00
1.087329420105510707e+02 4.376751996273195444e-02 7.370316419214214321e+00
1.083768182510096949e+02 4.392503106005352792e-02 7.346177048535132315e+00
1.080236970099581413e+02 4.408254215737510140e-02 7.322241199538760625e+00
1.076735608049325208e+02 4.424005325469667488e-02 7.298507687199774274e+00
1.073263920841690009e+02 4.439756435201824142e-02 7.274975321795435157e+00
1.069821732352242236e+02 4.455507544933981490e-02 7.251642909489931732e+00
1.066408865932565249e+02 4.471258654666138838e-02 7.228509252895693571e+00
1.063025144489739517e+02 4.487009764398296185e-02 7.205573151612163940e+00
1.059670390562668416e+02 4.502760874130452839e-02 7.182833402743125539e+00
1.056344426395326792e+02 4.518511983862610187e-02 7.160288801393241975e+00
1.053047074007024548e+02 4.534263093594767535e-02 7.137938141144318571e+00
1.049778155259822938e+02 4.550014203326924883e-02 7.115780214512263058e+00
1.046537491923184717e+02 4.565765313059082231e-02 7.093813813385309253e+00
1.043324905735912722e+02 4.581516422791238885e-02 7.072037729443892751e+00
1.040140218465565169e+02 4.597267532523396233e-02 7.050450754563338585e+00
1.036983251965317407e+02 4.613018642255553581e-02 7.029051681199327994e+00
1.033853828228474470e+02 4.628769751987710929e-02 7.007839302757391309e+00
1.030751769440605301e+02 4.644520861719867583e-02 6.986812413946283939e+00
1.027676898029481123e+02 4.660271971452024931e-02 6.965969811116517363e+00
1.024629036712819641e+02 4.676023081184182278e-02 6.945310292583947387e+00
1.021608008543943811e+02 4.691774190916339626e-02 6.924832658939296337e+00
1.018613636955433037e+02 4.707525300648496974e-02 6.904535713344013281e+00
1.015645745800816400e+02 4.723276410380653628e-02 6.884418261812912831e+00
1.012704159394389336e+02 4.739027520112810976e-02 6.864479113484041939e+00
1.009788702549242743e+02 4.754778629844968324e-02 6.844717080876475457e+00
1.006899200613486016e+02 4.770529739577125672e-02 6.825130980135826420e+00
1.004035479504842243e+02 4.786280849309282326e-02 6.805719631268764225e+00
1.001197365743585550e+02 4.802031959041439674e-02 6.786481858366271602e+00
9.983846864839087232e+01 4.817783068773597022e-02 6.767416489816265646e+00
9.955972695437819198e+01 4.833534178505754370e-02 6.748522358505974594e+00
9.928349434333590295e+01 4.849285288237911717e-02 6.729798302014521560e+00
9.900975373819566983e+01 4.865036397970068371e-02 6.711243162795767603e+00
9.873848813636854516e+01 4.880787507702225719e-02 6.692855788352055413e+00
9.846968061217707202e+01 4.896538617434383067e-02 6.674635031399072993e+00
9.820331431916204679e+01 4.912289727166540415e-02 6.656579750022218356e+00
9.793937249226590325e+01 4.928040836898697069e-02 6.638688807824580707e+00
9.767783844989872932e+01 4.943791946630854417e-02 6.620961074066991969e+00
9.741869559589379435e+01 4.959543056363011765e-02 6.603395423800588304e+00
9.716192742135231697e+01 4.975294166095169113e-02 6.585990737991835431e+00
9.690751750638159479e+01 4.991045275827326461e-02 6.568745903640367700e+00
9.665544932989834592e+01 5.006796385559483115e-02 6.551659800886746154e+00
9.640570027651605756e+01 5.022547495291640463e-02 6.534730896777375619e+00
9.615824065736055104e+01 5.038298605023797810e-02 6.517957178891792935e+00
9.591304084111769157e+01 5.054049714755955158e-02 6.501336638711176619e+00
9.567007168597605471e+01 5.069800824488111812e-02 6.484867300896983267e+00
9.542930452979221911e+01 5.085551934220269160e-02 6.468547222624319026e+00
9.519071118048779567e+01 5.101303043952426508e-02 6.452374492931017613e+00
9.495426390666717964e+01 5.117054153684583856e-02 6.436347232081685910e+00
9.471993542846512071e+01 5.132805263416741204e-02 6.420463590947294463e+00
9.448769890859828990e+01 5.148556373148897858e-02 6.404721750398643998e+00
9.425752794362900033e+01 5.164307482881055206e-02 6.389119920714177780e+00
9.402939655543271158e+01 5.180058592613212554e-02 6.373656341001621151e+00
9.380327918286135969e+01 5.195809702345369901e-02 6.358329278632881554e+00
9.357915067359742523e+01 5.211560812077526555e-02 6.343137028691903545e+00
9.335698627619737522e+01 5.227311921809683903e-02 6.328077913435338431e+00
9.313676163231521343e+01 5.243063031541841251e-02 6.313150281765418370e+00
9.291845276676251331e+01 5.258814141273998599e-02 6.298352508556198437e+00
9.270203543485175146e+01 5.274565251006155947e-02 6.283682950414108959e+00
9.248748426127465905e+01 5.290316360738312601e-02 6.269139887307961345e+00
9.227477407485081073e+01 5.306067470470469949e-02 6.254721613043091821e+00
9.206388012363785833e+01 5.321818580202627297e-02 6.240426449842348511e+00
9.185477806652095012e+01 5.337569689934784645e-02 6.226252747775955498e+00
9.164744396499995105e+01 5.353320799666941299e-02 6.212198884204829241e+00
9.144185427516887898e+01 5.369071909399098647e-02 6.198263263236936105e+00
9.123798583988448740e+01 5.384823019131255994e-02 6.184444315196420128e+00
9.103581588111342171e+01 5.400574128863413342e-02 6.170740496104893502e+00
9.083532199246150185e+01 5.416325238595570690e-02 6.157150287175017667e+00
9.063648213187327940e+01 5.432076348327727344e-02 6.143672194315676016e+00
9.043927461449978011e+01 5.447827458059884692e-02 6.130304747648506414e+00
9.024367810573095028e+01 5.463578567792042040e-02 6.117046501035626527e+00
9.004967161438678147e+01 5.479329677524199388e-02 6.103896031618096352e+00
8.985723448606533736e+01 5.495080787256356042e-02 6.090851939365018453e+00
8.966634639663973871e+01 5.510831896988513390e-02 6.077912846632760768e+00
8.947698734462875336e+01 5.526583006720670738e-02 6.065077397647778312e+00
8.928913577326670747e+01 5.542334116452828086e-02 6.052344131213668987e+00
8.910276489193695681e+01 5.558085226184985433e-02 6.039711231364468524e+00
8.891784736346002660e+01 5.573836335917142087e-02 6.027176845086188450e+00
8.873435635953626388e+01 5.589587445649299435e-02 6.014739153858573495e+00
8.855226555000837152e+01 5.605338555381456783e-02 6.002396372927279344e+00
8.837154909239367839e+01 5.621089665113614131e-02 5.990146750594329994e+00
8.819218162167776143e+01 5.636840774845770785e-02 5.977988567526292485e+00
8.801413824036417566e+01 5.652591884577928133e-02 5.965920136079818192e+00
8.783739450876855415e+01 5.668342994310085481e-02 5.953939799643725550e+00
8.766192643555567088e+01 5.684094104042242829e-02 5.942045931997589570e+00
8.748771046850841060e+01 5.699845213774400177e-02 5.930236936686001492e+00
8.731472348552235019e+01 5.715596323506556831e-02 5.918511246408175275e+00
8.714294278582214304e+01 5.731347433238714179e-02 5.906867322422548305e+00
8.697234608139096679e+01 5.747098542970871526e-02 5.895303653965831892e+00
8.680291148860736428e+01 5.762849652703028874e-02 5.883818757686153589e+00
8.663461752008407757e+01 5.778600762435185528e-02 5.872411177089817080e+00
8.646744307670573448e+01 5.794351872167342876e-02 5.861079482001639640e+00
8.630136743658457021e+01 5.810102981899500224e-02 5.849822267816280785e+00
8.613636843653031860e+01 5.825854091631657572e-02 5.838638032231671104e+00
8.597241952086744732e+01 5.841605201363814920e-02 5.827524975207011515e+00
8.580949386268146384e+01 5.857356311095971574e-02 5.816481278315936976e+00
8.564756515737407483e+01 5.873107420828128922e-02 5.805505158536583998e+00
8.548660761203402103e+01 5.888858530560286270e-02 5.794594867531110971e+00
8.532659593507726470e+01 5.904609640292443618e-02 5.783748690943467885e+00
8.516750532614585723e+01 5.920360750024600272e-02 5.772964947714704032e+00
8.500931146626356849e+01 5.936111859756757619e-02 5.762241989415680443e+00
8.485199050823398181e+01 5.951862969488914967e-02 5.751578199596219854e+00
8.469551906728254664e+01 5.967614079221072315e-02 5.740971993150794539e+00
8.453987421192336171e+01 5.983365188953229663e-02 5.730421815699433097e+00
8.438503345505858988e+01 5.999116298685386317e-02 5.719926142984412820e+00
8.423097474528877626e+01 6.014867408417543665e-02 5.709483480281242862e+00
8.407767645844124615e+01 6.030618518149701013e-02 5.699092361824427577e+00
8.392511738930116394e+01 6.046369627881858361e-02 5.688751350246961103e+00
8.377327674354239662e+01 6.062120737614015015e-02 5.678459036033374652e+00
8.362213412985342131e+01 6.077871847346172363e-02 5.668214036986015003e+00
8.347166955225158347e+01 6.093622957078329710e-02 5.658014997704052362e+00
8.332186338242776458e+01 6.109374066810487058e-02 5.647860587708919411e+00
8.317269417556208566e+01 6.125125176542643712e-02 5.637749353392309537e+00
8.302413678268607100e+01 6.140876286274801060e-02 5.627679590065170601e+00
8.287616610704256459e+01 6.156627396006958408e-02 5.617649596577533266e+00
8.272875756054098417e+01 6.172378505739115756e-02 5.607657706258700081e+00
8.258188705424822729e+01 6.188129615471273104e-02 5.597702286272706829e+00
8.243553098912028076e+01 6.203880725203429758e-02 5.587781736990049097e+00
8.228966624695971177e+01 6.219631834935587106e-02 5.577894491374768116e+00
8.214427018159773297e+01 6.235382944667744454e-02 5.568039014386731544e+00
8.199932061029196007e+01 6.251134054399902495e-02 5.558213802398543457e+00
8.185479580533426258e+01 6.266885164132059149e-02 5.548417382626694483e+00
8.171067448586053672e+01 6.282636273864215803e-02 5.538648312576398780e+00
8.156693580985664482e+01 6.298387383596373845e-02 5.528905179499718159e+00
8.142355936635819091e+01 6.314138493328530499e-02 5.519186599866850784e+00
8.128052516783112935e+01 6.329889603060687153e-02 5.509491218849656313e+00
8.113781364273668828e+01 6.345640712792845195e-02 5.499817709817659050e+00
8.099540562826643963e+01 6.361391822525001849e-02 5.490164773845631174e+00
8.085328236324882312e+01 6.377142932257158503e-02 5.480531139232769355e+00
8.071142548121832760e+01 6.392894041989316545e-02 5.470915561032863472e+00
8.056981700364508470e+01 6.408645151721473199e-02 5.461316820595429000e+00
8.042843927397545656e+01 6.424396261453631241e-02 5.451733721094690566e+00
8.028727291995734561e+01 6.440147371185787895e-02 5.442164949408561547e+00
8.014629639283079143e+01 6.455898480917944549e-02 5.432609044883288441e+00
8.000548844637657453e+01 6.471649590650102590e-02 5.423064567372445133e+00
7.986482829427900754e+01 6.487400700382259244e-02 5.413530107903546273e+00
7.972429560254333580e+01 6.503151810114417286e-02 5.404004288164065528e+00
7.958387048209108627e+01 6.518902919846573940e-02 5.394485759999540164e+00
7.944353348152628769e+01 6.534654029578730594e-02 5.384973204923217516e+00
7.930326558006773041e+01 6.550405139310888636e-02 5.375465333636994636e+00
7.916304818064394055e+01 6.566156249043045290e-02 5.365960885563358929e+00
7.902286310314104867e+01 6.581907358775203332e-02 5.356458628387718690e+00
7.888269257780551413e+01 6.597658468507359986e-02 5.346957357611191952e+00
7.874251923878856019e+01 6.613409578239516640e-02 5.337455896113056042e+00
7.860232611783780499e+01 6.629160687971674681e-02 5.327953093723102107e+00
7.846209663812217627e+01 6.644911797703831335e-02 5.318447826803113010e+00
7.832181460819049335e+01 6.660662907435987989e-02 5.308938997837317153e+00
7.818146421606186891e+01 6.676414017168146031e-02 5.299425535031827117e+00
7.804103002343815376e+01 6.692165126900302685e-02 5.289906391922343687e+00
7.790049696003831059e+01 6.707916236632460727e-02 5.280380546990107504e+00
7.775985031805171843e+01 6.723667346364617381e-02 5.270847003285932253e+00
7.761907574670318866e+01 6.739418456096774035e-02 5.261304788061800686e+00
7.747815918063935214e+01 6.755169565828932077e-02 5.251752947916624059e+00
7.733708572017340543e+01 6.770920675561088731e-02 5.242190472895146947e+00
7.719583981707593523e+01 6.786671785293246772e-02 5.232616309081523198e+00
7.705440627385485186e+01 6.802422895025403426e-02 5.223029426334171887e+00
7.691277027218070828e+01 6.818174004757560080e-02 5.213428820212528514e+00
7.677091736743058448e+01 6.833925114489718122e-02 5.203813511607234155e+00
7.662883348333572542e+01 6.849676224221874776e-02 5.194182546377315468e+00
7.648650490673647084e+01 6.865427333954032818e-02 5.184534994994673518e+00
7.634391828243958855e+01 6.881178443686189472e-02 5.174869952195463974e+00
7.620106060817215621e+01 6.896929553418346126e-02 5.165186536638090686e+00
7.605791922963311436e+01 6.912680663150504168e-02 5.155483890567753136e+00
7.591448183563534258e+01 6.928431772882660822e-02 5.145761179487161385e+00
7.577073645333835827e+01 6.944182882614817476e-02 5.136017591833414997e+00
7.562667144356638005e+01 6.959933992346975518e-02 5.126252338660609809e+00
7.548227549621206833e+01 6.975685102079132172e-02 5.116464653328320011e+00
7.533753762572050050e+01 6.991436211811290213e-02 5.106653791195457259e+00
7.519244716665203043e+01 7.007187321543446867e-02 5.096819029319522798e+00
7.504699376932042298e+01 7.022938431275603521e-02 5.086959666160933757e+00
7.490116739550745706e+01 7.038689541007761563e-02 5.077075021292557722e+00
7.475495831424726134e+01 7.054440650739918217e-02 5.067164435113939547e+00
7.460835709767901847e+01 7.070191760472076259e-02 5.057227268570199996e+00
7.446135461696941604e+01 7.085942870204232913e-02 5.047262902875632840e+00
7.431394206888846554e+01 7.101693979936389567e-02 5.037270741315120759e+00
7.416611134934824179e+01 7.117445089668547609e-02 5.027250234563950038e+00
7.401785492297979374e+01 7.133196199400704263e-02 5.017200871847253829e+00
7.386916552864778396e+01 7.148947309132862304e-02 5.007122160978730641e+00
7.372003616944557791e+01 7.164698418865018958e-02 4.997013627682460601e+00
7.357046010915148315e+01 7.180449528597175612e-02 4.986874815352708268e+00
7.342043086873442803e+01 7.196200638329333654e-02 4.976705284817051655e+00
7.326994222291122583e+01 7.211951748061490308e-02 4.966504614103034676e+00
7.311898819674873096e+01 7.227702857793646962e-02 4.956272398207839380e+00
7.296756306231401368e+01 7.243453967525805004e-02 4.946008248871219593e+00
7.281566133536799157e+01 7.259205077257961658e-02 4.935711794351404613e+00
7.266327777210345573e+01 7.274956186990119700e-02 4.925382679203964109e+00
7.251040736592547375e+01 7.290707296722276354e-02 4.915020564063586228e+00
7.235704534427129886e+01 7.306458406454433008e-02 4.904625125428511367e+00
7.220318716547218685e+01 7.322209516186591050e-02 4.894196055447831206e+00
7.204882851565287183e+01 7.337960625918747704e-02 4.883733061711299506e+00
7.189396530566912702e+01 7.353711735650905745e-02 4.873235867041770142e+00
7.173859366808112270e+01 7.369462845383062399e-02 4.862704209290027890e+00
7.158270995416359028e+01 7.385213955115219053e-02 4.852137841132133644e+00
7.142631073094986505e+01 7.400965064847377095e-02 4.841536529869051364e+00
7.126939277830949493e+01 7.416716174579533749e-02 4.830900057228565636e+00
7.111195308605891796e+01 7.432467284311691791e-02 4.820228219169427675e+00
7.095398885110498099e+01 7.448218394043848445e-02 4.809520825687727097e+00
7.079549759428462608e+01 7.463969503776005099e-02 4.798777708736734482e+00
7.063647898871501241e+01 7.479720613508163141e-02 4.787998846159131183e+00
7.047693444992832212e+01 7.495471723240319795e-02 4.777184333904864744e+00
7.031686555706579611e+01 7.511222832972476449e-02 4.766334279013904052e+00
7.015627400361252342e+01 7.526973942704634490e-02 4.755448796276860790e+00
6.999516159551774308e+01 7.542725052436791144e-02 4.744528008107578465e+00
6.983353024933795439e+01 7.558476162168949186e-02 4.733572044417264202e+00
6.967138199039044366e+01 7.574227271901105840e-02 4.722581042489329306e+00
6.950871895092905106e+01 7.589978381633262494e-02 4.711555146855740617e+00
6.934554336833195975e+01 7.605729491365420536e-02 4.700494509174166780e+00
6.918185758330827184e+01 7.621480601097577190e-02 4.689399288106434582e+00
6.901766403811886619e+01 7.637231710829735232e-02 4.678269649197913438e+00
6.885296527481412454e+01 7.652982820561891886e-02 4.667105764758076702e+00
6.868776393348598219e+01 7.668733930294048540e-02 4.655907813742011570e+00
6.852206275053615059e+01 7.684485040026206581e-02 4.644675981633026751e+00
6.835586455695869290e+01 7.700236149758363235e-02 4.633410460326258473e+00
6.818917227663835945e+01 7.715987259490521277e-02 4.622111448013300539e+00
6.802198892466215341e+01 7.731738369222677931e-02 4.610779149067779414e+00
6.785431760564745218e+01 7.747489478954834585e-02 4.599413773932014671e+00
6.768616151208286169e+01 7.763240588686992627e-02 4.588015539004556054e+00
6.751752392268362257e+01 7.778991698419149281e-02 4.576584666528711764e+00
6.734840820076139778e+01 7.794742808151305935e-02 4.565121384482045741e+00
6.717881779260845576e+01 7.810493917883463977e-02 4.553625926466851936e+00
6.700875622589416025e+01 7.826245027615620631e-02 4.542098531601458156e+00
6.683822715075933729e+01 7.841996137347778673e-02 4.530539447305757861e+00
6.666723662003573736e+01 7.857747247079935327e-02 4.518949083862817240e+00
6.649579417372892465e+01 7.873498356812091981e-02 4.507328087929103333e+00
6.632390958017784044e+01 7.889249466544250022e-02 4.495677121638349760e+00
6.615159254692365209e+01 7.905000576276406676e-02 4.483996843003192012e+00
6.597885272057014561e+01 7.920751686008564718e-02 4.472287905905711902e+00
6.580569968665142255e+01 7.936502795740721372e-02 4.460550960088463412e+00
6.563214296951019833e+01 7.952253905472878026e-02 4.448786651146221516e+00
6.545819203218172788e+01 7.968005015205036068e-02 4.436995620518122685e+00
6.528385627628870225e+01 7.983756124937192722e-02 4.425178505480531932e+00
6.510914504194198571e+01 7.999507234669350764e-02 4.413335939140313968e+00
6.493406760765073216e+01 8.015258344401507418e-02 4.401468550428754511e+00
6.475863319023973474e+01 8.031009454133664072e-02 4.389576964095938116e+00
6.458285094477528787e+01 8.046760563865822113e-02 4.377661800705737960e+00
6.440672996449700349e+01 8.062511673597978767e-02 4.365723676631183992e+00
6.423027928075957504e+01 8.078262783330135421e-02 4.353763204050527413e+00
6.405350786298026833e+01 8.094013893062293463e-02 4.341780990943663987e+00
6.387642461859412890e+01 8.109765002794450117e-02 4.329777641089116003e+00
6.369903839301631621e+01 8.125516112526608159e-02 4.317753754061468108e+00
6.352135796961214709e+01 8.141267222258764813e-02 4.305709925229340485e+00
6.334339206967357683e+01 8.157018331990921467e-02 4.293646745753793681e+00
6.316514935240287798e+01 8.172769441723079509e-02 4.281564802587221941e+00
6.298663841490191828e+01 8.188520551455236163e-02 4.269464678472628449e+00
6.280786779217123694e+01 8.204271661187394205e-02 4.257346951943560498e+00
6.262884595711112468e+01 8.220022770919550859e-02 4.245212197324179648e+00
6.244958132053402977e+01 8.235773880651707513e-02 4.233060984730109944e+00
6.227008306839855578e+01 8.251524990383865554e-02 4.220893936819220649e+00
6.209036516842073894e+01 8.267276100116022208e-02 4.208712000374378981e+00
6.191044314636070567e+01 8.283027209848178862e-02 4.196516227788380071e+00
6.173033229890610585e+01 8.298778319580336904e-02 4.184307655926649439e+00
6.155004769318544788e+01 8.314529429312493558e-02 4.172087306094253378e+00
6.136960416875464830e+01 8.330280539044651600e-02 4.159856184170557469e+00
6.118901633959169573e+01 8.346031648776808254e-02 4.147615280744430422e+00
6.100829859609723371e+01 8.361782758508964908e-02 4.135365571249845829e+00
6.082746510710300214e+01 8.377533868241122950e-02 4.123108016102035478e+00
6.064652982188576402e+01 8.393284977973279604e-02 4.110843560833986388e+00
6.046550647218456476e+01 8.409036087705437645e-02 4.098573136233184755e+00
6.028440857422373966e+01 8.424787197437594299e-02 4.086297658478739159e+00
6.010324943073801762e+01 8.440538307169750953e-02 4.074018029278657416e+00
5.992204213299970661e+01 8.456289416901908995e-02 4.061735136007246005e+00
5.974079956284953852e+01 8.472040526634065649e-02 4.049449851842776837e+00
5.955953439472598632e+01 8.487791636366223691e-02 4.037163035905036779e+00
5.937825909769779997e+01 8.503542746098380345e-02 4.024875533393101890e+00
5.919698593749345861e+01 8.519293855830536999e-02 4.012588175722900274e+00
5.901572697853247718e+01 8.535044965562695041e-02 4.000301780664903717e+00
5.883449408595333807e+01 8.550796075294851695e-02 3.988017152481587946e+00
5.865329892763956110e+01 8.566547185027008349e-02 3.975735082064761894e+00
5.847215297624487818e+01 8.582298294759166390e-02 3.963456347072852992e+00
5.829106751121337027e+01 8.598049404491323044e-02 3.951181712067819873e+00
5.811005362079624348e+01 8.613800514223481086e-02 3.938911928651882111e+00
5.792912220406555690e+01 8.629551623955637740e-02 3.926647735603996381e+00
5.774828397292160531e+01 8.645302733687794394e-02 3.914389859015939166e+00
5.756754945530456524e+01 8.661053843419952436e-02 3.902139012509989069e+00
5.738693061233371395e+01 8.676804953152109090e-02 3.889896006854550059e+00
5.720644396823743705e+01 8.692556062884267132e-02 3.877661962122251005e+00
5.702610659901012014e+01 8.708307172616423786e-02 3.865438035786429971e+00
5.684593523534378789e+01 8.724058282348580440e-02 3.853225361914575764e+00
5.666594626687066238e+01 8.739809392080738482e-02 3.841025051455889905e+00
5.648615574640319892e+01 8.755560501812895136e-02 3.828838192528705608e+00
5.630657939416565227e+01 8.771311611545053177e-02 3.816665850707304575e+00
5.612723260201875064e+01 8.787062721277209831e-02 3.804509069308292357e+00
5.594813043767423721e+01 8.802813831009366485e-02 3.792368869676270737e+00
5.576928764889849788e+01 8.818564940741524527e-02 3.780246251468772911e+00
5.559071866770459280e+01 8.834316050473681181e-02 3.768142192940419744e+00
5.541243761452842875e+01 8.850067160205837835e-02 3.756057651225990668e+00
5.523445830239241161e+01 8.865818269937995877e-02 3.743993562622655702e+00
5.505679424105039033e+01 8.881569379670152531e-02 3.731950842870932483e+00
5.487945864111637917e+01 8.897320489402310573e-02 3.719930387434547292e+00
5.470246441817390348e+01 8.913071599134467227e-02 3.707933071778981571e+00
5.452582419686568471e+01 8.928822708866623881e-02 3.695959751648681735e+00
5.434955031496265576e+01 8.944573818598781922e-02 3.684011263342879428e+00
5.417365482741012528e+01 8.960324928330938576e-02 3.672088423989849026e+00
5.399814951035263277e+01 8.976076038063096618e-02 3.660192031819732073e+00
5.382304586513377842e+01 8.991827147795253272e-02 3.648322866435652845e+00
5.364835512227113412e+01 9.007578257527409926e-02 3.636481689083159274e+00
5.347408824540774930e+01 9.023329367259567968e-02 3.624669242918069134e+00
5.330025593523456706e+01 9.039080476991724622e-02 3.612886253272345805e+00
5.312686863338834087e+01 9.054831586723882664e-02 3.601133427918311369e+00
5.295393652632026971e+01 9.070582696456039318e-02 3.589411457330874633e+00
5.278146954913705713e+01 9.086333806188195972e-02 3.577721014947899736e+00
5.260947738941260354e+01 9.102084915920354014e-02 3.566062757428571484e+00
5.243797026663786198e+01 9.117836025652510668e-02 3.554437377487356109e+00
5.226696169160038608e+01 9.133587135384667322e-02 3.542845790934838313e+00
5.209646585272064101e+01 9.149338245116825363e-02 3.531288959514041981e+00
5.192649658314513061e+01 9.165089354848982017e-02 3.519767820886221976e+00
5.175706736628820437e+01 9.180840464581140059e-02 3.508283289006509875e+00
5.158819134142976282e+01 9.196591574313296713e-02 3.496836254503342012e+00
5.141988130927711609e+01 9.212342684045453367e-02 3.485427585055466793e+00
5.125214973748543912e+01 9.228093793777611409e-02 3.474058125766149807e+00
5.108500876614241548e+01 9.243844903509768063e-02 3.462728699534920906e+00
5.091847021320806022e+01 9.259596013241926105e-02 3.451440107426330783e+00
5.075254557991532067e+01 9.275347122974082759e-02 3.440193129035999942e+00
5.058724605612510317e+01 9.291098232706239413e-02 3.428988522853624321e+00
5.042258252563890153e+01 9.306849342438397454e-02 3.417827026623067255e+00
5.025856557146603620e+01 9.322600452170554108e-02 3.406709357699398755e+00
5.009520548104343618e+01 9.338351561902712150e-02 3.395636213402712045e+00
4.993251225141062832e+01 9.354102671634868804e-02 3.384608271368905186e+00
4.977049559433574899e+01 9.369853781367025458e-02 3.373626189897134697e+00
4.960916494139399191e+01 9.385604891099183500e-02 3.362690608294054861e+00
4.944852944899653835e+01 9.401356000831340154e-02 3.351802147214701932e+00
4.928859800337098562e+01 9.417107110563496808e-02 3.340961409000075211e+00
4.912937922548998415e+01 9.432858220295654850e-02 3.330168978011224468e+00
4.897088147595180629e+01 9.448609330027811504e-02 3.319425420960074646e+00
4.881311285980789449e+01 9.464360439759969545e-02 3.308731287236650331e+00
4.865608123133930007e+01 9.480111549492126199e-02 3.298087109232842096e+00
4.849979419878246745e+01 9.495862659224282853e-02 3.287493402662737374e+00
4.834425912900168498e+01 9.511613768956440895e-02 3.276950666879339558e+00
4.818948315211039812e+01 9.527364878688597549e-02 3.266459385187805875e+00
4.803547316603867756e+01 9.543115988420755591e-02 3.256020025155064168e+00
4.788223584104919439e+01 9.558867098152912245e-02 3.245633038915908486e+00
4.772977763946012431e+01 9.574618207885068899e-02 3.235298864509898120e+00
4.757810553228227235e+01 9.590369317617226941e-02 3.225017974457634384e+00
4.742722728759816420e+01 9.606120427349383595e-02 3.214790895308155427e+00
4.727715050177723555e+01 9.621871537081541637e-02 3.204618141971161904e+00
4.712788252480871165e+01 9.637622646813698291e-02 3.194500212655800642e+00
4.697943046526219746e+01 9.653373756545854945e-02 3.184437589206915664e+00
4.683180119519157358e+01 9.669124866278012986e-02 3.174430737437442307e+00
4.668500135497929904e+01 9.684875976010169640e-02 3.164480107456792091e+00
4.653903735812284026e+01 9.700627085742326294e-02 3.154586133995273656e+00
4.639391539596151404e+01 9.716378195474484336e-02 3.144749236724503572e+00
4.624964144234561303e+01 9.732129305206640990e-02 3.134969820573905608e+00
4.610622125824554018e+01 9.747880414938799032e-02 3.125248276043112838e+00
4.596366039630321154e+01 9.763631524670955686e-02 3.115584979510505725e+00
4.582196420532370240e+01 9.779382634403112340e-02 3.105980293537646375e+00
4.568113783470904821e+01 9.795133744135270382e-02 3.096434567169838115e+00
4.554118623883281458e+01 9.810884853867427036e-02 3.086948136232635864e+00
4.540211418135611865e+01 9.826635963599585077e-02 3.077521323624411664e+00
4.526392623948678562e+01 9.842387073331741731e-02 3.068154439605048633e+00
4.512662680817743421e+01 9.858138183063898385e-02 3.058847782080506672e+00
4.499022010426941875e+01 9.873889292796056427e-02 3.049601636883712885e+00
4.485471017057565746e+01 9.889640402528213081e-02 3.040416278051310428e+00
4.472010087990827287e+01 9.905391512260371123e-02 3.031291968096665013e+00
4.458639593904860021e+01 9.921142621992527777e-02 3.022228958278974531e+00
4.445359889265927933e+01 9.936893731724684431e-02 3.013227488868430726e+00
4.432171312714153544e+01 9.952644841456842473e-02 3.004287789407694031e+00
4.419074187443521140e+01 9.968395951188999127e-02 2.995410078969463541e+00
4.406068821576312189e+01 9.984147060921155781e-02 2.986594566410292639e+00
4.393155508532019127e+01 9.999898170653313823e-02 2.977841450620636987e+00
4.380334527390787969e+01 1.001564928038547048e-01 2.969150920771232549e+00
4.367606143251308026e+01 1.003140039011762852e-01 2.960523156555658009e+00
4.354970607583359765e+01 1.004715149984978517e-01 2.951958328429328926e+00
4.342428157885748874e+01 1.006290260958194183e-01 2.943456597377619666e+00
4.329978946321418931e+01 1.007865371931409987e-01 2.935018066542140147e+00
4.317622979381516757e+01 1.009440482904625652e-01 2.926642740322822789e+00
4.305360240884118639e+01 1.011015593877841456e-01 2.918330607750973638e+00
4.293190707182967003e+01 1.012590704851057122e-01 2.910081652798288676e+00
4.281114347393439346e+01 1.014165815824272787e-01 2.901895854530047281e+00
4.269131123614697287e+01 1.015740926797488591e-01 2.893773187255670454e+00
4.257240991147909881e+01 1.017316037770704257e-01 2.885713620676657598e+00
4.245443898710437480e+01 1.018891148743920061e-01 2.877717120031760167e+00
4.233739788646338553e+01 1.020466259717135726e-01 2.869783646239674191e+00
4.222128597133066563e+01 1.022041370690351392e-01 2.861913156039140649e+00
4.210610254384379658e+01 1.023616481663567196e-01 2.854105602126497221e+00
4.199184684849709726e+01 1.025191592636782861e-01 2.846360933290803530e+00
4.187851807409730753e+01 1.026766703609998527e-01 2.838679094546411985e+00
4.176611535568549982e+01 1.028341814583214331e-01 2.831060027263247125e+00
4.165463777642282395e+01 1.029916925556429996e-01 2.823503669294617602e+00
4.154408436944121519e+01 1.031492036529645800e-01 2.816009955102670936e+00
4.143445411966127523e+01 1.033067147502861466e-01 2.808578815881612734e+00
4.132574596557522284e+01 1.034642258476077131e-01 2.801210179678563783e+00
4.121795880099769960e+01 1.036217369449292935e-01 2.793903971512237572e+00
4.111109147678360642e+01 1.037792480422508601e-01 2.786660113489373813e+00
4.100514280251313437e+01 1.039367591395724405e-01 2.779478524918967963e+00
4.090011154814686023e+01 1.040942702368940070e-01 2.772359122424447264e+00
4.079599644564791561e+01 1.042517813342155736e-01 2.765301820053638782e+00
4.069279619057476793e+01 1.044092924315371540e-01 2.758306529386721717e+00
4.059050944364283708e+01 1.045668035288587205e-01 2.751373159642093835e+00
4.048913483225791765e+01 1.047243146261803010e-01 2.744501617780297664e+00
4.038867095201891289e+01 1.048818257235018675e-01 2.737691808605891897e+00
4.028911636819210429e+01 1.050393368208234340e-01 2.730943634867380343e+00
4.019046961715803690e+01 1.051968479181450145e-01 2.724256997355284149e+00
4.009272920783016758e+01 1.053543590154665810e-01 2.717631794998300432e+00
3.999589362304564588e+01 1.055118701127881475e-01 2.711067924957587749e+00
3.989996132092971948e+01 1.056693812101097280e-01 2.704565282719236130e+00
3.980493057219413799e+01 1.058268923074312945e-01 2.698123751065764520e+00
3.971079686839258471e+01 1.059844034047528749e-01 2.691743024398194795e+00
3.961755344477401763e+01 1.061419145020744415e-01 2.685422644176964635e+00
3.952519354138410534e+01 1.062994255993960080e-01 2.679162152187650303e+00
3.943371047302551347e+01 1.064569366967175884e-01 2.672961095283127531e+00
3.934309762839503577e+01 1.066144477940391549e-01 2.666819025325094739e+00
3.925334846923217924e+01 1.067719588913607354e-01 2.660735499126340997e+00
3.916445652947737699e+01 1.069294699886823019e-01 2.654710078393708983e+00
3.907641541444410649e+01 1.070869810860038684e-01 2.648742329671956330e+00
3.898921879999970486e+01 1.072444921833254489e-01 2.642831824288252029e+00
3.890286043175775887e+01 1.074020032806470154e-01 2.636978138297410457e+00
3.881733412428164343e+01 1.075595143779685958e-01 2.631180852427918992e+00
3.873263376029824911e+01 1.077170254752901624e-01 2.625439552028636658e+00
3.864875328992168591e+01 1.078745365726117289e-01 2.619753827016176650e+00
3.856568672988776569e+01 1.080320476699333093e-01 2.614123271823011407e+00
3.848342816279861722e+01 1.081895587672548759e-01 2.608547485346274897e+00
3.840197173637697858e+01 1.083470698645764424e-01 2.603026070897214606e+00
3.832131166273012468e+01 1.085045809618980228e-01 2.597558636151295008e+00
3.824144221762396967e+01 1.086620920592195894e-01 2.592144793099001809e+00
3.816235773976627854e+01 1.088196031565411698e-01 2.586784157997240374e+00
3.808405263009982633e+01 1.089771142538627363e-01 2.581476351321438933e+00
3.800652135110385643e+01 1.091346253511843029e-01 2.576220997718194017e+00
3.792975842610602655e+01 1.092921364485058833e-01 2.571017725958624212e+00
3.785375843860177980e+01 1.094496475458274498e-01 2.565866168892245280e+00
3.777851603158419636e+01 1.096071586431490302e-01 2.560765963401538059e+00
3.770402590688137678e+01 1.097646697404705968e-01 2.555716750357038602e+00
3.763028282450338935e+01 1.099221808377921633e-01 2.550718174573068708e+00
3.755728160199644350e+01 1.100796919351137437e-01 2.545769884763954494e+00
3.748501711380741597e+01 1.102372030324353103e-01 2.540871533500966617e+00
3.741348429065485703e+01 1.103947141297568907e-01 2.536022777169671283e+00
3.734267811890875066e+01 1.105522252270784572e-01 2.531223275927891425e+00
3.727259363997914932e+01 1.107097363244000238e-01 2.526472693664268299e+00
3.720322594971144525e+01 1.108672474217216042e-01 2.521770697957268048e+00
3.713457019778992674e+01 1.110247585190431707e-01 2.517116960034758044e+00
3.706662157895534193e+01 1.111822696163647373e-01 2.512511154178693307e+00
3.699937365007431112e+01 1.113397807136863177e-01 2.507952843649928987e+00
3.693281630861989839e+01 1.114972918110078842e-01 2.503441343662252461e+00
3.686693908703266231e+01 1.116548029083294646e-01 2.498975944686204986e+00
3.680173165901334897e+01 1.118123140056510312e-01 2.494555946767460508e+00
3.673718383707610968e+01 1.119698251029725977e-01 2.490180659360978765e+00
3.667328557015243007e+01 1.121273362002941781e-01 2.485849401168579220e+00
3.661002694124493217e+01 1.122848472976157447e-01 2.481561499979914931e+00
3.654739816513091455e+01 1.124423583949373251e-01 2.477316292516811291e+00
3.648538958611311500e+01 1.125998694922588916e-01 2.473113124280798658e+00
3.642399167581725550e+01 1.127573805895804582e-01 2.468951349403823770e+00
3.636319503103629103e+01 1.129148916869020386e-01 2.464830330502129296e+00
3.630299037161750420e+01 1.130724027842236051e-01 2.460749438533030187e+00
3.624336853839538719e+01 1.132299138815451855e-01 2.456708052654792418e+00
3.618432049116537286e+01 1.133874249788667521e-01 2.452705560089295744e+00
3.612583730670111493e+01 1.135449360761883186e-01 2.448741355987625212e+00
3.606791017681038625e+01 1.137024471735098990e-01 2.444814843298305007e+00
3.601053040643325431e+01 1.138599582708314656e-01 2.440925432638375803e+00
3.595368941177711264e+01 1.140174693681530321e-01 2.437072542166985212e+00
3.589737871849140305e+01 1.141749804654746125e-01 2.433255597461665865e+00
3.584158995987888829e+01 1.143324915627961791e-01 2.429474031397083067e+00
3.578631487514336129e+01 1.144900026601177595e-01 2.425727284026261810e+00
3.573154530767340731e+01 1.146475137574393260e-01 2.422014802464252714e+00
3.567727320336042851e+01 1.148050248547608926e-01 2.418336040774126783e+00
3.562349060895177644e+01 1.149625359520824730e-01 2.414690459855330928e+00
3.557018967043567415e+01 1.151200470494040395e-01 2.411077527334231974e+00
3.551736263146035100e+01 1.152775581467256200e-01 2.407496717456940161e+00
3.546500183178417842e+01 1.154350692440471865e-01 2.403947510984269620e+00
3.541309970575724009e+01 1.155925803413687530e-01 2.400429395088799822e+00
3.536164878083324936e+01 1.157500914386903335e-01 2.396941863254020255e+00
3.531064167611148719e+01 1.159076025360119000e-01 2.393484415175489488e+00
3.526007110090834828e+01 1.160651136333334804e-01 2.390056556664012621e+00
3.520992985335642800e+01 1.162226247306550470e-01 2.386657799550680803e+00
3.516021081903275558e+01 1.163801358279766135e-01 2.383287661593889606e+00
3.511090696961365865e+01 1.165376469252981939e-01 2.379945666388162184e+00
3.506201136155619480e+01 1.166951580226197605e-01 2.376631343274764330e+00
3.501351713452891090e+01 1.168526691199413270e-01 2.373344227235341997e+00
3.496541667249446306e+01 1.170101802172629074e-01 2.370083802027038278e+00
3.491769977509412115e+01 1.171676913145844739e-01 2.366849376232237123e+00
3.487035583556405527e+01 1.173252024119060544e-01 2.363640230885696525e+00
3.482337437928318735e+01 1.174827135092276209e-01 2.360455655979300182e+00
3.477674506173275404e+01 1.176402246065491874e-01 2.357294950323736593e+00
3.473045766650707833e+01 1.177977357038707679e-01 2.354157421413672679e+00
3.468450210337381634e+01 1.179552468011923344e-01 2.351042385296261195e+00
3.463886840638264886e+01 1.181127578985139148e-01 2.347949166442946822e+00
3.459354673202179953e+01 1.182702689958354814e-01 2.344877097624504358e+00
3.454852735741980752e+01 1.184277800931570479e-01 2.341825519789153986e+00
3.450380067859320121e+01 1.185852911904786283e-01 2.338793781943776739e+00
3.445935720873776376e+01 1.187428022878001949e-01 2.335781241038089373e+00
3.441518757656250926e+01 1.189003133851217753e-01 2.332787261851723581e+00
3.437128252466541767e+01 1.190578244824433418e-01 2.329811216884116742e+00
3.432763290795062971e+01 1.192153355797649084e-01 2.326852486247231511e+00
3.428422969208435234e+01 1.193728466770864888e-01 2.323910457560883547e+00
3.424106395199082442e+01 1.195303577744080553e-01 2.320984525850804836e+00
3.419812687038520238e+01 1.196878688717296219e-01 2.318074093449183692e+00
3.415540973634350763e+01 1.198453799690512023e-01 2.315178569897740513e+00
3.411290394390925940e+01 1.200028910663727688e-01 2.312297371853274885e+00
3.407060099073459014e+01 1.201604021636943492e-01 2.309429922995556161e+00
3.402849247675595734e+01 1.203179132610159158e-01 2.306575653937561476e+00
3.398657010290330049e+01 1.204754243583374823e-01 2.303734002137974635e+00
3.394482566984223126e+01 1.206329354556590627e-01 2.300904411815927642e+00
3.390325107674679117e+01 1.207904465529806293e-01 2.298086333867813025e+00
3.386183832010505057e+01 1.209479576503022097e-01 2.295279225786327260e+00
3.382057949255361962e+01 1.211054687476237762e-01 2.292482551581465078e+00
3.377946678174262729e+01 1.212629798449453428e-01 2.289695781703581012e+00
3.373849246922841161e+01 1.214204909422669232e-01 2.286918392968341429e+00
3.369764892939587497e+01 1.215780020395884897e-01 2.284149868483669632e+00
3.365692862840654698e+01 1.217355131369100563e-01 2.281389697578445119e+00
3.361632412317521812e+01 1.218930242342316367e-01 2.278637375733134185e+00
3.357582806037061118e+01 1.220505353315532032e-01 2.275892404512054323e+00
3.353543317544318114e+01 1.222080464288747836e-01 2.273154291497473167e+00
3.349513229167690298e+01 1.223655575261963502e-01 2.270422550225332348e+00
3.345491831926527482e+01 1.225230686235179167e-01 2.267696700122622477e+00
3.341478425441083289e+01 1.226805797208394971e-01 2.264976266446345310e+00
3.337472317831858248e+01 1.228380908181610637e-01 2.262260780215267442e+00
3.333472807038029373e+01 1.229956019154826441e-01 2.259549765546895461e+00
3.329479143976368505e+01 1.231531130128042106e-01 2.256842714685225015e+00
3.325490578409058173e+01 1.233106241101257772e-01 2.254139119091626231e+00
3.321506369324243479e+01 1.234681352074473576e-01 2.251438476481171680e+00
3.317525784849584625e+01 1.236256463047689241e-01 2.248740290764021932e+00
3.313548102168095255e+01 1.237831574020905046e-01 2.246044071988394286e+00
3.309572607436460601e+01 1.239406684994120711e-01 2.243349336285187512e+00
3.305598595705478004e+01 1.240981795967336376e-01 2.240655605814050766e+00
3.301625370842778295e+01 1.242556906940552180e-01 2.237962408711010376e+00
3.297652245457656051e+01 1.244132017913767846e-01 2.235269279037510159e+00
3.293678540827978196e+01 1.245707128886983511e-01 2.232575756730868388e+00
3.289703586829156734e+01 1.247282239860199315e-01 2.229881387556134076e+00
3.285726721865036382e+01 1.248857350833414981e-01 2.227185723059241340e+00
3.281747292800768889e+01 1.250432461806630924e-01 2.224488320521506246e+00
3.277764654897436003e+01 1.252007572779846589e-01 2.221788742915313364e+00
3.273778171748647026e+01 1.253582683753062255e-01 2.219086558861138148e+00
3.269787215218710230e+01 1.255157794726277920e-01 2.216381342585641345e+00
3.265791165382640315e+01 1.256732905699493585e-01 2.213672673880997088e+00
3.261789410467765293e+01 1.258308016672709251e-01 2.210960138065317881e+00
3.257781346796997468e+01 1.259883127645924916e-01 2.208243325944200031e+00
3.253766378733568132e+01 1.261458238619140859e-01 2.205521833773258500e+00
3.249743918627383010e+01 1.263033349592356525e-01 2.202795263221771549e+00
3.245713386762775343e+01 1.264608460565572190e-01 2.200063221337261066e+00
3.241674211307721976e+01 1.266183571538787855e-01 2.197325320511072100e+00
3.237625828264429373e+01 1.267758682512003521e-01 2.194581178444874769e+00
3.233567681421237694e+01 1.269333793485219464e-01 2.191830418118068113e+00
3.229499222305875605e+01 1.270908904458435129e-01 2.189072667756090773e+00
3.225419910139903124e+01 1.272484015431650795e-01 2.186307560799539917e+00
3.221329211794385117e+01 1.274059126404866460e-01 2.183534735874127275e+00
3.217226601746840231e+01 1.275634237378082125e-01 2.180753836761499365e+00
3.213111562039144786e+01 1.277209348351298068e-01 2.177964512370700767e+00
3.208983582236678700e+01 1.278784459324513734e-01 2.175166416710476724e+00
3.204842159388503120e+01 1.280359570297729399e-01 2.172359208862292501e+00
3.200686797988511501e+01 1.281934681270945064e-01 2.169542552953989123e+00
3.196517009937606701e+01 1.283509792244160730e-01 2.166716118134149216e+00
3.192332314506883151e+01 1.285084903217376673e-01 2.163879578547140969e+00
3.188132238301607657e+01 1.286660014190592338e-01 2.161032613308705219e+00
3.183916315226190008e+01 1.288235125163808004e-01 2.158174906482204225e+00
3.179684086449957547e+01 1.289810236137023669e-01 2.155306147055433996e+00
3.175435100561857027e+01 1.291385347110239334e-01 2.152426029045471978e+00
3.171168968867784344e+01 1.292960458083455277e-01 2.149534288981241215e+00
3.166885441409969104e+01 1.294535569056670943e-01 2.146630757432225423e+00
3.162584292263872499e+01 1.296110680029886608e-01 2.143715281258510519e+00
3.158265299986272012e+01 1.297685791003102274e-01 2.140787710357783258e+00
3.153928247594058831e+01 1.299260901976317939e-01 2.137847897650957396e+00
3.149572922543298148e+01 1.300836012949533882e-01 2.134895699067981045e+00
3.145199116708478115e+01 1.302411123922749547e-01 2.131930973533772367e+00
3.140806626361912635e+01 1.303986234895965213e-01 2.128953582954256518e+00
3.136395252153369384e+01 1.305561345869180878e-01 2.125963392202554036e+00
3.131964799089815088e+01 1.307136456842396544e-01 2.122960269105259812e+00
3.127515076515337000e+01 1.308711567815612486e-01 2.119944084428821540e+00
3.123045898091252681e+01 1.310286678788828152e-01 2.116914711866067833e+00
3.118557081776253881e+01 1.311861789762043817e-01 2.113872028022742544e+00
3.114048449806811547e+01 1.313436900735259483e-01 2.110815912404226058e+00
3.109519828677604991e+01 1.315012011708475148e-01 2.107746247402266793e+00
3.104971049122072202e+01 1.316587122681690813e-01 2.104662918281798412e+00
3.100401946093153072e+01 1.318162233654906756e-01 2.101565813167888930e+00
3.095812358744010950e+01 1.319737344628122422e-01 2.098454823032671612e+00
3.091202130408930770e+01 1.321312455601338087e-01 2.095329841682394889e+00
3.086571108584217527e+01 1.322887566574553753e-01 2.092190765744478043e+00
3.081919144909283403e+01 1.324462677547769418e-01 2.089037494654689464e+00
3.077246095147700089e+01 1.326037788520985361e-01 2.085869930644303594e+00
3.072551819168346299e+01 1.327612899494201026e-01 2.082687978727320921e+00
3.067836180926638434e+01 1.329188010467416692e-01 2.079491546687751047e+00
3.063099048445722161e+01 1.330763121440632357e-01 2.076280545066852223e+00
3.058340293797842335e+01 1.332338232413848023e-01 2.073054887150516556e+00
3.053559793085601370e+01 1.333913343387063966e-01 2.069814488956556620e+00
3.048757426423339112e+01 1.335488454360279631e-01 2.066559269222088435e+00
3.043933077918489971e+01 1.337063565333495296e-01 2.063289149390891808e+00
3.039086635652991930e+01 1.338638676306710962e-01 2.060004053600812846e+00
3.034217991664685599e+01 1.340213787279926627e-01 2.056703908671153158e+00
3.029327041928666731e+01 1.341788898253142570e-01 2.053388644090024862e+00
3.024413686338785823e+01 1.343364009226358236e-01 2.050058192001823265e+00
3.019477828688931353e+01 1.344939120199573901e-01 2.046712487194526808e+00
3.014519376654490301e+01 1.346514231172789566e-01 2.043351467087135109e+00
3.009538241773682188e+01 1.348089342146005232e-01 2.039975071717019528e+00
3.004534339428941081e+01 1.349664453119221175e-01 2.036583243727300818e+00
2.999507588828190663e+01 1.351239564092436840e-01 2.033175928354154394e+00
2.994457912986180759e+01 1.352814675065652505e-01 2.029753073414160891e+00
2.989385238705673942e+01 1.354389786038868171e-01 2.026314629291558589e+00
2.984289496558757904e+01 1.355964897012083836e-01 2.022860548925569102e+00
2.979170621441969047e+01 1.357540007985299779e-01 2.019390788186682162e+00
2.974028658766662048e+01 1.359115118958515445e-01 2.015905377856378244e+00
2.968863886880740210e+01 1.360690229931731110e-01 2.012404506609041466e+00
2.963676613223855583e+01 1.362265340904946775e-01 2.008888382838511788e+00
2.958467143802943511e+01 1.363840451878162441e-01 2.005357213967479346e+00
2.953235783184868524e+01 1.365415562851378384e-01 2.001811206442502211e+00
2.947982834489157256e+01 1.366990673824594049e-01 1.998250565729080774e+00
2.942708599381052181e+01 1.368565784797809715e-01 1.994675496306945739e+00
2.937413378064742986e+01 1.370140895771025380e-01 1.991086201665476674e+00
2.932097469276876112e+01 1.371716006744241045e-01 1.987482884299295538e+00
2.926761170280284574e+01 1.373291117717456711e-01 1.983865745704020300e+00
2.921404776857887242e+01 1.374866228690672654e-01 1.980234986372130246e+00
2.916028583306876598e+01 1.376441339663888319e-01 1.976590805789024241e+00
2.910632882433108648e+01 1.378016450637103985e-01 1.972933402429217997e+00
2.905217965545655545e+01 1.379591561610319650e-01 1.969262973752654133e+00
2.899784122451677248e+01 1.381166672583535315e-01 1.965579716201220739e+00
2.894331641451404380e+01 1.382741783556751258e-01 1.961883825195359199e+00
2.888860809333372259e+01 1.384316894529966924e-01 1.958175495130825450e+00
2.883371911369883378e+01 1.385892005503182589e-01 1.954454919375617328e+00
2.877865231312612337e+01 1.387467116476398254e-01 1.950722290266995840e+00
2.872341051388494293e+01 1.389042227449613920e-01 1.946977799108698060e+00
2.866799652295728151e+01 1.390617338422829863e-01 1.943221636168228184e+00
2.861241313200032721e+01 1.392192449396045528e-01 1.939453990674317563e+00
2.855666311731082629e+01 1.393767560369261194e-01 1.935675050814513298e+00
2.850074923979135022e+01 1.395342671342476859e-01 1.931885003732887629e+00
2.844467424491823948e+01 1.396917782315692524e-01 1.928084035527864559e+00
2.838844086271189227e+01 1.398492893288908467e-01 1.924272331250211909e+00
2.833205180770826459e+01 1.400068004262124133e-01 1.920450074901102644e+00
2.827550977893295325e+01 1.401643115235339798e-01 1.916617449430359832e+00
2.821881745987626644e+01 1.403218226208555464e-01 1.912774636734771105e+00
2.816197751847064623e+01 1.404793337181771129e-01 1.908921817656553221e+00
2.810499260706962943e+01 1.406368448154987072e-01 1.905059171981928534e+00
2.804786536242860251e+01 1.407943559128202737e-01 1.901186878439816486e+00
2.799059840568719437e+01 1.409518670101418403e-01 1.897305114700648332e+00
2.793319434235286991e+01 1.411093781074634068e-01 1.893414057375246706e+00
2.787565576228756470e+01 1.412668892047849734e-01 1.889513882013925672e+00
2.781798523969437298e+01 1.414244003021065677e-01 1.885604763105581450e+00
2.776018533310667280e+01 1.415819113994281342e-01 1.881686874076964777e+00
2.770225858537878949e+01 1.417394224967497007e-01 1.877760387292038979e+00
2.764420752367817968e+01 1.418969335940712673e-01 1.873825474051456830e+00
2.758603465947857813e+01 1.420544446913928338e-01 1.869882304592090261e+00
2.752774248855591566e+01 1.422119557887144281e-01 1.865931048086759692e+00
2.746933349098460653e+01 1.423694668860359946e-01 1.861971872643977122e+00
2.741081013113546661e+01 1.425269779833575612e-01 1.858004945307808242e+00
2.735217485821338101e+01 1.426844890806791277e-01 1.854030432094317282e+00
2.729343088935090123e+01 1.428420001780006943e-01 1.850048551072511094e+00
2.723458375763373951e+01 1.429995112753222608e-01 1.846059677295173618e+00
2.717563936913253286e+01 1.431570223726438551e-01 1.842064211097369064e+00
2.711660356020155049e+01 1.433145334699654216e-01 1.838062548088532200e+00
2.705748209777285496e+01 1.434720445672869882e-01 1.834055079172406622e+00
2.699828067966033984e+01 1.436295556646085547e-01 1.830042190567652716e+00
2.693900493487365111e+01 1.437870667619301213e-01 1.826024263829130412e+00
2.687966042394076283e+01 1.439445778592517156e-01 1.822001675869756587e+00
2.682025263923994629e+01 1.441020889565732821e-01 1.817974798983016393e+00
2.676078700534037580e+01 1.442596000538948486e-01 1.813944000866044126e+00
2.670126887935011339e+01 1.444171111512164152e-01 1.809909644643213911e+00
2.664170355127355450e+01 1.445746222485379817e-01 1.805872088890367655e+00
2.658209624437546381e+01 1.447321333458595760e-01 1.801831687659493308e+00
2.652245211555275262e+01 1.448896444431811426e-01 1.797788790503917600e+00
2.646277625571374870e+01 1.450471555405027091e-01 1.793743742504026351e+00
2.640307369016378303e+01 1.452046666378242756e-01 1.789696884293388690e+00
2.634334937899805595e+01 1.453621777351458422e-01 1.785648552085397300e+00
2.628360821750007759e+01 1.455196888324674365e-01 1.781599077700267930e+00
2.622385503654709993e+01 1.456771999297890030e-01 1.777548788592525852e+00
2.616409460302029899e+01 1.458347110271105695e-01 1.773498007878810734e+00
2.610433162022195219e+01 1.459922221244321361e-01 1.769447054366146910e+00
2.604457072829659126e+01 1.461497332217537026e-01 1.765396242580499653e+00
2.598481650465802772e+01 1.463072443190752969e-01 1.761345882795716689e+00
2.592507346442115690e+01 1.464647554163968635e-01 1.757296281062795229e+00
2.586534606083823107e+01 1.466222665137184300e-01 1.753247739239458092e+00
2.580563868573981168e+01 1.467797776110399965e-01 1.749200555020038683e+00
2.574595566997959395e+01 1.469372887083615631e-01 1.745155021965639763e+00
2.568630128388337042e+01 1.470947998056831574e-01 1.741111429534558219e+00
2.562667973770179586e+01 1.472523109030047239e-01 1.737070063112978513e+00
2.556709518206683995e+01 1.474098220003262905e-01 1.733031204045913487e+00
2.550755170845114961e+01 1.475673330976478570e-01 1.728995129668342567e+00
2.544805334963109189e+01 1.477248441949694235e-01 1.724962113336592218e+00
2.538860408015222347e+01 1.478823552922910178e-01 1.720932424459895804e+00
2.532920781679808542e+01 1.480398663896125844e-01 1.716906328532163961e+00
2.526986841906123971e+01 1.481973774869341509e-01 1.712884087163915936e+00
2.521058968961647651e+01 1.483548885842557175e-01 1.708865958114354378e+00
2.515137537479703411e+01 1.485123996815772840e-01 1.704852195323645736e+00
2.509222916507179590e+01 1.486699107788988505e-01 1.700843048945265723e+00
2.503315469552512695e+01 1.488274218762204448e-01 1.696838765378525515e+00
2.497415554633854384e+01 1.489849329735420114e-01 1.692839587301219639e+00
2.491523524327289252e+01 1.491424440708635779e-01 1.688845753702311825e+00
2.485639725815318357e+01 1.492999551681851444e-01 1.684857499914796275e+00
2.479764500935344529e+01 1.494574662655067110e-01 1.680875057648565152e+00
2.473898186228399254e+01 1.496149773628283053e-01 1.676898655023436602e+00
2.468041112987820540e+01 1.497724884601498718e-01 1.672928516602148141e+00
2.462193607308108056e+01 1.499299995574714384e-01 1.668964863423477496e+00
2.456356001025516989e+01 1.500875106547930049e-01 1.665007920418172693e+00
2.450528723701820866e+01 1.502450217521145714e-01 1.661057978758911480e+00
2.444712254729801515e+01 1.504025328494361657e-01 1.657115363395651242e+00
2.438907066424189551e+01 1.505600439467577323e-01 1.653180394480588955e+00
2.433113623494400812e+01 1.507175550440792988e-01 1.649253387010759075e+00
2.427332383121155601e+01 1.508750661414008654e-01 1.645334650879971772e+00
2.421563795033384636e+01 1.510325772387224319e-01 1.641424490930941671e+00
2.415808301585302686e+01 1.511900883360440262e-01 1.637523207007532067e+00
2.410066337833822203e+01 1.513475994333655927e-01 1.633631094007227391e+00
2.404338331616033386e+01 1.515051105306871593e-01 1.629748441933651204e+00
2.398624703626871124e+01 1.516626216280087258e-01 1.625875535949214079e+00
2.392925867497004333e+01 1.518201327253302924e-01 1.622012656427910926e+00
2.387242229870665611e+01 1.519776438226518867e-01 1.618160079008070351e+00
2.381574190483702225e+01 1.521351549199734532e-01 1.614318074645267442e+00
2.375922142241623547e+01 1.522926660172950197e-01 1.610486909665225230e+00
2.370286471297644937e+01 1.524501771146165863e-01 1.606666845816711486e+00
2.364667557130812625e+01 1.526076882119381528e-01 1.602858140324503466e+00
2.359065772624039070e+01 1.527651993092597471e-01 1.599061045942272052e+00
2.353481484142170643e+01 1.529227104065813136e-01 1.595275811005508304e+00
2.347915051609897574e+01 1.530802215039028802e-01 1.591502679484328331e+00
2.342366828589699779e+01 1.532377326012244467e-01 1.587741891036311470e+00
2.336837162359578102e+01 1.533952436985460133e-01 1.583993681059183256e+00
2.331326393990777035e+01 1.535527547958676076e-01 1.580258280743507493e+00
2.325834858425263718e+01 1.537102658931891741e-01 1.576535917125196473e+00
2.320362884553090055e+01 1.538677769905107406e-01 1.572826813137953694e+00
2.314910795289629419e+01 1.540252880878323072e-01 1.569131187665628424e+00
2.309478907652522750e+01 1.541827991851538737e-01 1.565449255594369982e+00
2.304067532838500654e+01 1.543403102824754403e-01 1.561781227864702304e+00
2.298676976299942964e+01 1.544978213797970346e-01 1.558127311523416880e+00
2.293307537821171849e+01 1.546553324771186011e-01 1.554487709775291826e+00
2.287959511594555195e+01 1.548128435744401676e-01 1.550862622034669069e+00
2.282633186296298078e+01 1.549703546717617342e-01 1.547252243976839026e+00
2.277328845161936499e+01 1.551278657690833007e-01 1.543656767589204781e+00
2.272046766061574985e+01 1.552853768664048950e-01 1.540076381222283297e+00
2.266787221574782052e+01 1.554428879637264616e-01 1.536511269640473687e+00
2.261550479065195773e+01 1.556003990610480281e-01 1.532961614072627432e+00
2.256336800754762706e+01 1.557579101583695946e-01 1.529427592262369684e+00
2.251146443797658847e+01 1.559154212556911612e-01 1.525909378518202741e+00
2.245979660353828677e+01 1.560729323530127555e-01 1.522407143763358173e+00
2.240836697662193799e+01 1.562304434503343220e-01 1.518921055585418012e+00
2.235717798113445198e+01 1.563879545476558885e-01 1.515451278285656622e+00
2.230623199322516825e+01 1.565454656449774551e-01 1.511997972928164735e+00
2.225553134200544037e+01 1.567029767422990216e-01 1.508561297388626654e+00
2.220507831026601053e+01 1.568604878396206159e-01 1.505141406402947579e+00
2.215487513518826646e+01 1.570179989369421825e-01 1.501738451615462377e+00
2.210492400905296506e+01 1.571755100342637490e-01 1.498352581626977376e+00
2.205522707994363074e+01 1.573330211315853155e-01 1.494983942042447556e+00
2.200578645244631915e+01 1.574905322289068821e-01 1.491632675518413942e+00
2.195660418834460259e+01 1.576480433262284764e-01 1.488298921810105035e+00
2.190768214592759122e+01 1.578055544235500429e-01 1.484982806879152850e+00
2.185902145724849177e+01 1.579630655208716095e-01 1.481684407460262198e+00
2.181062304327790358e+01 1.581205766181931760e-01 1.478403785980188845e+00
2.181062304327790358e+01 1.581205766181931760e-01 1.478403785980189067e+00
1.693586182578029664e+01 1.826842454521749870e-01 1.147862290415686326e+00
1.434889537427920203e+01 2.073525430377324841e-01 7.778648438480650906e-01
1.134235838521837181e+01 2.322407203492417860e-01 6.408528341905023185e-01
9.851996380178375645e+00 2.568837818198746459e-01 5.959227870852223941e-01
8.287579903253529778e+00 2.811184729179193598e-01 3.764645484703916245e-01
7.241211173207235952e+00 3.057758170190760794e-01 2.829320328211156199e-01
6.296002603784424778e+00 3.308749588216616799e-01 2.401116158130879030e-01
5.478332894331557235e+00 3.553458836143503774e-01 1.961153059899790885e-01
4.938900557313282036e+00 3.797183506574301481e-01 2.009287958788128492e-01
4.345356537335671732e+00 4.042043120935024936e-01 1.135569839100680212e-01
3.939898369144836376e+00 4.287407985369371399e-01 8.478439535433013319e-02
3.577614385351275406e+00 4.533371424922238990e-01 7.118454121579559368e-02
3.219132442329221355e+00 4.779959634912051558e-01 1.039004910686881084e-01
2.932614097155932242e+00 5.026629933946460405e-01 7.016961510981198358e-02
2.712728542229148054e+00 5.271487506500315279e-01 7.435520827170943869e-02
2.519520376081104462e+00 5.515427964227138657e-01 5.128890491867627022e-02
2.344118394941633543e+00 5.762240530263548210e-01 4.513128072001951901e-02
2.179397656597233723e+00 6.007285446297923048e-01 3.407624408730098448e-02
2.026240121820424012e+00 6.252568531449649303e-01 5.742147782268228889e-02
1.935602708405118833e+00 6.499965502683907603e-01 5.347261085352743304e-02
1.832593611418268598e+00 6.746857991314229031e-01 3.959209503198758001e-02
1.766846200225199670e+00 6.991270364754236244e-01 3.048430936563977303e-02
1.710840377241379384e+00 7.235756604093172006e-01 2.738571002736482629e-02
1.691548449025256584e+00 7.479714013051395050e-01 3.361401914646455769e-02
1.679614971717705796e+00 7.726132299420060967e-01 2.736679175789980684e-02
1.662443369436637397e+00 7.972349387995918413e-01 3.042094993591057395e-02
1.600932737756365798e+00 8.217736356692634248e-01 3.797475802126629857e-02
1.548585956614876968e+00 8.463200505719705724e-01 2.745065421947287532e-02
1.504089468848939015e+00 8.708218859006343626e-01 2.617462886751504084e-02
1.480848742018124664e+00 8.954790463233904818e-01 2.426618038349056053e-02
1.453658883616087305e+00 9.199626960429320155e-01 2.492022739693791969e-02
1.454504986826479218e+00 9.443606208269833546e-01 3.493280200165128219e-02
1.454926291382277359e+00 9.688687146412832130e-01 3.325632757076681101e-02
1.451154935516294708e+00 9.930926048855095445e-01 4.241074322014364711e-02
1.481077677291201766e+00 1.017620455362175491e+00 3.051680866699170089e-02
1.527586051823299096e+00 1.042409919186157552e+00 3.971420762087302103e-02
1.603112120737813395e+00 1.066789561870425063e+00 3.301988907283251451e-02
1.635460212544564529e+00 1.090909765172895618e+00 4.455969436373577452e-02
1.615825152310877533e+00 1.115651582439790346e+00 7.876080358568170181e-02
1.658122541540954842e+00 1.140641543091339027e+00 5.058970290273414466e-02
1.682103388489513573e+00 1.164692026865203012e+00 9.708076347918306870e-02
1.743765098750595044e+00 1.188605021497627590e+00 7.717124944014272514e-02
1.864947096093423351e+00 1.214006438167991364e+00 7.644829830180910335e-02
2.008645547796636066e+00 1.240498485730926914e+00 9.874887193830057808e-02
2.275867261087487492e+00 1.264816150349954427e+00 2.018493573576671807e-01
2.396124892223339131e+00 1.284554513240047102e+00 2.745259218035968618e-01
2.622580646624261380e+00 1.309527810458392949e+00 4.253676278709316305e-01
3.775771874480391421e+00 1.335814856768205550e+00 5.856907574678615891e-01
3.663813513852385739e+00 1.360349523175663267e+00 4.777608755240103200e+00
