3.921594981347583664e-01 7.669903939428205850e-04 2.685546359230173499e-02
4.674155871152832487e-01 9.245014912643925459e-04 3.200907371096067822e-02
5.412822234720251480e-01 1.082012588585964507e-03 3.706753276346232834e-02
6.137638687752000610e-01 1.239523685907536251e-03 4.203114628247149598e-02
6.848595083475780276e-01 1.397034783229108429e-03 4.689984478190530048e-02
7.545656330608073725e-01 1.554545880550680173e-03 5.167338795324343675e-02
8.228803465118113003e-01 1.712056977872252134e-03 5.635164592896006047e-02
8.898033562878960856e-01 1.869568075193824095e-03 6.093459868434968063e-02
9.553382922037608749e-01 2.027079172515396273e-03 6.542249479265090095e-02
1.019488778688948605e+00 2.184590269836968017e-03 6.981558245832156229e-02
1.082264288961409138e+00 2.342101367158539761e-03 7.411451041653435712e-02
1.143674429067285114e+00 2.499612464480111939e-03 7.831993649866582363e-02
1.203730399249070437e+00 2.657123561801683683e-03 8.243262770820805607e-02
1.262447323910694141e+00 2.814634659123255861e-03 8.645361977904220119e-02
1.319841092214417033e+00 2.972145756444827605e-03 9.038400081644343276e-02
1.375927385608340936e+00 3.129656853766399783e-03 9.422484470121929301e-02
1.430724085023527659e+00 3.287167951087971527e-03 9.797737593690841740e-02
1.484250877275369751e+00 3.444679048409543271e-03 1.016429426957634607e-01
1.536527504389017418e+00 3.602190145731115449e-03 1.052228969308549866e-01
1.587573161799342047e+00 3.759701243052687193e-03 1.087185531642200498e-01
1.637408024677920793e+00 3.917212340374259805e-03 1.121312930112175338e-01
1.686053102274985616e+00 4.074723437695831549e-03 1.154625552057232524e-01
1.733529975498465436e+00 4.232234535017403293e-03 1.187138176292878711e-01
1.779859692909354196e+00 4.389745632338975037e-03 1.218865217078263091e-01
1.825062593595246918e+00 4.547256729660546781e-03 1.249820602818258047e-01
1.869159304524168119e+00 4.704767826982118525e-03 1.280018459061049996e-01
1.912170679186859568e+00 4.862278924303691137e-03 1.309473066479786008e-01
1.954117690907296145e+00 5.019790021625262881e-03 1.338198787810573054e-01
1.995021330161494522e+00 5.177301118946834625e-03 1.366209997535405285e-01
2.034901876885857774e+00 5.334812216268406369e-03 1.393520583551842995e-01
2.073778627002759833e+00 5.492323313589978981e-03 1.420143759895074187e-01
2.111670801675232134e+00 5.649834410911550725e-03 1.446092689404363252e-01
2.148597571308940246e+00 5.807345508233122469e-03 1.471380500159837346e-01
2.184578008040194419e+00 5.964856605554694213e-03 1.496020252945814977e-01
2.219631045649094858e+00 6.122367702876265957e-03 1.520024913798933008e-01
2.253775445847360892e+00 6.279878800197838569e-03 1.543407330921734155e-01
2.287029578448345202e+00 6.437389897519410313e-03 1.566180084140945949e-01
2.319410511546539322e+00 6.594900994840982057e-03 1.588354861853572275e-01
2.350934794223615842e+00 6.752412092162553801e-03 1.609942997031590106e-01
2.381618853741302555e+00 6.909923189484126413e-03 1.630955739223494128e-01
2.411478973292063621e+00 7.067434286805698157e-03 1.651404239317750822e-01
2.440531272520359174e+00 7.224945384127269901e-03 1.671299536203562086e-01
2.468791690977364173e+00 7.382456481448841645e-03 1.690652545440494980e-01
2.496275974149534171e+00 7.539967578770413389e-03 1.709474049690714037e-01
2.522999661747858724e+00 7.697478676091986001e-03 1.727774690699344085e-01
2.548977984844798872e+00 7.854989773413558612e-03 1.745564898852842994e-01
2.574224906593885365e+00 8.012500870735128622e-03 1.762854236254466078e-01
2.598753589302006617e+00 8.170011968056702101e-03 1.779651716579899734e-01
2.622577085774601802e+00 8.327523065378272110e-03 1.795966278517176495e-01
2.645708338286408168e+00 8.485034162699845589e-03 1.811806785061829961e-01
2.668160167646390413e+00 8.642545260021415598e-03 1.827182016028450484e-01
2.689945263683114263e+00 8.800056357342989077e-03 1.842100661534978867e-01
2.711076177004336785e+00 8.957567454664562556e-03 1.856571316359592327e-01
2.731565311900232107e+00 9.115078551986132566e-03 1.870602475080765936e-01
2.751424920273179975e+00 9.272589649307706045e-03 1.884202527920332826e-01
2.770667096489709547e+00 9.430100746629276054e-03 1.897379757218042584e-01
2.789303759402648630e+00 9.587611843950849533e-03 1.910142325120157969e-01
2.807345920302171560e+00 9.745122941272419542e-03 1.922497772265215343e-01
2.824803378233967877e+00 9.902634038593993021e-03 1.934452809134942497e-01
2.841685801341792939e+00 1.006014513591556303e-02 1.946014056568154682e-01
2.858002813311510515e+00 1.021765623323713651e-02 1.957188104958468844e-01
2.873763985045938441e+00 1.037516733055870999e-02 1.967981508553157954e-01
2.888978827156035045e+00 1.053267842788028000e-02 1.978400780311047324e-01
2.903656783200408320e+00 1.069018952520185348e-02 1.988452387272855726e-01
2.917807223610690670e+00 1.084770062252342349e-02 1.998142746401241621e-01
2.931439440246038419e+00 1.100521171984499696e-02 2.007478220851670048e-01
2.944562641525144020e+00 1.116272281716656697e-02 2.016465116638760380e-01
2.957185948088225658e+00 1.132023391448814045e-02 2.025109679665582918e-01
2.969318388945861642e+00 1.147774501180971046e-02 2.033418093086339085e-01
2.980968898074969342e+00 1.163525610913128394e-02 2.041396474975256670e-01
2.992146288919500741e+00 1.179276720645285742e-02 2.049050860864415069e-01
3.002858480020712761e+00 1.195027830377442743e-02 2.056386673447833657e-01
3.013112358483669873e+00 1.210778940109600091e-02 2.063408629081998069e-01
3.022914759085290282e+00 1.226530049841757092e-02 2.070121408288571885e-01
3.032272522201934883e+00 1.242281159573914440e-02 2.076529695423774691e-01
3.041192487013872903e+00 1.258032269306071441e-02 2.082638174024726008e-01
3.049681485212362375e+00 1.273783379038228789e-02 2.088451522500001933e-01
3.057746335175179020e+00 1.289534488770385789e-02 2.093974410140973241e-01
3.065393836578842457e+00 1.305285598502543137e-02 2.099211493432210363e-01
3.072630765418394638e+00 1.321036708234700485e-02 2.104167412640977619e-01
3.079463869407402576e+00 1.336787817966857486e-02 2.108846788667111116e-01
3.085899863733483794e+00 1.352538927699014834e-02 2.113254220136357719e-01
3.091945427145427416e+00 1.368290037431171835e-02 2.117394280720804323e-01
3.097607198350825986e+00 1.384041147163329183e-02 2.121271516671934532e-01
3.102891772703695761e+00 1.399792256895486184e-02 2.124890444552282875e-01
3.107805699163486146e+00 1.415543366627643532e-02 2.128255549152931747e-01
3.112355477508023327e+00 1.431294476359800533e-02 2.131371281584912014e-01
3.116547551099240643e+00 1.447045586091957881e-02 2.134242054325102556e-01
3.120387871561287163e+00 1.462796695824115228e-02 2.136871943103566263e-01
3.123881580022357607e+00 1.478547805556272229e-02 2.139264468614861248e-01
3.127033750149673441e+00 1.494298915288429577e-02 2.141423105355612644e-01
3.129849469136324558e+00 1.510050025020586578e-02 2.143351337085096786e-01
3.132333833014488089e+00 1.525801134752743926e-02 2.145052653615676375e-01
3.134491942255285490e+00 1.541552244484900927e-02 2.146530547799549993e-01
3.136328897639304003e+00 1.557303354217058275e-02 2.147788512700842811e-01
3.137849796382357948e+00 1.573054463949215276e-02 2.148830038942485254e-01
3.139059728502270996e+00 1.588805573681372624e-02 2.149658612218155185e-01
3.139963773413330550e+00 1.604556683413529972e-02 2.150277710960128430e-01
3.140566996735710603e+00 1.620307793145686973e-02 2.150690804154332114e-01
3.140874447308417139e+00 1.636058902877844320e-02 2.150901349294791765e-01
3.140891154394322982e+00 1.651810012610001321e-02 2.150912790469605151e-01
3.140622125067117132e+00 1.667561122342158669e-02 2.150728556571499250e-01
3.140072341770299591e+00 1.683312232074316017e-02 2.150352059626211843e-01
3.139246760039062778e+00 1.699063341806473018e-02 2.149786693232406398e-01
3.138150306376315868e+00 1.714814451538630366e-02 2.149035831107159455e-01
3.136787876274613307e+00 1.730565561270787367e-02 2.148102825731352250e-01
3.135164332376390917e+00 1.746316671002944715e-02 2.146991007089789627e-01
3.133284502765043555e+00 1.762067780735101716e-02 2.145703681500905902e-01
3.131153179191023650e+00 1.777818890467259064e-02 2.144244130401984638e-01
3.128775072890472853e+00 1.793570000199416065e-02 2.142615580093326366e-01
3.126154762418360100e+00 1.809321109931573412e-02 2.140821166013875121e-01
3.123296780661117378e+00 1.825072219663730760e-02 2.138863992328316199e-01
3.120205627207939703e+00 1.840823329395887761e-02 2.136747140399067324e-01
3.116885766987915307e+00 1.856574439128045109e-02 2.134473667852961332e-01
3.113341629007346345e+00 1.872325548860202110e-02 2.132046607716563402e-01
3.109577605182342719e+00 1.888076658592359458e-02 2.129468967616713060e-01
3.105598049261549587e+00 1.903827768324516459e-02 2.126743729042798459e-01
3.101407275834677790e+00 1.919578878056673807e-02 2.123873846667789222e-01
3.097009559422408742e+00 1.935329987788830808e-02 2.120862247724994154e-01
3.092409133643416297e+00 1.951081097520988156e-02 2.117711831437630310e-01
3.087610190454748604e+00 1.966832207253145504e-02 2.114425468498627725e-01
3.082616879461753001e+00 1.982583316985302505e-02 2.111006000598060484e-01
3.077433307293919285e+00 1.998334426717459852e-02 2.107456239995717795e-01
3.072063537043409287e+00 2.014085536449616853e-02 2.103778969136603505e-01
3.066511587763010027e+00 2.029836646181774201e-02 2.099976940307128337e-01
3.060781434020330316e+00 2.045587755913931202e-02 2.096052875329823262e-01
3.054877005505571841e+00 2.061338865646088550e-02 2.092009465294731585e-01
3.048802186689856697e+00 2.077089975378245551e-02 2.087849370325433884e-01
3.042560816531666656e+00 2.092841085110402899e-02 2.083575219378011600e-01
3.036156688228756728e+00 2.108592194842560247e-02 2.079189610071153771e-01
3.029593549013221754e+00 2.124343304574717248e-02 2.074695108545822342e-01
3.022875099987433423e+00 2.140094414306874596e-02 2.070094249352893157e-01
3.016004995998620153e+00 2.155845524039031597e-02 2.065389535367271601e-01
3.008986845550112754e+00 2.171596633771188944e-02 2.060583437727110667e-01
3.001824214205822905e+00 2.187347743503345945e-02 2.055678398165234899e-01
2.994520999621571367e+00 2.203098853235503293e-02 2.050677085834231583e-01
2.987081741307328286e+00 2.218849962967660294e-02 2.045582609434650478e-01
2.979510953913428573e+00 2.234601072699817642e-02 2.040398060642922562e-01
2.971813047252889195e+00 2.250352182431974990e-02 2.035126459341862204e-01
2.963992328465568260e+00 2.266103292164131991e-02 2.029770755102706936e-01
2.956053004147606966e+00 2.281854401896289339e-02 2.024333828643381239e-01
2.947999182446265021e+00 2.297605511628446340e-02 2.018818493263057623e-01
2.939834875119966551e+00 2.313356621360603688e-02 2.013227496252895377e-01
2.931563999563508105e+00 2.329107731092760689e-02 2.007563520282929226e-01
2.923190380798474486e+00 2.344858840824918036e-02 2.001829184765117065e-01
2.914717753428909930e+00 2.360609950557075037e-02 1.996027047192605042e-01
2.906149763562387189e+00 2.376361060289232385e-02 1.990159604455299935e-01
2.897489970696621064e+00 2.392112170021389733e-02 1.984229294131832355e-01
2.888741849571755171e+00 2.407863279753546734e-02 1.978238495758025128e-01
2.879908791988737171e+00 2.423614389485704082e-02 1.972189532072134155e-01
2.870994108593750038e+00 2.439365499217861083e-02 1.966084670236842580e-01
2.862001030629235387e+00 2.455116608950018431e-02 1.959926123038382151e-01
2.852932711651726017e+00 2.470867718682175432e-02 1.953716050062916376e-01
2.843792229216794976e+00 2.486618828414332780e-02 1.947456558850415020e-01
2.834582586531497750e+00 2.502369938146489781e-02 1.941149706026258082e-01
2.825306714074659720e+00 2.518121047878647129e-02 1.934797498410829319e-01
2.815967471185478299e+00 2.533872157610804476e-02 1.928401894107401038e-01
2.806567647620650696e+00 2.549623267342961477e-02 1.921964803568475544e-01
2.797109965080681881e+00 2.565374377075118825e-02 1.915488090641012386e-01
2.787597078705583264e+00 2.581125486807275826e-02 1.908973573590698192e-01
2.778031578540446134e+00 2.596876596539433174e-02 1.902423026105584947e-01
2.768415990971507590e+00 2.612627706271590175e-02 1.895838178279523056e-01
2.758752780132793347e+00 2.628378816003747523e-02 1.889220717575444408e-01
2.749044349284106126e+00 2.644129925735904524e-02 1.882572289769018914e-01
2.739293042160754865e+00 2.659881035468061872e-02 1.875894499872965970e-01
2.729501144295210846e+00 2.675632145200219220e-02 1.869188913042138245e-01
2.719670895007692657e+00 2.691383254932376221e-02 1.862457062784785566e-01
2.709805023644888955e+00 2.707134364664533568e-02 1.855700818184047585e-01
2.699906967638211253e+00 2.722885474396690569e-02 1.848922533226365073e-01
2.689980108007012483e+00 2.738636584128847917e-02 1.842124523266653879e-01
2.680027707707469453e+00 2.754387693861004918e-02 1.835309022809017143e-01
2.670052915081166933e+00 2.770138803593162266e-02 1.828478187868373683e-01
2.660058767218575593e+00 2.785889913325319267e-02 1.821634098273795799e-01
2.650048193238547345e+00 2.801641023057476615e-02 1.814778759914343342e-01
2.640024017485057772e+00 2.817392132789633963e-02 1.807914106928222020e-01
2.629988962642418659e+00 2.833143242521790964e-02 1.801042003836111349e-01
2.619945652770344857e+00 2.848894352253948312e-02 1.794164247619607355e-01
2.609896616260184210e+00 2.864645461986105313e-02 1.787282569745683725e-01
2.599844288713713869e+00 2.880396571718262660e-02 1.780398638138107614e-01
2.589791015745920966e+00 2.896147681450419661e-02 1.773514059096819584e-01
2.579739055713178963e+00 2.911898791182577009e-02 1.766630379166216347e-01
2.569690582368353571e+00 2.927649900914734010e-02 1.759749086953386610e-01
2.559647687444134068e+00 2.943401010646891358e-02 1.752871614897208163e-01
2.549612383166280249e+00 2.959152120379048706e-02 1.745999340989438375e-01
2.539586604698086614e+00 2.974903230111205707e-02 1.739133590448709299e-01
2.529572212517655849e+00 2.990654339843363055e-02 1.732275637348510422e-01
2.519570994729361857e+00 3.006405449575520056e-02 1.725426706200094695e-01
2.509584669311049954e+00 3.022156559307677404e-02 1.718587973491389753e-01
2.499614886298394456e+00 3.037907669039834405e-02 1.711760569182862457e-01
2.489663229907896902e+00 3.053658778771991752e-02 1.704945578161370934e-01
2.479731220599922903e+00 3.069409888504148753e-02 1.698144041652951408e-01
2.469820317083257777e+00 3.085160998236306101e-02 1.691356958595558457e-01
2.459931918262530548e+00 3.100912107968463102e-02 1.684585286972678508e-01
2.450067365129974917e+00 3.116663217700620450e-02 1.677829945108826049e-01
2.440227942602812838e+00 3.132414327432777451e-02 1.671091812927806286e-01
2.430414881307730202e+00 3.148165437164934799e-02 1.664371733174732915e-01
2.420629359313677842e+00 3.163916546897092147e-02 1.657670512602671953e-01
2.410872503814352363e+00 3.179667656629248801e-02 1.650988923124824537e-01
2.401145392761695696e+00 3.195418766361406149e-02 1.644327702933158775e-01
2.391449056451613764e+00 3.211169876093563497e-02 1.637687557584323883e-01
2.381784479063202120e+00 3.226920985825720151e-02 1.631069161053728955e-01
2.372152600152701574e+00 3.242672095557877499e-02 1.624473156758621806e-01
2.362554316103389063e+00 3.258423205290034846e-02 1.617900158550981127e-01
2.352990481532570843e+00 3.274174315022192194e-02 1.611350751681046023e-01
2.343461910656809977e+00 3.289925424754349542e-02 1.604825493732232322e-01
2.333969378737410061e+00 3.305676534486506196e-02 1.598324915611016028e-01
2.324513754681636790e+00 3.321427644218663544e-02 1.591849612353537502e-01
2.315096243304780810e+00 3.337178753950820892e-02 1.585400409029018298e-01
2.305718059365617911e+00 3.352929863682978240e-02 1.578978137516074687e-01
2.296380358828595369e+00 3.368680973415134894e-02 1.572583589430396611e-01
2.287084240844161176e+00 3.384432083147292242e-02 1.566217517480892607e-01
2.277830749671168942e+00 3.400183192879449590e-02 1.559880636786176999e-01
2.268620876542997600e+00 3.415934302611606938e-02 1.553573626152500164e-01
2.259455561478469487e+00 3.431685412343764285e-02 1.547297129313888742e-01
2.250335695039205497e+00 3.447436522075920939e-02 1.541051756135597139e-01
2.241262120034535066e+00 3.463187631808078287e-02 1.534838083781645546e-01
2.232235633175346567e+00 3.478938741540235635e-02 1.528656657847394795e-01
2.223256986678256997e+00 3.494689851272392983e-02 1.522507993458093178e-01
2.214326889821178312e+00 3.510440961004549637e-02 1.516392576334150422e-01
2.205446010451809435e+00 3.526192070736706985e-02 1.510310863824161631e-01
2.196614976450061096e+00 3.541943180468864333e-02 1.504263285906392578e-01
2.187834377145741360e+00 3.557694290201021681e-02 1.498250246159622823e-01
2.179104764692661345e+00 3.573445399933179029e-02 1.492272122704149939e-01
2.170426655400405469e+00 3.589196509665335683e-02 1.486329269113794704e-01
2.161800531024772098e+00 3.604947619397493030e-02 1.480422015299611427e-01
2.153226840018194643e+00 3.620698729129650378e-02 1.474550668366184369e-01
2.144705998741068598e+00 3.636449838861807726e-02 1.468715513441158915e-01
2.136238392635246175e+00 3.652200948593964380e-02 1.462916814478863181e-01
2.127824377360572949e+00 3.667952058326121728e-02 1.457154815038614604e-01
2.119464279895666881e+00 3.683703168058279076e-02 1.451429739038549438e-01
2.111158399603839442e+00 3.699454277790436424e-02 1.445741791485573302e-01
2.102907009265222005e+00 3.715205387522593772e-02 1.440091159182171621e-01
2.094710356076030067e+00 3.730956497254750426e-02 1.434478011410715292e-01
2.086568662615878811e+00 3.746707606986907774e-02 1.428902500595887748e-01
2.078482127784182065e+00 3.762458716719065122e-02 1.423364762945940609e-01
2.070450927706371402e+00 3.778209826451222469e-02 1.417864919073281993e-01
2.062475216610998086e+00 3.793960936183379123e-02 1.412403074595122432e-01
2.054555127678424409e+00 3.809712045915536471e-02 1.406979320714668302e-01
2.046690773862002821e+00 3.825463155647693819e-02 1.401593734783473655e-01
2.038882248682541753e+00 3.841214265379851167e-02 1.396246380845496959e-01
2.031129626996936555e+00 3.856965375112008515e-02 1.390937310163467555e-01
2.023432965741533085e+00 3.872716484844165169e-02 1.385666561727948443e-01
2.015792304651213840e+00 3.888467594576322517e-02 1.380434162749773763e-01
2.008207666954792803e+00 3.904218704308479865e-02 1.375240129136260647e-01
2.000679060047430013e+00 3.919969814040637213e-02 1.370084465951687258e-01
1.993206476140898742e+00 3.935720923772793867e-02 1.364967167862598807e-01
1.985789892892138253e+00 3.951472033504951215e-02 1.359888219568252121e-01
1.978429274011044958e+00 3.967223143237108562e-02 1.354847596216829375e-01
1.971124569847892527e+00 3.982974252969265910e-02 1.349845263807717688e-01
1.963875717961083067e+00 3.998725362701423258e-02 1.344881179580301733e-01
1.956682643665946353e+00 4.014476472433579912e-02 1.339955292389794494e-01
1.949545260564953919e+00 4.030227582165737260e-02 1.335067543070329044e-01
1.942463471060125846e+00 4.045978691897894608e-02 1.330217864785860071e-01
1.935437166848074986e+00 4.061729801630051956e-02 1.325406183369174373e-01
1.928466220688050514e+00 4.077480911362208610e-02 1.320632411684569685e-01
1.921550437153727309e+00 4.093232021094365958e-02 1.315896415902199912e-01
1.914689589744260401e+00 4.108983130826523306e-02 1.311198040912084084e-01
1.907883446310412401e+00 4.124734240558680654e-02 1.306537127736167869e-01
1.901131769445691067e+00 4.140485350290838001e-02 1.301913513796178756e-01
1.894434316783641492e+00 4.156236460022994655e-02 1.297327033117211814e-01
1.887790841284420651e+00 4.171987569755152003e-02 1.292777516523982151e-01
1.881201091510833923e+00 4.187738679487309351e-02 1.288264791829854539e-01
1.874664811894335426e+00 4.203489789219466699e-02 1.283788684019005200e-01
1.868181742991156913e+00 4.219240898951623353e-02 1.279349015421819280e-01
1.861751621729072603e+00 4.234992008683780701e-02 1.274945605883880950e-01
1.855374181644966924e+00 4.250743118415938049e-02 1.270578272928657160e-01
1.849049153113594857e+00 4.266494228148095397e-02 1.266246831914160931e-01
1.842776263567797335e+00 4.282245337880252745e-02 1.261951096183751009e-01
1.836555237710444377e+00 4.297996447612409399e-02 1.257690877211278258e-01
1.830385797718415475e+00 4.313747557344566746e-02 1.253465984740768924e-01
1.824267663438866371e+00 4.329498667076724094e-02 1.249276226920833094e-01
1.818200552578015161e+00 4.345249776808881442e-02 1.245121410433943226e-01
1.812184180882782325e+00 4.361000886541038096e-02 1.241001340620830062e-01
1.806218262315390843e+00 4.376751996273195444e-02 1.236915821600041848e-01
1.800302509221304526e+00 4.392503106005352792e-02 1.232864656382957197e-01
1.794436632490617800e+00 4.408254215737510140e-02 1.228847646984303349e-01
1.788620341713221817e+00 4.424005325469667488e-02 1.224864594528413675e-01
1.782853345327831462e+00 4.439756435201824142e-02 1.220915299351287564e-01
1.777135350765181698e+00 4.455507544933981490e-02 1.216999561098648097e-01
1.771466064585593525e+00 4.471258654666138838e-02 1.213117178820150854e-01
1.765845192611002146e+00 4.487009764398296185e-02 1.209267951059798257e-01
1.760272440051743326e+00 4.502760874130452839e-02 1.205451675942762896e-01
1.754747511628233836e+00 4.518511983862610187e-02 1.201668151258715594e-01
1.749270111687687201e+00 4.534263093594767535e-02 1.197917174541755364e-01
1.743839944316102564e+00 4.550014203326924883e-02 1.194198543147098890e-01
1.738456713445660551e+00 4.565765313059082231e-02 1.190512054324623509e-01
1.733120122957609865e+00 4.581516422791238885e-02 1.186857505289332371e-01
1.727829876780966334e+00 4.597267532523396233e-02 1.183234693288937045e-01
1.722585678986969571e+00 4.613018642255553581e-02 1.179643415668545914e-01
1.717387233879634323e+00 4.628769751987710929e-02 1.176083469932674708e-01
1.712234246082356082e+00 4.644520861719867583e-02 1.172554653804553787e-01
1.707126420620864504e+00 4.660271971452024931e-02 1.169056765282935201e-01
1.702063463002533528e+00 4.676023081184182278e-02 1.165589602696407295e-01
1.697045079292228698e+00 4.691774190916339626e-02 1.162152964755331919e-01
1.692070976184817388e+00 4.707525300648496974e-02 1.158746650601504141e-01
1.687140861074427844e+00 4.723276410380653628e-02 1.155370459855578902e-01
1.682254442120591609e+00 4.739027520112810976e-02 1.152024192662366858e-01
1.677411428311413877e+00 4.754778629844968324e-02 1.148707649734094505e-01
1.672611529523746698e+00 4.770529739577125672e-02 1.145420632391608989e-01
1.667854456580655897e+00 4.786280849309282326e-02 1.142162942603736075e-01
1.663139921306136193e+00 4.802031959041439674e-02 1.138934383024746144e-01
1.658467636577216631e+00 4.817783068773597022e-02 1.135734757030038289e-01
1.653837316373560462e+00 4.833534178505754370e-02 1.132563868750105368e-01
1.649248675824652732e+00 4.849285288237911717e-02 1.129421523102849823e-01
1.644701431254616431e+00 4.865036397970068371e-02 1.126307525824274819e-01
1.640195300224789543e+00 4.880787507702225719e-02 1.123221683497638984e-01
1.635730001574125625e+00 4.896538617434383067e-02 1.120163803581124828e-01
1.631305255457513592e+00 4.912289727166540415e-02 1.117133694434079699e-01
1.626920783382045599e+00 4.928040836898697069e-02 1.114131165341855079e-01
1.622576308241338916e+00 4.943791946630854417e-02 1.111156026539305702e-01
1.618271554348017505e+00 4.959543056363011765e-02 1.108208089233036625e-01
1.614006247464357502e+00 4.975294166095169113e-02 1.105287165622389906e-01
1.609780114831161235e+00 4.991045275827326461e-02 1.102393068919215458e-01
1.605592882008302524e+00 5.006796385559483115e-02 1.099525611184247187e-01
1.601444173320080822e+00 5.022547495291640463e-02 1.096684535151114109e-01
1.597333495589491115e+00 5.038298605023797810e-02 1.093869503087410572e-01
1.593260356595686877e+00 5.054049714755955158e-02 1.091080177915515204e-01
1.589224272249200487e+00 5.069800824488111812e-02 1.088316228126257196e-01
1.585224766428574794e+00 5.085551934220269160e-02 1.085577327667033576e-01
1.581261370820840506e+00 5.101303043952426508e-02 1.082863155832572144e-01
1.577333624765665521e+00 5.117054153684583856e-02 1.080173397158199211e-01
1.573441075103318765e+00 5.132805263416741204e-02 1.077507741315727602e-01
1.569583276026022212e+00 5.148556373148897858e-02 1.074865883011656836e-01
1.565759788932829188e+00 5.164307482881055206e-02 1.072247521887795679e-01
1.561970182287884867e+00 5.180058592613212554e-02 1.069652362424197561e-01
1.558214031481945039e+00 5.195809702345369901e-02 1.067080113844323525e-01
1.554490918697056356e+00 5.211560812077526555e-02 1.064530490022379539e-01
1.550800432774387838e+00 5.227311921809683903e-02 1.062003209392800573e-01
1.547142169085051977e+00 5.243063031541841251e-02 1.059497994861792747e-01
1.543515729364986599e+00 5.258814141273998599e-02 1.057014573694254334e-01
1.539920710873342369e+00 5.274565251006155947e-02 1.054552670089338590e-01
1.536356692087954112e+00 5.290316360738312601e-02 1.052111995384568538e-01
1.532823254877527130e+00 5.306067470470469949e-02 1.049692263239570822e-01
1.529319988074944625e+00 5.321818580202627297e-02 1.047293192083106061e-01
1.525846487337554125e+00 5.337569689934784645e-02 1.044914505017396078e-01
1.522402355010741726e+00 5.353320799666941299e-02 1.042555929724697655e-01
1.518987199994697113e+00 5.369071909399098647e-02 1.040217198376058166e-01
1.515600637614322954e+00 5.384823019131255994e-02 1.037898047542232388e-01
1.512242289492109704e+00 5.400574128863413342e-02 1.035598218106623947e-01
1.508911783424035313e+00 5.416325238595570690e-02 1.033317455180301353e-01
1.505608753258293575e+00 5.432076348327727344e-02 1.031055508018947908e-01
1.502332838776817114e+00 5.447827458059884692e-02 1.028812129941731462e-01
1.499083685579535752e+00 5.463578567792042040e-02 1.026587078252038376e-01
1.495860944971270534e+00 5.479329677524199388e-02 1.024380114160020755e-01
1.492664273851233903e+00 5.495080787256356042e-02 1.022191002706925311e-01
1.489493334605006769e+00 5.510831896988513390e-02 1.020019512691115182e-01
1.486347794977800119e+00 5.526583006720670738e-02 1.017865416581283239e-01
1.483227296879202850e+00 5.542334116452828086e-02 1.015728469153634184e-01
1.480131395276642392e+00 5.558085226184985433e-02 1.013608365645536774e-01
1.477059636058310366e+00 5.573836335917142087e-02 1.011504795076811486e-01
1.474011573565661815e+00 5.589587445649299435e-02 1.009417452256154701e-01
1.470986770415047662e+00 5.605338555381456783e-02 1.007346037658993360e-01
1.467984797323830026e+00 5.621089665113614131e-02 1.005290257308403268e-01
1.465005232940839619e+00 5.636840774845770785e-02 1.003249822659008916e-01
1.462047663681085741e+00 5.652591884577928133e-02 1.001224450483789580e-01
1.459111683564528139e+00 5.668342994310085481e-02 9.992138627636663883e-02
1.456196894058882085e+00 5.684094104042242829e-02 9.972177865798580176e-02
1.453302903926276368e+00 5.699845213774400177e-02 9.952359540088676071e-02
1.450429329073662510e+00 5.715596323506556831e-02 9.932681020200420652e-02
1.447575792406902151e+00 5.731347433238714179e-02 9.913139723756508870e-02
1.444741923688399821e+00 5.747098542970871526e-02 9.893733115333895600e-02
1.441927359398177622e+00 5.762849652703028874e-02 9.874458705512438594e-02
1.439131742598304786e+00 5.778600762435185528e-02 9.855314049946496679e-02
1.436354722800633255e+00 5.794351872167342876e-02 9.836296748459172345e-02
1.433595955783334652e+00 5.810102981899500224e-02 9.817404443785923696e-02
1.430855073382370390e+00 5.825854091631657572e-02 9.798634614703631562e-02
1.428131634467893818e+00 5.841605201363814920e-02 9.779984240312224186e-02
1.425425193404368462e+00 5.857356311095971574e-02 9.761450268856246282e-02
1.422735313232718735e+00 5.873107420828128922e-02 9.743029707997467870e-02
1.420061565493763389e+00 5.888858530560286270e-02 9.724719623605772301e-02
1.417403530056122740e+00 5.904609640292443618e-02 9.706517138580643411e-02
1.414760794948422662e+00 5.920360750024600272e-02 9.688419431702063878e-02
1.412132956195767175e+00 5.936111859756757619e-02 9.670423736510685986e-02
1.409519617660234703e+00 5.951862969488914967e-02 9.652527340215509566e-02
1.406920390885428418e+00 5.967614079221072315e-02 9.634727582629390441e-02
1.404334894944760270e+00 5.983365188953229663e-02 9.617021855130013230e-02
1.401762756293598144e+00 5.999116298685386317e-02 9.599407599647441502e-02
1.399203608624918660e+00 6.014867408417543665e-02 9.581882307675565480e-02
1.396657092728578631e+00 6.030618518149701013e-02 9.564443519308420127e-02
1.394122856353958051e+00 6.046369627881858361e-02 9.547088822299519550e-02
1.391600554075917762e+00 6.062120737614015015e-02 9.529815851143941252e-02
1.389089847163999192e+00 6.077871847346172363e-02 9.512622286182574605e-02
1.386590403454754039e+00 6.093622957078329710e-02 9.495505852727842422e-02
1.384101896892344863e+00 6.109374066810487058e-02 9.478464317917684179e-02
1.381623971245950155e+00 6.125125176542643712e-02 9.461495242248801896e-02
1.379156208753249624e+00 6.140876286274801060e-02 9.444595764844233854e-02
1.376698192519231867e+00 6.156627396006958408e-02 9.427763030766411756e-02
1.374249514098604852e+00 6.172378505739115756e-02 9.410994242942276322e-02
1.371809773337835825e+00 6.188129615471273104e-02 9.394286661081546752e-02
1.369378578221188913e+00 6.203880725203429758e-02 9.377637600622361347e-02
1.366955544720515281e+00 6.219631834935587106e-02 9.361044431702630897e-02
1.364540296648775408e+00 6.235382944667744454e-02 9.344504578156942465e-02
1.362132465517140512e+00 6.251134054399902495e-02 9.328015516537987994e-02
1.359731690395587611e+00 6.266885164132059149e-02 9.311574775161880757e-02
1.357337617776848138e+00 6.282636273864215803e-02 9.295179933176495046e-02
1.354949901443613491e+00 6.298387383596373845e-02 9.278828619652042253e-02
1.352568202338960912e+00 6.314138493328530499e-02 9.262518512693768136e-02
1.350192188439786500e+00 6.329889603060687153e-02 9.246247338575180885e-02
1.347821534633293794e+00 6.345640712792845195e-02 9.230012870892254084e-02
1.345455922596315412e+00 6.361391822525001849e-02 9.213812929736997503e-02
1.343095040677477980e+00 6.377142932257158503e-02 9.197645380890515088e-02
1.340738583782071558e+00 6.392894041989316545e-02 9.181508135034574525e-02
1.338386253259582048e+00 6.408645151721473199e-02 9.165399146981438594e-02
1.336037755808007432e+00 6.424396261453631241e-02 9.149316408170482529e-02
1.333692769625004715e+00 6.440147371185787895e-02 9.133257714867978883e-02
1.331350936753150194e+00 6.455898480917944549e-02 9.117220615746708667e-02
1.329011904260678056e+00 6.471649590650102590e-02 9.101202693895635298e-02
1.326675326855515813e+00 6.487400700382259244e-02 9.085201584721078194e-02
1.324340866759323054e+00 6.503151810114417286e-02 9.069214975084138874e-02
1.322008193584489844e+00 6.518902919846573940e-02 9.053240602458351161e-02
1.319676984213974391e+00 6.534654029578730594e-02 9.037276254106804685e-02
1.317346922683895416e+00 6.550405139310888636e-02 9.021319766278128316e-02
1.315017700068829676e+00 6.566156249043045290e-02 9.005369023421004593e-02
1.312689014369648355e+00 6.581907358775203332e-02 8.989421957416045272e-02
1.310360570403929170e+00 6.597658468507359986e-02 8.973476546825324973e-02
1.308032079698715267e+00 6.613409578239516640e-02 8.957530816158004727e-02
1.305703260385726594e+00 6.629160687971674681e-02 8.941582835152704634e-02
1.303373837098781962e+00 6.644911797703831335e-02 8.925630718075051873e-02
1.301043540873442428e+00 6.660662907435987989e-02 8.909672623030419347e-02
1.298712109048841823e+00 6.676414017168146031e-02 8.893706751291677315e-02
1.296379285171548990e+00 6.692165126900302685e-02 8.877731346640800603e-02
1.294044818901453286e+00 6.707916236632460727e-02 8.861744694724370264e-02
1.291708465919622961e+00 6.723667346364617381e-02 8.845745122422603302e-02
1.289369987838025367e+00 6.739418456096774035e-02 8.829730997231084733e-02
1.287029151009912997e+00 6.755169565828932077e-02 8.813700719114173077e-02
1.284685707929003051e+00 6.770920675561088731e-02 8.797652593124785647e-02
1.282339400315739786e+00 6.786671785293246772e-02 8.781584850539427001e-02
1.279989975716844253e+00 6.802422895025403426e-02 8.765495762533502544e-02
1.277637187977500366e+00 6.818174004757560080e-02 8.749383643414902767e-02
1.275280797150723622e+00 6.833925114489718122e-02 8.733246850003360817e-02
1.272920569408444891e+00 6.849676224221874776e-02 8.717083781021536804e-02
1.270556276954388553e+00 6.865427333954032818e-02 8.700892876498385331e-02
1.268187697938638614e+00 6.881178443686189472e-02 8.684672617184124865e-02
1.265814616373819534e+00 6.896929553418346126e-02 8.668421523976212184e-02
1.263436822052894204e+00 6.912680663150504168e-02 8.652138157356431547e-02
1.261054110468463829e+00 6.928431772882660822e-02 8.635821116838224287e-02
1.258666282733580166e+00 6.944182882614817476e-02 8.619469040424453110e-02
1.256273145503967070e+00 6.959933992346975518e-02 8.603080604074718474e-02
1.253874510901673789e+00 6.975685102079132172e-02 8.586654521182550404e-02
1.251470196440053195e+00 6.991436211811290213e-02 8.570189542061656951e-02
1.249060024950057413e+00 7.007187321543446867e-02 8.553684453441176561e-02
1.246643824507778664e+00 7.022938431275603521e-02 8.537138077969470829e-02
1.244221428363262882e+00 7.038689541007761563e-02 8.520549273726657491e-02
1.241792674870481505e+00 7.054440650739918217e-02 8.503916933745016282e-02
1.239357407418438362e+00 7.070191760472076259e-02 8.487239985537228804e-02
1.236915474363434519e+00 7.085942870204232913e-02 8.470517390632496812e-02
1.234466729470535151e+00 7.101693979936389567e-02 8.453748147599786378e-02
1.232011038118609347e+00 7.117445089668547609e-02 8.436931334540496985e-02
1.229548275133806268e+00 7.133196199400704263e-02 8.420066094251932309e-02
1.227078319897710212e+00 7.148947309132862304e-02 8.403151600727465365e-02
1.224601056181142678e+00 7.164698418865018958e-02 8.386187058018376717e-02
1.222116372085294556e+00 7.180449528597175612e-02 8.369171699830751932e-02
1.219624159983682343e+00 7.196200638329333654e-02 8.352104789127967610e-02
1.217124316464957001e+00 7.211951748061490308e-02 8.334985617739057440e-02
1.214616742276462436e+00 7.227702857793646962e-02 8.317813505972185273e-02
1.212101342268588233e+00 7.243453967525805004e-02 8.300587802233569401e-02
1.209578025339846263e+00 7.259205077257961658e-02 8.283307882651362586e-02
1.207046704382685132e+00 7.274956186990119700e-02 8.265973150704590544e-02
1.204507296230007185e+00 7.290707296722276354e-02 8.248583036856879658e-02
1.201959721602342768e+00 7.306458406454433008e-02 8.231136998194724108e-02
1.199403905055720143e+00 7.322209516186591050e-02 8.213634518070463131e-02
1.196839774930160250e+00 7.337960625918747704e-02 8.196075105749603407e-02
1.194267263298806947e+00 7.353711735650905745e-02 8.178458296062428301e-02
1.191686305917647459e+00 7.369462845383062399e-02 8.160783649059699663e-02
1.189096842175849211e+00 7.385213955115219053e-02 8.143050749672529898e-02
1.186498815046654443e+00 7.400965064847377095e-02 8.125259207376156478e-02
1.183892171038836816e+00 7.416716174579533749e-02 8.107408655857450963e-02
1.181276860148704699e+00 7.432467284311691791e-02 8.089498752686273553e-02
1.178652835812650235e+00 7.448218394043848445e-02 8.071529178990526077e-02
1.176020056848033679e+00 7.463969503776005099e-02 8.053499652747471427e-02
1.173378517824837930e+00 7.479720613508163141e-02 8.035410136771828360e-02
1.170728242257188301e+00 7.495471723240319795e-02 8.017260792090619148e-02
1.168069256377004761e+00 7.511222832972476449e-02 7.999051798342574071e-02
1.165401588315629455e+00 7.526973942704634490e-02 7.980783348173868530e-02
1.162725268072605456e+00 7.542725052436791144e-02 7.962455647024273275e-02
1.160040327484828104e+00 7.558476162168949186e-02 7.944068912915955294e-02
1.157346800195874437e+00 7.574227271901105840e-02 7.925623376243401408e-02
1.154644721625698311e+00 7.589978381633262494e-02 7.907119279565887060e-02
1.151934128940528268e+00 7.605729491365420536e-02 7.888556877401366185e-02
1.149215061023074913e+00 7.621480601097577190e-02 7.869936436022417769e-02
1.146487558442977006e+00 7.637231710829735232e-02 7.851258233253868846e-02
1.143751663427527987e+00 7.652982820561891886e-02 7.832522558272334012e-02
1.141007419832638980e+00 7.668733930294048540e-02 7.813729711407349510e-02
1.138254873114072474e+00 7.684485040026206581e-02 7.794880003944397451e-02
1.135494070298911584e+00 7.700236149758363235e-02 7.775973757929521835e-02
1.132725059957295111e+00 7.715987259490521277e-02 7.757011305975743121e-02
1.129947892174368640e+00 7.731738369222677931e-02 7.737992991071009075e-02
1.127162618522511650e+00 7.747489478954834585e-02 7.718919166387984421e-02
1.124369292033778445e+00 7.763240588686992627e-02 7.699790195095337908e-02
1.121567967172577118e+00 7.778991698419149281e-02 7.680606450170626709e-02
1.118758699808589441e+00 7.794742808151305935e-02 7.661368314214860031e-02
1.115941547189932104e+00 7.810493917883463977e-02 7.642076179268708636e-02
1.113116567916516253e+00 7.826245027615620631e-02 7.622730446630057721e-02
1.110283822622689875e+00 7.841996137347778673e-02 7.603331531528816079e-02
1.107443411855123072e+00 7.857747247079935327e-02 7.583880122518353584e-02
1.104595494087705854e+00 7.873498356812091981e-02 7.564377304843271366e-02
1.101740231587290175e+00 7.889249466544250022e-02 7.544824189722740271e-02
1.098877785610784530e+00 7.905000576276406676e-02 7.525221881459749629e-02
1.096008316402836247e+00 7.920751686008564718e-02 7.505571477425213023e-02
1.093131983193633028e+00 7.936502795740721372e-02 7.485874068042935869e-02
1.090248944196881231e+00 7.952253905472878026e-02 7.466130736775754284e-02
1.087359356607877414e+00 7.968005015205036068e-02 7.446342560112345632e-02
1.084463376601763063e+00 7.983756124937192722e-02 7.426510607555247834e-02
1.081561159331875688e+00 7.999507234669350764e-02 7.406635941609598928e-02
1.078652858928254465e+00 8.015258344401507418e-02 7.386719617772892488e-02
1.075738628496269556e+00 8.031009454133664072e-02 7.366762684525579585e-02
1.072818620115388200e+00 8.046760563865822113e-02 7.346766183322632482e-02
1.069892984838043626e+00 8.062511673597978767e-02 7.326731148585803599e-02
1.066961872688667157e+00 8.078262783330135421e-02 7.306658607696976671e-02
1.064025432662815573e+00 8.094013893062293463e-02 7.286549580992199293e-02
1.061083812726428155e+00 8.109765002794450117e-02 7.266405081756611983e-02
1.058137159815199624e+00 8.125516112526608159e-02 7.246226116220130797e-02
1.055185619834083210e+00 8.141267222258764813e-02 7.226013683554056988e-02
1.052229337656900521e+00 8.157018331990921467e-02 7.205768775868406917e-02
1.049268457126069087e+00 8.172769441723079509e-02 7.185492378210027453e-02
1.046303121052425622e+00 8.188520551455236163e-02 7.165185468561417748e-02
1.043333471215209585e+00 8.204271661187394205e-02 7.144849017840584904e-02
1.040359648362081835e+00 8.220022770919550859e-02 7.124483989901191083e-02
1.037381792209330467e+00 8.235773880651707513e-02 7.104091341533960713e-02
1.034400055349590897e+00 8.251524990383865554e-02 7.083672117708086913e-02
1.031414669807706019e+00 8.267276100116022208e-02 7.063227907352245816e-02
1.028425893489982368e+00 8.283027209848178862e-02 7.042760476633896927e-02
1.025433980497487241e+00 8.298778319580336904e-02 7.022271565661840353e-02
1.022439181117963614e+00 8.314529429312493558e-02 7.001762888430870801e-02
1.019441741858830408e+00 8.330280539044651600e-02 6.981236133047752368e-02
1.016441905480317320e+00 8.346031648776808254e-02 6.960692961958132863e-02
1.013439911028696017e+00 8.361782758508964908e-02 6.940135012174111773e-02
1.010435993869645221e+00 8.377533868241122950e-02 6.919563895502738038e-02
1.007430385721703070e+00 8.393284977973279604e-02 6.898981198775078205e-02
1.004423314689778968e+00 8.409036087705437645e-02 6.878388484075728670e-02
1.001415005298757155e+00 8.424787197437594299e-02 6.857787288972909401e-02
9.984056785271375745e-01 8.440538307169750953e-02 6.837179126748878233e-02
9.953955518407098246e-01 8.456289416901908995e-02 6.816565486630489501e-02
9.923848392262892837e-01 8.472040526634065649e-02 6.795947834020257816e-02
9.893737512254269229e-01 8.487791636366223691e-02 6.775327610727185923e-02
9.863624949681725207e-01 8.503542746098380345e-02 6.754706235197986686e-02
9.833512742067869183e-01 8.519293855830536999e-02 6.734085102747949803e-02
9.803402893494855830e-01 8.535044965562695041e-02 6.713465585792008361e-02
9.773297374941248838e-01 8.550796075294851695e-02 6.692849034075443182e-02
9.743198124618589473e-01 8.566547185027008349e-02 6.672236774904352630e-02
9.713107048307805247e-01 8.582298294759166390e-02 6.651630113376046094e-02
9.683026019694778164e-01 8.598049404491323044e-02 6.631030332608819911e-02
9.652956880705377829e-01 8.613800514223481086e-02 6.610438693971415480e-02
9.622901441839957215e-01 8.629551623955637740e-02 6.589856437312070769e-02
9.592861482506810367e-01 8.645302733687794394e-02 6.569284781186879307e-02
9.562838751555690076e-01 8.661053843419952436e-02 6.548724923225152095e-02
9.532835235909017380e-01 8.676804953152109090e-02 6.528178224090673554e-02
9.502853680490506161e-01 8.692556062884267132e-02 6.507646563533885098e-02
9.472896921880527010e-01 8.708307172616423786e-02 6.487131884072590282e-02
9.442967739299519270e-01 8.724058282348580440e-02 6.466636088943959748e-02
9.413068855312739514e-01 8.739809392080738482e-02 6.446161042587143786e-02
9.383202936534600358e-01 8.755560501812895136e-02 6.425708571125615665e-02
9.353372594331592627e-01 8.771311611545053177e-02 6.405280462848519929e-02
9.323580385524073977e-01 8.787062721277209831e-02 6.384878468691299047e-02
9.293828813086361107e-01 8.802813831009366485e-02 6.364504302715080775e-02
9.264120326845014519e-01 8.818564940741524527e-02 6.344159642584912273e-02
9.234457324175208148e-01 8.834316050473681181e-02 6.323846130046612002e-02
9.204842150694446667e-01 8.850067160205837835e-02 6.303565371401848028e-02
9.175277100954211118e-01 8.865818269937995877e-02 6.283318937981775820e-02
9.145764419128500355e-01 8.881569379670152531e-02 6.263108366618561074e-02
9.116306299699673543e-01 8.897320489402310573e-02 6.242935160115049148e-02
9.086904888141067449e-01 8.913071599134467227e-02 6.222800787712239046e-02
9.057562281596366338e-01 8.928822708866623881e-02 6.202706685554507104e-02
9.028280529555517964e-01 8.944573818598781922e-02 6.182654257152490895e-02
8.999061634526868136e-01 8.960324928330938576e-02 6.162644873843366178e-02
8.969907552705747023e-01 8.976076038063096618e-02 6.142679875248711896e-02
8.940820194638897656e-01 8.991827147795253272e-02 6.122760569729505248e-02
8.911801425884776640e-01 9.007578257527409926e-02 6.102888234838309278e-02
8.882853067669952418e-01 9.023329367259567968e-02 6.083064117768780671e-02
8.853976897540681845e-01 9.039080476991724622e-02 6.063289435801871158e-02
8.825174650010410016e-01 9.054831586723882664e-02 6.043565376749249207e-02
8.796448017202413983e-01 9.070582696456039318e-02 6.023893099393379247e-02
8.767798649487851259e-01 9.086333806188195972e-02 6.004273733924472833e-02
8.739228156118948876e-01 9.102084915920354014e-02 5.984708382374093888e-02
8.710738234707382510e-01 9.117836025652510668e-02 5.965198207283220477e-02
8.682331129598863662e-01 9.133587135384667322e-02 5.945744745601604792e-02
8.654009197704155554e-01 9.149338245116825363e-02 5.926349611364654241e-02
8.625774736917665164e-01 9.165089354848982017e-02 5.907014378192784049e-02
8.597629987037992416e-01 9.180840464581140059e-02 5.887740579921849071e-02
8.569577130697828560e-01 9.196591574313296713e-02 5.868529711239935109e-02
8.541618294287837143e-01 9.212342684045453367e-02 5.849383228320025052e-02
8.513755548873703782e-01 9.228093793777611409e-02 5.830302549448038857e-02
8.485990911107200718e-01 9.243844903509768063e-02 5.811289055646710888e-02
8.458326344129842855e-01 9.259596013241926105e-02 5.792344091294428926e-02
8.430763758469990155e-01 9.275347122974082759e-02 5.773468964739582321e-02
8.403305012932420492e-01 9.291098232706239413e-02 5.754664948909750388e-02
8.375951915480808196e-01 9.306849342438397454e-02 5.735933281916030108e-02
8.348706224112718566e-01 9.322600452170554108e-02 5.717275167652240836e-02
8.321569647726682062e-01 9.338351561902712150e-02 5.698691776388708358e-02
8.294543846981831114e-01 9.354102671634868804e-02 5.680184245360943990e-02
8.267630435149423418e-01 9.369853781367025458e-02 5.661753679352788532e-02
8.240830978956433794e-01 9.385604891099183500e-02 5.643401151274095306e-02
8.214146999420944839e-01 9.401356000831340154e-02 5.625127702732839186e-02
8.187579972679468465e-01 9.417107110563496808e-02 5.606934344601648135e-02
8.161131330805665440e-01 9.432858220295654850e-02 5.588822057578483882e-02
8.134802462621084640e-01 9.448609330027811504e-02 5.570791792741839471e-02
8.108594714497088241e-01 9.464360439759969545e-02 5.552844472099909001e-02
8.082509391148293698e-01 9.480111549492126199e-02 5.534980989133948814e-02
8.056547756417592465e-01 9.495862659224282853e-02 5.517202209335853730e-02
8.030711034052324671e-01 9.511613768956440895e-02 5.499508970739693664e-02
8.005000408471933948e-01 9.527364878688597549e-02 5.481902084447416029e-02
7.979417025526709395e-01 9.543115988420755591e-02 5.464382335148439129e-02
7.953961993247946616e-01 9.558867098152912245e-02 5.446950481633360680e-02
7.928636385124216979e-01 9.574618207885068899e-02 5.429607259037589478e-02
7.903441359145620959e-01 9.590369317617226941e-02 5.412353460364000696e-02
7.878378205707899928e-01 9.606120427349383595e-02 5.395189969288139570e-02
7.853448186682657761e-01 9.621871537081541637e-02 5.378117649951946744e-02
7.828652523014028031e-01 9.637622646813698291e-02 5.361137338469831176e-02
7.803992395542702631e-01 9.653373756545854945e-02 5.344249843492976382e-02
7.779468945820540160e-01 9.669124866278012986e-02 5.327455946767188644e-02
7.755083276915282209e-01 9.684875976010169640e-02 5.310756403683982579e-02
7.730836454205647357e-01 9.700627085742326294e-02 5.294151943825051165e-02
7.706729506166534183e-01 9.716378195474484336e-02 5.277643271500012667e-02
7.682763425144630842e-01 9.732129305206640990e-02 5.261231066277514967e-02
7.658939168124062613e-01 9.747880414938799032e-02 5.244915983509591817e-02
7.635257657482452665e-01 9.763631524670955686e-02 5.228698654849408406e-02
7.611719781737040780e-01 9.779382634403112340e-02 5.212579688762201957e-02
7.588326396281226405e-01 9.795133744135270382e-02 5.196559671029685190e-02
7.565078324111218500e-01 9.810884853867427036e-02 5.180639165247664935e-02
7.541976356543026450e-01 9.826635963599585077e-02 5.164818713317036181e-02
7.519021253919945247e-01 9.842387073331741731e-02 5.149098835928272999e-02
7.496213746309933201e-01 9.858138183063898385e-02 5.133480033039011792e-02
7.473554534193977972e-01 9.873889292796056427e-02 5.117962784345441579e-02
7.451044289144315158e-01 9.889640402528213081e-02 5.102547549746756089e-02
7.428683654493487554e-01 9.905391512260371123e-02 5.087234769803333778e-02
7.406473245993816512e-01 9.921142621992527777e-02 5.072024866188348108e-02
7.384413652467261002e-01 9.936893731724684431e-02 5.056918242132801833e-02
7.362505436446170615e-01 9.952644841456842473e-02 5.041915282864312120e-02
7.340749134804526177e-01 9.968395951188999127e-02 5.027016356039401557e-02
7.319145259379939983e-01 9.984147060921155781e-02 5.012221812169443541e-02
7.297694297586472256e-01 9.999898170653313823e-02 4.997531985040318259e-02
7.276396713018361551e-01 1.001564928038547048e-01 4.982947192125874308e-02
7.255252946044535856e-01 1.003140039011762852e-01 4.968467734995027363e-02
7.234263414394255243e-01 1.004715149984978517e-01 4.954093899712835175e-02
7.213428512588877517e-01 1.006290260958194183e-01 4.939825956451359551e-02
7.192748493394015563e-01 1.007865371931409987e-01 4.925664078306950938e-02
7.172223367592444054e-01 1.009440482904625652e-01 4.911608272663755409e-02
7.151853108303543038e-01 1.011015593877841456e-01 4.897658521113665980e-02
7.131637676247313262e-01 1.012590704851057122e-01 4.883814796757353360e-02
7.111577020119734804e-01 1.014165815824272787e-01 4.870077064461328376e-02
7.091671076961794107e-01 1.015740926797488591e-01 4.856445281110647466e-02
7.071919772521990666e-01 1.017316037770704257e-01 4.842919395857157860e-02
7.052323021612115772e-01 1.018891148743920061e-01 4.829499350363151283e-02
7.032880728456953889e-01 1.020466259717135726e-01 4.816185079040826572e-02
7.013592787037618015e-01 1.022041370690351392e-01 4.802976509287420342e-02
6.994459081428634484e-01 1.023616481663567196e-01 4.789873561716038314e-02
6.975479486129105844e-01 1.025191592636782861e-01 4.776876150382450975e-02
6.956653866387586538e-01 1.026766703609998527e-01 4.763984183007553136e-02
6.937982078521347518e-01 1.028341814583214331e-01 4.751197561196019575e-02
6.919463970229619010e-01 1.029916925556429996e-01 4.738516180650802212e-02
6.901099380901025704e-01 1.031492036529645800e-01 4.725939931383670023e-02
6.882888141915555202e-01 1.033067147502861466e-01 4.713468697922001266e-02
6.864830076940749981e-01 1.034642258476077131e-01 4.701102359511612205e-02
6.846925002222529200e-01 1.036217369449292935e-01 4.688840790315922102e-02
6.829172726870542665e-01 1.037792480422508601e-01 4.676683859611365651e-02
6.811573053138099132e-01 1.039367591395724405e-01 4.664631431979086168e-02
6.794125776697088614e-01 1.040942702368940070e-01 4.652683367493208599e-02
6.776830686907445722e-01 1.042517813342155736e-01 4.640839521905368303e-02
6.759687567081751336e-01 1.044092924315371540e-01 4.629099746825911937e-02
6.742696194744621785e-01 1.045668035288587205e-01 4.617463889901537999e-02
6.725856341887445078e-01 1.047243146261803010e-01 4.605931794989732292e-02
6.709167775218002339e-01 1.048818257235018675e-01 4.594503302329716599e-02
6.692630256405375233e-01 1.050393368208234340e-01 4.583178248710155500e-02
6.676243542320280389e-01 1.051968479181450145e-01 4.571956467633760818e-02
6.660007385270740876e-01 1.053543590154665810e-01 4.560837789478655591e-02
6.643921533233110299e-01 1.055118701127881475e-01 4.549822041656596816e-02
6.627985730078722604e-01 1.056693812101097280e-01 4.538909048768186016e-02
6.612199688546706033e-01 1.058268923074312945e-01 4.528098614094385604e-02
6.596562659716080912e-01 1.059844034047528749e-01 4.517390224766829054e-02
6.581073519859612642e-01 1.061419145020744415e-01 4.506783111246184109e-02
6.565731146046868139e-01 1.062994255993960080e-01 4.496276504538775781e-02
6.550534427765677403e-01 1.064569366967175884e-01 4.485869644155075081e-02
6.535482266778803728e-01 1.066144477940391549e-01 4.475561778011551833e-02
6.520573576982506836e-01 1.067719588913607354e-01 4.465352162333807023e-02
6.505807284266709178e-01 1.069294699886823019e-01 4.455240061560818143e-02
6.491182326377474832e-01 1.070869810860038684e-01 4.445224748250766605e-02
6.476697652780923908e-01 1.072444921833254489e-01 4.435305502987836601e-02
6.462352224529085420e-01 1.074020032806470154e-01 4.425481614290363575e-02
6.448145014127590890e-01 1.075595143779685958e-01 4.415752378520217819e-02
6.434075005405052172e-01 1.077170254752901624e-01 4.406117099793355196e-02
6.420141193384123479e-01 1.078745365726117289e-01 4.396575089891521793e-02
6.406342584154326447e-01 1.080320476699333093e-01 4.387125668175157617e-02
6.392678194746569398e-01 1.081895587672548759e-01 4.377768161497482685e-02
6.379147053009279755e-01 1.083470698645764424e-01 4.368501904119644758e-02
6.365748197486128523e-01 1.085045809618980228e-01 4.359326237627007133e-02
6.352480677295445632e-01 1.086620920592195894e-01 4.350240510846557079e-02
6.339343552011154070e-01 1.088196031565411698e-01 4.341244079765382152e-02
6.326335891545344925e-01 1.089771142538627363e-01 4.332336307450238011e-02
6.313456776032256856e-01 1.091346253511843029e-01 4.323516563968110571e-02
6.300705295713957543e-01 1.092921364485058833e-01 4.314784226307928627e-02
6.288080550827299664e-01 1.094496475458274498e-01 4.306138678303141065e-02
6.275581651492583291e-01 1.096071586431490302e-01 4.297579310555481313e-02
6.263207717603502811e-01 1.097646697404705968e-01 4.289105520359595691e-02
6.250957878718649274e-01 1.099221808377921633e-01 4.280716711628748672e-02
6.238831273954233980e-01 1.100796919351137437e-01 4.272412294821355261e-02
6.226827051878532915e-01 1.102372030324353103e-01 4.264191686868692294e-02
6.214944370407393670e-01 1.103947141297568907e-01 4.256054311103349419e-02
6.203182396701203416e-01 1.105522252270784572e-01 4.247999597188663323e-02
6.191540307063345683e-01 1.107097363244000238e-01 4.240026981049185850e-02
6.180017286839720736e-01 1.108672474217216042e-01 4.232135904801875154e-02
6.168612530319697029e-01 1.110247585190431707e-01 4.224325816688254132e-02
6.157325239277187112e-01 1.111822696163647373e-01 4.216596170075342931e-02
6.146154343410503706e-01 1.113397807136863177e-01 4.208946232010141869e-02
6.135098164537456933e-01 1.114972918110078842e-01 4.201374853257177494e-02
6.124154963838454035e-01 1.116548029083294646e-01 4.193880843055888819e-02
6.113323025959344070e-01 1.118123140056510312e-01 4.186463026715087771e-02
6.102600658604986350e-01 1.119698251029725977e-01 4.179120245334607547e-02
6.091986192141212175e-01 1.121273362002941781e-01 4.171851355532742861e-02
6.081477979205093254e-01 1.122848472976157447e-01 4.164655229179350937e-02
6.071074394323464629e-01 1.124423583949373251e-01 4.157530753134605628e-02
6.060773833539290223e-01 1.125998694922588916e-01 4.150476828993141659e-02
6.050574714045804381e-01 1.127573805895804582e-01 4.143492372833502274e-02
6.040475473828408326e-01 1.129148916869020386e-01 4.136576314972907620e-02
6.030474571313680920e-01 1.130724027842236051e-01 4.129727599726894932e-02
6.020570485026007779e-01 1.132299138815451855e-01 4.122945185174177463e-02
6.010761713250978300e-01 1.133874249788667521e-01 4.116228042926125402e-02
6.001046773706029125e-01 1.135449360761883186e-01 4.109575157901239340e-02
5.991424203217500244e-01 1.137024471735098990e-01 4.102985528103969548e-02
5.981892557404716593e-01 1.138599582708314656e-01 4.096458164408396663e-02
5.972450410370184759e-01 1.140174693681530321e-01 4.089992090346054876e-02
5.963096354396381082e-01 1.141749804654746125e-01 4.083586341898302885e-02
5.953828999648632658e-01 1.143324915627961791e-01 4.077239967292847073e-02
5.944646973884016861e-01 1.144900026601177595e-01 4.070952026804394719e-02
5.935548922166280494e-01 1.146475137574393260e-01 4.064721592559434465e-02
5.926533506586439959e-01 1.148050248547608926e-01 4.058547748344886602e-02
5.917599405989200090e-01 1.149625359520824730e-01 4.052429589420768891e-02
5.908745315704676537e-01 1.151200470494040395e-01 4.046366222336455348e-02
5.899969947285783611e-01 1.152775581467256200e-01 4.040356764750871466e-02
5.891272028250781334e-01 1.154350692440471865e-01 4.034400345256143605e-02
5.882650301831040540e-01 1.155925803413687530e-01 4.028496103204898954e-02
5.874103526723849500e-01 1.157500914386903335e-01 4.022643188540980796e-02
5.865630476850212105e-01 1.159076025360119000e-01 4.016840761633573564e-02
5.857229941117549910e-01 1.160651136333334804e-01 4.011087993114709899e-02
5.848900723187001605e-01 1.162226247306550470e-01 4.005384063719907156e-02
5.840641641245543081e-01 1.163801358279766135e-01 3.999728164132121400e-02
5.832451527782543943e-01 1.165376469252981939e-01 3.994119494828724665e-02
5.824329229370731609e-01 1.166951580226197605e-01 3.988557265931509666e-02
5.816273606405516494e-01 1.168526691199413270e-01 3.983040697028178423e-02
5.808283393748161494e-01 1.170101802172629074e-01 3.977568921739423752e-02
5.800356896965137565e-01 1.171676913145844739e-01 3.972140779700701618e-02
5.792492354112901420e-01 1.173252024119060544e-01 3.966755064315945906e-02
5.784688025198815309e-01 1.174827135092276209e-01 3.961410584021281267e-02
5.776942191842191487e-01 1.176402246065491874e-01 3.956106162052918512e-02
5.769253156943869865e-01 1.177977357038707679e-01 3.950840636220852992e-02
5.761619244363980208e-01 1.179552468011923344e-01 3.945612858688211239e-02
5.754038798607771232e-01 1.181127578985139148e-01 3.940421695756100851e-02
5.746510184519378894e-01 1.182702689958354814e-01 3.935266027653887277e-02
5.739031786983125327e-01 1.184277800931570479e-01 3.930144748334659516e-02
5.731602010632413924e-01 1.185852911904786283e-01 3.925056765275867360e-02
5.724219279565893048e-01 1.187428022878001949e-01 3.920000999284944249e-02
5.716882037070701861e-01 1.189003133851217753e-01 3.914976384309794277e-02
5.709588745352655037e-01 1.190578244824433418e-01 3.909981867254014309e-02
5.702337885273318641e-01 1.192153355797649084e-01 3.905016407796835232e-02
5.695127956093505306e-01 1.193728466770864888e-01 3.900078978217481201e-02
5.687957475223436310e-01 1.195303577744080553e-01 3.895168563224057218e-02
5.680824977979033186e-01 1.196878688717296219e-01 3.890284159786674273e-02
5.673729017344363301e-01 1.198453799690512023e-01 3.885424776974752414e-02
5.666668163740173902e-01 1.200028910663727688e-01 3.880589435798526693e-02
5.659641004798172670e-01 1.201604021636943492e-01 3.875777169054463872e-02
5.652646145141031475e-01 1.203179132610159158e-01 3.870987021174606552e-02
5.645682206167971229e-01 1.204754243583374823e-01 3.866218048079741315e-02
5.638747825845806805e-01 1.206329354556590627e-01 3.861469317036306942e-02
5.631841658505092330e-01 1.207904465529806293e-01 3.856739906516784555e-02
5.624962374641708784e-01 1.209479576503022097e-01 3.852028906063833386e-02
5.618108660723265535e-01 1.211054687476237762e-01 3.847335416157703775e-02
5.611279219000543383e-01 1.212629798449453428e-01 3.842658548087117543e-02
5.604472767323570581e-01 1.214204909422669232e-01 3.837997423823315962e-02
5.597688038962593815e-01 1.215780020395884897e-01 3.833351175897445340e-02
5.590923782433347977e-01 1.217355131369100563e-01 3.828718947280922852e-02
5.584178761327049934e-01 1.218930242342316367e-01 3.824099891268991497e-02
5.577451754144400198e-01 1.220505353315532032e-01 3.819493171367060319e-02
5.570741554134088780e-01 1.222080464288747836e-01 3.814897961180106767e-02
5.564046969135270082e-01 1.223655575261963502e-01 3.810313444304792158e-02
5.557366821424094550e-01 1.225230686235179167e-01 3.805738814224380456e-02
5.550699947564099457e-01 1.226805797208394971e-01 3.801173274206271629e-02
5.544045198239023753e-01 1.228380908181610637e-01 3.796616037187521692e-02
5.537401407219886273e-01 1.229956019154826441e-01 3.792066304523184633e-02
5.530767330166396212e-01 1.231531130128042106e-01 3.787523224076941308e-02
5.524141720820316959e-01 1.233106241101257772e-01 3.782985942399031548e-02
5.517523348249125936e-01 1.234681352074473576e-01 3.778453616534905440e-02
5.510910996702415021e-01 1.236256463047689241e-01 3.773925413926864508e-02
5.504303465472087931e-01 1.237831574020905046e-01 3.769400512318333424e-02
5.497699568756665434e-01 1.239406684994120711e-01 3.764878099660936422e-02
5.491098135529135504e-01 1.240981795967336376e-01 3.760357374023989840e-02
5.484498009408571573e-01 1.242556906940552180e-01 3.755837543506601595e-02
5.477898048535279063e-01 1.244132017913767846e-01 3.751317826152147233e-02
5.471297125449363641e-01 1.245707128886983511e-01 3.746797449865137131e-02
5.464694126972747812e-01 1.247282239860199315e-01 3.742275652330406127e-02
5.458087954094376082e-01 1.248857350833414981e-01 3.737751680934495863e-02
5.451477521858696385e-01 1.250432461806630924e-01 3.733224792689304739e-02
5.444861759257062506e-01 1.252007572779846589e-01 3.728694254157698812e-02
5.438239609122418328e-01 1.253582683753062255e-01 3.724159341381400729e-02
5.431610028026582215e-01 1.255157794726277920e-01 3.719619339810657094e-02
5.424971986180596728e-01 1.256732905699493585e-01 3.715073544235974329e-02
5.418324467337727324e-01 1.258308016672709251e-01 3.710521258721714843e-02
5.411666468699226629e-01 1.259883127645924916e-01 3.705961796541550057e-02
5.404997000822531206e-01 1.261458238619140859e-01 3.701394480115591246e-02
5.398315087532148393e-01 1.263033349592356525e-01 3.696818640949377927e-02
5.391619765832869060e-01 1.264608460565572190e-01 3.692233619574428888e-02
5.384910085825401760e-01 1.266183571538787855e-01 3.687638765490474507e-02
5.378185110624295051e-01 1.267758682512003521e-01 3.683033437109255875e-02
5.371443916278041408e-01 1.269333793485219464e-01 3.678417001699797739e-02
5.364685591691423783e-01 1.270908904458435129e-01 3.673788835335242697e-02
5.357909238549842801e-01 1.272484015431650795e-01 3.669148322841016968e-02
5.351113971245681222e-01 1.274059126404866460e-01 3.664494857744421408e-02
5.344298916806782263e-01 1.275634237378082125e-01 3.659827842225637368e-02
5.337463214826538849e-01 1.277209348351298068e-01 3.655146687069853184e-02
5.330606017396013474e-01 1.278784459324513734e-01 3.650450811620793712e-02
5.323726489037791110e-01 1.280359570297729399e-01 3.645739643735400326e-02
5.316823806641450822e-01 1.281934681270945064e-01 3.641012619739656536e-02
5.309897159400728262e-01 1.283509792244160730e-01 3.636269184385555742e-02
5.302945748752364574e-01 1.285084903217376673e-01 3.631508790809211823e-02
5.295968788316264275e-01 1.286660014190592338e-01 3.626730900489893994e-02
5.288965503837308457e-01 1.288235125163808004e-01 3.621934983210173958e-02
5.281935133128508042e-01 1.289810236137023669e-01 3.617120517016989695e-02
5.274876926327976001e-01 1.291385347110239334e-01 3.612286988397633847e-02
5.267790237756144744e-01 1.292960458083455277e-01 3.607433955184465024e-02
5.260674652195437284e-01 1.294535569056670943e-01 3.602561133032447516e-02
5.253529794351098348e-01 1.296110680029886608e-01 3.597668264936089433e-02
5.246355296372514632e-01 1.297685791003102274e-01 3.592755098987709950e-02
5.239150797817997418e-01 1.299260901976317939e-01 3.587821388353339830e-02
5.231915945619994845e-01 1.300836012949533882e-01 3.582866891248891184e-02
5.224650394050621705e-01 1.302411123922749547e-01 3.577891370916541636e-02
5.217353804687444585e-01 1.303986234895965213e-01 3.572894595601325968e-02
5.210025846379644499e-01 1.305561345869180878e-01 3.567876338527938701e-02
5.202666195214363798e-01 1.307136456842396544e-01 3.562836377877710847e-02
5.195274534483360629e-01 1.308711567815612486e-01 3.557774496765758743e-02
5.187850554649958701e-01 1.310286678788828152e-01 3.552690483218357703e-02
5.180393953316074773e-01 1.311861789762043817e-01 3.547584130150361476e-02
5.172904435189659145e-01 1.313436900735259483e-01 3.542455235342904102e-02
5.165381712052188323e-01 1.315012011708475148e-01 3.537303601421139254e-02
5.157825502726358646e-01 1.316587122681690813e-01 3.532129035832117653e-02
5.150235533044095204e-01 1.318162233654906756e-01 3.526931350822875427e-02
5.142611535814526347e-01 1.319737344628122422e-01 3.521710363418507211e-02
5.134953250792257951e-01 1.321312455601338087e-01 3.516465895400436303e-02
5.127260424645636583e-01 1.322887566574553753e-01 3.511197773284687601e-02
5.119532810925336852e-01 1.324462677547769418e-01 3.505905828300364541e-02
5.111770170032881033e-01 1.326037788520985361e-01 3.500589896368102444e-02
5.103972269189331890e-01 1.327612899494201026e-01 3.495249818078620396e-02
5.096138882404102066e-01 1.329188010467416692e-01 3.489885438671370965e-02
5.088269790443721297e-01 1.330763121440632357e-01 3.484496608013140651e-02
5.080364780800881164e-01 1.332338232413848023e-01 3.479083180576859197e-02
5.072423647663303337e-01 1.333913343387063966e-01 3.473645015420279147e-02
5.064446191882818749e-01 1.335488454360279631e-01 3.468181976164799729e-02
5.056432220944382383e-01 1.337063565333495296e-01 3.462693930974243550e-02
5.048381548935203522e-01 1.338638676306710962e-01 3.457180752533724893e-02
5.040293996513842689e-01 1.340213787279926627e-01 3.451642318028486783e-02
5.032169390879234205e-01 1.341788898253142570e-01 3.446078509122674910e-02
5.024007565739958547e-01 1.343364009226358236e-01 3.440489211938312086e-02
5.015808361283142780e-01 1.344939120199573901e-01 3.434874317033989599e-02
5.007571624143671851e-01 1.346514231172789566e-01 3.429233719383786155e-02
4.999297207373178398e-01 1.348089342146005232e-01 3.423567318356030009e-02
4.990984970409115262e-01 1.349664453119221175e-01 3.417875017692123540e-02
4.982634779043650930e-01 1.351239564092436840e-01 3.412156725485238767e-02
4.974246505392666551e-01 1.352814675065652505e-01 3.406412354159088496e-02
4.965820027864504826e-01 1.354389786038868171e-01 3.400641820446523300e-02
4.957355231128923179e-01 1.355964897012083836e-01 3.394845045368273528e-02
4.948852007039245549e-01 1.357540007985299779e-01 3.389021954864444852e-02
4.940310431030585647e-01 1.359115118958515445e-01 3.383172600593733342e-02
4.931730965480817797e-01 1.360690229931731110e-01 3.377297299197003916e-02
4.923114121093600803e-01 1.362265340904946775e-01 3.371396400409085170e-02
4.914460406192634467e-01 1.363840451878162441e-01 3.365470252334985812e-02
4.905770326709447682e-01 1.365415562851378384e-01 3.359519201441538150e-02
4.897044386171318098e-01 1.366990673824594049e-01 3.353543592549110969e-02
4.888283085689740237e-01 1.368565784797809715e-01 3.347543768823731114e-02
4.879486923949178379e-01 1.370140895771025380e-01 3.341520071769361888e-02
4.870656397196286846e-01 1.371716006744241045e-01 3.335472841220540885e-02
4.861791999229492234e-01 1.373291117717456711e-01 3.329402415335225990e-02
4.852894221388862617e-01 1.374866228690672654e-01 3.323309130587872445e-02
4.843963552546446949e-01 1.376441339663888319e-01 3.317193321762811759e-02
4.835000479096963066e-01 1.378016450637103985e-01 3.311055321947874164e-02
4.826005484948742152e-01 1.379591561610319650e-01 3.304895462528188027e-02
4.816979051515212773e-01 1.381166672583535315e-01 3.298714073180345624e-02
4.807921657706568652e-01 1.382741783556751258e-01 3.292511481866707002e-02
4.798833779921846676e-01 1.384316894529966924e-01 3.286288014829959192e-02
4.789715892041394030e-01 1.385892005503182589e-01 3.280043996587973104e-02
4.780568465419565705e-01 1.387467116476398254e-01 3.273779749928790173e-02
4.771391968877892187e-01 1.389042227449613920e-01 3.267495595905951788e-02
4.762186868698444209e-01 1.390617338422829863e-01 3.261191853833952936e-02
4.752953628617611059e-01 1.392192449396045528e-01 3.254868841283975467e-02
4.743692709820182540e-01 1.393767560369261194e-01 3.248526874079853133e-02
4.734404570933740120e-01 1.395342671342476859e-01 3.242166266294207316e-02
4.725089668023339518e-01 1.396917782315692524e-01 3.235787330244820070e-02
4.715748454586567995e-01 1.398492893288908467e-01 3.229390376491250714e-02
4.706381381548814802e-01 1.400068004262124133e-01 3.222975713831585654e-02
4.696988897258964624e-01 1.401643115235339798e-01 3.216543649299497681e-02
4.687571447485255338e-01 1.403218226208555464e-01 3.210094488161413517e-02
4.678129475411529348e-01 1.404793337181771129e-01 3.203628533913932541e-02
4.668663421633738042e-01 1.406368448154987072e-01 3.197146088281442589e-02
4.659173724156742691e-01 1.407943559128202737e-01 3.190647451213935587e-02
4.649660818391392891e-01 1.409518670101418403e-01 3.184132920884988338e-02
4.640125137151800416e-01 1.411093781074634068e-01 3.177602793689913996e-02
4.630567110653119323e-01 1.412668892047849734e-01 3.171057364244229959e-02
4.620987166509329946e-01 1.414244003021065677e-01 3.164496925382147274e-02
4.611385729731439787e-01 1.415819113994281342e-01 3.157921768155334125e-02
4.601763222725928082e-01 1.417394224967497007e-01 3.151332181831852791e-02
4.592120065293449072e-01 1.418969335940712673e-01 3.144728453895273557e-02
4.582456674627691240e-01 1.420544446913928338e-01 3.138110870043885753e-02
4.572773465314702301e-01 1.422119557887144281e-01 3.131479714190247426e-02
4.563070849332271361e-01 1.423694668860359946e-01 3.124835268460752352e-02
4.553349236049580862e-01 1.425269779833575612e-01 3.118177813195395151e-02
4.543609032316526797e-01 1.426844890806791277e-01 3.111507627008937640e-02
4.533850772547375896e-01 1.428420001780006943e-01 3.104825075873465789e-02
4.524075375871168814e-01 1.429995112753222608e-01 3.098130789217479544e-02
4.514283823375370153e-01 1.431570223726438551e-01 3.091425438899209413e-02
4.504477084566504419e-01 1.433145334699654216e-01 3.084709688846147893e-02
4.494656117419019159e-01 1.434720445672869882e-01 3.077984195088507430e-02
4.484821868425791780e-01 1.436295556646085547e-01 3.071249605793809068e-02
4.474975272650274505e-01 1.437870667619301213e-01 3.064506561302595203e-02
4.465117253780082063e-01 1.439445778592517156e-01 3.057755694165119678e-02
4.455248724182133691e-01 1.441020889565732821e-01 3.050997629179117224e-02
4.445370584959234539e-01 1.442596000538948486e-01 3.044232983428548853e-02
4.435483726007879990e-01 1.444171111512164152e-01 3.037462366323182353e-02
4.425589026077638155e-01 1.445746222485379817e-01 3.030686379639261838e-02
4.415687352831610957e-01 1.447321333458595760e-01 3.023905617560916290e-02
4.405779562908201941e-01 1.448896444431811426e-01 3.017120666722447608e-02
4.395866501984114771e-01 1.450471555405027091e-01 3.010332106251481857e-02
4.385949004838404774e-01 1.452046666378242756e-01 3.003540507812833479e-02
4.376027895417740066e-01 1.453621777351458422e-01 2.996746435653185534e-02
4.366103986902590273e-01 1.455196888324674365e-01 2.989950446646427382e-02
4.356178081774572108e-01 1.456771999297890030e-01 2.983153090339770927e-02
4.346250971884589309e-01 1.458347110271105695e-01 2.976354909000411900e-02
4.336323438522129425e-01 1.459922221244321361e-01 2.969556437662984952e-02
4.326396252485226745e-01 1.461497332217537026e-01 2.962758204177475679e-02
4.316470174151396666e-01 1.463072443190752969e-01 2.955960729257795655e-02
4.306545953549363315e-01 1.464647554163968635e-01 2.949164526530906327e-02
4.296624330431533245e-01 1.466222665137184300e-01 2.942370102586447378e-02
4.286706034347241290e-01 1.467797776110399965e-01 2.935577957026891047e-02
4.276791784716646450e-01 1.469372887083615631e-01 2.928788582518156158e-02
4.266882290905308350e-01 1.470947998056831574e-01 2.922002464840672831e-02
4.256978252299400411e-01 1.472523109030047239e-01 2.915220082940890231e-02
4.247080358381533083e-01 1.474098220003262905e-01 2.908441908983201013e-02
4.237189288807060028e-01 1.475673330976478570e-01 2.901668408402197086e-02
4.227305713480996041e-01 1.477248441949694235e-01 2.894900039955344492e-02
4.217430292635340749e-01 1.478823552922910178e-01 2.888137255775933762e-02
4.207563676906951322e-01 1.480398663896125844e-01 2.881380501426407392e-02
4.197706507415787658e-01 1.481973774869341509e-01 2.874630215951946496e-02
4.187859415843520616e-01 1.483548885842557175e-01 2.867886831934298580e-02
4.178023024512640404e-01 1.485123996815772840e-01 2.861150775545954345e-02
4.168197946465723169e-01 1.486699107788988505e-01 2.854422466604426487e-02
4.158384785545140572e-01 1.488274218762204448e-01 2.847702318626841450e-02
4.148584136473074113e-01 1.489849329735420114e-01 2.840990738884728584e-02
4.138796584931609956e-01 1.491424440708635779e-01 2.834288128458874872e-02
4.129022707643276169e-01 1.492999551681851444e-01 2.827594882294472492e-02
4.119263072451589403e-01 1.494574662655067110e-01 2.820911389256278851e-02
4.109518238401990708e-01 1.496149773628283053e-01 2.814238032184047597e-02
4.099788755822713626e-01 1.497724884601498718e-01 2.807575187947901688e-02
4.090075166405934270e-01 1.499299995574714384e-01 2.800923227503907681e-02
4.080378021381752540e-01 1.500875106547930049e-01 2.794282528339795887e-02
4.070698034317101199e-01 1.502450217521145714e-01 2.787653579113139393e-02
4.061036001555738961e-01 1.504025328494361657e-01 2.781036925167879384e-02
4.051392707683713623e-01 1.505600439467577323e-01 2.774433103796172459e-02
4.041768924653497130e-01 1.507175550440792988e-01 2.767842643638572173e-02
4.032165411911262098e-01 1.508750661414008654e-01 2.761266064771197501e-02
4.022582916524632957e-01 1.510325772387224319e-01 2.754703878793221886e-02
4.013022173310719642e-01 1.511900883360440262e-01 2.748156588914540954e-02
4.003483904964710294e-01 1.513475994333655927e-01 2.741624690043847554e-02
3.993968822188579959e-01 1.515051105306871593e-01 2.735108668876758131e-02
3.984477623820103509e-01 1.516626216280087258e-01 2.728609003984175038e-02
3.975010996962247134e-01 1.518201327253302924e-01 2.722126165900888919e-02
3.965569617112449929e-01 1.519776438226518867e-01 2.715660617214108938e-02
3.956154148292281292e-01 1.521351549199734532e-01 2.709212812652262228e-02
3.946765243177086657e-01 1.522926660172950197e-01 2.702783199173768025e-02
3.937403543225634905e-01 1.524501771146165863e-01 2.696372216055825319e-02
3.928069678809889553e-01 1.526076882119381528e-01 2.689980294983283435e-02
3.918764269344643947e-01 1.527651993092597471e-01 2.683607860137410608e-02
3.909487923417197530e-01 1.529227104065813136e-01 2.677255328284706970e-02
3.900241238916779540e-01 1.530802215039028802e-01 2.670923108865528098e-02
3.891024803164027657e-01 1.532377326012244467e-01 2.664611604082752286e-02
3.881839193040110825e-01 1.533952436985460133e-01 2.658321208990213277e-02
3.872684975115837647e-01 1.535527547958676076e-01 2.652052311581108365e-02
3.863562705780365647e-01 1.537102658931891741e-01 2.645805292876137957e-02
3.854472931369706257e-01 1.538677769905107406e-01 2.639580527011514688e-02
3.845416188295025517e-01 1.540252880878323072e-01 2.633378381326818493e-02
3.836393003170470717e-01 1.541827991851538737e-01 2.627199216452534916e-02
3.827403892940774988e-01 1.543403102824754403e-01 2.621043386397444233e-02
3.818449365008437790e-01 1.544978213797970346e-01 2.614911238635705265e-02
3.809529917360461315e-01 1.546553324771186011e-01 2.608803114193660941e-02
3.800646038694767692e-01 1.548128435744401676e-01 2.602719347736397529e-02
3.791798208546098281e-01 1.549703546717617342e-01 2.596660267653965598e-02
3.782986897411424465e-01 1.551278657690833007e-01 2.590626196147266178e-02
3.774212566874922681e-01 1.552853768664048950e-01 2.584617449313627441e-02
3.765475669732396002e-01 1.554428879637264616e-01 2.578634337232017446e-02
3.756776650115194460e-01 1.556003990610480281e-01 2.572677164047901949e-02
3.748115943613545831e-01 1.557579101583695946e-01 2.566746228057700807e-02
3.739493977399344082e-01 1.559154212556911612e-01 2.560841821792881126e-02
3.730911170348313877e-01 1.560729323530127555e-01 2.554964232103609442e-02
3.722367933161614406e-01 1.562304434503343220e-01 2.549113740242030940e-02
3.713864668486764886e-01 1.563879545476558885e-01 2.543290621945080987e-02
3.705401771038031034e-01 1.565454656449774551e-01 2.537495147516925093e-02
3.696979627715956673e-01 1.567029767422990216e-01 2.531727581910815303e-02
3.688598617726537854e-01 1.568604878396206159e-01 2.525988184810705472e-02
3.680259112699364454e-01 1.570179989369421825e-01 2.520277210712147317e-02
3.671961476805354341e-01 1.571755100342637490e-01 2.514594909002929035e-02
3.663706066873601008e-01 1.573330211315853155e-01 2.508941524043079366e-02
3.655493232507608381e-01 1.574905322289068821e-01 2.503317295244476479e-02
3.647323316200742349e-01 1.576480433262284764e-01 2.497722457149905567e-02
3.639196626642871579e-01 1.578055544235500429e-01 2.492157221153189911e-02
3.631113351885116858e-01 1.579630655208716095e-01 2.486621716033565049e-02
3.623073644914593383e-01 1.581205766181931760e-01 2.481116046558093716e-02
3.623073644914593383e-01 1.581205766181931760e-01 2.481116046558094063e-02
2.833941867630362932e-01 1.826842454521749870e-01 2.003148690434813917e-02
2.415960545290595785e-01 2.073525430377324841e-01 1.254544916169058819e-02
1.929405390273359333e-01 2.322407203492417860e-01 1.143802594922053648e-02
1.682399373588306657e-01 2.568837818198746459e-01 1.092404992692827710e-02
1.428277555472010907e-01 2.811184729179193598e-01 7.158151222947906414e-03
1.259389803592703971e-01 3.057758170190760794e-01 5.458195252444381258e-03
1.103240357870244742e-01 3.308749588216616799e-01 4.709304252730766097e-03
9.668722307034807728e-02 3.553458836143503774e-01 3.817009269430298498e-03
8.772172775534917144e-02 3.797183506574301481e-01 4.120321512609934241e-03
7.758923364425436564e-02 4.042043120935024936e-01 2.206150341952839346e-03
7.077594885274436642e-02 4.287407985369371399e-01 1.785793009332458997e-03
6.467916330551996829e-02 4.533371424922238990e-01 1.643947045978434588e-03
5.853010697187412820e-02 4.779959634912051558e-01 2.218520690429561914e-03
5.359512986680659702e-02 5.026629933946460405e-01 1.560460904362636052e-03
4.995555739270893247e-02 5.271487506500315279e-01 1.738934353376965416e-03
4.646534134475026334e-02 5.515427964227138657e-01 1.233662475962211654e-03
4.350244887240885261e-02 5.762240530263548210e-01 1.025089558173021120e-03
4.080606563981633433e-02 6.007285446297923048e-01 9.690235573072961866e-04
3.804874648923133734e-02 6.252568531449649303e-01 1.350843762365128500e-03
3.656252368937967095e-02 6.499965502683907603e-01 1.307374175935460897e-03
3.488357216118753712e-02 6.746857991314229031e-01 1.049041379312570191e-03
3.376211701914347968e-02 6.991270364754236244e-01 8.281436781301012694e-04
3.286977926059519300e-02 7.235756604093172006e-01 7.381034742327862233e-04
3.263331437072854863e-02 7.479714013051395050e-01 9.476949219770487536e-04
3.247381120205561356e-02 7.726132299420060967e-01 8.102519225759827366e-04
3.227792672301080940e-02 7.972349387995918413e-01 8.015348275417368646e-04
3.123359216801040519e-02 8.217736356692634248e-01 8.899951025281637807e-04
3.035354208076955149e-02 8.463200505719705724e-01 7.730853876540054286e-04
2.958041974177276837e-02 8.708218859006343626e-01 6.358038344288945761e-04
2.919225104346876570e-02 8.954790463233904818e-01 7.169378540184052125e-04
2.880191537058007789e-02 9.199626960429320155e-01 7.792666112066926011e-04
2.898793542135153639e-02 9.443606208269833546e-01 8.169153458274035868e-04
2.914603575216656930e-02 9.688687146412832130e-01 8.994005958438568539e-04
2.907113550416681735e-02 9.930926048855095445e-01 1.058875265681499074e-03
2.973949858330614260e-02 1.017620455362175491e+00 8.456872936088136086e-04
3.082397405937319090e-02 1.042409919186157552e+00 1.017579580562989186e-03
3.242799886888839828e-02 1.066789561870425063e+00 1.038228686459097662e-03
3.337989048694947614e-02 1.090909765172895618e+00 1.217215409137833212e-03
3.312172276188472125e-02 1.115651582439790346e+00 1.871478692361173372e-03
3.410137210242700917e-02 1.140641543091339027e+00 1.136498091910543087e-03
3.473546713435723965e-02 1.164692026865203012e+00 2.027649433187053360e-03
3.586293046216097041e-02 1.188605021497627590e+00 1.816225940313451756e-03
3.858901137766968664e-02 1.214006438167991364e+00 1.811169272686569565e-03
4.156517648528245540e-02 1.240498485730926914e+00 2.597324977855586681e-03
4.753493897853291322e-02 1.264816150349954427e+00 5.376545289314699737e-03
5.133374269675751445e-02 1.284554513240047102e+00 6.764112028800786484e-03
5.484864792419514440e-02 1.309527810458392949e+00 9.485264349232644734e-03
8.078869053737054717e-02 1.335814856768205550e+00 1.674621549497342168e-02
7.500049008871029210e-02 1.360349523175663267e+00 9.081212840730958080e-02
