1.209157893311655130e+02 7.669903939428205850e-04 8.182917521862213661e+00
1.441197393676623335e+02 9.245014912643925459e-04 9.753233610276693000e+00
1.668952750433134042e+02 1.082012588585964507e-03 1.129455696416598620e+01
1.892437720082990893e+02 1.239523685907536251e-03 1.280698067999025547e+01
2.111649174039515344e+02 1.397034783229108429e-03 1.429048358519057338e+01
2.326576292495293785e+02 1.554545880550680173e-03 1.574499245724392793e+01
2.537213228210210900e+02 1.712056977872252134e-03 1.717046772523583442e+01
2.743559079578878368e+02 1.869568075193824095e-03 1.856690328759546915e+01
2.945625038524774482e+02 2.027079172515396273e-03 1.993437488512329736e+01
3.143422280367155395e+02 2.184590269836968017e-03 2.127295814625149717e+01
3.336980014181189063e+02 2.342101367158539761e-03 2.258285074198263231e+01
3.526327858595449243e+02 2.499612464480111939e-03 2.386425311495207779e+01
3.711500347674985392e+02 2.657123561801683683e-03 2.511739897277366040e+01
3.892544114977010850e+02 2.814634659123255861e-03 2.634260390578884170e+01
4.069508152062501836e+02 2.972145756444827605e-03 2.754019946201544400e+01
4.242440810040741326e+02 3.129656853766399783e-03 2.871051285524538699e+01
4.411397221757004559e+02 3.287167951087971527e-03 2.985391719434077018e+01
4.576438088197340335e+02 3.444679048409543271e-03 3.097082327028684290e+01
4.737624280577809373e+02 3.602190145731115449e-03 3.206164302609224848e+01
4.895014984795221835e+02 3.759701243052687193e-03 3.312677699944914167e+01
5.048672407599834742e+02 3.917212340374259805e-03 3.416664617152920158e+01
5.198661327483235937e+02 4.074723437695831549e-03 3.518168892763906541e+01
5.345048285547427440e+02 4.232234535017403293e-03 3.617235558146609264e+01
5.487898181492124650e+02 4.389745632338975037e-03 3.713908533858704430e+01
5.627273727475069336e+02 4.547256729660546781e-03 3.808230260049430171e+01
5.763238523284924213e+02 4.704767826982118525e-03 3.900243777567948200e+01
5.895856867155067675e+02 4.862278924303691137e-03 3.989992599932508455e+01
6.025193426804512455e+02 5.019790021625262881e-03 4.077520490708973711e+01
6.151312922837706765e+02 5.177301118946834625e-03 4.162871249253164052e+01
6.274277885029640629e+02 5.334812216268406369e-03 4.246087192287673417e+01
6.394147809113446783e+02 5.492323313589978981e-03 4.327208583261949570e+01
6.510981960314393291e+02 5.649834410911550725e-03 4.406275529630361376e+01
6.624839447355943776e+02 5.807345508233122469e-03 4.483328032935430940e+01
6.735779075964522917e+02 5.964856605554694213e-03 4.558405889667915289e+01
6.843859225268436148e+02 6.122367702876265957e-03 4.631548607620342750e+01
6.949137743852061249e+02 6.279878800197838569e-03 4.702795335542218425e+01
7.051671271947038804e+02 6.437389897519410313e-03 4.772184404436178085e+01
7.151512436153708450e+02 6.594900994840982057e-03 4.839751429099290903e+01
7.248712262783631104e+02 6.752412092162553801e-03 4.905530941340953177e+01
7.343321402537031872e+02 6.909923189484126413e-03 4.969557218777399754e+01
7.435390061900792489e+02 7.067434286805698157e-03 5.031864238405636769e+01
7.524967943089009168e+02 7.224945384127269901e-03 5.092485635958507117e+01
7.612104193028403643e+02 7.382456481448841645e-03 5.151454671380801642e+01
7.696847360279759869e+02 7.539967578770413389e-03 5.208804199676069402e+01
7.779245358929802023e+02 7.697478676091986001e-03 5.264566646470602507e+01
7.859345151430229635e+02 7.854989773413558612e-03 5.318773793376300318e+01
7.937189790817848234e+02 8.012500870735128622e-03 5.371454776327447433e+01
8.012819860853460341e+02 8.170011968056702101e-03 5.422637060187755509e+01
8.086275607668552539e+02 8.327523065378272110e-03 5.472347881331917563e+01
8.157596936591775147e+02 8.485034162699845589e-03 5.520614245497970529e+01
8.226823378432488880e+02 8.642545260021415598e-03 5.567462904969816861e+01
8.293994060144004834e+02 8.800056357342989077e-03 5.612920338723748870e+01
8.359147679415673338e+02 8.957567454664562556e-03 5.657012735233745104e+01
8.422322482791173570e+02 9.115078551986132566e-03 5.699765977663128780e+01
8.483556246952042557e+02 9.272589649307706045e-03 5.741205631198301518e+01
8.542886262844492649e+02 9.430100746629276054e-03 5.781356932306631791e+01
8.600349280247745583e+02 9.587611843950849533e-03 5.820244751223341240e+01
8.655979250624138785e+02 9.745122941272419542e-03 5.857892064436254032e+01
8.709806387683900084e+02 9.902634038593993021e-03 5.894319318927528428e+01
8.761860501523160565e+02 1.006014513591556303e-02 5.929546688535452859e+01
8.812171265159606719e+02 1.021765623323713651e-02 5.963594254331135147e+01
8.860768188863273735e+02 1.037516733055870999e-02 5.996481987246993128e+01
8.907680597004392666e+02 1.053267842788028000e-02 6.028229732408654229e+01
8.952937607208534700e+02 1.069018952520185348e-02 6.058857195028304687e+01
8.996568111626534119e+02 1.084770062252342349e-02 6.088383927729182687e+01
9.038600760144206561e+02 1.100521171984499696e-02 6.116829319182862434e+01
9.079063945372721491e+02 1.116272281716656697e-02 6.144212583951529894e+01
9.117985789273077444e+02 1.132023391448814045e-02 6.170552753436188453e+01
9.155394131281681211e+02 1.147774501180971046e-02 6.195868667840685617e+01
9.191316517814620966e+02 1.163525610913128394e-02 6.220178969068793862e+01
9.225780123644841524e+02 1.179276720645285742e-02 6.243502047516578557e+01
9.258809364263266843e+02 1.195027830377442743e-02 6.265854426249357090e+01
9.290425474900686140e+02 1.210778940109600091e-02 6.287250476106794395e+01
9.320649529442848689e+02 1.226530049841757092e-02 6.307704458739070930e+01
9.349502619040447371e+02 1.242281159573914440e-02 6.327230647480346448e+01
9.377005831156225213e+02 1.258032269306071441e-02 6.345843313168967370e+01
9.403180230161817690e+02 1.273783379038228789e-02 6.363556711016497047e+01
9.428046839378976074e+02 1.289534488770385789e-02 6.380385068454172881e+01
9.451626624467271540e+02 1.305285598502543137e-02 6.396342573890645866e+01
9.473940478068419679e+02 1.321036708234700485e-02 6.411443366320081338e+01
9.495009205622966419e+02 1.336787817966857486e-02 6.425701525723668794e+01
9.514853512283149257e+02 1.352538927699014834e-02 6.439131064212978117e+01
9.533493990848214708e+02 1.368290037431171835e-02 6.451745917865235924e+01
9.550951110657105119e+02 1.384041147163329183e-02 6.463559939206497518e+01
9.567245207375294740e+02 1.399792256895486184e-02 6.474586890299958952e+01
9.582396473618416621e+02 1.415543366627643532e-02 6.484840436400516239e+01
9.596424950358830301e+02 1.431294476359800533e-02 6.494334140139220324e+01
9.609350504619974345e+02 1.447045586091957881e-02 6.503081446428028300e+01
9.621191487234486885e+02 1.462796695824115228e-02 6.511094774104118699e+01
9.631963750006970031e+02 1.478547805556272229e-02 6.518384850799533581e+01
9.641682936737455520e+02 1.494298915288429577e-02 6.524962263380226091e+01
9.650364732930715945e+02 1.510050025020586578e-02 6.530837626935644380e+01
9.658024851345359139e+02 1.525801134752743926e-02 6.536021574999119821e+01
9.664679018426741095e+02 1.541552244484900927e-02 6.540524750366442674e+01
9.670342961574393712e+02 1.557303354217058275e-02 6.544357796479127387e+01
9.675032397196474676e+02 1.573054463949215276e-02 6.547531349340319196e+01
9.678763019507352965e+02 1.588805573681372624e-02 6.550056029933648460e+01
9.681550490027168507e+02 1.604556683413529972e-02 6.551942437117065765e+01
9.683410427744232720e+02 1.620307793145686973e-02 6.553201140965312277e+01
9.684358399904945145e+02 1.636058902877844320e-02 6.553842676537057343e+01
9.684409913395996909e+02 1.651810012610001321e-02 6.553877538042813455e+01
9.683580406687448203e+02 1.667561122342158669e-02 6.553316173392471455e+01
9.681885242306323107e+02 1.683312232074316017e-02 6.552168979101841728e+01
9.679339699812396702e+02 1.699063341806473018e-02 6.550446295539053665e+01
9.675958969249279562e+02 1.714814451538630366e-02 6.548158402492609298e+01
9.671758145045365609e+02 1.730565561270787367e-02 6.545315515043866128e+01
9.666752220341232942e+02 1.746316671002944715e-02 6.541927779728142411e+01
9.660956081720460134e+02 1.762067780735101716e-02 6.538005270968830018e+01
9.654384503740110404e+02 1.777818890467259064e-02 6.533557987375915843e+01
9.647052012704901927e+02 1.793570000199416065e-02 6.528595759555810218e+01
9.638972725819457992e+02 1.809321109931573412e-02 6.523128141258420953e+01
9.630160619477146611e+02 1.825072219663730760e-02 6.517164590940312507e+01
9.620629567404903355e+02 1.840823329395887761e-02 6.510714497579041904e+01
9.610393336461047511e+02 1.856574439128045109e-02 6.503787177829356381e+01
9.599465582742029710e+02 1.872325548860202110e-02 6.496391873388424187e+01
9.587859847982921337e+02 1.888076658592359458e-02 6.488537748559920715e+01
9.575589556235843247e+02 1.903827768324516459e-02 6.480233888006148391e+01
9.562668010812910779e+02 1.919578878056673807e-02 6.471489294679194870e+01
9.549108391480128830e+02 1.935329987788830808e-02 6.462312887921916627e+01
9.534923751889043615e+02 1.951081097520988156e-02 6.452713501729824941e+01
9.520127017234567575e+02 1.966832207253145504e-02 6.442699883166010011e+01
9.504730982127276775e+02 1.982583316985302505e-02 6.432280690921265887e+01
9.488748308668905338e+02 1.998334426717459852e-02 6.421464494011650004e+01
9.472191524721157521e+02 2.014085536449616853e-02 6.410259770606950269e+01
9.455073022357728405e+02 2.029836646181774201e-02 6.398674906983050903e+01
9.437405056489745903e+02 2.045587755913931202e-02 6.386718196591753127e+01
9.419199743656390638e+02 2.061338865646088550e-02 6.374397839242308095e+01
9.400469060971419140e+02 2.077089975378245551e-02 6.361721940388476781e+01
9.381224845218006294e+02 2.092841085110402899e-02 6.348698510515988858e+01
9.361478792083822782e+02 2.108592194842560247e-02 6.335335464624869672e+01
9.341242455529146582e+02 2.124343304574717248e-02 6.321640621801819293e+01
9.320527247281015661e+02 2.140094414306874596e-02 6.307621704877875146e+01
9.299344436446505142e+02 2.155845524039031597e-02 6.293286340166714155e+01
9.277705149239069442e+02 2.171596633771188944e-02 6.278642057279441246e+01
9.255620379475687969e+02 2.187347743503345945e-02 6.263696296228491889e+01
9.233102144922914931e+02 2.203098853235503293e-02 6.248457189979213666e+01
9.210164442396683171e+02 2.218849962967660294e-02 6.232934210809048636e+01
9.186821192062420778e+02 2.234601072699817642e-02 6.217136779122582624e+01
9.163085990837308827e+02 2.250352182431974990e-02 6.201074096567702298e+01
9.138972119063100763e+02 2.266103292164131991e-02 6.184755150551425373e+01
9.114492547071895387e+02 2.281854401896289339e-02 6.168188718683218497e+01
9.089659941645222716e+02 2.297605511628446340e-02 6.151383373146178002e+01
9.064486672365835602e+02 2.313356621360603688e-02 6.134347484995568323e+01
9.038984817862100272e+02 2.329107731092760689e-02 6.117089228384674016e+01
9.013166171945118776e+02 2.344858840824918036e-02 6.099616584718081924e+01
8.987042249638697058e+02 2.360609950557075037e-02 6.081937346732419059e+01
8.960624293102655429e+02 2.376361060289232385e-02 6.064059122504935573e+01
8.933923277449868010e+02 2.392112170021389733e-02 6.045989339390152395e+01
8.906949916457490417e+02 2.407863279753546734e-02 6.027735247884904624e+01
8.879714668173610335e+02 2.423614389485704082e-02 6.009303925422620551e+01
8.852227740419232305e+02 2.439365499217861083e-02 5.990702280096762422e+01
8.824499096187280429e+02 2.455116608950018431e-02 5.971937054314568627e+01
8.796538458939229486e+02 2.470867718682175432e-02 5.953014828381539303e+01
8.768355317800376270e+02 2.486618828414332780e-02 5.933942024017288475e+01
8.739958932654859609e+02 2.502369938146489781e-02 5.914724907803589815e+01
8.711358339141545457e+02 2.518121047878647129e-02 5.895369594565320170e+01
8.682562353552211789e+02 2.533872157610804476e-02 5.875882050685263636e+01
8.653579577632699511e+02 2.549623267342961477e-02 5.856268097353292745e+01
8.624418403289016624e+02 2.565374377075118825e-02 5.836533413751183730e+01
8.595087017199077764e+02 2.581125486807275826e-02 5.816683540173588796e+01
8.565593405331553640e+02 2.596876596539433174e-02 5.796723881086159480e+01
8.535945357373739171e+02 2.612627706271590175e-02 5.776659708122066661e+01
8.506150471068700654e+02 2.628378816003747523e-02 5.756496163017163781e+01
8.476216156464070082e+02 2.644129925735904524e-02 5.736238260485320239e+01
8.446149640073704177e+02 2.659881035468061872e-02 5.715890891034813137e+01
8.415957968952797046e+02 2.675632145200219220e-02 5.695458823726141873e+01
8.385648047668830714e+02 2.691383254932376221e-02 5.674946731191925409e+01
8.355228291703538162e+02 2.707134364664533568e-02 5.654360308568708149e+01
8.324709299798865914e+02 2.722885474396690569e-02 5.633706728503796057e+01
8.294101496759664087e+02 2.738636584128847917e-02 5.612993045933421854e+01
8.263414943362824943e+02 2.754387693861004918e-02 5.592226069439654168e+01
8.232659346990412814e+02 2.770138803593162266e-02 5.571412368446324592e+01
8.201844072000378674e+02 2.785889913325319267e-02 5.550558280237352449e+01
8.170978149838340414e+02 2.801641023057476615e-02 5.529669916799852558e+01
8.140070288894193027e+02 2.817392132789633963e-02 5.508753171494534939e+01
8.109128884107352633e+02 2.833143242521790964e-02 5.487813725556021183e+01
8.078162026324858971e+02 2.848894352253948312e-02 5.466857054425886275e+01
8.047177511416432480e+02 2.864645461986105313e-02 5.445888433921234650e+01
8.016182849150742413e+02 2.880396571718262660e-02 5.424912946241664002e+01
7.985185271837326582e+02 2.896147681450419661e-02 5.403935485817657280e+01
7.954191742738439643e+02 2.911898791182577009e-02 5.382960765003237924e+01
7.923208964255661613e+02 2.927649900914734010e-02 5.361993319616238551e+01
7.892243385895127403e+02 2.943401010646891358e-02 5.341037514328724711e+01
7.861301212016728641e+02 2.959152120379048706e-02 5.320097547911223046e+01
7.830388409371197440e+02 2.974903230111205707e-02 5.299177458333407742e+01
7.799510714430030021e+02 2.990654339843363055e-02 5.278281127724608268e+01
7.768673640512496377e+02 3.006405449575520056e-02 5.257412287196955702e+01
7.737882484714501743e+02 3.022156559307677404e-02 5.236574521534463855e+01
7.707142334643691584e+02 3.037907669039834405e-02 5.215771273750986126e+01
7.676458074965347578e+02 3.053658778771991752e-02 5.195005849520111241e+01
7.645834393763433354e+02 3.069409888504148753e-02 5.174281421479969367e+01
7.615275788721288563e+02 3.085160998236306101e-02 5.153601033415994692e+01
7.584786573126189069e+02 3.100912107968463102e-02 5.132967604324475985e+01
7.554370881702279803e+02 3.116663217700620450e-02 5.112383932359963268e+01
7.524032676275829772e+02 3.132414327432777451e-02 5.091852698669214305e+01
7.493775751277361223e+02 3.148165437164934799e-02 5.071376471114719919e+01
7.463603739084460358e+02 3.163916546897092147e-02 5.050957707890427884e+01
7.433520115209421419e+02 3.179667656629248801e-02 5.030598761032469213e+01
7.403528203335856688e+02 3.195418766361406149e-02 5.010301879827631666e+01
7.373631180208010392e+02 3.211169876093563497e-02 4.990069214122217289e+01
7.343832080376687372e+02 3.226920985825720151e-02 4.969902817533793637e+01
7.314133800805623196e+02 3.242672095557877499e-02 4.949804650568550102e+01
7.284539105341979166e+02 3.258423205290034846e-02 4.929776583646670929e+01
7.255050629054562705e+02 3.274174315022192194e-02 4.909820400038223198e+01
7.225670882443283745e+02 3.289925424754349542e-02 4.889937798711867600e+01
7.196402255896053930e+02 3.305676534486506196e-02 4.870130397351054796e+01
7.167247428542370926e+02 3.321427644218663544e-02 4.850400009043708849e+01
7.138210115227662982e+02 3.337178753950820892e-02 4.830749147793494558e+01
7.109294061456423606e+02 3.352929863682978240e-02 4.811180348352441882e+01
7.080502831450714893e+02 3.368680973415134894e-02 4.791696022790591059e+01
7.051839814256182990e+02 3.384432083147292242e-02 4.772298464628174486e+01
7.023308229669473803e+02 3.400183192879449590e-02 4.752989852846990715e+01
6.994911133992089844e+02 3.415934302611606938e-02 4.733772255784293037e+01
6.966651425614062418e+02 3.431685412343764285e-02 4.714647634911501228e+01
6.938531850432448209e+02 3.447436522075920939e-02 4.695617848501161262e+01
6.910555007108147265e+02 3.463187631808078287e-02 4.676684655184464390e+01
6.882723352165261304e+02 3.478938741540235635e-02 4.657849717402202572e+01
6.855039204937288559e+02 3.494689851272392983e-02 4.639114604752096227e+01
6.827504752363443004e+02 3.510440961004549637e-02 4.620480797234672821e+01
6.800122053639847763e+02 3.526192070736706985e-02 4.601949688400947025e+01
6.772893044728662062e+02 3.541943180468864333e-02 4.583522588403937448e+01
6.745819542729286695e+02 3.557694290201021681e-02 4.565200726956866362e+01
6.718903250115185983e+02 3.573445399933179029e-02 4.546985256200419201e+01
6.692145758840179042e+02 3.589196509665335683e-02 4.528877253481629594e+01
6.665548554317285834e+02 3.604947619397493030e-02 4.510877724046572013e+01
6.639113019274204817e+02 3.620698729129650378e-02 4.492987603649526562e+01
6.612840437488229099e+02 3.636449838861807726e-02 4.475207761080562108e+01
6.586731997404518779e+02 3.652200948593964380e-02 4.457539000614188751e+01
6.560788795640424951e+02 3.667952058326121728e-02 4.439982064380890137e+01
6.535011840379552268e+02 3.683703168058279076e-02 4.422537634664046635e+01
6.509402054658351062e+02 3.699454277790436424e-02 4.405206336124101085e+01
6.483960279548505241e+02 3.715205387522593772e-02 4.387988737952247931e+01
6.458687277237991111e+02 3.730956497254750426e-02 4.370885355955510931e+01
6.433583734013639059e+02 3.746707606986907774e-02 4.353896654575186176e+01
6.408650263148359727e+02 3.762458716719065122e-02 4.337023048840740103e+01
6.383887407695315233e+02 3.778209826451222469e-02 4.320264906260774751e+01
6.359295643192316447e+02 3.793960936183379123e-02 4.303622548653202529e+01
6.334875380278626835e+02 3.809712045915536471e-02 4.287096253916160293e+01
6.310626967226918396e+02 3.825463155647693819e-02 4.270686257741489555e+01
6.286550692392886504e+02 3.841214265379851167e-02 4.254392755272512261e+01
6.262646786585186192e+02 3.856965375112008515e-02 4.238215902707868565e+01
6.238915425357467939e+02 3.872716484844165169e-02 4.222155818852642284e+01
6.215356731225560907e+02 3.888467594576322517e-02 4.206212586618828198e+01
6.191970775811608974e+02 3.904218704308479865e-02 4.190386254476364769e+01
6.168757581917349171e+02 3.919969814040637213e-02 4.174676837856219436e+01
6.145717125529088207e+02 3.935720923772793867e-02 4.159084320507235333e+01
6.122849337755757233e+02 3.951472033504951215e-02 4.143608655807721419e+01
6.100154106702919989e+02 3.967223143237108562e-02 4.128249768033658285e+01
6.077631279283993990e+02 3.982974252969265910e-02 4.113007553584438369e+01
6.055280662970804997e+02 3.998725362701423258e-02 4.097881882167558132e+01
6.033102027485728058e+02 4.014476472433579912e-02 4.082872597943742221e+01
6.011095106436505375e+02 4.030227582165737260e-02 4.067979520633324597e+01
5.989259598896171610e+02 4.045978691897894608e-02 4.053202446585438423e+01
5.967595170929440656e+02 4.061729801630051956e-02 4.038541149810990305e+01
5.946101430210842409e+02 4.077480911362208610e-02 4.023995364805619346e+01
5.924777774176153571e+02 4.093232021094365958e-02 4.009564683786901895e+01
5.903623504448091808e+02 4.108983130826523306e-02 3.995248634131399257e+01
5.882637905233508491e+02 4.124734240558680654e-02 3.981046731429555052e+01
5.861820244529387764e+02 4.140485350290838001e-02 3.966958480301872214e+01
5.841169775039508067e+02 4.156236460022994655e-02 3.952983375019253032e+01
5.820685735058038972e+02 4.171987569755152003e-02 3.939120900100959233e+01
5.800367349320653148e+02 4.187738679487309351e-02 3.925370530890612741e+01
5.780213829824702998e+02 4.203489789219466699e-02 3.911731734111232583e+01
5.760224376618937185e+02 4.219240898951623353e-02 3.898203968399683106e+01
5.740398178564366845e+02 4.234992008683780701e-02 3.884786684821578717e+01
5.720734414066766931e+02 4.250743118415938049e-02 3.871479327367004686e+01
5.701232251782017784e+02 4.266494228148095397e-02 3.858281333427850512e+01
5.681890851295100902e+02 4.282245337880252745e-02 3.845192134257322181e+01
5.662709363773589075e+02 4.297996447612409399e-02 3.832211155412178982e+01
5.643686932596590395e+02 4.313747557344566746e-02 3.819337817178379169e+01
5.624822693959904427e+02 4.329498667076724094e-02 3.806571534980613336e+01
5.606115777458103366e+02 4.345249776808881442e-02 3.793911719776220082e+01
5.587565306644597740e+02 4.361000886541038096e-02 3.781357778434210815e+01
5.569170399569984511e+02 4.376751996273195444e-02 3.768909114099592728e+01
5.550930169299851968e+02 4.392503106005352792e-02 3.756565126543801370e+01
5.532843724412405209e+02 4.408254215737510140e-02 3.744325212501448874e+01
5.514910169476889905e+02 4.424005325469667488e-02 3.732188765994103363e+01
5.497128605513090633e+02 4.439756435201824142e-02 3.720155178641257265e+01
5.479498130432857579e+02 4.455507544933981490e-02 3.708223839959121904e+01
5.462017839464268718e+02 4.471258654666138838e-02 3.696394137647675393e+01
5.444686825558707142e+02 4.487009764398296185e-02 3.684665457866159244e+01
5.427504179781797120e+02 4.502760874130452839e-02 3.673037185497631185e+01
5.410468991688577489e+02 4.518511983862610187e-02 3.661508704402870507e+01
5.393580349683377335e+02 4.534263093594767535e-02 3.650079397663922265e+01
5.376837341365117027e+02 4.550014203326924883e-02 3.638748647817767790e+01
5.360239053858442730e+02 4.565765313059082231e-02 3.627515837080431282e+01
5.343784574130959300e+02 4.581516422791238885e-02 3.616380347561656095e+01
5.327472989297554022e+02 4.597267532523396233e-02 3.605341561470863354e+01
5.311303386911640700e+02 4.613018642255553581e-02 3.594398861314240179e+01
5.295274855244349510e+02 4.628769751987710929e-02 3.583551630083685779e+01
5.279386483551573974e+02 4.644520861719867583e-02 3.572799251437538715e+01
5.263637362329732241e+02 4.660271971452024931e-02 3.562141109873644496e+01
5.248026583560315430e+02 4.676023081184182278e-02 3.551576590894876517e+01
5.232553240943744868e+02 4.691774190916339626e-02 3.541105081167380320e+01
5.217216430122944075e+02 4.707525300648496974e-02 3.530725968671881532e+01
5.202015248896897219e+02 4.723276410380653628e-02 3.520438642848210975e+01
5.186948797424572604e+02 4.739027520112810976e-02 3.510242494733301299e+01
5.172016178419708012e+02 4.754778629844968324e-02 3.500136917093018951e+01
5.157216497336348766e+02 4.770529739577125672e-02 3.490121304547722048e+01
5.142548862546024111e+02 4.786280849309282326e-02 3.480195053692153095e+01
5.128012385506464170e+02 4.802031959041439674e-02 3.470357563209633867e+01
5.113606180922247404e+02 4.817783068773597022e-02 3.460608233980772042e+01
5.099329366897747491e+02 4.833534178505754370e-02 3.450946469186970944e+01
5.085181065082614396e+02 4.849285288237911717e-02 3.441371674408882342e+01
5.071160400809965267e+02 4.865036397970068371e-02 3.431883257719927371e+01
5.057266503227662042e+02 4.880787507702225719e-02 3.422480629775134275e+01
5.043498505422879816e+02 4.896538617434383067e-02 3.413163203895446429e+01
5.029855544540255323e+02 4.912289727166540415e-02 3.403930396147672610e+01
5.016336761893725225e+02 4.928040836898697069e-02 3.394781625420172588e+01
5.002941303072333312e+02 4.943791946630854417e-02 3.385716313494470597e+01
4.989668318040398276e+02 4.959543056363011765e-02 3.376733885113032585e+01
4.976516961231996561e+02 4.975294166095169113e-02 3.367833768043209375e+01
4.963486391639990529e+02 4.991045275827326461e-02 3.359015393137493533e+01
4.950575763074381257e+02 5.006796385559483115e-02 3.350278187740898517e+01
4.937783917202296493e+02 5.022547495291640463e-02 3.341621367957258570e+01
4.925109333395340627e+02 5.038298605023797810e-02 3.333043904708667071e+01
4.912550493973271273e+02 5.054049714755955158e-02 3.324544770912365266e+01
4.900105906327586922e+02 5.069800824488111812e-02 3.316122956452774417e+01
4.887774102417806716e+02 5.085551934220269160e-02 3.307777467840602270e+01
4.875553638279610595e+02 5.101303043952426508e-02 3.299507327879982910e+01
4.863443093544299245e+02 5.117054153684583856e-02 3.291311575343276985e+01
4.851441070970013243e+02 5.132805263416741204e-02 3.283189264653815798e+01
4.839546195983405710e+02 5.148556373148897858e-02 3.275139465575741582e+01
4.827757116232183989e+02 5.164307482881055206e-02 3.267161262911184849e+01
4.816072501148078686e+02 5.180058592613212554e-02 3.259253756204505237e+01
4.804491041519857504e+02 5.195809702345369901e-02 3.251416059453344332e+01
4.793011449076094550e+02 5.211560812077526555e-02 3.243647300826243907e+01
4.781632456077647362e+02 5.227311921809683903e-02 3.235946622386878602e+01
4.770352814919355069e+02 5.243063031541841251e-02 3.228313179824490931e+01
4.759171297620928840e+02 5.258814141273998599e-02 3.220746142109366161e+01
4.748086662398657154e+02 5.274565251006155947e-02 3.213244668870387244e+01
4.737097609559797888e+02 5.290316360738312601e-02 3.205807880546780808e+01
4.726202849866789961e+02 5.306067470470469949e-02 3.198434904653266386e+01
4.715401115554942066e+02 5.321818580202627297e-02 3.191124883236226140e+01
4.704691159901652213e+02 5.337569689934784645e-02 3.183876972582171305e+01
4.694071756805761879e+02 5.353320799666941299e-02 3.176690342933079592e+01
4.683541700376746348e+02 5.369071909399098647e-02 3.169564178208372240e+01
4.673099804533605379e+02 5.384823019131255994e-02 3.162497675733473201e+01
4.662744902612889746e+02 5.400574128863413342e-02 3.155490045974540436e+01
4.652475846986062038e+02 5.416325238595570690e-02 3.148540512279516079e+01
4.642291508685576673e+02 5.432076348327727344e-02 3.141648310625076590e+01
4.632190777039571117e+02 5.447827458059884692e-02 3.134812689369414684e+01
4.622172559315002900e+02 5.463578567792042040e-02 3.128032909010732610e+01
4.612235780368899896e+02 5.479329677524199388e-02 3.121308241951226847e+01
4.602379382307656215e+02 5.495080787256356042e-02 3.114637972266520549e+01
4.592602324153961035e+02 5.510831896988513390e-02 3.108021395480255933e+01
4.582903581456022835e+02 5.526583006720670738e-02 3.101457818299643421e+01
4.573282050102251901e+02 5.542334116452828086e-02 3.094946493522505548e+01
4.563736357909515959e+02 5.558085226184985433e-02 3.088486492530548944e+01
4.554265104700388065e+02 5.573836335917142087e-02 3.082076867760478933e+01
4.544866916361655171e+02 5.589587445649299435e-02 3.075716689287828132e+01
4.535540444294358053e+02 5.605338555381456783e-02 3.069405044454775577e+01
4.526284364877642474e+02 5.621089665113614131e-02 3.063141037507315900e+01
4.517097378946000958e+02 5.636840774845770785e-02 3.056923789241480804e+01
4.507978211279639709e+02 5.652591884577928133e-02 3.050752436658444822e+01
4.498925610107343687e+02 5.668342994310085481e-02 3.044626132628098247e+01
4.489938346621804044e+02 5.684094104042242829e-02 3.038544045561040718e+01
4.481015214506809912e+02 5.699845213774400177e-02 3.032505359088614583e+01
4.472155029476008963e+02 5.715596323506556831e-02 3.026509271750764540e+01
4.463356628823012784e+02 5.731347433238714179e-02 3.020554996691567240e+01
4.454618870982430394e+02 5.747098542970871526e-02 3.014641761362172190e+01
4.445940635101513863e+02 5.762849652703028874e-02 3.008768807230902809e+01
4.437320820622152269e+02 5.778600762435185528e-02 3.002935389500387586e+01
4.428758346873057121e+02 5.794351872167342876e-02 2.997140776831561126e+01
4.420252152504079959e+02 5.810102981899500224e-02 2.991384250960846458e+01
4.411801102343296179e+02 5.825854091631657572e-02 2.985665043666138274e+01
4.403403836240972282e+02 5.841605201363814920e-02 2.979982234472687352e+01
4.395058980154839787e+02 5.857356311095971574e-02 2.974334893504039812e+01
4.386765186795039995e+02 5.873107420828128922e-02 2.968722108988302821e+01
4.378521135079706141e+02 5.888858530560286270e-02 2.963142986889717889e+01
4.370325529604351686e+02 5.904609640292443618e-02 2.957596650549565709e+01
4.362177100124494586e+02 5.920360750024600272e-02 2.952082240336044805e+01
4.354074601051447075e+02 5.936111859756757619e-02 2.946598913303035161e+01
4.346016810960516636e+02 5.951862969488914967e-02 2.941145842857291370e+01
4.338002532111699452e+02 5.967614079221072315e-02 2.935722218434061404e+01
4.330030589981893172e+02 5.983365188953229663e-02 2.930327245180517792e+01
4.322099832809014970e+02 5.999116298685386317e-02 2.924960143647248856e+01
4.314209131146931213e+02 6.014867408417543665e-02 2.919620149487047556e+01
4.306357377431546638e+02 6.030618518149701013e-02 2.914306513161274736e+01
4.298543485557283930e+02 6.046369627881858361e-02 2.909018499653235068e+01
4.290766390463790572e+02 6.062120737614015015e-02 2.903755388188491438e+01
4.283025047732637063e+02 6.077871847346172363e-02 2.898516471961926300e+01
4.275318433193663168e+02 6.093622957078329710e-02 2.893301057871340021e+01
4.267645541508503015e+02 6.109374066810487058e-02 2.888108465558860516e+01
4.260005274299297184e+02 6.125125176542643712e-02 2.882937951702585622e+01
4.252396343466155031e+02 6.140876286274801060e-02 2.877788644587148781e+01
4.244817463583384551e+02 6.156627396006958408e-02 2.872659674306935074e+01
4.237267375278585746e+02 6.172378505739115756e-02 2.867550188587767224e+01
4.229744844745601995e+02 6.188129615471273104e-02 2.862459352457300810e+01
4.222248663269808162e+02 6.203880725203429758e-02 2.857386347923763381e+01
4.214777646764959513e+02 6.219631834935587106e-02 2.852330373662518426e+01
4.207330635321553132e+02 6.235382944667744454e-02 2.847290644710423990e+01
4.199906492766225483e+02 6.251134054399902495e-02 2.842266392167656264e+01
4.192504106231922378e+02 6.266885164132059149e-02 2.837256862906821553e+01
4.185122385738401931e+02 6.282636273864215803e-02 2.832261319289066392e+01
4.177760263782789707e+02 6.298387383596373845e-02 2.827279038886986484e+01
4.170416694940057596e+02 6.314138493328530499e-02 2.822309314214255238e+01
4.163090655472774415e+02 6.329889603060687153e-02 2.817351452461518591e+01
4.155781142950282856e+02 6.345640712792845195e-02 2.812404775238682575e+01
4.148487175876603601e+02 6.361391822525001849e-02 2.807468618323092713e+01
4.141207793327113791e+02 6.377142932257158503e-02 2.802542331413663490e+01
4.133942054593557600e+02 6.392894041989316545e-02 2.797625277890632134e+01
4.126689038837278645e+02 6.408645151721473199e-02 2.792716834580896546e+01
4.119447841710854163e+02 6.424396261453631241e-02 2.787816389471714373e+01
4.112217470990851211e+02 6.440147371185787895e-02 2.782923271080680294e+01
4.104996822975724626e+02 6.455898480917944549e-02 2.778036732483115401e+01
4.097784809459701023e+02 6.471649590650102590e-02 2.773156037241028216e+01
4.090580365792714019e+02 6.487400700382259244e-02 2.768280464857640766e+01
4.083382450492030102e+02 6.503151810114417286e-02 2.763409310514553141e+01
4.076190044862990476e+02 6.518902919846573940e-02 2.758541884815084089e+01
4.069002152628509634e+02 6.534654029578730594e-02 2.753677513533537891e+01
4.061817799567070324e+02 6.550405139310888636e-02 2.748815537370219531e+01
4.054636033159058570e+02 6.566156249043045290e-02 2.743955311712089795e+01
4.047455922240926611e+02 6.581907358775203332e-02 2.739096206398722799e+01
4.040276556667289469e+02 6.597658468507359986e-02 2.734237605493635925e+01
4.033097046980277582e+02 6.613409578239516640e-02 2.729378907060520376e+01
4.025916524086429149e+02 6.629160687971674681e-02 2.724519522944581240e+01
4.018734138940411071e+02 6.644911797703831335e-02 2.719658878558499637e+01
4.011549062235585552e+02 6.660662907435987989e-02 2.714796412673022274e+01
4.004360484101326279e+02 6.676414017168146031e-02 2.709931577212121567e+01
3.997167613806585109e+02 6.692165126900302685e-02 2.705063837052388465e+01
3.989969679469708694e+02 6.707916236632460727e-02 2.700192669826648739e+01
3.982765927774341890e+02 6.723667346364617381e-02 2.695317565731705756e+01
3.975555623691057008e+02 6.739418456096774035e-02 2.690438027339952498e+01
3.968338046809382718e+02 6.755169565828932077e-02 2.685553567117086615e+01
3.961112433985298367e+02 6.770920675561088731e-02 2.680663668609087935e+01
3.953877988857209971e+02 6.786671785293246772e-02 2.675767792882102114e+01
3.946633933027866874e+02 6.802422895025403426e-02 2.670865413159555501e+01
3.939379507520272341e+02 6.818174004757560080e-02 2.665956015807440238e+01
3.932113972498230510e+02 6.833925114489718122e-02 2.661039100145190162e+01
3.924836606992196835e+02 6.849676224221874776e-02 2.656114178260156677e+01
3.917546708630645185e+02 6.865427333954032818e-02 2.651180774825808228e+01
3.910243593376651461e+02 6.881178443686189472e-02 2.646238426923466491e+01
3.902926595269450445e+02 6.896929553418346126e-02 2.641286683867406992e+01
3.895595066170974974e+02 6.912680663150504168e-02 2.636325107033330895e+01
3.888248375517038653e+02 6.928431772882660822e-02 2.631353269689975249e+01
3.880885910073166087e+02 6.944182882614817476e-02 2.626370756833878417e+01
3.873507073694785277e+02 6.959933992346975518e-02 2.621377165027084999e+01
3.866111287091812869e+02 6.975685102079132172e-02 2.616372102237835406e+01
3.858697987597348060e+02 6.991436211811290213e-02 2.611355187684027257e+01
3.851266628940413170e+02 7.007187321543446867e-02 2.606326051679421241e+01
3.843816681022536272e+02 7.022938431275603521e-02 2.601284335482441179e+01
3.836347629698265678e+02 7.038689541007761563e-02 2.596229691147640750e+01
3.828858976559241682e+02 7.054440650739918217e-02 2.591161781379576468e+01
3.821350238721782944e+02 7.070191760472076259e-02 2.586080279389052450e+01
3.813820948618036368e+02 7.085942870204232913e-02 2.580984868751787786e+01
3.806270655357159285e+02 7.101693979936389567e-02 2.575875244329585456e+01
3.798698943857523886e+02 7.117445089668547609e-02 2.570751125217965338e+01
3.791105428166601996e+02 7.133196199400704263e-02 2.565612250225419899e+01
3.783489736377783288e+02 7.148947309132862304e-02 2.560458367665951229e+01
3.775851510117934140e+02 7.164698418865018958e-02 2.555289235012275739e+01
3.768190404365885797e+02 7.180449528597175612e-02 2.550104618772986953e+01
3.760506087273466846e+02 7.196200638329333654e-02 2.544904294371441367e+01
3.752798239989166404e+02 7.211951748061490308e-02 2.539688046026422086e+01
3.745066556484102307e+02 7.227702857793646962e-02 2.534455666634363880e+01
3.737310743380444933e+02 7.243453967525805004e-02 2.529206957653240906e+01
3.729530519782068154e+02 7.259205077257961658e-02 2.523941728987959721e+01
3.721725617107481412e+02 7.274956186990119700e-02 2.518659798877294520e+01
3.713895778924917863e+02 7.290707296722276354e-02 2.513360993782291075e+01
3.706040760789459227e+02 7.306458406454433008e-02 2.508045148276030289e+01
3.698160330082299652e+02 7.322209516186591050e-02 2.502712104934864712e+01
3.690254265851939977e+02 7.337960625918747704e-02 2.497361714230935448e+01
3.682322358657337986e+02 7.353711735650905745e-02 2.491993834426030219e+01
3.674364410412877646e+02 7.369462845383062399e-02 2.486608331466667821e+01
3.666380234235244870e+02 7.385213955115219053e-02 2.481205078880469372e+01
3.658369654292019391e+02 7.400965064847377095e-02 2.475783957673695923e+01
3.650332505651995803e+02 7.416716174579533749e-02 2.470344856229952057e+01
3.642268634137195704e+02 7.432467284311691791e-02 2.464887670210036319e+01
3.634177896176561262e+02 7.448218394043848445e-02 2.459412302452932053e+01
3.626060164790346221e+02 7.463969503776005099e-02 2.453918667025709510e+01
3.617915423236004244e+02 7.479720613508163141e-02 2.448406752597930591e+01
3.609743744015390234e+02 7.495471723240319795e-02 2.442876608234876201e+01
3.601545208010216470e+02 7.511222832972476449e-02 2.437328288672853560e+01
3.593319901958752780e+02 7.526973942704634490e-02 2.431761852611565189e+01
3.585067918359542318e+02 7.542725052436791144e-02 2.426177362648956404e+01
3.576789355376304229e+02 7.558476162168949186e-02 2.420574885216845473e+01
3.568484316743351314e+02 7.574227271901105840e-02 2.414954490516926100e+01
3.560152911672157643e+02 7.589978381633262494e-02 2.409316252457537288e+01
3.551795254758541773e+02 7.605729491365420536e-02 2.403660248590842841e+01
3.543411465890805516e+02 7.621480601097577190e-02 2.397986560050672722e+01
3.535001670158610523e+02 7.637231710829735232e-02 2.392295271490848307e+01
3.526565997762718325e+02 7.652982820561891886e-02 2.386586471024105904e+01
3.518104583925459679e+02 7.668733930294048540e-02 2.380860250161501668e+01
3.509617568802035521e+02 7.684485040026206581e-02 2.375116703752391345e+01
3.501105097392554626e+02 7.700236149758363235e-02 2.369355929924894966e+01
3.492567319454873314e+02 7.715987259490521277e-02 2.363578030026919663e+01
3.484004389418118990e+02 7.731738369222677931e-02 2.357783108567627650e+01
3.475416466297057241e+02 7.747489478954834585e-02 2.351971273159493592e+01
3.466803713607110353e+02 7.763240588686992627e-02 2.346142634460787946e+01
3.458166299280126168e+02 7.778991698419149281e-02 2.340297306118572251e+01
3.449504395580878509e+02 7.794742808151305935e-02 2.334435404712204232e+01
3.440818179024311689e+02 7.810493917883463977e-02 2.328557049697315051e+01
3.432107830293401776e+02 7.826245027615620631e-02 2.322662363350233505e+01
3.423373536343967203e+02 7.841996137347778673e-02 2.316751472192406425e+01
3.414615607194765516e+02 7.857747247079935327e-02 2.310824586027527161e+01
3.405834531473397533e+02 7.873498356812091981e-02 2.304882035531960227e+01
3.397030809502425086e+02 7.889249466544250022e-02 2.298924159296576875e+01
3.388204938490420091e+02 7.905000576276406676e-02 2.292951293804873458e+01
3.379357412524816482e+02 7.920751686008564718e-02 2.286963773428126956e+01
3.370488722565132207e+02 7.936502795740721372e-02 2.280961930420815875e+01
3.361599356436736343e+02 7.952253905472878026e-02 2.274946094916400696e+01
3.352689798824902141e+02 7.968005015205036068e-02 2.268916594923289409e+01
3.343760531269428498e+02 7.983756124937192722e-02 2.262873756321214103e+01
3.334812032159548494e+02 7.999507234669350764e-02 2.256817902857772040e+01
3.325844776729331898e+02 8.015258344401507418e-02 2.250749356145318103e+01
3.316859237053449760e+02 8.031009454133664072e-02 2.244668435658103078e+01
3.307855882043378415e+02 8.046760563865822113e-02 2.238575458729699008e+01
3.298835177443902467e+02 8.062511673597978767e-02 2.232470740550633792e+01
3.289797585830139610e+02 8.078262783330135421e-02 2.226354594166379997e+01
3.280743566604843409e+02 8.094013893062293463e-02 2.220227330475528760e+01
3.271673575996115346e+02 8.109765002794450117e-02 2.214089258228237966e+01
3.262588067055471015e+02 8.125516112526608159e-02 2.207940684024930178e+01
3.253487489656309322e+02 8.141267222258764813e-02 2.201781912315247070e+01
3.244372290492706270e+02 8.157018331990921467e-02 2.195613245397246871e+01
3.235242913078577658e+02 8.172769441723079509e-02 2.189434983416823854e+01
3.226099797747132243e+02 8.188520551455236163e-02 2.183247424367344180e+01
3.216943381650822857e+02 8.204271661187394205e-02 2.177050864089617122e+01
3.207774098761404389e+02 8.220022770919550859e-02 2.170845596271927036e+01
3.198592379870565310e+02 8.235773880651707513e-02 2.164631912450463247e+01
3.189398695472046370e+02 8.251524990383865554e-02 2.158410131029588186e+01
3.180193760975449777e+02 8.267276100116022208e-02 2.152180736159287022e+01
3.170978371591519931e+02 8.283027209848178862e-02 2.145944265994582523e+01
3.161753310798184202e+02 8.298778319580336904e-02 2.139701250750371386e+01
3.152519350315626525e+02 8.314529429312493558e-02 2.133452212684552762e+01
3.143277250208038254e+02 8.330280539044651600e-02 2.127197666166888013e+01
3.134027758985780565e+02 8.346031648776808254e-02 2.120938117748141849e+01
3.124771613707850406e+02 8.361782758508964908e-02 2.114674066229425620e+01
3.115509540084752871e+02 8.377533868241122950e-02 2.108406002731808115e+01
3.106242252581653815e+02 8.393284977973279604e-02 2.102134410766134209e+01
3.096970454521696183e+02 8.409036087705437645e-02 2.095859766302937643e+01
3.087694838189619873e+02 8.424787197437594299e-02 2.089582537842562715e+01
3.078416084935484491e+02 8.440538307169750953e-02 2.083303186485367320e+01
3.069134865278498410e+02 8.456289416901908995e-02 2.077022166001979997e+01
3.059851839011037100e+02 8.472040526634065649e-02 2.070739922903696595e+01
3.050567655302581329e+02 8.487791636366223691e-02 2.064456896512822226e+01
3.041282952803824173e+02 8.503542746098380345e-02 2.058173519033123000e+01
3.031998359750611485e+02 8.519293855830536999e-02 2.051890215620165492e+01
3.022714494067988653e+02 8.535044965562695041e-02 2.045607404451734013e+01
3.013431963474065469e+02 8.550796075294851695e-02 2.039325496798118564e+01
3.004151365583790607e+02 8.566547185027008349e-02 2.033044897092343462e+01
2.994873288012678358e+02 8.582298294759166390e-02 2.026766003000364691e+01
2.985598308480274454e+02 8.598049404491323044e-02 2.020489205491087148e+01
2.976326994913460453e+02 8.613800514223481086e-02 2.014214888906279199e+01
2.967059905549585892e+02 8.629551623955637740e-02 2.007943431030367165e+01
2.957797589039288368e+02 8.645302733687794394e-02 2.001675203160013439e+01
2.948540584610992141e+02 8.661053843419952436e-02 1.995410570215443258e+01
2.939289504898826522e+02 8.676804953152109090e-02 1.989149946793841295e+01
2.930045196253879567e+02 8.692556062884267132e-02 1.982893905659208400e+01
2.920808533288026752e+02 8.708307172616423786e-02 1.976643038700897748e+01
2.911580372927173812e+02 8.724058282348580440e-02 1.970397925839371567e+01
2.902361554628553222e+02 8.739809392080738482e-02 1.964159135173246185e+01
2.893152900597896178e+02 8.755560501812895136e-02 1.957927223126272054e+01
2.883955216006164619e+02 8.771311611545053177e-02 1.951702734593999011e+01
2.874769289205935934e+02 8.787062721277209831e-02 1.945486203090221977e+01
2.865595891947269820e+02 8.802813831009366485e-02 1.939278150893055397e+01
2.856435779593005009e+02 8.818564940741524527e-02 1.933079089190646371e+01
2.847289691333478459e+02 8.834316050473681181e-02 1.926889518226478160e+01
2.838158350400419749e+02 8.850067160205837835e-02 1.920709927444121234e+01
2.829042464280208264e+02 8.865818269937995877e-02 1.914540795631560854e+01
2.819942724926173696e+02 8.881569379670152531e-02 1.908382591064861344e+01
2.810859808970063227e+02 8.897320489402310573e-02 1.902235771651287166e+01
2.801794377932517364e+02 8.913071599134467227e-02 1.896100785071726236e+01
2.792747078432539070e+02 8.928822708866623881e-02 1.889978068922460963e+01
2.783718542395903341e+02 8.944573818598781922e-02 1.883868050856201393e+01
2.774709387262398081e+02 8.960324928330938576e-02 1.877771148722334971e+01
2.765720216191970735e+02 8.976076038063096618e-02 1.871687770706436282e+01
2.756751618269594815e+02 8.991827147795253272e-02 1.865618315468911348e+01
2.747804168708861425e+02 9.007578257527409926e-02 1.859563172282774346e+01
2.738878429054370258e+02 9.023329367259567968e-02 1.853522721170613963e+01
2.729974947382630148e+02 9.039080476991724622e-02 1.847497333040556455e+01
2.721094258501705099e+02 9.054831586723882664e-02 1.841487369821367892e+01
2.712236884149364755e+02 9.070582696456039318e-02 1.835493184596563765e+01
2.703403333189814362e+02 9.086333806188195972e-02 1.829515121737526329e+01
2.694594101808926894e+02 9.102084915920354014e-02 1.823553517035648142e+01
2.685809713436727861e+02 9.117836025652510668e-02 1.817608724719664082e+01
2.677050860079490917e+02 9.133587135384667322e-02 1.811681213101469368e+01
2.668318268451032509e+02 9.149338245116825363e-02 1.805771473981125652e+01
2.659612647068466345e+02 9.165089354848982017e-02 1.799879986844156576e+01
2.650934686536042477e+02 9.180840464581140059e-02 1.794007219053647972e+01
2.642285059831860963e+02 9.196591574313296713e-02 1.788153626044271505e+01
2.633664422592740948e+02 9.212342684045453367e-02 1.782319651515071968e+01
2.625073413396973478e+02 9.228093793777611409e-02 1.776505727620815733e+01
2.616512654045234285e+02 9.243844903509768063e-02 1.770712275162101790e+01
2.607982749839209760e+02 9.259596013241926105e-02 1.764939703773917401e+01
2.599484289858205557e+02 9.275347122974082759e-02 1.759188412112830591e+01
2.591017847233429165e+02 9.291098232706239413e-02 1.753458788042613392e+01
2.582583979420090259e+02 9.306849342438397454e-02 1.747751208818378998e+01
2.574183228467186382e+02 9.322600452170554108e-02 1.742066041269164245e+01
2.565816121284854603e+02 9.338351561902712150e-02 1.736403641978854395e+01
2.557483169909423282e+02 9.354102671634868804e-02 1.730764357465557524e+01
2.549184871765966989e+02 9.369853781367025458e-02 1.725148524359283186e+01
2.540921709928413463e+02 9.385604891099183500e-02 1.719556469577974767e+01
2.532694153377120756e+02 9.401356000831340154e-02 1.713988510501820173e+01
2.524502657253969744e+02 9.417107110563496808e-02 1.708444955145884947e+01
2.516347663114800923e+02 9.432858220295654850e-02 1.702926102330945568e+01
2.508229599179394711e+02 9.448609330027811504e-02 1.697432241852666834e+01
2.500148880578728381e+02 9.464360439759969545e-02 1.691963654648928994e+01
2.492105909599623601e+02 9.480111549492126199e-02 1.686520612965390598e+01
2.484101075926791395e+02 9.495862659224282853e-02 1.681103380519294532e+01
2.476134756882153738e+02 9.511613768956440895e-02 1.675712212661425582e+01
2.468207317661536990e+02 9.527364878688597549e-02 1.670347356536290206e+01
2.460319111568616108e+02 9.543115988420755591e-02 1.665009051240442162e+01
2.452470480246216198e+02 9.558867098152912245e-02 1.659697527979008669e+01
2.444661754686494817e+02 9.574618207885068899e-02 1.654413010749331647e+01
2.436893291936233084e+02 9.590369317617226941e-02 1.649155741181090917e+01
2.429165489867267809e+02 9.606120427349383595e-02 1.643925988532128102e+01
2.421478737556496981e+02 9.621871537081541637e-02 1.638724016108348280e+01
2.413833411461521052e+02 9.637622646813698291e-02 1.633550078675612127e+01
2.406229875674717391e+02 9.653373756545854945e-02 1.628404422631675175e+01
2.398668482174414294e+02 9.669124866278012986e-02 1.623287286176165267e+01
2.391149571073006541e+02 9.684875976010169640e-02 1.618198899478500152e+01
2.383673470862115380e+02 9.700627085742326294e-02 1.613139484843795657e+01
2.376240498654686917e+02 9.716378195474484336e-02 1.608109256876701565e+01
2.368850960424141761e+02 9.732129305206640990e-02 1.603108422643250819e+01
2.361505151240449152e+02 9.747880414938799032e-02 1.598137181830617415e+01
2.354203355503244666e+02 9.763631524670955686e-02 1.593195726904876963e+01
2.346945847171883770e+02 9.779382634403112340e-02 1.588284243266697437e+01
2.339732889992542084e+02 9.795133744135270382e-02 1.583402909405027792e+01
2.332564737722267978e+02 9.810884853867427036e-02 1.578551897048721564e+01
2.325441634350050322e+02 9.826635963599585077e-02 1.573731371316145555e+01
2.318363814314963633e+02 9.842387073331741731e-02 1.568941490862810362e+01
2.311331502721190532e+02 9.858138183063898385e-02 1.564182408026881177e+01
2.304344915550269661e+02 9.873889292796056427e-02 1.559454268972818447e+01
2.297404259870211263e+02 9.889640402528213081e-02 1.554757213832897200e+01
2.290509734041790466e+02 9.905391512260371123e-02 1.550091376846810576e+01
2.283661527921885295e+02 9.921142621992527777e-02 1.545456886499283300e+01
2.276859823063849149e+02 9.936893731724684431e-02 1.540853865655667398e+01
2.270104792915076359e+02 9.952644841456842473e-02 1.536282431695648576e+01
2.263396603011634625e+02 9.968395951188999127e-02 1.531742696644958812e+01
2.256735411170048451e+02 9.984147060921155781e-02 1.527234767305167296e+01
2.250121367676248667e+02 9.999898170653313823e-02 1.522758745381549872e+01
2.243554615471727516e+02 1.001564928038547048e-01 1.518314727609070758e+01
2.237035290336841342e+02 1.003140039011762852e-01 1.513902805876429092e+01
2.230563521071385367e+02 1.004715149984978517e-01 1.509523067348261449e+01
2.224139429319388626e+02 1.006290260958194183e-01 1.505175594346576950e+01
2.217763093016879736e+02 1.007865371931409987e-01 1.500860439614204900e+01
2.211434515488545287e+02 1.009440482904625652e-01 1.496577605401111555e+01
2.205153688446198714e+02 1.011015593877841456e-01 1.492327086098306133e+01
2.198920599778511757e+02 1.012590704851057122e-01 1.488108873509506402e+01
2.192735233666752208e+02 1.014165815824272787e-01 1.483922956929461989e+01
2.186597570698567381e+02 1.015740926797488591e-01 1.479769323220956956e+01
2.180507587979754476e+02 1.017316037770704257e-01 1.475647956890450097e+01
2.174465259243961555e+02 1.018891148743920061e-01 1.471558840162315285e+01
2.168470554960510697e+02 1.020466259717135726e-01 1.467501953051808705e+01
2.162523442440260624e+02 1.022041370690351392e-01 1.463477273436711990e+01
2.156623885939539775e+02 1.023616481663567196e-01 1.459484777127669730e+01
2.150771846762255848e+02 1.025191592636782861e-01 1.455524437937287452e+01
2.144967283360066119e+02 1.026766703609998527e-01 1.451596227747925383e+01
2.139210151430815756e+02 1.028341814583214331e-01 1.447700116578315921e+01
2.133500404015123024e+02 1.029916925556429996e-01 1.443836072648923441e+01
2.127837991591169384e+02 1.031492036529645800e-01 1.440004062446097244e+01
2.122222862167809581e+02 1.033067147502861466e-01 1.436204050785081776e+01
2.116654961375893151e+02 1.034642258476077131e-01 1.432436000871817150e+01
2.111134232557938333e+02 1.036217369449292935e-01 1.428699874363626954e+01
2.105660616856114871e+02 1.037792480422508601e-01 1.424995631428759069e+01
2.100234053298553931e+02 1.039367591395724405e-01 1.421323230804796900e+01
2.094854478884118123e+02 1.040942702368940070e-01 1.417682629856025400e+01
2.089521828665483554e+02 1.042517813342155736e-01 1.414073784629657915e+01
2.084236035830726337e+02 1.044092924315371540e-01 1.410496649911047484e+01
2.078997031783302418e+02 1.045668035288587205e-01 1.406951179277815278e+01
2.073804746220588413e+02 1.047243146261803010e-01 1.403437325153001325e+01
2.068659107210850721e+02 1.048818257235018675e-01 1.399955038857153156e+01
2.063560041268755754e+02 1.050393368208234340e-01 1.396504270659426616e+01
2.058507473429477272e+02 1.051968479181450145e-01 1.393084969827738107e+01
2.053501327321356769e+02 1.053543590154665810e-01 1.389697084677938044e+01
2.048541525237139354e+02 1.055118701127881475e-01 1.386340562622016925e+01
2.043627988203856489e+02 1.056693812101097280e-01 1.383015350215401540e+01
2.038760627649446064e+02 1.058268923074312945e-01 1.379721387517377096e+01
2.033939212656713948e+02 1.059844034047528749e-01 1.376458518255850194e+01
2.029163396743256271e+02 1.061419145020744415e-01 1.373226507950529829e+01
2.024432833672348693e+02 1.062994255993960080e-01 1.370025122287390218e+01
2.019747181036231609e+02 1.064569366967175884e-01 1.366854129543636098e+01
2.015106100211913258e+02 1.066144477940391549e-01 1.363713300557797048e+01
2.010509256317561722e+02 1.067719588913607354e-01 1.360602408700213850e+01
2.005956318169389760e+02 1.069294699886823019e-01 1.357521229843862187e+01
2.001446958239251614e+02 1.070869810860038684e-01 1.354469542335652932e+01
1.996980852612684885e+02 1.072444921833254489e-01 1.351447126968043655e+01
1.992557680947546146e+02 1.074020032806470154e-01 1.348453766951037025e+01
1.988177126433218405e+02 1.075595143779685958e-01 1.345489247884582440e+01
1.983838875750335831e+02 1.077170254752901624e-01 1.342553357731314811e+01
1.979542619031025765e+02 1.078745365726117289e-01 1.339645886789651996e+01
1.975288049819699552e+02 1.080320476699333093e-01 1.336766627667256380e+01
1.971074865034361210e+02 1.081895587672548759e-01 1.333915375254855284e+01
1.966902764928414342e+02 1.083470698645764424e-01 1.331091926700389649e+01
1.962771453052960169e+02 1.085045809618980228e-01 1.328296081383502525e+01
1.958680636219621078e+02 1.086620920592195894e-01 1.325527640890376802e+01
1.954630024463822906e+02 1.088196031565411698e-01 1.322786408988892148e+01
1.950619331008593633e+02 1.089771142538627363e-01 1.320072191604120171e+01
1.946648272228787278e+02 1.091346253511843029e-01 1.317384796794114799e+01
1.942716567615839267e+02 1.092921364485058833e-01 1.314724034726064161e+01
1.938823939742906077e+02 1.094496475458274498e-01 1.312089717652693821e+01
1.934970114230540901e+02 1.096071586431490302e-01 1.309481659889040905e+01
1.931154819712758410e+02 1.097646697404705968e-01 1.306899677789489367e+01
1.927377787803581839e+02 1.099221808377921633e-01 1.304343589725127117e+01
1.923638753063965794e+02 1.100796919351137437e-01 1.301813216061364642e+01
1.919937452969249421e+02 1.102372030324353103e-01 1.299308379135909952e+01
1.916273627876940111e+02 1.103947141297568907e-01 1.296828903236961672e+01
1.912647020994942579e+02 1.105522252270784572e-01 1.294374614581711747e+01
1.909057378350249508e+02 1.107097363244000238e-01 1.291945341295157057e+01
1.905504448757964724e+02 1.108672474217216042e-01 1.289540913389135568e+01
1.901987983790757255e+02 1.110247585190431707e-01 1.287161162741652554e+01
1.898507737329031499e+02 1.111822696163647373e-01 1.284805922792463129e+01
1.895063379363252523e+02 1.113397807136863177e-01 1.282474970209211484e+01
1.891654392454152003e+02 1.114972918110078842e-01 1.280167954817376952e+01
1.888280240465935265e+02 1.116548029083294646e-01 1.277884513789656395e+01
1.884940394497985494e+02 1.118123140056510312e-01 1.275624289195115679e+01
1.881634332759541053e+02 1.119698251029725977e-01 1.273386927914383371e+01
1.878361540446971958e+02 1.121273362002941781e-01 1.271172081556593980e+01
1.875121509623609768e+02 1.122848472976157447e-01 1.268979406378065278e+01
1.871913739102127465e+02 1.124423583949373251e-01 1.266808563202699922e+01
1.868737734329334614e+02 1.125998694922588916e-01 1.264659217344019027e+01
1.865593007273370176e+02 1.127573805895804582e-01 1.262531038528823579e+01
1.862479076313289568e+02 1.129148916869020386e-01 1.260423700822469506e+01
1.859395466130841328e+02 1.130724027842236051e-01 1.258336882555630787e+01
1.856341707604593694e+02 1.132299138815451855e-01 1.256270266252648860e+01
1.853317337706151307e+02 1.133874249788667521e-01 1.254223538561298490e+01
1.850321899398602170e+02 1.135449360761883186e-01 1.252196390184061414e+01
1.847354941536943329e+02 1.137024471735098990e-01 1.250188515810741130e+01
1.844416018770671712e+02 1.138599582708314656e-01 1.248199614052538031e+01
1.841504691448264452e+02 1.140174693681530321e-01 1.246229387377413289e+01
1.838620525523685103e+02 1.141749804654746125e-01 1.244277542046812002e+01
1.835763092464774786e+02 1.143324915627961791e-01 1.242343788053669940e+01
1.832931969163494728e+02 1.144900026601177595e-01 1.240427839061669246e+01
1.830126737848026721e+02 1.146475137574393260e-01 1.238529412345754821e+01
1.827346985996624937e+02 1.148050248547608926e-01 1.236648228733831267e+01
1.824592306253261427e+02 1.149625359520824730e-01 1.234784012549677179e+01
1.821862296344908714e+02 1.151200470494040395e-01 1.232936491556969294e+01
1.819156559000565210e+02 1.152775581467256200e-01 1.231105396904479932e+01
1.816474701871875936e+02 1.154350692440471865e-01 1.229290463072357653e+01
1.813816337455359360e+02 1.155925803413687530e-01 1.227491427819499137e+01
1.811181083016190883e+02 1.157500914386903335e-01 1.225708032131960934e+01
1.808568560513519685e+02 1.159076025360119000e-01 1.223940020172429932e+01
1.805978396527307837e+02 1.160651136333334804e-01 1.222187139230701902e+01
1.803410222186577414e+02 1.162226247306550470e-01 1.220449139675125849e+01
1.800863673099146922e+02 1.163801358279766135e-01 1.218725774905059467e+01
1.798338389282738774e+02 1.165376469252981939e-01 1.217016801304236395e+01
1.795834015097441920e+02 1.166951580226197605e-01 1.215321978195068908e+01
1.793350199165337244e+02 1.168526691199413270e-01 1.213641067784251781e+01
1.790886551402161047e+02 1.170101802172629074e-01 1.211973806084145444e+01
1.788442549357817484e+02 1.171676913145844739e-01 1.210319839529178054e+01
1.786017649766631052e+02 1.173252024119060544e-01 1.208678800466932302e+01
1.783611316131119793e+02 1.174827135092276209e-01 1.207050325825333026e+01
1.781223018617484399e+02 1.176402246065491874e-01 1.205434057041921925e+01
1.778852233953725204e+02 1.177977357038707679e-01 1.203829639994905598e+01
1.776498445330288121e+02 1.179552468011923344e-01 1.202236724935919199e+01
1.774161142303193230e+02 1.181127578985139148e-01 1.200654966424469983e+01
1.771839820699617860e+02 1.182702689958354814e-01 1.199084023264040511e+01
1.769533982525789781e+02 1.184277800931570479e-01 1.197523558439755220e+01
1.767243135877236568e+02 1.185852911904786283e-01 1.195973239057643234e+01
1.764966794851266059e+02 1.187428022878001949e-01 1.194432736285410002e+01
1.762704479461635287e+02 1.189003133851217753e-01 1.192901725294687765e+01
1.760455715555356164e+02 1.190578244824433418e-01 1.191379885204736233e+01
1.758220034731627663e+02 1.192153355797649084e-01 1.189866899027581759e+01
1.755996974262748154e+02 1.193728466770864888e-01 1.188362453614491088e+01
1.753786077017080913e+02 1.195303577744080553e-01 1.186866239603841322e+01
1.751586891383910540e+02 1.196878688717296219e-01 1.185377951370266203e+01
1.749398971200196797e+02 1.198453799690512023e-01 1.183897286975088647e+01
1.747221875679208267e+02 1.200028910663727688e-01 1.182423948118020007e+01
1.745055169340922134e+02 1.201604021636943492e-01 1.180957640090064942e+01
1.742898421944195206e+02 1.203179132610159158e-01 1.179498071727609521e+01
1.740751208420650187e+02 1.204754243583374823e-01 1.178044955367688118e+01
1.738613108810249059e+02 1.206329354556590627e-01 1.176598006804376162e+01
1.736483708198437910e+02 1.207904465529806293e-01 1.175156945246259177e+01
1.734362596654970048e+02 1.209479576503022097e-01 1.173721493275026084e+01
1.732249369174211893e+02 1.211054687476237762e-01 1.172291376805073604e+01
1.730143625617006933e+02 1.212629798449453428e-01 1.170866325044165634e+01
1.728044970653962196e+02 1.214204909422669232e-01 1.169446070455047249e+01
1.725953013710251867e+02 1.215780020395884897e-01 1.168030348718096967e+01
1.723867368911738822e+02 1.217355131369100563e-01 1.166618898694858686e+01
1.721787655032557609e+02 1.218930242342316367e-01 1.165211462392573161e+01
1.719713495443933198e+02 1.220505353315532032e-01 1.163807784929541178e+01
1.717644518064382453e+02 1.222080464288747836e-01 1.162407614501417896e+01
1.715580355311148537e+02 1.223655575261963502e-01 1.161010702348353441e+01
1.713520644052878481e+02 1.225230686235179167e-01 1.159616802722961282e+01
1.711465025563496738e+02 1.226805797208394971e-01 1.158225672859105160e+01
1.709413145470652182e+02 1.228380908181610637e-01 1.156837072937013033e+01
1.707364644187242106e+02 1.229956019154826441e-01 1.155450759607852795e+01
1.705319138041855354e+02 1.231531130128042106e-01 1.154066473223853784e+01
1.703276242771712248e+02 1.233106241101257772e-01 1.152683953737039424e+01
1.701235578839461482e+02 1.234681352074473576e-01 1.151302944297344588e+01
1.699196771388899663e+02 1.236256463047689241e-01 1.149923191222647745e+01
1.697159450201868935e+02 1.237831574020905046e-01 1.148544443969603002e+01
1.695123249656415112e+02 1.239406684994120711e-01 1.147166455105321603e+01
1.693087808686043729e+02 1.240981795967336376e-01 1.145788980279799674e+01
1.691052770740134008e+02 1.242556906940552180e-01 1.144411778199133245e+01
1.689017783745442784e+02 1.244132017913767846e-01 1.143034610599456080e+01
1.686982500068662603e+02 1.245707128886983511e-01 1.141657242221612201e+01
1.684946576480046474e+02 1.247282239860199315e-01 1.140279440786529541e+01
1.682909674118008354e+02 1.248857350833414981e-01 1.138900976971270573e+01
1.680871458454740548e+02 1.250432461806630924e-01 1.137521624385761143e+01
1.678831599262730947e+02 1.252007572779846589e-01 1.136141159550130197e+01
1.676789770582286963e+02 1.253582683753062255e-01 1.134759361872732697e+01
1.674745650689868626e+02 1.255157794726277920e-01 1.133376013628721601e+01
1.672698922067361025e+02 1.256732905699493585e-01 1.131990899939246908e+01
1.670649271372165572e+02 1.258308016672709251e-01 1.130603808751224015e+01
1.668596389408145626e+02 1.259883127645924916e-01 1.129214530817662343e+01
1.666539971097317334e+02 1.261458238619140859e-01 1.127822859678513723e+01
1.664479715452377206e+02 1.263033349592356525e-01 1.126428591642077670e+01
1.662415325549939382e+02 1.264608460565572190e-01 1.125031525766888052e+01
1.660346508504524650e+02 1.266183571538787855e-01 1.123631463844116141e+01
1.658272975443252335e+02 1.267758682512003521e-01 1.122228210380436941e+01
1.656194441481206354e+02 1.269333793485219464e-01 1.120821572581362169e+01
1.654110625697491344e+02 1.270908904458435129e-01 1.119411360335037209e+01
1.652021251111899858e+02 1.272484015431650795e-01 1.117997386196444687e+01
1.649926044662209961e+02 1.274059126404866460e-01 1.116579465372049640e+01
1.647824737182132253e+02 1.275634237378082125e-01 1.115157415704866928e+01
1.645717063379750300e+02 1.277209348351298068e-01 1.113731057659876811e+01
1.643602761816597138e+02 1.278784459324513734e-01 1.112300214309862767e+01
1.641481574887255874e+02 1.280359570297729399e-01 1.110864711321604226e+01
1.639353248799463358e+02 1.281934681270945064e-01 1.109424376942415691e+01
1.637217533554737656e+02 1.283509792244160730e-01 1.107979041987035274e+01
1.635074182929520248e+02 1.285084903217376673e-01 1.106528539824861390e+01
1.632922954456728064e+02 1.286660014190592338e-01 1.105072706367468527e+01
1.630763609407809724e+02 1.288235125163808004e-01 1.103611380056464775e+01
1.628595912775218437e+02 1.289810236137023669e-01 1.102144401851630739e+01
1.626419633351646326e+02 1.291385347110239334e-01 1.100671615284539584e+01
1.624234572052652652e+02 1.292960458083455277e-01 1.099192885625759786e+01
1.622040600852876651e+02 1.294535569056670943e-01 1.097708126234747539e+01
1.619837604036488585e+02 1.296110680029886608e-01 1.096217258801375571e+01
1.617625468182935151e+02 1.297685791003102274e-01 1.094720206568833554e+01
1.615404082156081245e+02 1.299260901976317939e-01 1.093216894326279309e+01
1.613173337093481337e+02 1.300836012949533882e-01 1.091707248401580799e+01
1.610933126395753163e+02 1.302411123922749547e-01 1.090191196654120276e+01
1.608683345716029010e+02 1.303986234895965213e-01 1.088668668467661504e+01
1.606423892949519825e+02 1.305561345869180878e-01 1.087139594743281990e+01
1.604154668223140447e+02 1.307136456842396544e-01 1.085603907892355302e+01
1.601875573885227766e+02 1.308711567815612486e-01 1.084061541829589714e+01
1.599586514495351821e+02 1.310286678788828152e-01 1.082512431966138600e+01
1.597287396814146234e+02 1.311861789762043817e-01 1.080956515202709589e+01
1.594978129793270796e+02 1.313436900735259483e-01 1.079393729922779599e+01
1.592658624565389118e+02 1.315012011708475148e-01 1.077824015985809858e+01
1.590328794434205406e+02 1.316587122681690813e-01 1.076247314720501436e+01
1.587988554864602690e+02 1.318162233654906756e-01 1.074663568918122003e+01
1.585637823472767138e+02 1.319737344628122422e-01 1.073072722825825487e+01
1.583276520016405300e+02 1.321312455601338087e-01 1.071474722140027502e+01
1.580904566384960788e+02 1.322887566574553753e-01 1.069869513999788246e+01
1.578521886589927021e+02 1.324462677547769418e-01 1.068257046980251701e+01
1.576128406755140077e+02 1.326037788520985361e-01 1.066637271086083416e+01
1.573724055107127811e+02 1.327612899494201026e-01 1.065010137744931740e+01
1.571308761965491669e+02 1.329188010467416692e-01 1.063375599800925286e+01
1.568882459733275709e+02 1.330763121440632357e-01 1.061733611508151043e+01
1.566445082887424007e+02 1.332338232413848023e-01 1.060084128524198022e+01
1.563996567969180091e+02 1.333913343387063966e-01 1.058427107903660236e+01
1.561536853574552879e+02 1.335488454360279631e-01 1.056762508091682307e+01
1.559065880344764992e+02 1.337063565333495296e-01 1.055090288917501162e+01
1.556583590956732053e+02 1.338638676306710962e-01 1.053410411587995910e+01
1.554089930113536582e+02 1.340213787279926627e-01 1.051722838681245165e+01
1.551584844534873469e+02 1.341788898253142570e-01 1.050027534140060226e+01
1.549068282947579291e+02 1.343364009226358236e-01 1.048324463265576512e+01
1.546540196076040843e+02 1.344939120199573901e-01 1.046613592710760443e+01
1.544000536632703415e+02 1.346514231172789566e-01 1.044894890473989157e+01
1.541449259308507465e+02 1.348089342146005232e-01 1.043168325892574799e+01
1.538886320763354547e+02 1.349664453119221175e-01 1.041433869636316167e+01
1.536311679616515846e+02 1.351239564092436840e-01 1.039691493701005420e+01
1.533725296437072814e+02 1.352814675065652505e-01 1.037941171401958940e+01
1.531127133734281642e+02 1.354389786038868171e-01 1.036182877367497390e+01
1.528517155948001118e+02 1.355964897012083836e-01 1.034416587532467346e+01
1.525895329733020844e+02 1.357540007985299779e-01 1.032642279330659285e+01
1.523261678348490591e+02 1.359115118958515445e-01 1.030859968502589652e+01
1.520616344360855692e+02 1.360690229931731110e-01 1.029069751529411114e+01
1.517959485237004742e+02 1.362265340904946775e-01 1.027271734976077511e+01
1.515291257710005937e+02 1.363840451878162441e-01 1.025466024910935658e+01
1.512611817775342047e+02 1.365415562851378384e-01 1.023652726903171484e+01
1.509921320687184902e+02 1.366990673824594049e-01 1.021831946020296122e+01
1.507219920954840404e+02 1.368565784797809715e-01 1.020003786825733449e+01
1.504507772339281075e+02 1.370140895771025380e-01 1.018168353376478130e+01
1.501785027849821006e+02 1.371716006744241045e-01 1.016325749220842312e+01
1.499051839740904484e+02 1.373291117717456711e-01 1.014476077396285092e+01
1.496308359508982733e+02 1.374866228690672654e-01 1.012619440427295991e+01
1.493554737889534181e+02 1.376441339663888319e-01 1.010755940323380564e+01
1.490791124854194152e+02 1.378016450637103985e-01 1.008885678577117240e+01
1.488017669607963001e+02 1.379591561610319650e-01 1.007008756162267282e+01
1.485234520586578242e+02 1.381166672583535315e-01 1.005125273531999675e+01
1.482441825453948354e+02 1.382741783556751258e-01 1.003235330617147447e+01
1.479639731099709081e+02 1.384316894529966924e-01 1.001339026824562062e+01
1.476828383636899105e+02 1.385892005503182589e-01 9.994364610355344070e+00
1.474007928399710750e+02 1.387467116476398254e-01 9.975277316042772568e+00
1.471178509941382799e+02 1.389042227449613920e-01 9.956129363564933499e+00
1.468340272032153564e+02 1.390617338422829863e-01 9.936921725879965805e+00
1.465493357657343552e+02 1.392192449396045528e-01 9.917655370634111733e+00
1.462637909015530795e+02 1.393767560369261194e-01 9.898331260149355160e+00
1.459774067516820537e+02 1.395342671342476859e-01 9.878950351411749153e+00
1.456901973781207005e+02 1.396917782315692524e-01 9.859513596060290652e+00
1.454021767637047731e+02 1.398492893288908467e-01 9.840021940376628251e+00
1.451133588119606941e+02 1.400068004262124133e-01 9.820476325275178553e+00
1.448237573469727124e+02 1.401643115235339798e-01 9.800877686294152014e+00
1.445333861132551192e+02 1.403218226208555464e-01 9.781226953586905637e+00
1.442422587756367136e+02 1.404793337181771129e-01 9.761525051914111017e+00
1.439503889191530561e+02 1.406368448154987072e-01 9.741772900636485488e+00
1.436577900489477884e+02 1.407943559128202737e-01 9.721971413708068610e+00
1.433644755901826500e+02 1.409518670101418403e-01 9.702121499670198546e+00
1.430704588879530661e+02 1.411093781074634068e-01 9.682224061645747781e+00
1.427757532072203333e+02 1.412668892047849734e-01 9.662279997334545456e+00
1.424803717327426398e+02 1.414244003021065677e-01 9.642290199008726859e+00
1.421843275690200130e+02 1.415819113994281342e-01 9.622255553508990644e+00
1.418876337402462298e+02 1.417394224967497007e-01 9.602176942241340996e+00
1.415903031902687701e+02 1.418969335940712673e-01 9.582055241174394666e+00
1.412923487825537450e+02 1.420544446913928338e-01 9.561891320836997110e+00
1.409937833001651484e+02 1.422119557887144281e-01 9.541686046316810277e+00
1.406946194457454453e+02 1.423694668860359946e-01 9.521440277259024754e+00
1.403948698415053684e+02 1.425269779833575612e-01 9.501154867865635012e+00
1.400945470319774984e+02 1.426844890806791277e-01 9.480830667081818319e+00
1.397936674949275186e+02 1.428420001780006943e-01 9.460468790032386721e+00
1.394922595701543457e+02 1.429995112753222608e-01 9.440071154599523950e+00
1.391903535078408538e+02 1.431570223726438551e-01 9.419639807949701904e+00
1.388879792010910137e+02 1.433145334699654216e-01 9.399176773084274572e+00
1.385851661874366698e+02 1.434720445672869882e-01 9.378684048941412499e+00
1.382819436503946804e+02 1.436295556646085547e-01 9.358163610501494034e+00
1.379783404210748472e+02 1.437870667619301213e-01 9.337617408895921400e+00
1.376743849798321264e+02 1.439445778592517156e-01 9.317047371518931698e+00
1.373701054579667868e+02 1.441020889565732821e-01 9.296455402142655089e+00
1.370655296394691618e+02 1.442596000538948486e-01 9.275843381035191015e+00
1.367606849628019177e+02 1.444171111512164152e-01 9.255213165081215720e+00
1.364555985227307531e+02 1.445746222485379817e-01 9.234566587905892021e+00
1.361502970721890051e+02 1.447321333458595760e-01 9.213905460001038605e+00
1.358448070241819039e+02 1.448896444431811426e-01 9.193231568853988733e+00
1.355391544537290258e+02 1.450471555405027091e-01 9.172546679079083276e+00
1.352333650998394035e+02 1.452046666378242756e-01 9.151852532551293606e+00
1.349274643675234984e+02 1.453621777351458422e-01 9.131150848542413101e+00
1.346214773298342493e+02 1.455196888324674365e-01 9.110443323859160003e+00
1.343154287299433634e+02 1.456771999297890030e-01 9.089731632983705012e+00
1.340093429832423908e+02 1.458347110271105695e-01 9.069017428215861543e+00
1.337032441794794124e+02 1.459922221244321361e-01 9.048302339817661633e+00
1.333971560849161904e+02 1.461497332217537026e-01 9.027587976159370697e+00
1.330911021445152755e+02 1.463072443190752969e-01 9.006875923867484701e+00
1.327851054841515577e+02 1.464647554163968635e-01 8.986167747974395326e+00
1.324791889128470359e+02 1.466222665137184300e-01 8.965464992069623662e+00
1.321733749250291794e+02 1.467797776110399965e-01 8.944769178452668612e+00
1.318676857028092968e+02 1.469372887083615631e-01 8.924081808287166240e+00
1.315621431182819947e+02 1.470947998056831574e-01 8.903404361756537710e+00
1.312567687358443038e+02 1.472523109030047239e-01 8.882738298220923312e+00
1.309515838145336204e+02 1.474098220003262905e-01 8.862085056375377690e+00
1.306466093103801995e+02 1.475673330976478570e-01 8.841446054409116684e+00
1.303418658787792026e+02 1.477248441949694235e-01 8.820822690166000513e+00
1.300373738768745682e+02 1.478823552922910178e-01 8.800216341305901580e+00
1.297331533659599927e+02 1.480398663896125844e-01 8.779628365467157636e+00
1.294292241138918769e+02 1.481973774869341509e-01 8.759060100429879370e+00
1.291256055975126458e+02 1.483548885842557175e-01 8.738512864279963210e+00
1.288223170050902411e+02 1.485123996815772840e-01 8.717987955574145076e+00
1.285193772387620470e+02 1.486699107788988505e-01 8.697486653505423604e+00
1.282168049169925439e+02 1.488274218762204448e-01 8.677010218069375114e+00
1.279146183770405258e+02 1.489849329735420114e-01 8.656559890231118715e+00
1.276128356774285919e+02 1.491424440708635779e-01 8.636136892092421746e+00
1.273114746004265356e+02 1.492999551681851444e-01 8.615742427059791098e+00
1.270105526545346208e+02 1.494574662655067110e-01 8.595377680012507682e+00
1.267100870769793488e+02 1.496149773628283053e-01 8.575043817471531327e+00
1.264100948362067385e+02 1.497724884601498718e-01 8.554741987768236910e+00
1.261105926343844885e+02 1.499299995574714384e-01 8.534473321213734920e+00
1.258115974677661200e+02 1.500875106547930049e-01 8.514238968021263787e+00
1.255131313379885967e+02 1.502450217521145714e-01 8.494040417140949373e+00
1.252152187989730976e+02 1.504025328494361657e-01 8.473879330247523711e+00
1.249178840421115808e+02 1.505600439467577323e-01 8.453757344481740432e+00
1.246211508692609300e+02 1.507175550440792988e-01 8.433676070622732723e+00
1.243250426966672677e+02 1.508750661414008654e-01 8.413637093353623087e+00
1.240295825589050764e+02 1.510325772387224319e-01 8.393641971528099432e+00
1.237347931128247183e+02 1.511900883360440262e-01 8.373692238437541846e+00
1.234406966415175617e+02 1.513475994333655927e-01 8.353789402079369708e+00
1.231473150582843488e+02 1.515051105306871593e-01 8.333934945425607310e+00
1.228546699106131825e+02 1.516626216280087258e-01 8.314130326692088957e+00
1.225627823841690542e+02 1.518201327253302924e-01 8.294376979608433231e+00
1.222716733067800021e+02 1.519776438226518867e-01 8.274676313687827189e+00
1.219813631524349518e+02 1.521351549199734532e-01 8.255029714497558402e+00
1.216918720452811442e+02 1.522926660172950197e-01 8.235438543929548771e+00
1.214032197636214079e+02 1.524501771146165863e-01 8.215904140470872363e+00
1.211154257439156652e+02 1.526076882119381528e-01 8.196427819474552123e+00
1.208285090847778633e+02 1.527651993092597471e-01 8.177010873430040405e+00
1.205424885509743689e+02 1.529227104065813136e-01 8.157654572233816737e+00
1.202573825774145746e+02 1.530802215039028802e-01 8.138360163459459784e+00
1.199732092731430839e+02 1.532377326012244467e-01 8.119128872627785043e+00
1.196899864253210666e+02 1.533952436985460133e-01 8.099961903476330605e+00
1.194077315032070743e+02 1.535527547958676076e-01 8.080860438228702591e+00
1.191264616621254646e+02 1.537102658931891741e-01 8.061825637863183402e+00
1.188461937474288277e+02 1.538677769905107406e-01 8.042858642380851464e+00
1.185669442984537909e+02 1.540252880878323072e-01 8.023960571073308401e+00
1.182887295524623852e+02 1.541827991851538737e-01 8.005132522789404348e+00
1.180115654485765049e+02 1.543403102824754403e-01 7.986375576201499626e+00
1.177354676316993363e+02 1.544978213797970346e-01 7.967690790070848017e+00
1.174604514564230158e+02 1.546553324771186011e-01 7.949079203512032343e+00
1.171865319909264684e+02 1.548128435744401676e-01 7.930541836256778332e+00
1.169137240208574156e+02 1.549703546717617342e-01 7.912079688916634268e+00
1.166420420531990487e+02 1.551278657690833007e-01 7.893693743244667438e+00
1.163715003201236584e+02 1.552853768664048950e-01 7.875384962396251076e+00
1.161021127828285842e+02 1.554428879637264616e-01 7.857154291188659379e+00
1.158338931353575845e+02 1.556003990610480281e-01 7.839002656359669530e+00
1.155668548084030220e+02 1.557579101583695946e-01 7.820930966824893638e+00
1.153010109730922750e+02 1.559154212556911612e-01 7.802940113933998667e+00
1.150363745447541817e+02 1.560729323530127555e-01 7.785030971725616311e+00
1.147729581866686317e+02 1.562304434503343220e-01 7.767204397181080466e+00
1.145107743137950536e+02 1.563879545476558885e-01 7.749461230476764939e+00
1.142498350964843752e+02 1.565454656449774551e-01 7.731802295235276290e+00
1.139901524641644954e+02 1.567029767422990216e-01 7.714228398774873874e+00
1.137317381090148558e+02 1.568604878396206159e-01 7.696740332358142922e+00
1.134746034896092226e+02 1.570179989369421825e-01 7.679338871438518233e+00
1.132187598345456649e+02 1.571755100342637490e-01 7.662024775905940999e+00
1.129642181460494896e+02 1.573330211315853155e-01 7.644798790330684213e+00
1.127109892035570908e+02 1.574905322289068821e-01 7.627661644205884883e+00
1.124590835672757265e+02 1.576480433262284764e-01 7.610614052188457102e+00
1.122085107551385619e+02 1.578055544235500429e-01 7.593656658399926762e+00
1.119592765653857924e+02 1.579630655208716095e-01 7.576789855233390547e+00
1.117113857151180127e+02 1.581205766181931760e-01 7.560013961916348890e+00
1.117113857151180127e+02 1.581205766181931760e-01 7.560013961916349778e+00
8.647028100148173735e+01 1.826842454521749870e-01 5.819520267278929460e+00
7.297762173732384383e+01 2.073525430377324841e-01 3.992864044011216418e+00
5.747743194103592401e+01 2.322407203492417860e-01 3.176031145115491672e+00
4.977009757118601385e+01 2.568837818198746459e-01 2.921119493836464187e+00
4.168927148856632670e+01 2.811184729179193598e-01 1.831510649405343472e+00
3.622309352227328816e+01 3.057758170190760794e-01 1.361836038906167667e+00
3.136709524398785476e+01 3.308749588216616799e-01 1.134109485496319847e+00
2.717988650392156202e+01 3.553458836143503774e-01 9.178889237743199647e-01
2.438893933950628323e+01 3.797183506574301481e-01 9.160908086905036329e-01
2.139041046834754667e+01 4.042043120935024936e-01 5.529669364961515843e-01
1.930107759745148854e+01 4.287407985369371399e-01 3.802376445809467764e-01
1.745929617392692279e+01 4.533371424922238990e-01 3.154020564478720590e-01
1.563465800495254499e+01 4.779959634912051558e-01 4.411013135978627542e-01
1.419833115284280112e+01 5.026629933946460405e-01 3.116520566718753993e-01
1.304626638236751113e+01 5.271487506500315279e-01 3.128969619806113434e-01
1.210509494703920197e+01 5.515427964227138657e-01 2.275468452603580938e-01
1.119687661859296668e+01 5.762240530263548210e-01 2.003571146366254774e-01
1.033847600528063460e+01 6.007285446297923048e-01 1.239576155107305067e-01
9.593916697305823860e+00 6.252568531449649303e-01 2.349670992562477856e-01
9.112507332183103159e+00 6.499965502683907603e-01 1.906834921744173239e-01
8.589771591293377639e+00 6.746857991314229031e-01 1.413298201838009971e-01
8.253008661339830354e+00 6.991270364754236244e-01 1.020977941011735751e-01
7.956722904512487204e+00 7.235756604093172006e-01 1.036582714070182903e-01
7.840571861397874542e+00 7.479714013051395050e-01 1.127718695707476543e-01
7.753468047212594527e+00 7.726132299420060967e-01 8.397208657386116826e-02
7.654364726052239831e+00 7.972349387995918413e-01 1.027361283002699854e-01
7.331970958812839001e+00 8.217736356692634248e-01 1.451529417573640679e-01
7.065198133500572908e+00 8.463200505719705724e-01 9.064013092386509485e-02
6.839325368929967119e+00 8.708218859006343626e-01 1.066385925903308163e-01
6.720521287070646999e+00 8.954790463233904818e-01 9.373586244098179587e-02
6.574632253964759698e+00 9.199626960429320155e-01 7.617328237056306128e-02
6.561695387697332293e+00 9.443606208269833546e-01 1.280770410847790197e-01
6.534358863522655270e+00 9.688687146412832130e-01 1.112742816894248948e-01
6.543201757992483714e+00 9.930926048855095445e-01 1.369295481666810699e-01
6.679916965650760652e+00 1.017620455362175491e+00 1.092741227334694115e-01
6.901603804887503024e+00 1.042409919186157552e+00 1.534196634573484486e-01
7.254225846528524535e+00 1.066789561870425063e+00 1.243325973336981971e-01
7.379260187615338751e+00 1.090909765172895618e+00 1.495937414728266968e-01
7.359846648378296052e+00 1.115651582439790346e+00 2.751665026463343544e-01
7.585234577419157631e+00 1.140641543091339027e+00 1.588322871901149402e-01
7.709166442893631732e+00 1.164692026865203012e+00 4.830353896716926276e-01
8.090578180660800811e+00 1.188605021497627590e+00 2.772878831875811856e-01
8.773095030145888984e+00 1.214006438167991364e+00 3.176381876170406016e-01
9.494398172354333809e+00 1.240498485730926914e+00 5.566221046803523365e-01
1.084643510566743707e+01 1.264816150349954427e+00 1.053291980135737216e+00
1.140032355742720505e+01 1.284554513240047102e+00 1.050043010873275007e+00
1.290433666805654056e+01 1.309527810458392949e+00 1.232598597098333748e+00
1.807386700373453081e+01 1.335814856768205550e+00 5.088756130879442452e+00
1.556247868023865344e+01 1.360349523175663267e+00 1.681070347064762416e+01
