3.495695698487805703e-01 7.669903939428205850e-04 2.394720037644790592e-02
4.166525776008550563e-01 9.245014912643925459e-04 2.854270973153468990e-02
4.824970322684543622e-01 1.082012588585964507e-03 3.305337223080497683e-02
5.471069108792638858e-01 1.239523685907536251e-03 3.747946031982354181e-02
6.104813089536410553e-01 1.397034783229108429e-03 4.182091203737549334e-02
6.726170984671611119e-01 1.554545880550680173e-03 4.607751309871137985e-02
7.335125889729244841e-01 1.712056977872252134e-03 5.024914770007109927e-02
7.931675198153053108e-01 1.869568075193824095e-03 5.433579798528789806e-02
8.515851265981044804e-01 2.027079172515396273e-03 5.833768560881702481e-02
9.087686401248152857e-01 2.184590269836968017e-03 6.225503189626946376e-02
9.647265047879350908e-01 2.342101367158539761e-03 6.608841532923122319e-02
1.019467283382535339e+00 2.499612464480111939e-03 6.983842250043531541e-02
1.073000959764597084e+00 2.657123561801683683e-03 7.350573735213626614e-02
1.125341015773526854e+00 2.814634659123255861e-03 7.709128345531270077e-02
1.176501614951565244e+00 2.972145756444827605e-03 8.059603108087290413e-02
1.226496735685295825e+00 3.129656853766399783e-03 8.402093781567039621e-02
1.275342316972523760e+00 3.287167951087971527e-03 8.736709555787695869e-02
1.323055907569866907e+00 3.444679048409543271e-03 9.063570648190180656e-02
1.369655105447724175e+00 3.602190145731115449e-03 9.382797613353514865e-02
1.415157021347881017e+00 3.759701243052687193e-03 9.694507668105908915e-02
1.459579639345906399e+00 3.917212340374259805e-03 9.998824012032901665e-02
1.502941687012091299e+00 4.074723437695831549e-03 1.029587493801721876e-01
1.545262401490346216e+00 4.232234535017403293e-03 1.058579222976650525e-01
1.586560545392434740e+00 4.389745632338975037e-03 1.086870442021446170e-01
1.626854248908075951e+00 4.547256729660546781e-03 1.114473570989899243e-01
1.666161898842572819e+00 4.704767826982118525e-03 1.141401205729841162e-01
1.704502083922764699e+00 4.862278924303691137e-03 1.167666080415089847e-01
1.741893499694405545e+00 5.019790021625262881e-03 1.193281002395567558e-01
1.778354856992517607e+00 5.177301118946834625e-03 1.218258789495081373e-01
1.813904233279661327e+00 5.334812216268406369e-03 1.242611825646776635e-01
1.848558828871819770e+00 5.492323313589978981e-03 1.266351893896114356e-01
1.882335777444768432e+00 5.649834410911550725e-03 1.289490731636804555e-01
1.915252167429346786e+00 5.807345508233122469e-03 1.312040045267593158e-01
1.947324999659445943e+00 5.964856605554694213e-03 1.334011481179094849e-01
1.978571151638724546e+00 6.122367702876265957e-03 1.355416601274772037e-01
2.009007347489706774e+00 6.279878800197838569e-03 1.376266862384616096e-01
2.038649961998117544e+00 6.437389897519410313e-03 1.396573482026074176e-01
2.067514209602157926e+00 6.594900994840982057e-03 1.416346882822612507e-01
2.095614842093864727e+00 6.752412092162553801e-03 1.435597170462778738e-01
2.122966502675412759e+00 6.909923189484126413e-03 1.454334376245829952e-01
2.149583706126152016e+00 7.067434286805698157e-03 1.472568443495197721e-01
2.175480821439328860e+00 7.224945384127269901e-03 1.490309215663807862e-01
2.200672057073680410e+00 7.382456481448841645e-03 1.507566426230708689e-01
2.225171448499349669e+00 7.539967578770413389e-03 1.524349690169424509e-01
2.248992847758967795e+00 7.697478676091986001e-03 1.540668496796792075e-01
2.272149831775888362e+00 7.854989773413558612e-03 1.556532146959684615e-01
2.294654847255077623e+00 8.012500870735128622e-03 1.571949167250905888e-01
2.316519627029681061e+00 8.170011968056702101e-03 1.586927595226654830e-01
2.337755806323640329e+00 8.327523065378272110e-03 1.601475401576120672e-01
2.358374921834230253e+00 8.485034162699845589e-03 1.615600489492978464e-01
2.378388401984570244e+00 8.642545260021415598e-03 1.629310687997887197e-01
2.397807558442321518e+00 8.800056357342989077e-03 1.642613746128391838e-01
2.416643578774214873e+00 8.957567454664562556e-03 1.655517327906914915e-01
2.434907520120015434e+00 9.115078551986132566e-03 1.668029008007123892e-01
2.452610303781552759e+00 9.272589649307706045e-03 1.680156268047154067e-01
2.469762710633764513e+00 9.430100746629276054e-03 1.691906493445948512e-01
2.486375365099305679e+00 9.587611843950849533e-03 1.703286962445097197e-01
2.502458082602737388e+00 9.745122941272419542e-03 1.714304399083507180e-01
2.518019597978234270e+00 9.902634038593993021e-03 1.724964787143583034e-01
2.533068529374458144e+00 1.006014513591556303e-02 1.735274030472533646e-01
2.547613455310465014e+00 1.021765623323713651e-02 1.745238005769378653e-01
2.561662907254691923e+00 1.037516733055870999e-02 1.754862557501189468e-01
2.575225362931631956e+00 1.053267842788028000e-02 1.764153493317853483e-01
2.588309240295550318e+00 1.069018952520185348e-02 1.773116579923766367e-01
2.600922892115589580e+00 1.084770062252342349e-02 1.781757539368373777e-01
2.613074601121669449e+00 1.100521171984499696e-02 1.790082045720879922e-01
2.624772575665179186e+00 1.116272281716656697e-02 1.798095722097607096e-01
2.636024945852090795e+00 1.132023391448814045e-02 1.805804138013000215e-01
2.646839760110043738e+00 1.147774501180971046e-02 1.813212807027906048e-01
2.657224982154014370e+00 1.163525610913128394e-02 1.820327184670916254e-01
2.667188468256323830e+00 1.179276720645285742e-02 1.827152652867223004e-01
2.676737276976244306e+00 1.195027830377442743e-02 1.833694047070134892e-01
2.685877547454523118e+00 1.210778940109600091e-02 1.839955572886954605e-01
2.694615372186785596e+00 1.226530049841757092e-02 1.845941403970829953e-01
2.702956848659983979e+00 1.242281159573914440e-02 1.851655717394206646e-01
2.710908073294874931e+00 1.258032269306071441e-02 1.857102689499137427e-01
2.718475135836538215e+00 1.273783379038228789e-02 1.862286492054511522e-01
2.725664114162464013e+00 1.289534488770385789e-02 1.867211288699349991e-01
2.732481069479909763e+00 1.305285598502543137e-02 1.871881231652759436e-01
2.738932041886548152e+00 1.321036708234700485e-02 1.876300458672763016e-01
2.745023046270046674e+00 1.336787817966857486e-02 1.880473090247319068e-01
2.750760068524559010e+00 1.352538927699014834e-02 1.884403227002424963e-01
2.756149062062795974e+00 1.368290037431171835e-02 1.888094947312730920e-01
2.761195944604892816e+00 1.384041147163329183e-02 1.891552305101747711e-01
2.765906595225756881e+00 1.399792256895486184e-02 1.894779327819144654e-01
2.770286851644351511e+00 1.415543366627643532e-02 1.897780014583775321e-01
2.774342507739312680e+00 1.431294476359800533e-02 1.900558334481758094e-01
2.778079307100354001e+00 1.447045586091957881e-02 1.903118222148872107e-01
2.781502554983891873e+00 1.462796695824115228e-02 1.905463311941464899e-01
2.784616834173156086e+00 1.478547805556272229e-02 1.907596743286927299e-01
2.787426667316907913e+00 1.494298915288429577e-02 1.909521614417640789e-01
2.789936589120817434e+00 1.510050025020586578e-02 1.911241031825552661e-01
2.792151142169686739e+00 1.525801134752743926e-02 1.912758107400195084e-01
2.794074873005177206e+00 1.541552244484900927e-02 1.914075955741736113e-01
2.795712328444805550e+00 1.557303354217058275e-02 1.915197691639321242e-01
2.797068052128464100e+00 1.573054463949215276e-02 1.916126427705269197e-01
2.798146581279781220e+00 1.588805573681372624e-02 1.916865272156449973e-01
2.798952443670431389e+00 1.604556683413529972e-02 1.917417326734686400e-01
2.799490154776066220e+00 1.620307793145686973e-02 1.917785684758437914e-01
2.799764215113663024e+00 1.636058902877844320e-02 1.917973429298744925e-01
2.799779107750107077e+00 1.651810012610001321e-02 1.917983631472499062e-01
2.799539295972920616e+00 1.667561122342158669e-02 1.917819348846771244e-01
2.799049221114367825e+00 1.683312232074316017e-02 1.917483623948225135e-01
2.798313300520741453e+00 1.699063341806473018e-02 1.916979482871976892e-01
2.797335925659062639e+00 1.714814451538630366e-02 1.916309933984593761e-01
2.796121460353832244e+00 1.730565561270787367e-02 1.915477966716185310e-01
2.794674239147074690e+00 1.746316671002944715e-02 1.914486550436951540e-01
2.792998565775007158e+00 1.762067780735101716e-02 1.913338633413632361e-01
2.791098711586794234e+00 1.777818890467259064e-02 1.912037141726274370e-01
2.788978876161432474e+00 1.793570000199416065e-02 1.910584952288898186e-01
2.786643140806395635e+00 1.809321109931573412e-02 1.908984860993834798e-01
2.784095546120390008e+00 1.825072219663730760e-02 1.907239635845943693e-01
2.781340103021080701e+00 1.840823329395887761e-02 1.905352024517142917e-01
2.778380791530241201e+00 1.856574439128045109e-02 1.903324753514173961e-01
2.775221559648201275e+00 1.872325548860202110e-02 1.901160527407547984e-01
2.771866322313225162e+00 1.888076658592359458e-02 1.898862028118665779e-01
2.768318960441238374e+00 1.903827768324516459e-02 1.896431914261988705e-01
2.764583320042030667e+00 1.919578878056673807e-02 1.893872820539590218e-01
2.760663211408003193e+00 1.935329987788830808e-02 1.891187357185410700e-01
2.756562408371655781e+00 1.951081097520988156e-02 1.888378109456602949e-01
2.752284647628462366e+00 1.966832207253145504e-02 1.885447637169669344e-01
2.747833628121743921e+00 1.982583316985302505e-02 1.882398474279061984e-01
2.743213010486296621e+00 1.998334426717459852e-02 1.879233128496050065e-01
2.738426416547896647e+00 2.014085536449616853e-02 1.875954080945854696e-01
2.733477428875782600e+00 2.029836646181774201e-02 1.872563785861074692e-01
2.728369590385261834e+00 2.045587755913931202e-02 1.869064670309456277e-01
2.723106403988084345e+00 2.061338865646088550e-02 1.865459133954380511e-01
2.717691332287872186e+00 2.077089975378245551e-02 1.861749548846216851e-01
2.712127797318445666e+00 2.092841085110402899e-02 1.857938259243067658e-01
2.706419180322676254e+00 2.108592194842560247e-02 1.854027581459265217e-01
2.700568821569809597e+00 2.124343304574717248e-02 1.850019803740236835e-01
2.694580020209224713e+00 2.140094414306874596e-02 1.845917186162319701e-01
2.688456034158629215e+00 2.155845524039031597e-02 1.841721960556166326e-01
2.682200080024947475e+00 2.171596633771188944e-02 1.837436330452550948e-01
2.675815336139059752e+00 2.187347743503345945e-02 1.833062473161317651e-01
2.669305276857381948e+00 2.203098853235503293e-02 1.828602768784064747e-01
2.662673948682817926e+00 2.218849962967660294e-02 1.824059989370313828e-01
2.655925375958480661e+00 2.234601072699817642e-02 1.819436891789061872e-01
2.649063489575874009e+00 2.250352182431974990e-02 1.814736168890447587e-01
2.642092128904016679e+00 2.266103292164131991e-02 1.809960450827297063e-01
2.635015043687618075e+00 2.281854401896289339e-02 1.805112306355465268e-01
2.627835895914408582e+00 2.297605511628446340e-02 1.800194244113046682e-01
2.620558261651457332e+00 2.313356621360603688e-02 1.795208713878342077e-01
2.613185632850431706e+00 2.329107731092760689e-02 1.790158107806545662e-01
2.605721419121852289e+00 2.344858840824918036e-02 1.785044761645200317e-01
2.598168949478365519e+00 2.360609950557075037e-02 1.779870955928420651e-01
2.590531474047182758e+00 2.376361060289232385e-02 1.774638917149991835e-01
2.582812165751798616e+00 2.392112170021389733e-02 1.769350818915437495e-01
2.575014121963111524e+00 2.407863279753546734e-02 1.764008783073107434e-01
2.567140366120319150e+00 2.423614389485704082e-02 1.758614880824575233e-01
2.559193849321552694e+00 2.439365499217861083e-02 1.753171133814296068e-01
2.551177451884733216e+00 2.455116608950018431e-02 1.747679515198871103e-01
2.543093984878840974e+00 2.470867718682175432e-02 1.742141950696039221e-01
2.534946191625874423e+00 2.486618828414332780e-02 1.736560319613588699e-01
2.526736749173828400e+00 2.502369938146489781e-02 1.730936455858426148e-01
2.518468269741017451e+00 2.518121047878647129e-02 1.725272148925997007e-01
2.510143302132142207e+00 2.533872157610804476e-02 1.719569144870368715e-01
2.501764333126316853e+00 2.549623267342961477e-02 1.713829147255090946e-01
2.493333788837607479e+00 2.565374377075118825e-02 1.708053818085233100e-01
2.484854036048295356e+00 2.581125486807275826e-02 1.702244778720730101e-01
2.476327383515283032e+00 2.596876596539433174e-02 1.696403610771337334e-01
2.467756083250200128e+00 2.612627706271590175e-02 1.690531856973561398e-01
2.459142331773277679e+00 2.628378816003747523e-02 1.684631022049628279e-01
2.450488271341682900e+00 2.644129925735904524e-02 1.678702573548949972e-01
2.441795991152662104e+00 2.659881035468061872e-02 1.672747942672332677e-01
2.433067528521660972e+00 2.675632145200219220e-02 1.666768525079052599e-01
2.424304879570688964e+00 2.691383254932376221e-02 1.660765688208893920e-01
2.415510477229594333e+00 2.707134364664533568e-02 1.654741098736062233e-01
2.406687385612407137e+00 2.722885474396690569e-02 1.648696855726353716e-01
2.397838618547647460e+00 2.738636584128847917e-02 1.642635023797563154e-01
2.388967084622747983e+00 2.754387693861004918e-02 1.636557595472267757e-01
2.380075590258102558e+00 2.770138803593162266e-02 1.630466493283700413e-01
2.371166842705261679e+00 2.785889913325319267e-02 1.624363571829657293e-01
2.362243452970263391e+00 2.801641023057476615e-02 1.618250619775118970e-01
2.353307938663194765e+00 2.817392132789633963e-02 1.612129361804336414e-01
2.344362726775085282e+00 2.833143242521790964e-02 1.606001460523140967e-01
2.335410156383350255e+00 2.848894352253948312e-02 1.599868518312299037e-01
2.326452481286967799e+00 2.864645461986105313e-02 1.593732079132738622e-01
2.317491872572624789e+00 2.880396571718262660e-02 1.587593630283483381e-01
2.308530421113106357e+00 2.896147681450419661e-02 1.581454604113163853e-01
2.299570139999181695e+00 2.911898791182577009e-02 1.575316379685983981e-01
2.290612966906359294e+00 2.927649900914734010e-02 1.569180284403057513e-01
2.281660766397653362e+00 2.943401010646891358e-02 1.563047595579919458e-01
2.272715332163888213e+00 2.959152120379048706e-02 1.556919541981232613e-01
2.263778389202681485e+00 2.974903230111205707e-02 1.550797305313507679e-01
2.254851595937541475e+00 2.990654339843363055e-02 1.544682021676780093e-01
2.245936546278291424e+00 3.006405449575520056e-02 1.538574782976100397e-01
2.237034771624220486e+00 3.022156559307677404e-02 1.532476638293790994e-01
2.228147742811209309e+00 3.037907669039834405e-02 1.526388595223322486e-01
2.219276872004163792e+00 3.053658778771991752e-02 1.520311621165718330e-01
2.210423514536000500e+00 3.069409888504148753e-02 1.514246644589349600e-01
2.201588970694497327e+00 3.085160998236306101e-02 1.508194556254014163e-01
2.192774487458222232e+00 3.100912107968463102e-02 1.502156210400133751e-01
2.183981260182842110e+00 3.116663217700620450e-02 1.496132425903952123e-01
2.175210434238959323e+00 3.132414327432777451e-02 1.490123987399537830e-01
2.166463106602787292e+00 3.148165437164934799e-02 1.484131646368467561e-01
2.157740327400761160e+00 3.163916546897092147e-02 1.478156122197962774e-01
2.149043101409300327e+00 3.179667656629248801e-02 1.472198103208298969e-01
2.140372389510897477e+00 3.195418766361406149e-02 1.466258247650295554e-01
2.131729110107629221e+00 3.211169876093563497e-02 1.460337184673640154e-01
2.123114140493208790e+00 3.226920985825720151e-02 1.454435515266810364e-01
2.114528318184698996e+00 3.242672095557877499e-02 1.448553813169358995e-01
2.105972442214938400e+00 3.258423205290034846e-02 1.442692625757293345e-01
2.097447274386727400e+00 3.274174315022192194e-02 1.436852474902247934e-01
2.088953540489789429e+00 3.289925424754349542e-02 1.431033857805165399e-01
2.080491931589270038e+00 3.305676534486506196e-02 1.425237247878977098e-01
2.072063222225987822e+00 3.321427644218663544e-02 1.419463175721475401e-01
2.063668486367971511e+00 3.337178753950820892e-02 1.413712377052523395e-01
2.055308806846835701e+00 3.352929863682978240e-02 1.407985593663965418e-01
2.046985214085143223e+00 3.368680973415134894e-02 1.402283531444922515e-01
2.038698687861658421e+00 3.384432083147292242e-02 1.396606861591069282e-01
2.030450159024978607e+00 3.400183192879449590e-02 1.390956221778560931e-01
2.022240511156982112e+00 3.415934302611606938e-02 1.385332217303570923e-01
2.014070582187073910e+00 3.431685412343764285e-02 1.379735422188127503e-01
2.005941165958689432e+00 3.447436522075920939e-02 1.374166380253245279e-01
1.997853013749041118e+00 3.463187631808078287e-02 1.368625606160024377e-01
1.989806835743356483e+00 3.478938741540235635e-02 1.363113586419574252e-01
1.981803302464830052e+00 3.494689851272392983e-02 1.357630780372602042e-01
1.973843046161247505e+00 3.510440961004549637e-02 1.352177621139313002e-01
1.965926662149652282e+00 3.526192070736706985e-02 1.346754516540575042e-01
1.958054710119944586e+00 3.541943180468864333e-02 1.341361849990945765e-01
1.950227715398600736e+00 3.557694290201021681e-02 1.335999981364380251e-01
1.942446170173547593e+00 3.573445399933179029e-02 1.330669247833329849e-01
1.934710534681296723e+00 3.589196509665335683e-02 1.325369964681990254e-01
1.927021238357238042e+00 3.604947619397493030e-02 1.320102426094298675e-01
1.919378680950262428e+00 3.620698729129650378e-02 1.314866905917513040e-01
1.911783233602532661e+00 3.636449838861807726e-02 1.309663658401903630e-01
1.904235239895533116e+00 3.652200948593964380e-02 1.304492918917345423e-01
1.896735016863174472e+00 3.667952058326121728e-02 1.299354904647349596e-01
1.889282855973023256e+00 3.683703168058279076e-02 1.294249815261246106e-01
1.881879024076461793e+00 3.699454277790436424e-02 1.289177833565093301e-01
1.874523764328721143e+00 3.715205387522593772e-02 1.284139126131944586e-01
1.867217297079620142e+00 3.730956497254750426e-02 1.279133843912045598e-01
1.859959820735829661e+00 3.746707606986907774e-02 1.274162122823529475e-01
1.852751512595573802e+00 3.762458716719065122e-02 1.269224084324223900e-01
1.845592529656430614e+00 3.778209826451222469e-02 1.264319835965038163e-01
1.838483009397176904e+00 3.793960936183379123e-02 1.259449471925559172e-01
1.831423070534310416e+00 3.809712045915536471e-02 1.254613073532309941e-01
1.824412813754043627e+00 3.825463155647693819e-02 1.249810709760200145e-01
1.817452322420490374e+00 3.841214265379851167e-02 1.245042437717663458e-01
1.810541663260818446e+00 3.856965375112008515e-02 1.240308303116027799e-01
1.803680887027882429e+00 3.872716484844165169e-02 1.235608340723444581e-01
1.796870029141213632e+00 3.888467594576322517e-02 1.230942574803998851e-01
1.790109110306893347e+00 3.904218704308479865e-02 1.226311019542355302e-01
1.783398137116941840e+00 3.919969814040637213e-02 1.221713679454364543e-01
1.776737102628960230e+00 3.935720923772793867e-02 1.217150549784149355e-01
1.770125986926425643e+00 3.951472033504951215e-02 1.212621616887931825e-01
1.763564757660468718e+00 3.967223143237108562e-02 1.208126858605177018e-01
1.757053370573502749e+00 3.982974252969265910e-02 1.203666244617305064e-01
1.750591770005310854e+00 3.998725362701423258e-02 1.199239736794384531e-01
1.744179889382245552e+00 4.014476472433579912e-02 1.194847289530258511e-01
1.737817651689860021e+00 4.030227582165737260e-02 1.190488850066318272e-01
1.731504969929665405e+00 4.045978691897894608e-02 1.186164358804406432e-01
1.725241747560410710e+00 4.061729801630051956e-02 1.181873749609113206e-01
1.719027871160147214e+00 4.077480911362208610e-02 1.177616944780936759e-01
1.712863166526549685e+00 4.093232021094365958e-02 1.173393824982887912e-01
1.706747431757577260e+00 4.108983130826523306e-02 1.169204251902337954e-01
1.700680459916232845e+00 4.124734240558680654e-02 1.165048083777469740e-01
1.694662039379220886e+00 4.140485350290838001e-02 1.160925175636125933e-01
1.688691954101952497e+00 4.156236460022994655e-02 1.156835379477350600e-01
1.682769983873998232e+00 4.171987569755152003e-02 1.152778544446385889e-01
1.676895904565144368e+00 4.187738679487309351e-02 1.148754517003232611e-01
1.671069488362506572e+00 4.203489789219466699e-02 1.144763141085085312e-01
1.665290503998839933e+00 4.219240898951623353e-02 1.140804258262734933e-01
1.659558716972506565e+00 4.234992008683780701e-02 1.136877707891256056e-01
1.653873889759240212e+00 4.250743118415938049e-02 1.132983327255079747e-01
1.648235782016065798e+00 4.266494228148095397e-02 1.129120951707682230e-01
1.642644150777595069e+00 4.282245337880252745e-02 1.125290414806064399e-01
1.637098750644953915e+00 4.297996447612409399e-02 1.121491548440167879e-01
1.631599333967609144e+00 4.313747557344566746e-02 1.117724182957442192e-01
1.626145651018320759e+00 4.329498667076724094e-02 1.113988147282691521e-01
1.620737450161424231e+00 4.345249776808881442e-02 1.110283269033357639e-01
1.615374478014743431e+00 4.361000886541038096e-02 1.106609374630437154e-01
1.610056479605231017e+00 4.376751996273195444e-02 1.102966289405103856e-01
1.604783198518664467e+00 4.392503106005352792e-02 1.099353837701256553e-01
1.599554377043511888e+00 4.408254215737510140e-02 1.095771842974074262e-01
1.594369756309243380e+00 4.424005325469667488e-02 1.092220127884768743e-01
1.589229076419175657e+00 4.439756435201824142e-02 1.088698514391583799e-01
1.584132076578115278e+00 4.455507544933981490e-02 1.085206823837243095e-01
1.579078495214985223e+00 4.471258654666138838e-02 1.081744877032951163e-01
1.574068070100513861e+00 4.487009764398296185e-02 1.078312494339018907e-01
1.569100538460251437e+00 4.502760874130452839e-02 1.074909495742282783e-01
1.564175637083037307e+00 4.518511983862610187e-02 1.071535700930411478e-01
1.559293102425037603e+00 4.534263093594767535e-02 1.068190929363176528e-01
1.554452670709574491e+00 4.550014203326924883e-02 1.064875000340840677e-01
1.549654078022854709e+00 4.565765313059082231e-02 1.061587733069735140e-01
1.544897060405686195e+00 4.581516422791238885e-02 1.058328946725091285e-01
1.540181353941455944e+00 4.597267532523396233e-02 1.055098460511308817e-01
1.535506694840327979e+00 4.613018642255553581e-02 1.051896093719636160e-01
1.530872819519962125e+00 4.628769751987710929e-02 1.048721665783466511e-01
1.526279464682712916e+00 4.644520861719867583e-02 1.045574996331222334e-01
1.521726367389573342e+00 4.660271971452024931e-02 1.042455905237010955e-01
1.517213265130873623e+00 4.676023081184182278e-02 1.039364212669055126e-01
1.512739895893888908e+00 4.691774190916339626e-02 1.036299739136011255e-01
1.508305998227476241e+00 4.707525300648496974e-02 1.033262305531244540e-01
1.503911311303811393e+00 4.723276410380653628e-02 1.030251733175124307e-01
1.499555574977347483e+00 4.739027520112810976e-02 1.027267843855412949e-01
1.495238529841125263e+00 4.754778629844968324e-02 1.024310459865839101e-01
1.490959917280411773e+00 4.770529739577125672e-02 1.021379404042847966e-01
1.486719479523925136e+00 4.786280849309282326e-02 1.018474499800685884e-01
1.482516959692607994e+00 4.802031959041439674e-02 1.015595571164818328e-01
1.478352101846073463e+00 4.817783068773597022e-02 1.012742442803745146e-01
1.474224651026820654e+00 4.833534178505754370e-02 1.009914940059288557e-01
1.470134353302293251e+00 4.849285288237911717e-02 1.007112888975410098e-01
1.466080955804832886e+00 4.865036397970068371e-02 1.004336116325574429e-01
1.462064206769628782e+00 4.880787507702225719e-02 1.001584449638753260e-01
1.458083855570733389e+00 4.896538617434383067e-02 9.988577172240920010e-02
1.454139652755217949e+00 4.912289727166540415e-02 9.961557481943118797e-02
1.450231350075504411e+00 4.928040836898697069e-02 9.934783724878570865e-02
1.446358700519956297e+00 4.943791946630854417e-02 9.908254208898506499e-02
1.442521458341835539e+00 4.959543056363011765e-02 9.881967250519327339e-02
1.438719379086619732e+00 4.975294166095169113e-02 9.855921175109738641e-02
1.434952219617738001e+00 4.991045275827326461e-02 9.830114317067037422e-02
1.431219735300246043e+00 5.006796385559483115e-02 9.804545000523955112e-02
1.427521591258172684e+00 5.022547495291640463e-02 9.779210931418684527e-02
1.423857347875304491e+00 5.038298605023797810e-02 9.754109098168273206e-02
1.420226566387744693e+00 5.054049714755955158e-02 9.729236495028559251e-02
1.416628815279878273e+00 5.069800824488111812e-02 9.704590165909597610e-02
1.413063670138746453e+00 5.085551934220269160e-02 9.680167203378067797e-02
1.409530713511848443e+00 5.101303043952426508e-02 9.655964747683133675e-02
1.406029534768216571e+00 5.117054153684583856e-02 9.631979985804750566e-02
1.402559729962892243e+00 5.132805263416741204e-02 9.608210150525263449e-02
1.399120901704421494e+00 5.148556373148897858e-02 9.584652519521678904e-02
1.395712659025493352e+00 5.164307482881055206e-02 9.561304414479485092e-02
1.392334617256595575e+00 5.180058592613212554e-02 9.538163200227109395e-02
1.388986397902570502e+00 5.195809702345369901e-02 9.515226283890303172e-02
1.385667628521993544e+00 5.211560812077526555e-02 9.492491114065804148e-02
1.382377942609357868e+00 5.227311921809683903e-02 9.469955180014240359e-02
1.379116979479924510e+00 5.243063031541841251e-02 9.447616010871304204e-02
1.375884384122536996e+00 5.258814141273998599e-02 9.425471174639474259e-02
1.372679797535447221e+00 5.274565251006155947e-02 9.403518211983739883e-02
1.369502843975309414e+00 5.290316360738312601e-02 9.381754548881081346e-02
1.366353150721386855e+00 5.306067470470469949e-02 9.360177632014818339e-02
1.363230351260787288e+00 5.321818580202627297e-02 9.338784950594983258e-02
1.360134085163920314e+00 5.337569689934784645e-02 9.317574035505160612e-02
1.357063997962889790e+00 5.353320799666941299e-02 9.296542458469421455e-02
1.354019741032727486e+00 5.369071909399098647e-02 9.275687831238701997e-02
1.351000971475432078e+00 5.384823019131255994e-02 9.255007804796430704e-02
1.348007352006648674e+00 5.400574128863413342e-02 9.234500068582204846e-02
1.345038550845047309e+00 5.416325238595570690e-02 9.214162349734010549e-02
1.342094241604221194e+00 5.432076348327727344e-02 9.193992412347637422e-02
1.339174103187077414e+00 5.447827458059884692e-02 9.173988056753254461e-02
1.336277819682664791e+00 5.463578567792042040e-02 9.154147118808579620e-02
1.333405080265351872e+00 5.479329677524199388e-02 9.134467469208221169e-02
1.330555579096326824e+00 5.495080787256356042e-02 9.114947012808918836e-02
1.327729015227308018e+00 5.510831896988513390e-02 9.095583687969889530e-02
1.324925092487568179e+00 5.526583006720670738e-02 9.076375465778903362e-02
1.322143491676600169e+00 5.542334116452828086e-02 9.057320159558641948e-02
1.319383816093964157e+00 5.558085226184985433e-02 9.038415051719889126e-02
1.316645660946023977e+00 5.573836335917142087e-02 9.019657369231139088e-02
1.313928628974350810e+00 5.589587445649299435e-02 9.001044390680680574e-02
1.311232330296729476e+00 5.605338555381456783e-02 8.982573445187433392e-02
1.308556382252156203e+00 5.621089665113614131e-02 8.964241911339085322e-02
1.305900409249710181e+00 5.636840774845770785e-02 8.946047216156798043e-02
1.303264042621214536e+00 5.652591884577928133e-02 8.927986834085877010e-02
1.300646920477517510e+00 5.668342994310085481e-02 8.910058286011206252e-02
1.298048687568369886e+00 5.684094104042242829e-02 8.892259138297366194e-02
1.295468995145737434e+00 5.699845213774400177e-02 8.874587001852218826e-02
1.292907500830454248e+00 5.715596323506556831e-02 8.857039531213467543e-02
1.290363868482158116e+00 5.731347433238714179e-02 8.839614423657624065e-02
1.287837768072384703e+00 5.747098542970871526e-02 8.822309418330633035e-02
1.285328875560729722e+00 5.762849652703028874e-02 8.805122295399546439e-02
1.282836872774001824e+00 5.778600762435185528e-02 8.788050875224655278e-02
1.280361447288323573e+00 5.794351872167342876e-02 8.771093017551817583e-02
1.277902292265591599e+00 5.810102981899500224e-02 8.754246620392139300e-02
1.275459079525703254e+00 5.825854091631657572e-02 8.737509435553740544e-02
1.273031415847094783e+00 5.841605201363814920e-02 8.720878769279377662e-02
1.270618903991848292e+00 5.857356311095971574e-02 8.704351900297867262e-02
1.268221154456211197e+00 5.873107420828128922e-02 8.687926160320766367e-02
1.265837785313205899e+00 5.888858530560286270e-02 8.671598932964194595e-02
1.263468422059228269e+00 5.904609640292443618e-02 8.655367652697971981e-02
1.261112697464472632e+00 5.920360750024600272e-02 8.639229803820926146e-02
1.258770251427166587e+00 5.936111859756757619e-02 8.623182919462353546e-02
1.256440730831387409e+00 5.951862969488914967e-02 8.607224580607993059e-02
1.254123789408496670e+00 5.967614079221072315e-02 8.591352415150788069e-02
1.251819087601900193e+00 5.983365188953229663e-02 8.575564096964394256e-02
1.249526292435253261e+00 5.999116298685386317e-02 8.559857345000373985e-02
1.247245077383788425e+00 6.014867408417543665e-02 8.544229922406688937e-02
1.244975122248873634e+00 6.030618518149701013e-02 8.528679635668380554e-02
1.242716113035569059e+00 6.046369627881858361e-02 8.513204333768778498e-02
1.240467741833145343e+00 6.062120737614015015e-02 8.497801907370973462e-02
1.238229706698486643e+00 6.077871847346172363e-02 8.482470288019097748e-02
1.236001711542286552e+00 6.093622957078329710e-02 8.467207447358691963e-02
1.233783465719541672e+00 6.109374066810487058e-02 8.452011394331404581e-02
1.231574651687375122e+00 6.125125176542643712e-02 8.436879953615468442e-02
1.229374897053953086e+00 6.140876286274801060e-02 8.421810574147356454e-02
1.227183830200558878e+00 6.156627396006958408e-02 8.406800710159734180e-02
1.225001087040523240e+00 6.172378505739115756e-02 8.391847867483437362e-02
1.222826310878423195e+00 6.188129615471273104e-02 8.376949602582900445e-02
1.220659152272837833e+00 6.203880725203429758e-02 8.362103521615973922e-02
1.218499268902453414e+00 6.219631834935587106e-02 8.347307279516659462e-02
1.216346325435491593e+00 6.235382944667744454e-02 8.332558579100658724e-02
1.214199993402332645e+00 6.251134054399902495e-02 8.317855170192761660e-02
1.212059951071249309e+00 6.266885164132059149e-02 8.303194848775560799e-02
1.209925883327129803e+00 6.282636273864215803e-02 8.288575456158678301e-02
1.207797481553107399e+00 6.298387383596373845e-02 8.273994878167822975e-02
1.205674443515057703e+00 6.314138493328530499e-02 8.259451044353575966e-02
1.203556473248776237e+00 6.329889603060687153e-02 8.244941927218484012e-02
1.201443280949883619e+00 6.345640712792845195e-02 8.230465541462869683e-02
1.199334582866249610e+00 6.361391822525001849e-02 8.216019943247883373e-02
1.197230101192958251e+00 6.377142932257158503e-02 8.201603229475948331e-02
1.195129563969679065e+00 6.392894041989316545e-02 8.187213537087729975e-02
1.193032704980415915e+00 6.408645151721473199e-02 8.172849042375347761e-02
1.190939262776816276e+00 6.424396261453631241e-02 8.158507954291567554e-02
1.188848950505425162e+00 6.440147371185787895e-02 8.144188307751959455e-02
1.186761449084279718e+00 6.455898480917944549e-02 8.129887916891308242e-02
1.184676443911270471e+00 6.471649590650102590e-02 8.115604626533516608e-02
1.182593627194281627e+00 6.487400700382259244e-02 8.101336328154246091e-02
1.180512697838913105e+00 6.503151810114417286e-02 8.087080959111737910e-02
1.178433361338834251e+00 6.518902919846573940e-02 8.072836501895687411e-02
1.176355329668672844e+00 6.534654029578730594e-02 8.058600983393462980e-02
1.174278321179359263e+00 6.550405139310888636e-02 8.044372474173198950e-02
1.172202060495878717e+00 6.566156249043045290e-02 8.030149087783318429e-02
1.170126278417292109e+00 6.581907358775203332e-02 8.015928980067629772e-02
1.168050711819045739e+00 6.597658468507359986e-02 8.001710348496132719e-02
1.165975103557381765e+00 6.613409578239516640e-02 7.987491431510145012e-02
1.163899202375926256e+00 6.629160687971674681e-02 7.973270507882400382e-02
1.161822762814253007e+00 6.644911797703831335e-02 7.959045896090687078e-02
1.159745545118425758e+00 6.660662907435987989e-02 7.944815953704967293e-02
1.157667315153491305e+00 6.676414017168146031e-02 7.930579076787976078e-02
1.155587844317780721e+00 6.692165126900302685e-02 7.916333699308100713e-02
1.153506909459016905e+00 6.707916236632460727e-02 7.902078292564683470e-02
1.151424292792181170e+00 6.723667346364617381e-02 7.887811364625385568e-02
1.149339781819036510e+00 6.739418456096774035e-02 7.873531459774860131e-02
1.147253168267709844e+00 6.755169565828932077e-02 7.859237151250390851e-02
1.145164231511988762e+00 6.770920675561088731e-02 7.844926927656098448e-02
1.143072741322403996e+00 6.786671785293246772e-02 7.830599211809137483e-02
1.140978472663007892e+00 6.802422895025403426e-02 7.816252462104820997e-02
1.138881206112281053e+00 6.818174004757560080e-02 7.801885175399971006e-02
1.136780727782341405e+00 6.833925114489718122e-02 7.787495886459511185e-02
1.134676829239688045e+00 6.849676224221874776e-02 7.773083167413508132e-02
1.132569307427536920e+00 6.865427333954032818e-02 7.758645627225112251e-02
1.130457964589669295e+00 6.881178443686189472e-02 7.744181911168913912e-02
1.128342608195713526e+00 6.896929553418346126e-02 7.729690700319079288e-02
1.126223050867870557e+00 6.912680663150504168e-02 7.715170711047364405e-02
1.124099110308979244e+00 6.928431772882660822e-02 7.700620694530353749e-02
1.121970609231926153e+00 6.944182882614817476e-02 7.686039436265880431e-02
1.119837375290318571e+00 6.959933992346975518e-02 7.671425755598072771e-02
1.117699241010424283e+00 6.975685102079132172e-02 7.656778505251159161e-02
1.115556043724300617e+00 6.991436211811290213e-02 7.642096570871326211e-02
1.113407625504094778e+00 7.007187321543446867e-02 7.627378870576662084e-02
1.111253833097450849e+00 7.022938431275603521e-02 7.612624354514675729e-02
1.109094517864058993e+00 7.038689541007761563e-02 7.597832004427584884e-02
1.106929535713228940e+00 7.054440650739918217e-02 7.583000833224733117e-02
1.104758747042479783e+00 7.070191760472076259e-02 7.568129884561823617e-02
1.102582016677163601e+00 7.085942870204232913e-02 7.553218232427381940e-02
1.100399214263982905e+00 7.101693979936389567e-02 7.538264983838481592e-02
1.098210219802145060e+00 7.117445089668547609e-02 7.523269316731866219e-02
1.096014921712128665e+00 7.133196199400704263e-02 7.508230466734021336e-02
1.093813212475109875e+00 7.148947309132862304e-02 7.493147697289191667e-02
1.091604988484816907e+00 7.164698418865018958e-02 7.478020298644481867e-02
1.089390149995052015e+00 7.180449528597175612e-02 7.462847587490360757e-02
1.087168601067953988e+00 7.196200638329333654e-02 7.447628906606235111e-02
1.084940249523017819e+00 7.211951748061490308e-02 7.432363624511216516e-02
1.082705006886781174e+00 7.227702857793646962e-02 7.417051135119448468e-02
1.080462788343222957e+00 7.243453967525805004e-02 7.401690857400310131e-02
1.078213512684803588e+00 7.259205077257961658e-02 7.386282235043011013e-02
1.075957102264164078e+00 7.274956186990119700e-02 7.370824736125718146e-02
1.073693482946451949e+00 7.290707296722276354e-02 7.355317852788961774e-02
1.071422584062232231e+00 7.306458406454433008e-02 7.339761100913053116e-02
1.069144338361019519e+00 7.322209516186591050e-02 7.324154019799748727e-02
1.066858681965365374e+00 7.337960625918747704e-02 7.308496171857743751e-02
1.064565554325513919e+00 7.353711735650905745e-02 7.292787142292025959e-02
1.062264898174582362e+00 7.369462845383062399e-02 7.277026538796849131e-02
1.059956659484291963e+00 7.385213955115219053e-02 7.261213991252458977e-02
1.057640787421195938e+00 7.400965064847377095e-02 7.245349151425251044e-02
1.055317234303406515e+00 7.416716174579533749e-02 7.229431692671305087e-02
1.052985955557812714e+00 7.432467284311691791e-02 7.213461309643331987e-02
1.050646909677781293e+00 7.448218394043848445e-02 7.197437718000886109e-02
1.048300059953255259e+00 7.463969503776005099e-02 7.181360666262390224e-02
1.045945401543936004e+00 7.479720613508163141e-02 7.165230121269457186e-02
1.043582955410231605e+00 7.495471723240319795e-02 7.149046226610988874e-02
1.041212744935180234e+00 7.511222832972476449e-02 7.132809142472068542e-02
1.038834795194960803e+00 7.526973942704634490e-02 7.116519040636605509e-02
1.036449132931057004e+00 7.542725052436791144e-02 7.100176104296651580e-02
1.034055786522763976e+00 7.558476162168949186e-02 7.083780527864057264e-02
1.031654785959845277e+00 7.574227271901105840e-02 7.067332516783159102e-02
1.029246162815520504e+00 7.589978381633262494e-02 7.050832287345729088e-02
1.026829950219633192e+00 7.605729491365420536e-02 7.034280066507156426e-02
1.024406182832091394e+00 7.621480601097577190e-02 7.017676091704524999e-02
1.021974896816525646e+00 7.637231710829735232e-02 7.001020610676128575e-02
1.019536129814194281e+00 7.652982820561891886e-02 6.984313881282730452e-02
1.017089920918098800e+00 7.668733930294048540e-02 6.967556171330233084e-02
1.014636310647342388e+00 7.684485040026206581e-02 6.950747758394024145e-02
1.012175340921699362e+00 7.700236149758363235e-02 6.933888929644758947e-02
1.009707055036416445e+00 7.715987259490521277e-02 6.916979981675748512e-02
1.007231497637212536e+00 7.731738369222677931e-02 6.900021220331682692e-02
1.004748714695522516e+00 7.747489478954834585e-02 6.883012960539050540e-02
1.002258753483928677e+00 7.763240588686992627e-02 6.865955526137816622e-02
9.997616625518089828e-01 7.778991698419149281e-02 6.848849249714630827e-02
9.972574917011977069e-01 7.794742808151305935e-02 6.831694472437421783e-02
9.947462919628606848e-01 7.810493917883463977e-02 6.814491543891537662e-02
9.922281155725483082e-01 7.826245027615620631e-02 6.797240821917041598e-02
9.897030165795008827e-01 7.841996137347778673e-02 6.779942676777285515e-02
9.871710846106596104e-01 7.857747247079935327e-02 6.762597722460006455e-02
9.846324609290812990e-01 7.873498356812091981e-02 6.745206926685232141e-02
9.820872901788558762e-01 7.889249466544250022e-02 6.727771280334696180e-02
9.795357161038129590e-01 7.905000576276406676e-02 6.710291768122912670e-02
9.769778815454567278e-01 7.920751686008564718e-02 6.692769368583026401e-02
9.744139284410047175e-01 7.936502795740721372e-02 6.675205054053390263e-02
9.718439978215874797e-01 7.952253905472878026e-02 6.657599790665230666e-02
9.692682298105285144e-01 7.968005015205036068e-02 6.639954538330833378e-02
9.666867636217887361e-01 7.983756124937192722e-02 6.622270250732939512e-02
9.640997375584964280e-01 7.999507234669350764e-02 6.604547875314635552e-02
9.615072890116158622e-01 8.015258344401507418e-02 6.586788353270245366e-02
9.589095544587243891e-01 8.031009454133664072e-02 6.568992619536948019e-02
9.563066694629139830e-01 8.046760563865822113e-02 6.551161602787268501e-02
9.536987686717813828e-01 8.062511673597978767e-02 6.533296225422137449e-02
9.510859858165668923e-01 8.078262783330135421e-02 6.515397403565008350e-02
9.484684537113750036e-01 8.094013893062293463e-02 6.497466047056507654e-02
9.458463042525131481e-01 8.109765002794450117e-02 6.479503059449913394e-02
9.432196684179328106e-01 8.125516112526608159e-02 6.461509338007323522e-02
9.405886762667856615e-01 8.141267222258764813e-02 6.443485773696608354e-02
9.379534569390767240e-01 8.157018331990921467e-02 6.425433251189048567e-02
9.353141386554209014e-01 8.172769441723079509e-02 6.407352648857651822e-02
9.326708487168857697e-01 8.188520551455236163e-02 6.389244838776091118e-02
9.300237135049764792e-01 8.204271661187394205e-02 6.371110686718588212e-02
9.273728584816536280e-01 8.220022770919550859e-02 6.352951052160038525e-02
9.247184081895147845e-01 8.235773880651707513e-02 6.334766788277267080e-02
9.220604986490877897e-01 8.251524990383865554e-02 6.316558826876449151e-02
9.193993366864854355e-01 8.267276100116022208e-02 6.298328584816134668e-02
9.167351521984640206e-01 8.283027209848178862e-02 6.280077636999918667e-02
9.140681716898034770e-01 8.298778319580336904e-02 6.261807535094711386e-02
9.113986182660999136e-01 8.314529429312493558e-02 6.243519807481372891e-02
9.087267116631827513e-01 8.330280539044651600e-02 6.225215959456244924e-02
9.060526682766492090e-01 8.346031648776808254e-02 6.206897473433468232e-02
9.033767011914887179e-01 8.361782758508964908e-02 6.188565809147918845e-02
9.006990202118225763e-01 8.377533868241122950e-02 6.170222403858948573e-02
8.980198318907252064e-01 8.393284977973279604e-02 6.151868672554674372e-02
8.953393395600938165e-01 8.409036087705437645e-02 6.133506008156588279e-02
8.926577433606052159e-01 8.424787197437594299e-02 6.115135781724792552e-02
8.899752402717013844e-01 8.440538307169750953e-02 6.096759342663402720e-02
8.872920241416070164e-01 8.456289416901908995e-02 6.078378018926190729e-02
8.846082857174017988e-01 8.472040526634065649e-02 6.059993117222584741e-02
8.819242126750690414e-01 8.487791636366223691e-02 6.041605923223526686e-02
8.792399896495918243e-01 8.503542746098380345e-02 6.023217701767644150e-02
8.765557982650047375e-01 8.519293855830536999e-02 6.004829697067105843e-02
8.738718171644721533e-01 8.535044965562695041e-02 5.986443132913694259e-02
8.711882220403163180e-01 8.550796075294851695e-02 5.968059212884494619e-02
8.685051856640184642e-01 8.566547185027008349e-02 5.949679120547424205e-02
8.658228779162068234e-01 8.582298294759166390e-02 5.931304019666663874e-02
8.631414658165690312e-01 8.598049404491323044e-02 5.912935054407580937e-02
8.604611135537159061e-01 8.613800514223481086e-02 5.894573349541287061e-02
8.577819825149999300e-01 8.629551623955637740e-02 5.876220010648930403e-02
8.551042313162378061e-01 8.645302733687794394e-02 5.857876124325310518e-02
8.524280158492691939e-01 8.661053843419952436e-02 5.839542758504662201e-02
8.497535132276460290e-01 8.676804953152109090e-02 5.821221126500179116e-02
8.470809681328833607e-01 8.692556062884267132e-02 5.802912904498170460e-02
8.444106334167378325e-01 8.708307172616423786e-02 5.784619824655043430e-02
8.417427568179226549e-01 8.724058282348580440e-02 5.766343584100382114e-02
8.390775810249279099e-01 8.739809392080738482e-02 5.748085845367312263e-02
8.364153437388058832e-01 8.755560501812895136e-02 5.729848236822609325e-02
8.337562777358287214e-01 8.771311611545053177e-02 5.711632353095934256e-02
8.311006109300458355e-01 8.787062721277209831e-02 5.693439755508373362e-02
8.284485664356900925e-01 8.802813831009366485e-02 5.675271972499952577e-02
8.258003626294220245e-01 8.818564940741524527e-02 5.657130500056051919e-02
8.231562132124050635e-01 8.834316050473681181e-02 5.639016802132641032e-02
8.205163272721416323e-01 8.850067160205837835e-02 5.620932311079886168e-02
8.178809093441279376e-01 8.865818269937995877e-02 5.602878428064518579e-02
8.152501594732292078e-01 8.881569379670152531e-02 5.584856523490278057e-02
8.126242732748154562e-01 8.897320489402310573e-02 5.566867937416736245e-02
8.100034419956104736e-01 8.913071599134467227e-02 5.548913979976122235e-02
8.073878525742499424e-01 8.928822708866623881e-02 5.530995931788194875e-02
8.047776877015326846e-01 8.944573818598781922e-02 5.513115044372975115e-02
8.021731258803341813e-01 8.960324928330938576e-02 5.495272540561196850e-02
7.995743414852043429e-01 8.976076038063096618e-02 5.477469614902570616e-02
7.969815048215945774e-01 8.991827147795253272e-02 5.459707434071520149e-02
7.943947821847163748e-01 9.007578257527409926e-02 5.441987137270395958e-02
7.918143359180529472e-01 9.023329367259567968e-02 5.424309836630303305e-02
7.892403244714398802e-01 9.039080476991724622e-02 5.406676617608986019e-02
7.866729024587832964e-01 9.054831586723882664e-02 5.389088539386219928e-02
7.841122207153452539e-01 9.070582696456039318e-02 5.371546635256248953e-02
7.815584263546186961e-01 9.086333806188195972e-02 5.354051913017406766e-02
7.790116628247697461e-01 9.102084915920354014e-02 5.336605355358768621e-02
7.764720814502942270e-01 9.117836025652510668e-02 5.319207998926064190e-02
7.739398822913637899e-01 9.133587135384667322e-02 5.301861214227896607e-02
7.714152754421584879e-01 9.149338245116825363e-02 5.284566440510656687e-02
7.688984657361612740e-01 9.165089354848982017e-02 5.267325080982430963e-02
7.663896528282159171e-01 9.180840464581140059e-02 5.250138503375125637e-02
7.638890312774173630e-01 9.196591574313296713e-02 5.233008040512314440e-02
7.613967906294669685e-01 9.212342684045453367e-02 5.215934990873406785e-02
7.589131154984164462e-01 9.228093793777611409e-02 5.198920619153637318e-02
7.564381856478820110e-01 9.243844903509768063e-02 5.181966156820420888e-02
7.539721760715935028e-01 9.259596013241926105e-02 5.165072802665146567e-02
7.515152570733640847e-01 9.275347122974082759e-02 5.148241723351019289e-02
7.490675943463841469e-01 9.291098232706239413e-02 5.131474053956251030e-02
7.466293490518877141e-01 9.306849342438397454e-02 5.114770898512974173e-02
7.442006778971468339e-01 9.322600452170554108e-02 5.098133330541528702e-02
7.417817332127634167e-01 9.338351561902712150e-02 5.081562393579960868e-02
7.393726630292968283e-01 9.354102671634868804e-02 5.065059101708942885e-02
7.369736111531682843e-01 9.369853781367025458e-02 5.048624440071779879e-02
7.345847172418583648e-01 9.385604891099183500e-02 5.032259365389515904e-02
7.322061168783734475e-01 9.401356000831340154e-02 5.015964806471098769e-02
7.298379416449922719e-01 9.417107110563496808e-02 4.999741664718558576e-02
7.274803191962475601e-01 9.432858220295654850e-02 4.983590814626964044e-02
7.251333733311938756e-01 9.448609330027811504e-02 4.967513104279514674e-02
7.227972240648914415e-01 9.464360439759969545e-02 4.951509355837210857e-02
7.204719876991331207e-01 9.480111549492126199e-02 4.935580366023394755e-02
7.181577768924209959e-01 9.495862659224282853e-02 4.919726906603098804e-02
7.158547007291541364e-01 9.511613768956440895e-02 4.903949724857036008e-02
7.135628647880565278e-01 9.527364878688597549e-02 4.888249544050353446e-02
7.112823712098120810e-01 9.543115988420755591e-02 4.872627063895960259e-02
7.090133187639329204e-01 9.558867098152912245e-02 4.857082961012619549e-02
7.067558031408053276e-01 9.574618207885068899e-02 4.841617890925602880e-02
7.045099275632513702e-01 9.590369317617226941e-02 4.826232560760991552e-02
7.022758070566845756e-01 9.606120427349383595e-02 4.810927758498301926e-02
7.000535541038870324e-01 9.621871537081541637e-02 4.795704254698809899e-02
6.978432775393808019e-01 9.637622646813698291e-02 4.780562794931447063e-02
6.956450826228816053e-01 9.653373756545854945e-02 4.765504100275996802e-02
6.934590711119124062e-01 9.669124866278012986e-02 4.750528867820538736e-02
6.912853413335362518e-01 9.684875976010169640e-02 4.735637771152843845e-02
6.891239882552298024e-01 9.700627085742326294e-02 4.720831460845899968e-02
6.869751035548765650e-01 9.716378195474484336e-02 4.706110564937397711e-02
6.848387756899044776e-01 9.732129305206640990e-02 4.691475689403350191e-02
6.827150899655349825e-01 9.747880414938799032e-02 4.676927418625638488e-02
6.806041286021785597e-01 9.763631524670955686e-02 4.662466315853706217e-02
6.785059708019435254e-01 9.779382634403112340e-02 4.648092923660165215e-02
6.764206928142900699e-01 9.795133744135270382e-02 4.633807764390571876e-02
6.743483680008055536e-01 9.810884853867427036e-02 4.619611340607155531e-02
6.722890668991149399e-01 9.826635963599585077e-02 4.605504135526646003e-02
6.702428572859469025e-01 9.842387073331741731e-02 4.591486613452299553e-02
6.682098042392973225e-01 9.858138183063898385e-02 4.577559220199756140e-02
6.661899701997899825e-01 9.873889292796056427e-02 4.563722383517380965e-02
6.641834150311333174e-01 9.889640402528213081e-02 4.549976513500435249e-02
6.621901960797592634e-01 9.905391512260371123e-02 4.536322002999609859e-02
6.602103682336086798e-01 9.921142621992527777e-02 4.522759228023758710e-02
6.582439839800602321e-01 9.936893731724684431e-02 4.509288548136723002e-02
6.562910934630453719e-01 9.952644841456842473e-02 4.495910306848601573e-02
6.543517445393182141e-01 9.968395951188999127e-02 4.482624832001224496e-02
6.524259828339000755e-01 9.984147060921155781e-02 4.469432436147977722e-02
6.505138517947053334e-01 9.999898170653313823e-02 4.456333416928019014e-02
6.486153927463580438e-01 1.001564928038547048e-01 4.443328057434939304e-02
6.467306449431866611e-01 1.003140039011762852e-01 4.430416626579803535e-02
6.448596456214273909e-01 1.004715149984978517e-01 4.417599379448784030e-02
6.430024299485724848e-01 1.006290260958194183e-01 4.404876556956145023e-02
6.411590204560582151e-01 1.007865371931409987e-01 4.392248313453090552e-02
6.393294181050570568e-01 1.009440482904625652e-01 4.379714655524111211e-02
6.375136204994404920e-01 1.011015593877841456e-01 4.367275566754577620e-02
6.357116241378031329e-01 1.012590704851057122e-01 4.354931023158167824e-02
6.339234244469232893e-01 1.014165815824272787e-01 4.342680993406113077e-02
6.321490158146568783e-01 1.015740926797488591e-01 4.330525439052525238e-02
6.303883916222519090e-01 1.017316037770704257e-01 4.318464314755755123e-02
6.286415442760620031e-01 1.018891148743920061e-01 4.306497568495668699e-02
6.269084652387189038e-01 1.020466259717135726e-01 4.294625141787179745e-02
6.251891450597368838e-01 1.022041370690351392e-01 4.282846969889904376e-02
6.234835734055607093e-01 1.023616481663567196e-01 4.271162982014010956e-02
6.217917390890856932e-01 1.025191592636782861e-01 4.259573101522438204e-02
6.201136300986160865e-01 1.026766703609998527e-01 4.248077246129282336e-02
6.184492336263252010e-01 1.028341814583214331e-01 4.236675328094755694e-02
6.167985360961768526e-01 1.029916925556429996e-01 4.225367254416470542e-02
6.151615231913306614e-01 1.031492036529645800e-01 4.214152927017165290e-02
6.135381798810594089e-01 1.033067147502861466e-01 4.203032242929118090e-02
6.119284904471508080e-01 1.034642258476077131e-01 4.192005094474995919e-02
6.103324385098320981e-01 1.036217369449292935e-01 4.181071369445461816e-02
6.087500070532062546e-01 1.037792480422508601e-01 4.170230951273419528e-02
6.071811784502036957e-01 1.039367591395724405e-01 4.159483719204948998e-02
6.056259344870902339e-01 1.040942702368940070e-01 4.148829548467190820e-02
6.040842563874860849e-01 1.042517813342155736e-01 4.138268310432889618e-02
6.025561248359521116e-01 1.044092924315371540e-01 4.127799872781986318e-02
6.010415200011127723e-01 1.045668035288587205e-01 4.117424099659994924e-02
5.995404215583619578e-01 1.047243146261803010e-01 4.107140851833566975e-02
5.980528087121151914e-01 1.048818257235018675e-01 4.096949986842926550e-02
5.965786602176397224e-01 1.050393368208234340e-01 4.086851359151416618e-02
5.951179544024783885e-01 1.051968479181450145e-01 4.076844820292258031e-02
5.936706691874575892e-01 1.053543590154665810e-01 4.066930219012469816e-02
5.922367821072793692e-01 1.055118701127881475e-01 4.057107401413935499e-02
5.908162703307268115e-01 1.056693812101097280e-01 4.047376211091815307e-02
5.894091082514683055e-01 1.058268923074312945e-01 4.037736472630392565e-02
5.880152291109569385e-01 1.059844034047528749e-01 4.028187728701446146e-02
5.866345327405498855e-01 1.061419145020744415e-01 4.018729293101495903e-02
5.852669190426310619e-01 1.062994255993960080e-01 4.009360480113623865e-02
5.839122890265443511e-01 1.064569366967175884e-01 4.000080611604128755e-02
5.825705447958160477e-01 1.066144477940391549e-01 3.990889016934977968e-02
5.812415895355487194e-01 1.067719588913607354e-01 3.981785032877462049e-02
5.799253274999549568e-01 1.069294699886823019e-01 3.972768003526792185e-02
5.786216640001000666e-01 1.070869810860038684e-01 3.963837280218127784e-02
5.773305053917713314e-01 1.072444921833254489e-01 3.954992221443476286e-02
5.760517590635187979e-01 1.074020032806470154e-01 3.946232192769767722e-02
5.747853334248631541e-01 1.075595143779685958e-01 3.937556566758075582e-02
5.735311378946515992e-01 1.077170254752901624e-01 3.928964722883845906e-02
5.722890828895639270e-01 1.078745365726117289e-01 3.920456047458158871e-02
5.710590798127763712e-01 1.080320476699333093e-01 3.912029933550068700e-02
5.698410410427772188e-01 1.081895587672548759e-01 3.903685780909989245e-02
5.686348799223236439e-01 1.083470698645764424e-01 3.895422995894040619e-02
5.674405107475435361e-01 1.085045809618980228e-01 3.887240991389390860e-02
5.662578487571858776e-01 1.086620920592195894e-01 3.879139186740618306e-02
5.650868101220075657e-01 1.088196031565411698e-01 3.871117007677003785e-02
5.639273119343061191e-01 1.089771142538627363e-01 3.863173886240823390e-02
5.627792721975772849e-01 1.091346253511843029e-01 3.855309260716507924e-02
5.616426098163257441e-01 1.092921364485058833e-01 3.847522575560825137e-02
5.605172445859869512e-01 1.094496475458274498e-01 3.839813281333850914e-02
5.594030971830038501e-01 1.096071586431490302e-01 3.832180834630988242e-02
5.583000891550160549e-01 1.097646697404705968e-01 3.824624698015755692e-02
5.572081429111884754e-01 1.099221808377921633e-01 3.817144339953534860e-02
5.561271817126492989e-01 1.100796919351137437e-01 3.809739234746073455e-02
5.550571296630799623e-01 1.102372030324353103e-01 3.802408862466999384e-02
5.539979116994010466e-01 1.103947141297568907e-01 3.795152708898048149e-02
5.529494535825885126e-01 1.105522252270784572e-01 3.787970265466120146e-02
5.519116818886210529e-01 1.107097363244000238e-01 3.780861029181281641e-02
5.508845239995250331e-01 1.108672474217216042e-01 3.773824502575412465e-02
5.498679080945430009e-01 1.110247585190431707e-01 3.766860193641707877e-02
5.488617630200886000e-01 1.111822696163647373e-01 3.759967614943808545e-02
5.478659933698529771e-01 1.113397807136863177e-01 3.753146112902513293e-02
5.468804495512780139e-01 1.114972918110078842e-01 3.746394662736701742e-02
5.459049765666086351e-01 1.116548029083294646e-01 3.739712202637045235e-02
5.449394215097914662e-01 1.118123140056510312e-01 3.733097685123378667e-02
5.439836335302445924e-01 1.119698251029725977e-01 3.726550076796513594e-02
5.430374637973771623e-01 1.121273362002941781e-01 3.720068358095166006e-02
5.421007654658487329e-01 1.122848472976157447e-01 3.713651523057979326e-02
5.411733936415645818e-01 1.124423583949373251e-01 3.707298579090571172e-02
5.402552053483695715e-01 1.125998694922588916e-01 3.701008546737366567e-02
5.393460594954369025e-01 1.127573805895804582e-01 3.694780459458196775e-02
5.384458168453450932e-01 1.129148916869020386e-01 3.688613363409621454e-02
5.375543399827927837e-01 1.130724027842236051e-01 3.682506317230588300e-02
5.366714932839893315e-01 1.132299138815451855e-01 3.676458391832769512e-02
5.357971428866507013e-01 1.133874249788667521e-01 3.670468670194999145e-02
5.349311566606412827e-01 1.135449360761883186e-01 3.664536247162163141e-02
5.340734041791858067e-01 1.137024471735098990e-01 3.658660229247991807e-02
5.332237566907088722e-01 1.138599582708314656e-01 3.652839734442134279e-02
5.323820870912194803e-01 1.140174693681530321e-01 3.647073892020994551e-02
5.315482698972827658e-01 1.141749804654746125e-01 3.641361842362562246e-02
5.307221812195341837e-01 1.143324915627961791e-01 3.635702736764979265e-02
5.299036987367322649e-01 1.144900026601177595e-01 3.630095737268784761e-02
5.290927016703452779e-01 1.146475137574393260e-01 3.624540016482824534e-02
5.282890707596462621e-01 1.148050248547608926e-01 3.619034757413636810e-02
5.274926882373262016e-01 1.149625359520824730e-01 3.613579153298397684e-02
5.267034378055799326e-01 1.151200470494040395e-01 3.608172407441084112e-02
5.259212046126959805e-01 1.152775581467256200e-01 3.602813733052118161e-02
5.251458752301086941e-01 1.154350692440471865e-01 3.597502353091159427e-02
5.243773376299134537e-01 1.155925803413687530e-01 3.592237500113059506e-02
5.236154811628317418e-01 1.157500914386903335e-01 3.587018416116936198e-02
5.228601965366216353e-01 1.159076025360119000e-01 3.581844352398252940e-02
5.221113757949250589e-01 1.160651136333334804e-01 3.576714569403924987e-02
5.213689122965252665e-01 1.162226247306550470e-01 3.571628336590218500e-02
5.206327006950330905e-01 1.163801358279766135e-01 3.566584932283595882e-02
5.199026369189697627e-01 1.165376469252981939e-01 3.561583643544263128e-02
5.191786181522420884e-01 1.166951580226197605e-01 3.556623766032433048e-02
5.184605428109057002e-01 1.168526691199413270e-01 3.551704603849120678e-02
5.177482981209474699e-01 1.170101802172629074e-01 3.546825384437982814e-02
5.170417330411704038e-01 1.171676913145844739e-01 3.541985073094024161e-02
5.163406905125591528e-01 1.173252024119060544e-01 3.537182593887286397e-02
5.156450154327938407e-01 1.174827135092276209e-01 3.532416884292128439e-02
5.149545546260370088e-01 1.176402246065491874e-01 3.527686894980230220e-02
5.142691568134778457e-01 1.177977357038707679e-01 3.522991589618830466e-02
5.135886725846098289e-01 1.179552468011923344e-01 3.518329944673945220e-02
5.129129543692243498e-01 1.181127578985139148e-01 3.513700949218519914e-02
5.122418564101149929e-01 1.182702689958354814e-01 3.509103604745438670e-02
5.115752347364488362e-01 1.184277800931570479e-01 3.504536924985104246e-02
5.109129471378202059e-01 1.185852911904786283e-01 3.499999935727699657e-02
5.102548531389476949e-01 1.187428022878001949e-01 3.495491674649839342e-02
5.096008139750056731e-01 1.189003133851217753e-01 3.491011191145584197e-02
5.089506925675718607e-01 1.190578244824433418e-01 3.486557546161678234e-02
5.083043535011910752e-01 1.192153355797649084e-01 3.482129812036981881e-02
5.076616630005108544e-01 1.193728466770864888e-01 3.477727072345856985e-02
5.070224889080098274e-01 1.195303577744080553e-01 3.473348421745584003e-02
5.063867006622752021e-01 1.196878688717296219e-01 3.468992965827556729e-02
5.057541692768250385e-01 1.198453799690512023e-01 3.464659820972208759e-02
5.051247673194784182e-01 1.200028910663727688e-01 3.460348114207679321e-02
5.044983688922316523e-01 1.201604021636943492e-01 3.456056983071964517e-02
5.038748496116508546e-01 1.203179132610159158e-01 3.451785575478587970e-02
5.032540865897567883e-01 1.204754243583374823e-01 3.447533049585668752e-02
5.026359584154000970e-01 1.206329354556590627e-01 3.443298573668314433e-02
5.020203451360889524e-01 1.207904465529806293e-01 3.439081325994140792e-02
5.014071282403032015e-01 1.209479576503022097e-01 3.434880494702115955e-02
5.007961906402368379e-01 1.211054687476237762e-01 3.430695277684334132e-02
5.001874166549900025e-01 1.212629798449453428e-01 3.426524882470877859e-02
4.995806919941739310e-01 1.214204909422669232e-01 3.422368526117497423e-02
4.989759037419530530e-01 1.215780020395884897e-01 3.418225435096296227e-02
4.983729403414688397e-01 1.217355131369100563e-01 3.414094845189026561e-02
4.977716915796858155e-01 1.218930242342316367e-01 3.409976001383274724e-02
4.971720485725948380e-01 1.220505353315532032e-01 3.405868157771100441e-02
4.965739037508166698e-01 1.222080464288747836e-01 3.401770577450404648e-02
4.959771508455616540e-01 1.223655575261963502e-01 3.397682532428766139e-02
4.953816848749479362e-01 1.225230686235179167e-01 3.393603303529691556e-02
4.947874021306667425e-01 1.226805797208394971e-01 3.389532180301281505e-02
4.941942001630788561e-01 1.228380908181610637e-01 3.385468460914128203e-02
4.936019750149511776e-01 1.229956019154826441e-01 3.381411433211083811e-02
4.930106157662367261e-01 1.231531130128042106e-01 3.377360337336360319e-02
4.924200113259231126e-01 1.233106241101257772e-01 3.373314412262981565e-02
4.918300519691272132e-01 1.234681352074473576e-01 3.369272906322616501e-02
4.912406293242935207e-01 1.236256463047689241e-01 3.365235077117872953e-02
4.906516363607330566e-01 1.237831574020905046e-01 3.361200191436947149e-02
4.900629673765272698e-01 1.239406684994120711e-01 3.357167525170751121e-02
4.894745179867485696e-01 1.240981795967336376e-01 3.353136363232221001e-02
4.888861851120160917e-01 1.242556906940552180e-01 3.349105999477915152e-02
4.882978669673659899e-01 1.244132017913767846e-01 3.345075736631772378e-02
4.877094630514277052e-01 1.245707128886983511e-01 3.341044886210964987e-02
4.871208741359071004e-01 1.247282239860199315e-01 3.337012768453855721e-02
4.865320022553526469e-01 1.248857350833414981e-01 3.332978712249880932e-02
4.859427506972156530e-01 1.250432461806630924e-01 3.328942055071470313e-02
4.853530239921697298e-01 1.252007572779846589e-01 3.324902142907723568e-02
4.847627279047226345e-01 1.253582683753062255e-01 3.320858330200101433e-02
4.841717694240605385e-01 1.255157794726277920e-01 3.316809979779695994e-02
4.835800567551652995e-01 1.256732905699493585e-01 3.312756462806394631e-02
4.829874993101674896e-01 1.258308016672709251e-01 3.308697158709630187e-02
4.823940076999465587e-01 1.259883127645924916e-01 3.304631455130838807e-02
4.817994937259473254e-01 1.261458238619140859e-01 3.300558747867414489e-02
4.812038703722364419e-01 1.263033349592356525e-01 3.296478440818268602e-02
4.806070517977664713e-01 1.264608460565572190e-01 3.292389945930856293e-02
4.800089533288553478e-01 1.266183571538787855e-01 3.288292683149642709e-02
4.794094914518701733e-01 1.267758682512003521e-01 3.284186080365992383e-02
4.788085838061047483e-01 1.269333793485219464e-01 3.280069573369370772e-02
4.782061491768584971e-01 1.270908904458435129e-01 3.275942605799936347e-02
4.776021074886900863e-01 1.272484015431650795e-01 3.271804629102320616e-02
4.769963797988542309e-01 1.274059126404866460e-01 3.267655102480671037e-02
4.763888882909262379e-01 1.275634237378082125e-01 3.263493492854972061e-02
4.757795562685695478e-01 1.277209348351298068e-01 3.259319274818352208e-02
4.751683081494858518e-01 1.278784459324513734e-01 3.255131930595638046e-02
4.745550694595179753e-01 1.280359570297729399e-01 3.250930950002961506e-02
4.739397668268982011e-01 1.281934681270945064e-01 3.246715830408348352e-02
4.733223279766471947e-01 1.283509792244160730e-01 3.242486076693356506e-02
4.727026817251223645e-01 1.285084903217376673e-01 3.238241201215721898e-02
4.720807579746840732e-01 1.286660014190592338e-01 3.233980723772830052e-02
4.714564877085088979e-01 1.288235125163808004e-01 3.229704171566177145e-02
4.708298029855219058e-01 1.289810236137023669e-01 3.225411079166653344e-02
4.702006369633035532e-01 1.291385347110239334e-01 3.221100988671466575e-02
4.695689320862089233e-01 1.292960458083455277e-01 3.216773505796712007e-02
4.689346513418919948e-01 1.294535569056670943e-01 3.212428376989975853e-02
4.682977612767129094e-01 1.296110680029886608e-01 3.208065373077705063e-02
4.676582291006000647e-01 1.297685791003102274e-01 3.203684269432102022e-02
4.670160226839105699e-01 1.299260901976317939e-01 3.199284845949629946e-02
4.663711105543295043e-01 1.300836012949533882e-01 3.194866887029761821e-02
4.657234618937972082e-01 1.302411123922749547e-01 3.190430181553936123e-02
4.650730465354593890e-01 1.303986234895965213e-01 3.185974522864658959e-02
4.644198349606508125e-01 1.305561345869180878e-01 3.181499708744848359e-02
4.637637982958956462e-01 1.307136456842396544e-01 3.177005541397276422e-02
4.631049083099345043e-01 1.308711567815612486e-01 3.172491827424211985e-02
4.624431374107794701e-01 1.310286678788828152e-01 3.167958377807237463e-02
4.617784586427737259e-01 1.311861789762043817e-01 3.163405007887113568e-02
4.611108456836898739e-01 1.313436900735259483e-01 3.158831537343893131e-02
4.604402728418321988e-01 1.315012011708475148e-01 3.154237790177080031e-02
4.597667150531566937e-01 1.316587122681690813e-01 3.149623594685891509e-02
4.590901478784193412e-01 1.318162233654906756e-01 3.144988783449727959e-02
4.584105475003220076e-01 1.319737344628122422e-01 3.140333193308614962e-02
4.577278907206834280e-01 1.321312455601338087e-01 3.135656665343833360e-02
4.570421549576108022e-01 1.322887566574553753e-01 3.130959044858531298e-02
4.563533182426999235e-01 1.324462677547769418e-01 3.126240181358553444e-02
4.556613592182282568e-01 1.326037788520985361e-01 3.121499928533205681e-02
4.549662571343647821e-01 1.327612899494201026e-01 3.116738144236144356e-02
4.542679918463898847e-01 1.329188010467416692e-01 3.111954690466330400e-02
4.535665438119103610e-01 1.330763121440632357e-01 3.107149433348952924e-02
4.528618940881011246e-01 1.332338232413848023e-01 3.102322243116527323e-02
4.521540243289296490e-01 1.333913343387063966e-01 3.097472994089891032e-02
4.514429167823992839e-01 1.335488454360279631e-01 3.092601564659311006e-02
4.507285542877881301e-01 1.337063565333495296e-01 3.087707837265571409e-02
4.500109202728968527e-01 1.338638676306710962e-01 3.082791698381116136e-02
4.492899987512936621e-01 1.340213787279926627e-01 3.077853038491185078e-02
4.485657743195536340e-01 1.341788898253142570e-01 3.072891752074892457e-02
4.478382321545191780e-01 1.343364009226358236e-01 3.067907737586466482e-02
4.471073580105283662e-01 1.344939120199573901e-01 3.062900897436253433e-02
4.463731382166696293e-01 1.346514231172789566e-01 3.057871137971923670e-02
4.456355596740183556e-01 1.348089342146005232e-01 3.052818369459527059e-02
4.448946098528794302e-01 1.349664453119221175e-01 3.047742506064614679e-02
4.441502767900150084e-01 1.351239564092436840e-01 3.042643465833240815e-02
4.434025490858805041e-01 1.352814675065652505e-01 3.037521170673030541e-02
4.426514159018392069e-01 1.354389786038868171e-01 3.032375546334098795e-02
4.418968669573947183e-01 1.355964897012083836e-01 3.027206522390091942e-02
4.411388926123911425e-01 1.357540007985299779e-01 3.022014032801292188e-02
4.403774995910874068e-01 1.359115118958515445e-01 3.016798123632116052e-02
4.396127291096812995e-01 1.360690229931731110e-01 3.011559077233385076e-02
4.388446266921138261e-01 1.362265340904946775e-01 3.006297205466033906e-02
4.380732376501773606e-01 1.363840451878162441e-01 3.001012818737680901e-02
4.372986070824267379e-01 1.365415562851378384e-01 2.995706225995164312e-02
4.365207798731028932e-01 1.366990673824594049e-01 2.990377734717164504e-02
4.357398006911046284e-01 1.368565784797809715e-01 2.985027650907170690e-02
4.349557139889863588e-01 1.370140895771025380e-01 2.979656279086603451e-02
4.341685640019967152e-01 1.371716006744241045e-01 2.974263922288238396e-02
4.333783947471502862e-01 1.373291117717456711e-01 2.968850882049837991e-02
4.325852500223245634e-01 1.374866228690672654e-01 2.963417458407973867e-02
4.317891734053985742e-01 1.376441339663888319e-01 2.957963949892121816e-02
4.309902082534229906e-01 1.378016450637103985e-01 2.952490653518975022e-02
4.301883977018128302e-01 1.379591561610319650e-01 2.946997864786916888e-02
4.293837846635885080e-01 1.381166672583535315e-01 2.941485877670820329e-02
4.285764118286327085e-01 1.382741783556751258e-01 2.935954984616956365e-02
4.277663216629848941e-01 1.384316894529966924e-01 2.930405476538163259e-02
4.269535564081691215e-01 1.385892005503182589e-01 2.924837642809241869e-02
4.261381580805435609e-01 1.387467116476398254e-01 2.919251771262493592e-02
4.253201684706910957e-01 1.389042227449613920e-01 2.913648148183556677e-02
4.244996291428284607e-01 1.390617338422829863e-01 2.908027058307346632e-02
4.236765814342509096e-01 1.392192449396045528e-01 2.902388784814259257e-02
4.228510664548052467e-01 1.393767560369261194e-01 2.896733609326559641e-02
4.220231250863893946e-01 1.395342671342476859e-01 2.891061811904952622e-02
4.211927979824789947e-01 1.396917782315692524e-01 2.885373671045339886e-02
4.203601255676862047e-01 1.398492893288908467e-01 2.879669463675800511e-02
4.195251480373385355e-01 1.400068004262124133e-01 2.873949465153698840e-02
4.186879053570946585e-01 1.401643115235339798e-01 2.868213949263060877e-02
4.178484372625754228e-01 1.403218226208555464e-01 2.862463188212038823e-02
4.170067832590295676e-01 1.404793337181771129e-01 2.856697452630629214e-02
4.161629826210220817e-01 1.406368448154987072e-01 2.850917011568531237e-02
4.153170743921492103e-01 1.407943559128202737e-01 2.845122132493195163e-02
4.144690973847779958e-01 1.409518670101418403e-01 2.839313081288046339e-02
4.136190901798029729e-01 1.411093781074634068e-01 2.833490122250802504e-02
4.127670911264486042e-01 1.412668892047849734e-01 2.827653518092138399e-02
4.119131383420718273e-01 1.414244003021065677e-01 2.821803529934317767e-02
4.110572697120013497e-01 1.415819113994281342e-01 2.815940417310103597e-02
4.101995228893991485e-01 1.417394224967497007e-01 2.810064438161803679e-02
4.093399352951450076e-01 1.418969335940712673e-01 2.804175848840479920e-02
4.084785441177345433e-01 1.420544446913928338e-01 2.798274904105252023e-02
4.076153863132195299e-01 1.422119557887144281e-01 2.792361857122884275e-02
4.067504986051521665e-01 1.423694668860359946e-01 2.786436959467412239e-02
4.058839174845545461e-01 1.425269779833575612e-01 2.780500461119923133e-02
4.050156792178803422e-01 1.426844890806791277e-01 2.774552610523104562e-02
4.041458314426257803e-01 1.428420001780006943e-01 2.768593734016765173e-02
4.032744560896237007e-01 1.429995112753222608e-01 2.762624392866600345e-02
4.024016406126588175e-01 1.431570223726438551e-01 2.756645186173184783e-02
4.015274714331948935e-01 1.433145334699654216e-01 2.750656705965197693e-02
4.006520339447304235e-01 1.434720445672869882e-01 2.744659537229263840e-02
3.997754125173011985e-01 1.436295556646085547e-01 2.738654257940789996e-02
3.988976905021278108e-01 1.437870667619301213e-01 2.732641439095811683e-02
3.980189502363928322e-01 1.439445778592517156e-01 2.726621644743713532e-02
3.971392730481561606e-01 1.441020889565732821e-01 2.720595432020905119e-02
3.962587392613986514e-01 1.442596000538948486e-01 2.714563351185368678e-02
3.953774282011747188e-01 1.444171111512164152e-01 2.708525945651960726e-02
3.944954181989054343e-01 1.445746222485379817e-01 2.702483752028668820e-02
3.936127865977686047e-01 1.447321333458595760e-01 2.696437300153536887e-02
3.927296097582042567e-01 1.448896444431811426e-01 2.690387113132385738e-02
3.918459630635303115e-01 1.450471555405027091e-01 2.684333707377275016e-02
3.909619209256522399e-01 1.452046666378242756e-01 2.678277592645621902e-02
3.900775567908805197e-01 1.453621777351458422e-01 2.672219272080052221e-02
3.891929431458305277e-01 1.455196888324674365e-01 2.666159242248817424e-02
3.883081515234257375e-01 1.456771999297890030e-01 2.660097993186922444e-02
3.874232525089715273e-01 1.458347110271105695e-01 2.654036008437728536e-02
3.865383157463326835e-01 1.459922221244321361e-01 2.647973765095276016e-02
3.856534099441694119e-01 1.461497332217537026e-01 2.641911733847003563e-02
3.847686028822606685e-01 1.463072443190752969e-01 2.635850379017064954e-02
3.838839614178978787e-01 1.464647554163968635e-01 2.629790158610130144e-02
3.829995514923450473e-01 1.466222665137184300e-01 2.623731524355640138e-02
3.821154381373684239e-01 1.467797776110399965e-01 2.617674921752537187e-02
3.812316854818227907e-01 1.469372887083615631e-01 2.611620790114383209e-02
3.803483567582995883e-01 1.470947998056831574e-01 2.605569562614910503e-02
3.794655143098316086e-01 1.472523109030047239e-01 2.599521666333936415e-02
3.785832195966511993e-01 1.474098220003262905e-01 2.593477522303679408e-02
3.777015332029928230e-01 1.475673330976478570e-01 2.587437545555342985e-02
3.768205148439492946e-01 1.477248441949694235e-01 2.581402145166095813e-02
3.759402233723642128e-01 1.478823552922910178e-01 2.575371724306280835e-02
3.750607167857734625e-01 1.480398663896125844e-01 2.569346680286972717e-02
3.741820522333804133e-01 1.481973774869341509e-01 2.563327404607758722e-02
3.733042860230625926e-01 1.483548885842557175e-01 2.557314283004741284e-02
3.724274736284234333e-01 1.485123996815772840e-01 2.551307695498837569e-02
3.715516696958584553e-01 1.486699107788988505e-01 2.545308016444197338e-02
3.706769280516598597e-01 1.488274218762204448e-01 2.539315614576864027e-02
3.698033017091496011e-01 1.489849329735420114e-01 2.533330853063644680e-02
3.689308428758187874e-01 1.491424440708635779e-01 2.527354089551015620e-02
3.680596029605067154e-01 1.492999551681851444e-01 2.521385676214305677e-02
3.671896325805807382e-01 1.494574662655067110e-01 2.515425959806874209e-02
3.663209815691508275e-01 1.496149773628283053e-01 2.509475281709546562e-02
3.654536989822783632e-01 1.497724884601498718e-01 2.503533977979984296e-02
3.645878331062096800e-01 1.499299995574714384e-01 2.497602379402248662e-02
3.637234330773980173e-01 1.500875106547930049e-01 2.491680822584728047e-02
3.628605625029438508e-01 1.502450217521145714e-01 2.485769743266715015e-02
3.619992923686441433e-01 1.504025328494361657e-01 2.479869627735135224e-02
3.611396926122177886e-01 1.505600439467577323e-01 2.473980955097070458e-02
3.602818320452311762e-01 1.507175550440792988e-01 2.468104196744914935e-02
3.594257783644436155e-01 1.508750661414008654e-01 2.462239816434098894e-02
3.585715981631953375e-01 1.510325772387224319e-01 2.456388270361099802e-02
3.577193569428197550e-01 1.511900883360440262e-01 2.450550007241621489e-02
3.568691191241067928e-01 1.513475994333655927e-01 2.444725468389123690e-02
3.560209480587754327e-01 1.515051105306871593e-01 2.438915087793414385e-02
3.551749060409745140e-01 1.516626216280087258e-01 2.433119292199438857e-02
3.543310543188156192e-01 1.518201327253302924e-01 2.427338501186282124e-02
3.534894531058982436e-01 1.519776438226518867e-01 2.421573127246121754e-02
3.526501615928669398e-01 1.521351549199734532e-01 2.415823575863400297e-02
3.518132379589679615e-01 1.522926660172950197e-01 2.410090245593997371e-02
3.509787393836056868e-01 1.524501771146165863e-01 2.404373528144390301e-02
3.501467220579109196e-01 1.526076882119381528e-01 2.398673808450908773e-02
3.493172411962961466e-01 1.527651993092597471e-01 2.392991464758889922e-02
3.484903510480147903e-01 1.529227104065813136e-01 2.387326868701868110e-02
3.476661049086982591e-01 1.530802215039028802e-01 2.381680385380603726e-02
3.468445551318976583e-01 1.532377326012244467e-01 2.376052373442156043e-02
3.460257531405934173e-01 1.533952436985460133e-01 2.370443185158724667e-02
3.452097494387041388e-01 1.535527547958676076e-01 2.364853166506495491e-02
3.443965936225596436e-01 1.537102658931891741e-01 2.359282657244230960e-02
3.435863343923561963e-01 1.538677769905107406e-01 2.353731990991746181e-02
3.427790195635925796e-01 1.540252880878323072e-01 2.348201495308256323e-02
3.419746960784648682e-01 1.541827991851538737e-01 2.342691491770429457e-02
3.411734100172412743e-01 1.543403102824754403e-01 2.337202296050311032e-02
3.403752066095986351e-01 1.544978213797970346e-01 2.331734217992987787e-02
3.395801302459196536e-01 1.546553324771186011e-01 2.326287561693975506e-02
3.387882244885616068e-01 1.548128435744401676e-01 2.320862625576418370e-02
3.379995320830795347e-01 1.549703546717617342e-01 2.315459702467970171e-02
3.372140949694045764e-01 1.551278657690833007e-01 2.310079079677374372e-02
3.364319542929848361e-01 1.552853768664048950e-01 2.304721039070779798e-02
3.356531504158754009e-01 1.554428879637264616e-01 2.299385857147718398e-02
3.348777229277858369e-01 1.556003990610480281e-01 2.294073805116782216e-02
3.341057106570725632e-01 1.557579101583695946e-01 2.288785148970928079e-02
3.333371516816850400e-01 1.559154212556911612e-01 2.283520149562459634e-02
3.325720833400551690e-01 1.560729323530127555e-01 2.278279062677633290e-02
3.318105422419368455e-01 1.562304434503343220e-01 2.273062139110908556e-02
3.310525642791856127e-01 1.563879545476558885e-01 2.267869624738794165e-02
3.302981846364893559e-01 1.565454656449774551e-01 2.262701760593361505e-02
3.295474378020239459e-01 1.567029767422990216e-01 2.257558782935235875e-02
3.288003575780756305e-01 1.568604878396206159e-01 2.252440923326372302e-02
3.280569770915729433e-01 1.570179989369421825e-01 2.247348408702195058e-02
3.273173288045808094e-01 1.571755100342637490e-01 2.242281461443495702e-02
3.265814445247164910e-01 1.573330211315853155e-01 2.237240299447785380e-02
3.258493554155109662e-01 1.574905322289068821e-01 2.232225136200267565e-02
3.251210920067002519e-01 1.576480433262284764e-01 2.227236180844351099e-02
3.243966818147881459e-01 1.578055544235500429e-01 2.222273621881348457e-02
3.236761416025842331e-01 1.579630655208716095e-01 2.217337574144584433e-02
3.229594850073051471e-01 1.581205766181931760e-01 2.212428131055567057e-02
3.229594850073051471e-01 1.581205766181931760e-01 2.212428131055566710e-02
2.526732692722079565e-01 1.826842454521749870e-01 1.789058015038324373e-02
2.154407648823767896e-01 2.073525430377324841e-01 1.116767970685625215e-02
1.721109000710719927e-01 2.322407203492417860e-01 1.021707171906117984e-02
1.500931212186108754e-01 2.568837818198746459e-01 9.772747566771804867e-03
1.274558285927631096e-01 2.811184729179193598e-01 6.409948204964931694e-03
1.124167530772576945e-01 3.057758170190760794e-01 4.891060936046844228e-03
9.849848886718221008e-02 3.308749588216616799e-01 4.220577569817705703e-03
8.634474466365700540e-02 3.553458836143503774e-01 3.421301632558377062e-03
7.835323291994350514e-02 3.797183506574301481e-01 3.696515137314543026e-03
6.931381639942164885e-02 4.042043120935024936e-01 1.978025996260353303e-03
6.323824674428953074e-02 4.287407985369371399e-01 1.606526018495305162e-03
5.780064035071819095e-02 4.533371424922238990e-01 1.482542511933017566e-03
5.231566028511699940e-02 4.779959634912051558e-01 1.993226747053766790e-03
4.791269416579995583e-02 5.026629933946460405e-01 1.405805586292099276e-03
4.466858078636318230e-02 5.271487506500315279e-01 1.567571342140023369e-03
4.155016374667273860e-02 5.515427964227138657e-01 1.112331052300226256e-03
3.890811070496315999e-02 5.762240530263548210e-01 9.239415878623101095e-04
3.650463826550657404e-02 6.007285446297923048e-01 8.774419406144336360e-04
3.404262558292010798e-02 6.252568531449649303e-01 1.218752329704268474e-03
3.271760371966877384e-02 6.499965502683907603e-01 1.179582378185043377e-03
3.122237861291149094e-02 6.746857991314229031e-01 9.486081219378470625e-04
3.022163525264336126e-02 6.991270364754236244e-01 7.496630459752128082e-04
2.942808831082319512e-02 7.235756604093172006e-01 6.691200695880402359e-04
2.921938871513738226e-02 7.479714013051395050e-01 8.583557973281208354e-04
2.907903115958741097e-02 7.726132299420060967e-01 7.347214946259053667e-04
2.890781354461277597e-02 7.972349387995918413e-01 7.247555096118406780e-04
2.797604233824126443e-02 8.217736356692634248e-01 8.038837628197489102e-04
2.719139906348014279e-02 8.463200505719705724e-01 7.003368803891239867e-04
2.650227948190467253e-02 8.708218859006343626e-01 5.755038479133392547e-04
2.615595859572710305e-02 8.954790463233904818e-01 6.511700692615297404e-04
2.581131042417975432e-02 9.199626960429320155e-01 7.075391857389370107e-04
2.598194139278815068e-02 9.443606208269833546e-01 7.372853501150454210e-04
2.612574998256053660e-02 9.688687146412832130e-01 8.143091283603558043e-04
2.606131380835450401e-02 9.930926048855095445e-01 9.566924938169105207e-04
2.666311627576167451e-02 1.017620455362175491e+00 7.665315239592915188e-04
2.763864303092758781e-02 1.042409919186157552e+00 9.188625475162192106e-04
2.908117396705640900e-02 1.066789561870425063e+00 9.401641483257801041e-04
2.993841071780376645e-02 1.090909765172895618e+00 1.100161839069012512e-03
2.971271516558098361e-02 1.115651582439790346e+00 1.685253468362245526e-03
3.059349296250300776e-02 1.140641543091339027e+00 1.024613862470800680e-03
3.116865981676898364e-02 1.164692026865203012e+00 1.826397353958465405e-03
3.217414182596187167e-02 1.188605021497627590e+00 1.636643828771232106e-03
3.462034771821043133e-02 1.214006438167991364e+00 1.643982948266768706e-03
3.729898361379638955e-02 1.240498485730926914e+00 2.355766917213498318e-03
4.266647339823096546e-02 1.264816150349954427e+00 4.862146089246394479e-03
4.610913552353602257e-02 1.284554513240047102e+00 6.078444728677427113e-03
4.926575820922676069e-02 1.309527810458392949e+00 8.521281964329852424e-03
7.254881882874895938e-02 1.335814856768205550e+00 1.517102876750386041e-02
6.720767766903835982e-02 1.360349523175663267e+00 8.138039477847822112e-02
