1.792920038449060982e+01 7.669903939428205850e-04 1.216023111646735488e+00
2.136984508620641776e+01 9.245014912643925459e-04 1.449380059336970339e+00
2.474696518980577409e+01 1.082012588585964507e-03 1.678428539398358454e+00
2.806076467450327527e+01 1.239523685907536251e-03 1.903182386437794804e+00
3.131119715011467619e+01 1.397034783229108429e-03 2.123638454105470252e+00
3.449810218226136271e+01 1.554545880550680173e-03 2.339785861162506642e+00
3.762139306899953084e+01 1.712056977872252134e-03 2.551618727169996603e+00
4.068105644146830002e+01 1.869568075193824095e-03 2.759136145403521034e+00
4.367725825172388454e+01 2.027079172515396273e-03 2.962349371330780912e+00
4.661016420561782070e+01 2.184590269836968017e-03 3.161269643720978628e+00
4.948020741065790418e+01 2.342101367158539761e-03 3.355926337489231859e+00
5.228782704714454610e+01 2.499612464480111939e-03 3.546349239429370304e+00
5.503353518068620076e+01 2.657123561801683683e-03 3.732573079680008732e+00
5.771802328623129341e+01 2.814634659123255861e-03 3.914644756569037209e+00
6.034201780283196115e+01 2.972145756444827605e-03 4.092613539816107426e+00
6.290623567302477426e+01 3.129656853766399783e-03 4.266528055052900115e+00
6.541149439784591380e+01 3.287167951087971527e-03 4.436443748151654098e+00
6.785869404183488030e+01 3.444679048409543271e-03 4.602421664739527074e+00
7.024873719367461433e+01 3.602190145731115449e-03 4.764523021640207467e+00
7.258250145240302231e+01 3.759701243052687193e-03 4.922807340789416841e+00
7.486090920979111729e+01 3.917212340374259805e-03 5.077337182127783954e+00
7.708492099098010897e+01 4.074723437695831549e-03 5.228177691938802774e+00
7.925552345681740007e+01 4.232234535017403293e-03 5.375395789123927237e+00
8.137367892969903949e+01 4.389745632338975037e-03 5.519056741862969240e+00
8.344031729549759291e+01 4.547256729660546781e-03 5.659223618373578013e+00
8.545638160173531617e+01 4.704767826982118525e-03 5.795960379544020213e+00
8.742282525236137758e+01 4.862278924303691137e-03 5.929331688672832890e+00
8.934060712999894349e+01 5.019790021625262881e-03 6.059402580641995328e+00
9.121068690144802815e+01 5.177301118946834625e-03 6.186238143519204868e+00
9.303399174823883300e+01 5.334812216268406369e-03 6.309901262103850605e+00
9.481140386361282424e+01 5.492323313589978981e-03 6.430451769927127970e+00
9.654380202287765655e+01 5.649834410911550725e-03 6.547949268703628256e+00
9.823206268075712444e+01 5.807345508233122469e-03 6.662453202757555815e+00
9.987705779918334770e+01 5.964856605554694213e-03 6.774022711695762311e+00
1.014796530145594460e+02 6.122367702876265957e-03 6.882716506104885390e+00
1.030407060964679147e+02 6.279878800197838569e-03 6.988592763015380349e+00
1.045610568972295908e+02 6.437389897519410313e-03 7.091708444244315679e+00
1.060414857556804407e+02 6.594900994840982057e-03 7.192116475189314073e+00
1.074827492818297401e+02 6.752412092162553801e-03 7.289868171873297165e+00
1.088855985161818012e+02 6.909923189484126413e-03 7.385014472575231359e+00
1.102507779125162699e+02 7.067434286805698157e-03 7.477605868838653969e+00
1.115790244473364226e+02 7.224945384127269901e-03 7.567692345071201032e+00
1.128710668634328584e+02 7.382456481448841645e-03 7.655323327240391329e+00
1.141276250311215108e+02 7.539967578770413389e-03 7.740547639550474202e+00
1.153494094128381846e+02 7.697478676091986001e-03 7.823413468129291282e+00
1.165371163603262374e+02 7.854989773413558612e-03 7.903968042066576771e+00
1.176913842571486128e+02 8.012500870735128622e-03 7.982254658840746586e+00
1.188128148728374924e+02 8.170011968056702101e-03 8.058314132634432525e+00
1.199020049706113582e+02 8.327523065378272110e-03 8.132186938083998839e+00
1.209595462603187173e+02 8.485034162699845589e-03 8.203913207088016080e+00
1.219860248984956854e+02 8.642545260021415598e-03 8.273532694899341067e+00
1.229820210533652300e+02 8.800056357342989077e-03 8.341084750621819310e+00
1.239481085280929449e+02 8.957567454664562556e-03 8.406608291658127285e+00
1.248848544363282969e+02 9.115078551986132566e-03 8.470141781703791395e+00
1.257928189246797643e+02 9.272589649307706045e-03 8.531723211924457928e+00
1.266725549373499859e+02 9.430100746629276054e-03 8.591390084992612586e+00
1.275246073942038407e+02 9.587611843950849533e-03 8.649179359341177431e+00
1.283494797221096064e+02 9.745122941272419542e-03 8.705125179198201835e+00
1.291476199251435730e+02 9.902634038593993021e-03 8.759257929817874100e+00
1.299194700226565828e+02 1.006014513591556303e-02 8.811607590548669933e+00
1.306654700014220225e+02 1.021765623323713651e-02 8.862204002882346998e+00
1.313860574350172783e+02 1.037516733055870999e-02 8.911076844638971650e+00
1.320816671405268323e+02 1.053267842788028000e-02 8.958255606683325212e+00
1.327527308694586168e+02 1.069018952520185348e-02 9.003769571961704798e+00
1.333996770300169032e+02 1.084770062252342349e-02 9.047647796665497566e+00
1.340229304381389852e+02 1.100521171984499696e-02 9.089919093345560697e+00
1.346229120949347475e+02 1.116272281716656697e-02 9.130612015817376914e+00
1.352000389883564822e+02 1.132023391448814045e-02 9.169754845709602975e+00
1.357547239171269382e+02 1.147774501180971046e-02 9.207375580522208836e+00
1.362873753351102835e+02 1.163525610913128394e-02 9.243501923071173465e+00
1.367983961855054531e+02 1.179276720645285742e-02 9.278161202419260789e+00
1.372881484973176214e+02 1.195027830377442743e-02 9.311377972680871196e+00
1.377569471431619661e+02 1.210778940109600091e-02 9.343173589653758881e+00
1.382051046032551653e+02 1.226530049841757092e-02 9.373569246874570382e+00
1.386329336138157089e+02 1.242281159573914440e-02 9.402586155242921961e+00
1.390407468563777797e+02 1.258032269306071441e-02 9.430245521949538912e+00
1.394288566700842296e+02 1.273783379038228789e-02 9.456568530962938368e+00
1.397975747853968471e+02 1.289534488770385789e-02 9.481576324968678193e+00
1.401472120777717976e+02 1.305285598502543137e-02 9.505289988662754652e+00
1.404780783399680786e+02 1.321036708234700485e-02 9.527730533308734095e+00
1.407904820717397456e+02 1.336787817966857486e-02 9.548918882473911296e+00
1.410847302857817169e+02 1.352538927699014834e-02 9.568875858867871287e+00
1.413611283288367133e+02 1.368290037431171835e-02 9.587622172209293581e+00
1.416199797169978183e+02 1.384041147163329183e-02 9.605178408055593309e+00
1.418615859842691123e+02 1.399792256895486184e-02 9.621565017531759523e+00
1.420862465435346564e+02 1.415543366627643532e-02 9.636802307900758535e+00
1.422942585591359830e+02 1.431294476359800533e-02 9.650910433921273679e+00
1.424859166161279802e+02 1.447045586091957881e-02 9.663909375415459024e+00
1.426614928177301067e+02 1.462796695824115228e-02 9.675817587406218223e+00
1.428212222119726107e+02 1.478547805556272229e-02 9.686651011699709102e+00
1.429653367626273166e+02 1.494298915288429577e-02 9.696425380916549486e+00
1.430940690518570761e+02 1.510050025020586578e-02 9.705156469618863468e+00
1.432076520659404650e+02 1.525801134752743926e-02 9.712860079777374978e+00
1.433063189941008773e+02 1.541552244484900927e-02 9.719552027127237537e+00
1.433903030397100906e+02 1.557303354217058275e-02 9.725248128363228162e+00
1.434598372431615587e+02 1.573054463949215276e-02 9.729964189126325991e+00
1.435151543157627145e+02 1.588805573681372624e-02 9.733715992737698386e+00
1.435564864840362418e+02 1.604556683413529972e-02 9.736519289638694730e+00
1.435840653438496588e+02 1.620307793145686973e-02 9.738389787497313321e+00
1.435981217238496015e+02 1.636058902877844320e-02 9.739343141945894899e+00
1.435988855576786705e+02 1.651810012610001321e-02 9.739394947914350453e+00
1.435865857645084702e+02 1.667561122342158669e-02 9.738560731527524439e+00
1.435614501374394365e+02 1.683312232074316017e-02 9.736855942536037034e+00
1.435237052393468957e+02 1.699063341806473018e-02 9.734295947252197934e+00
1.434735763057747135e+02 1.714814451538630366e-02 9.730896021963911124e+00
1.434112871544996040e+02 1.730565561270787367e-02 9.726671346800991103e+00
1.433370601014186718e+02 1.746316671002944715e-02 9.721637000030350251e+00
1.432511158824188726e+02 1.762067780735101716e-02 9.715807952756904342e+00
1.431536735722758067e+02 1.777818890467259064e-02 9.709199063423017861e+00
1.430449485647189647e+02 1.793570000199416065e-02 9.701824940809194331e+00
1.429251501874068140e+02 1.809321109931573412e-02 9.693699782273101917e+00
1.427944856800710340e+02 1.825072219663730760e-02 9.684837643561678533e+00
1.426531607601218070e+02 1.840823329395887761e-02 9.675252477172518795e+00
1.425013795603384779e+02 1.856574439128045109e-02 9.664958128127839387e+00
1.423393445711411402e+02 1.872325548860202110e-02 9.653968330059104375e+00
1.421672565872175369e+02 1.888076658592359458e-02 9.642296701587108387e+00
1.419853146582714203e+02 1.903827768324516459e-02 9.629956742981509166e+00
1.417937160436930242e+02 1.919578878056673807e-02 9.616961833086454803e+00
1.415926561709505052e+02 1.935329987788830808e-02 9.603325226498515832e+00
1.413823285975069552e+02 1.951081097520988156e-02 9.589060050983764683e+00
1.411629249760910625e+02 1.966832207253145504e-02 9.574179305122308747e+00
1.409346350231476208e+02 1.982583316985302505e-02 9.558695856168492710e+00
1.406976464903016790e+02 1.998334426717459852e-02 9.542622438115495598e+00
1.404521451386883939e+02 2.014085536449616853e-02 9.525971649954271925e+00
1.401983147160000271e+02 2.029836646181774201e-02 9.508755954116820064e+00
1.399363369361040839e+02 2.045587755913931202e-02 9.490987675093794707e+00
1.396663914611110897e+02 2.061338865646088550e-02 9.472678998218283297e+00
1.393886558857534226e+02 2.077089975378245551e-02 9.453841968606324642e+00
1.391033057239640982e+02 2.092841085110402899e-02 9.434488490246620174e+00
1.388105143975344902e+02 2.108592194842560247e-02 9.414630325231293284e+00
1.385104532267447155e+02 2.124343304574717248e-02 9.394279093120363910e+00
1.382032914228632023e+02 2.140094414306874596e-02 9.373446270433072769e+00
1.378891960824122123e+02 2.155845524039031597e-02 9.352143190258933814e+00
1.375683321831103001e+02 2.171596633771188944e-02 9.330381041982553469e+00
1.372408627395221572e+02 2.187347743503345945e-02 9.308170881840348798e+00
1.369069659491733830e+02 2.203098853235503293e-02 9.285524795831962663e+00
1.365668493546182560e+02 2.218849962967660294e-02 9.262456860242853196e+00
1.362207193618494045e+02 2.234601072699817642e-02 9.238981074272771821e+00
1.358687775837862262e+02 2.250352182431974990e-02 9.215111112037920549e+00
1.355112209392180205e+02 2.266103292164131991e-02 9.190860329281653307e+00
1.351482417501603948e+02 2.281854401896289339e-02 9.166241769977547804e+00
1.347800278376295751e+02 2.297605511628446340e-02 9.141268172825121496e+00
1.344067626158257269e+02 2.313356621360603688e-02 9.115951977637740455e+00
1.340286251847236940e+02 2.329107731092760689e-02 9.090305331622424490e+00
1.336457904210734853e+02 2.344858840824918036e-02 9.064340095551813192e+00
1.332584290678114201e+02 2.360609950557075037e-02 9.038067849828410161e+00
1.328667078218902304e+02 2.376361060289232385e-02 9.011499900441489075e+00
1.324707894205331797e+02 2.392112170021389733e-02 8.984647284817151913e+00
1.320708327259190469e+02 2.407863279753546734e-02 8.957520777562017145e+00
1.316669928083168202e+02 2.423614389485704082e-02 8.930130896101681870e+00
1.312594210276682816e+02 2.439365499217861083e-02 8.902487906213947255e+00
1.308482651136434356e+02 2.455116608950018431e-02 8.874601827458480585e+00
1.304336692441781338e+02 2.470867718682175432e-02 8.846482438503510792e+00
1.300157741225088444e+02 2.486618828414332780e-02 8.818139282350614394e+00
1.295947170527205685e+02 2.502369938146489781e-02 8.789581671458620349e+00
1.291706320138253545e+02 2.518121047878647129e-02 8.760818692767932347e+00
1.287436497323914182e+02 2.533872157610804476e-02 8.731859212626446265e+00
1.283138977537341248e+02 2.549623267342961477e-02 8.702711881618020229e+00
1.278815005116973680e+02 2.565374377075118825e-02 8.673385139295264779e+00
1.274465793970354497e+02 2.581125486807275826e-02 8.643887218817479123e+00
1.270092528244180556e+02 2.596876596539433174e-02 8.614226151495142147e+00
1.265696362980860243e+02 2.612627706271590175e-02 8.584409771242954790e+00
1.261278424761616606e+02 2.628378816003747523e-02 8.554445718941577681e+00
1.256839812336494049e+02 2.644129925735904524e-02 8.524341446710559822e+00
1.252381597241441256e+02 2.659881035468061872e-02 8.494104222093639578e+00
1.247904824402562269e+02 2.675632145200219220e-02 8.463741132156965108e+00
1.243410517618110873e+02 2.691383254932376221e-02 8.433259120669989173e+00
1.238899924722295367e+02 2.707134364664533568e-02 8.402666650894895284e+00
1.234374617279667916e+02 2.722885474396690569e-02 8.371974381749964778e+00
1.229836141063663604e+02 2.738636584128847917e-02 8.341192797228803357e+00
1.225285987870233839e+02 2.754387693861004918e-02 8.310332015230235569e+00
1.220725597094507862e+02 2.770138803593162266e-02 8.279401798251788236e+00
1.216156357268546202e+02 2.785889913325319267e-02 8.248411563819292525e+00
1.211579607560701248e+02 2.801641023057476615e-02 8.217370394656073884e+00
1.206996639237136293e+02 2.817392132789633963e-02 8.186287048595533022e+00
1.202408697086078462e+02 2.833143242521790964e-02 8.155169968240899792e+00
1.197816980805421849e+02 2.848894352253948312e-02 8.124027290376510280e+00
1.193222646354294625e+02 2.864645461986105313e-02 8.092866855134575488e+00
1.188626807269217238e+02 2.880396571718262660e-02 8.061696214921877157e+00
1.184030535945512099e+02 2.896147681450419661e-02 8.030522643110725056e+00
1.179434864884600955e+02 2.911898791182577009e-02 7.999353142498592639e+00
1.174840787907899227e+02 2.927649900914734010e-02 7.968194453541187272e+00
1.170249261337890374e+02 2.943401010646891358e-02 7.937053062362912748e+00
1.165661205147162747e+02 2.959152120379048706e-02 7.905935208550062931e+00
1.161077504075998377e+02 2.974903230111205707e-02 7.874846892730706926e+00
1.156499008719241459e+02 2.990654339843363055e-02 7.843793883946221790e+00
1.151926536583079042e+02 3.006405449575520056e-02 7.812781726818767147e+00
1.147360873112444040e+02 3.022156559307677404e-02 7.781815748519501419e+00
1.142802772689682911e+02 3.037907669039834405e-02 7.750901065541900614e+00
1.138252959605173089e+02 3.053658778771991752e-02 7.720042590284839967e+00
1.133712129000527113e+02 3.069409888504148753e-02 7.689245037449753184e+00
1.129180947785057043e+02 3.085160998236306101e-02 7.658512930256407891e+00
1.124660055526120601e+02 3.100912107968463102e-02 7.627850606481571205e+00
1.120150065314018804e+02 3.116663217700620450e-02 7.597262224325051605e+00
1.115651564602032124e+02 3.132414327432777451e-02 7.566751768107121023e+00
1.111165116022266659e+02 3.148165437164934799e-02 7.536323053801887717e+00
1.106691258177877017e+02 3.163916546897092147e-02 7.505979734410433757e+00
1.102230506412282551e+02 3.179667656629248801e-02 7.475725305177915558e+00
1.097783353555988555e+02 3.195418766361406149e-02 7.445563108658783236e+00
1.093350270651564813e+02 3.211169876093563497e-02 7.415496339633832257e+00
1.088931707657364285e+02 3.226920985825720151e-02 7.385528049883094859e+00
1.084528094130549363e+02 3.242672095557877499e-02 7.355661152818350423e+00
1.080139839889968698e+02 3.258423205290034846e-02 7.325898427979022465e+00
1.075767335659422201e+02 3.274174315022192194e-02 7.296242525395005174e+00
1.071410953691832333e+02 3.289925424754349542e-02 7.266695969820040624e+00
1.067071048430106117e+02 3.305676534486506196e-02 7.237261165213910274e+00
1.062748017131292215e+02 3.321427644218663544e-02 7.207940805917366411e+00
1.058442410626745698e+02 3.337178753950820892e-02 7.178738627867564226e+00
1.054154784293898928e+02 3.352929863682978240e-02 7.149658397834790513e+00
1.049885666629914311e+02 3.368680973415134894e-02 7.120703700277640102e+00
1.045635560157075190e+02 3.384432083147292242e-02 7.091877943483696711e+00
1.041404942301692103e+02 3.400183192879449590e-02 7.063184365530598363e+00
1.037194266247277881e+02 3.415934302611606938e-02 7.034626040072565978e+00
1.033003961762482419e+02 3.431685412343764285e-02 7.006205881955779091e+00
1.028834436004542852e+02 3.447436522075920939e-02 6.977926652667634677e+00
1.024686074298751919e+02 3.463187631808078287e-02 6.949790965623408923e+00
1.020559240894585571e+02 3.478938741540235635e-02 6.921801291294581659e+00
1.016454279699115517e+02 3.494689851272392983e-02 6.893959962183091150e+00
1.012371514988200403e+02 3.510440961004549637e-02 6.866269177644907629e+00
1.008311252096156920e+02 3.526192070736706985e-02 6.838731008567624947e+00
1.004273778084366171e+02 3.541943180468864333e-02 6.811347401905175403e+00
1.000259362389429469e+02 3.557694290201021681e-02 6.784120185073891030e+00
9.962682574513964084e+01 3.573445399933179029e-02 6.757051070213345945e+00
9.923006993226400141e+01 3.589196509665335683e-02 6.730141658315963227e+00
9.883569082578337373e+01 3.604947619397493030e-02 6.703393443228477189e+00
9.844370892856356647e+01 3.620698729129650378e-02 6.676807815529272716e+00
9.805414327624947646e+01 3.636449838861807726e-02 6.650386066284537101e+00
9.766701149091640843e+01 3.652200948593964380e-02 6.624129390687039987e+00
9.728232983303155379e+01 3.667952058326121728e-02 6.598038891580387144e+00
9.690011325178053880e+01 3.683703168058279076e-02 6.572115582872328332e+00
9.652037543380069451e+01 3.699454277790436424e-02 6.546360392840025355e+00
9.614312885036876821e+01 3.715205387522593772e-02 6.520774167330499971e+00
9.576838480308649082e+01 3.730956497254750426e-02 6.495357672859197962e+00
9.539615346810558094e+01 3.746707606986907774e-02 6.470111599609469799e+00
9.502644393893888264e+01 3.762458716719065122e-02 6.445036564336192875e+00
9.465926426789206971e+01 3.778209826451222469e-02 6.420133113175817030e+00
9.429462150616400606e+01 3.793960936183379123e-02 6.395401724366107210e+00
9.393252174264813448e+01 3.809712045915536471e-02 6.370842810877807239e+00
9.357297014147613368e+01 3.825463155647693819e-02 6.346456722960973629e+00
9.321597097834022350e+01 3.841214265379851167e-02 6.322243750608491197e+00
9.286152767563436328e+01 3.856965375112008515e-02 6.298204125939470543e+00
9.250964283644005093e+01 3.872716484844165169e-02 6.274338025504311744e+00
9.216031827740249582e+01 3.888467594576322517e-02 6.250645572514443415e+00
9.181355506052339877e+01 3.904218704308479865e-02 6.227126838998657377e+00
9.146935352390327978e+01 3.919969814040637213e-02 6.203781847888155454e+00
9.112771331147092724e+01 3.935720923772793867e-02 6.180610575032896570e+00
9.078863340172057406e+01 3.951472033504951215e-02 6.157612951150671421e+00
9.045211213549934826e+01 3.967223143237108562e-02 6.134788863711747808e+00
9.011814724286379885e+01 3.982974252969265910e-02 6.112138158760356710e+00
8.978673586903691728e+01 3.998725362701423258e-02 6.089660642675216451e+00
8.945787459949879405e+01 4.014476472433579912e-02 6.067356083871256800e+00
8.913155948422750896e+01 4.030227582165737260e-02 6.045224214443727817e+00
8.880778606112603768e+01 4.045978691897894608e-02 6.023264731757099533e+00
8.848654937865516956e+01 4.061729801630051956e-02 6.001477299980094493e+00
8.816784361947544824e+01 4.077480911362208610e-02 5.979861524559751729e+00
8.785165984886069168e+01 4.093232021094365958e-02 5.958416799510676043e+00
8.753798771138391999e+01 4.108983130826523306e-02 5.937142422490420124e+00
8.722681659337848714e+01 4.124734240558680654e-02 5.916037673641784345e+00
8.691813564082045218e+01 4.140485350290838001e-02 5.895101816805668804e+00
8.661193377292060802e+01 4.156236460022994655e-02 5.874334100442942130e+00
8.630819969522640633e+01 4.171987569755152003e-02 5.853733758523046227e+00
8.600692191224206340e+01 4.187738679487309351e-02 5.833300011379946248e+00
8.570808873958996799e+01 4.203489789219466699e-02 5.813032066536961473e+00
8.541168831572058195e+01 4.219240898951623353e-02 5.792929119500974444e+00
8.511770861319438097e+01 4.234992008683780701e-02 5.772990354527596679e+00
8.482613744954319657e+01 4.250743118415938049e-02 5.753214945357854937e+00
8.453696249772902149e+01 4.266494228148095397e-02 5.733602055927517149e+00
8.425017129621201661e+01 4.282245337880252745e-02 5.714150841049956853e+00
8.396575125864032429e+01 4.297996447612409399e-02 5.694860447073333276e+00
8.368368968317602707e+01 4.313747557344566746e-02 5.675730012513143130e+00
8.340397376146817976e+01 4.329498667076724094e-02 5.656758668660767597e+00
8.312659058728394257e+01 4.345249776808881442e-02 5.637945540168892045e+00
8.285152716481304935e+01 4.361000886541038096e-02 5.619289745614743481e+00
8.257877041665044260e+01 4.376751996273195444e-02 5.600790398041482376e+00
8.230830719147414243e+01 4.392503106005352792e-02 5.582446605478966539e+00
8.204012427142393449e+01 4.408254215737510140e-02 5.564257471444185477e+00
8.177420837919541441e+01 4.424005325469667488e-02 5.546222095422407961e+00
8.151054618485333947e+01 4.439756435201824142e-02 5.528339573329299483e+00
8.124912431237851251e+01 4.455507544933981490e-02 5.510608997954929755e+00
8.098992934595715099e+01 4.471258654666138838e-02 5.493029459390369240e+00
8.073294783601706115e+01 4.487009764398296185e-02 5.475600045437063912e+00
8.047816630502428836e+01 4.502760874130452839e-02 5.458319841999998978e+00
8.022557125304614090e+01 4.518511983862610187e-02 5.441187933464984638e+00
7.997514916308745114e+01 4.534263093594767535e-02 5.424203403060600337e+00
7.972688650621050499e+01 4.550014203326924883e-02 5.407365333205442326e+00
7.948076974644517634e+01 4.565765313059082231e-02 5.390672805841133730e+00
7.923678534549270580e+01 4.581516422791238885e-02 5.374124902751375110e+00
7.899491976723827236e+01 4.597267532523396233e-02 5.357720705867968114e+00
7.875515948206940209e+01 4.613018642255553581e-02 5.341459297563751818e+00
7.851749097101587438e+01 4.628769751987710929e-02 5.325339760933341715e+00
7.828190072970930657e+01 4.644520861719867583e-02 5.309361180061712204e+00
7.804837527217563320e+01 4.660271971452024931e-02 5.293522640281405955e+00
7.781690113446128976e+01 4.676023081184182278e-02 5.277823228418474955e+00
7.758746487810060444e+01 4.691774190916339626e-02 5.262262033027650610e+00
7.736005309343117631e+01 4.707525300648496974e-02 5.246838144617208322e+00
7.713465240276015322e+01 4.723276410380653628e-02 5.231550655863710375e+00
7.691124946338828750e+01 4.739027520112810976e-02 5.216398661817116533e+00
7.668983097049800790e+01 4.754778629844968324e-02 5.201381260096654024e+00
7.647038365990454167e+01 4.770529739577125672e-02 5.186497551077414947e+00
7.625289431068314627e+01 4.786280849309282326e-02 5.171746638068546176e+00
7.603734974767075983e+01 4.802031959041439674e-02 5.157127627482908316e+00
7.582373684384812407e+01 4.817783068773597022e-02 5.142639628998659340e+00
7.561204252260749570e+01 4.833534178505754370e-02 5.128281755713040901e+00
7.540225375990999623e+01 4.849285288237911717e-02 5.114053124288708396e+00
7.519435758633457567e+01 4.865036397970068371e-02 5.099952855092692694e+00
7.498834108902465800e+01 4.880787507702225719e-02 5.085980072328434964e+00
7.478419141353514021e+01 4.896538617434383067e-02 5.072133904161045592e+00
7.458189576558430645e+01 4.912289727166540415e-02 5.058413482836145114e+00
7.438144141271219212e+01 4.928040836898697069e-02 5.044817944792322706e+00
7.418281568584937702e+01 4.943791946630854417e-02 5.031346430767541733e+00
7.398600598080237489e+01 4.959543056363011765e-02 5.017998085899881389e+00
7.379099975965455371e+01 4.975294166095169113e-02 5.004772059822567343e+00
7.359778455208619619e+01 4.991045275827326461e-02 4.991667506753486805e+00
7.340634781092698802e+01 5.006796385559483115e-02 4.978683575698237718e+00
7.321667236060181949e+01 5.022547495291640463e-02 4.965819101747301900e+00
7.302873565347536555e+01 5.038298605023797810e-02 4.953072555638629915e+00
7.284251518562709293e+01 5.054049714755955158e-02 4.940442411075067319e+00
7.265798882489620780e+01 5.069800824488111812e-02 4.927927166973558037e+00
7.247513480341258685e+01 5.085551934220269160e-02 4.915525346958539821e+00
7.229393171030362453e+01 5.101303043952426508e-02 4.903235498867323017e+00
7.211435848456876840e+01 5.117054153684583856e-02 4.891056194266798940e+00
7.193639440812859220e+01 5.132805263416741204e-02 4.878986027982008089e+00
7.176001909902875298e+01 5.148556373148897858e-02 4.867023617635211963e+00
7.158521250480515619e+01 5.164307482881055206e-02 4.855167603195882364e+00
7.141195489600370649e+01 5.180058592613212554e-02 4.843416646541203185e+00
7.124022685984910197e+01 5.195809702345369901e-02 4.831769431026651240e+00
7.107000929405808165e+01 5.211560812077526555e-02 4.820224661066405680e+00
7.090128340079684222e+01 5.227311921809683903e-02 4.808781061723490957e+00
7.073403068077506362e+01 5.243063031541841251e-02 4.797437378309245659e+00
7.056823292569688988e+01 5.258814141273998599e-02 4.786192375871291205e+00
7.040387172259150361e+01 5.274565251006155947e-02 4.775044805575454632e+00
7.024092779982220236e+01 5.290316360738312601e-02 4.763993360349751072e+00
7.007938204078006095e+01 5.306067470470469949e-02 4.753036743636736006e+00
6.991921564725247151e+01 5.321818580202627297e-02 4.742173680473741548e+00
6.976041013303553484e+01 5.337569689934784645e-02 4.731402917059675417e+00
6.960294731769680254e+01 5.353320799666941299e-02 4.720723220331955794e+00
6.944680932048392208e+01 5.369071909399098647e-02 4.710133377553394673e+00
6.929197855437703879e+01 5.384823019131255994e-02 4.699632195908796106e+00
6.913843772027654211e+01 5.400574128863413342e-02 4.689218502110758635e+00
6.898616980132956655e+01 5.416325238595570690e-02 4.678891142014876436e+00
6.883515805738539939e+01 5.432076348327727344e-02 4.668648980243678359e+00
6.868538601957882861e+01 5.447827458059884692e-02 4.658490899819257791e+00
6.853683748503856066e+01 5.463578567792042040e-02 4.648415801804374858e+00
6.838949651171610356e+01 5.479329677524199388e-02 4.638422604951735195e+00
6.824334741333380805e+01 5.495080787256356042e-02 4.628510245361345810e+00
6.809837475444611243e+01 5.510831896988513390e-02 4.618677676145554578e+00
6.795456334464529391e+01 5.526583006720670738e-02 4.608923867036054389e+00
6.781189681234076261e+01 5.542334116452828086e-02 4.599247707652456718e+00
6.767035481101990513e+01 5.558085226184985433e-02 4.589647818020804237e+00
6.752991657907519141e+01 5.573836335917142087e-02 4.580122790013904321e+00
6.739056174137502353e+01 5.589587445649299435e-02 4.570671241716760314e+00
6.725227030110913518e+01 5.605338555381456783e-02 4.561291816873491278e+00
6.711502263183864159e+01 5.621089665113614131e-02 4.551983184348140199e+00
6.697879946974458676e+01 5.636840774845770785e-02 4.542744037598951401e+00
6.684358190607127881e+01 5.652591884577928133e-02 4.533573094165824990e+00
6.670935137975476437e+01 5.668342994310085481e-02 4.524469095170389643e+00
6.657608967023631408e+01 5.684094104042242829e-02 4.515430804828556077e+00
6.644377889045151164e+01 5.699845213774400177e-02 4.506457009975018302e+00
6.631240147999123735e+01 5.715596323506556831e-02 4.497546519599430859e+00
6.618194019843058129e+01 5.731347433238714179e-02 4.488698164393918333e+00
6.605237811882004451e+01 5.747098542970871526e-02 4.479910796311640908e+00
6.592369862133384117e+01 5.762849652703028874e-02 4.471183288135999412e+00
6.579588538707183432e+01 5.778600762435185528e-02 4.462514533060266686e+00
6.566892239201250447e+01 5.794351872167342876e-02 4.453903444277434787e+00
6.554279389862516325e+01 5.810102981899500224e-02 4.445348954411345588e+00
6.541748307476154878e+01 5.825854091631657572e-02 4.436849921844927103e+00
6.529296975233835099e+01 5.841605201363814920e-02 4.428404978705938966e+00
6.516923355727598732e+01 5.857356311095971574e-02 4.420012743150738110e+00
6.504625451217532373e+01 5.873107420828128922e-02 4.411671860239973597e+00
6.492401302824512754e+01 5.888858530560286270e-02 4.403381001391092120e+00
6.480248989743431309e+01 5.904609640292443618e-02 4.395138863844711530e+00
6.468166628476025437e+01 5.920360750024600272e-02 4.386944170144293054e+00
6.456152372083261071e+01 5.936111859756757619e-02 4.378795667629095334e+00
6.444204409456081351e+01 5.951862969488914967e-02 4.370692127939556748e+00
6.432320964604716096e+01 5.967614079221072315e-02 4.362632346535282757e+00
6.420500295965040038e+01 5.983365188953229663e-02 4.354615142224600888e+00
6.408740695722607938e+01 5.999116298685386317e-02 4.346639356706081259e+00
6.397040489152706755e+01 6.014867408417543665e-02 4.338703854120953274e+00
6.385398033976959198e+01 6.030618518149701013e-02 4.330807520616718698e+00
6.373811719735343218e+01 6.046369627881858361e-02 4.322949263921234575e+00
6.362279967173353157e+01 6.062120737614015015e-02 4.315128012927073264e+00
6.350801227643999169e+01 6.077871847346172363e-02 4.307342717285924216e+00
6.339373982524103468e+01 6.093622957078329710e-02 4.299592347012711535e+00
6.327996741113971524e+01 6.109374066810487058e-02 4.291875891061069481e+00
6.316667874756433321e+01 6.125125176542643712e-02 4.284192244816903639e+00
6.305385473477515035e+01 6.140876286274801060e-02 4.276540112866887178e+00
6.294147631268502607e+01 6.156627396006958408e-02 4.268918202487092195e+00
6.282952480752089031e+01 6.172378505739115756e-02 4.261325247154795548e+00
6.271798192460183685e+01 6.188129615471273104e-02 4.253760006058677767e+00
6.260682974130018152e+01 6.203880725203429758e-02 4.246221263621411168e+00
6.249605070017396713e+01 6.219631834935587106e-02 4.238707829033883989e+00
6.238562760227005555e+01 6.235382944667744454e-02 4.231218535800987723e+00
6.227554360059107097e+01 6.251134054399902495e-02 4.223752241298531551e+00
6.216578219372179603e+01 6.266885164132059149e-02 4.216307826340942810e+00
6.205632721960907361e+01 6.282636273864215803e-02 4.208884194759418662e+00
6.194716284949052465e+01 6.298387383596373845e-02 4.201480272990139042e+00
6.183827358197059709e+01 6.314138493328530499e-02 4.194095009672482277e+00
6.172964423723392713e+01 6.329889603060687153e-02 4.186727375256555028e+00
6.162125995139864187e+01 6.345640712792845195e-02 4.179376361620215086e+00
6.151310617099888134e+01 6.361391822525001849e-02 4.172040981694857820e+00
6.140516864759759841e+01 6.377142932257158503e-02 4.164720269100037342e+00
6.129743343252283694e+01 6.392894041989316545e-02 4.157413277786441874e+00
6.118988687172584662e+01 6.408645151721473199e-02 4.150119081687190459e+00
6.108251555568730851e+01 6.424396261453631241e-02 4.142836771320258293e+00
6.097530477187639519e+01 6.440147371185787895e-02 4.135565348828676768e+00
6.086823815478264521e+01 6.455898480917944549e-02 4.128303704244435934e+00
6.076129956866442683e+01 6.471649590650102590e-02 4.121050743183267251e+00
6.065447322706033617e+01 6.487400700382259244e-02 4.113805394950359684e+00
6.054774368703054677e+01 6.503151810114417286e-02 4.106566612149763706e+00
6.044109584353311249e+01 6.518902919846573940e-02 4.099333370302998603e+00
6.033451492393031401e+01 6.534654029578730594e-02 4.092104667476425206e+00
6.022798648262088506e+01 6.550405139310888636e-02 4.084879523917205546e+00
6.012149639579593696e+01 6.566156249043045290e-02 4.077656981697619365e+00
6.001503085631086520e+01 6.581907358775203332e-02 4.070436104367262331e+00
5.990857636867508518e+01 6.597658468507359986e-02 4.063215976613231639e+00
5.980211974414915233e+01 6.613409578239516640e-02 4.055995703927596452e+00
5.969564809595387800e+01 6.629160687971674681e-02 4.048774412282456936e+00
5.958914883458043477e+01 6.644911797703831335e-02 4.041551247811861813e+00
5.948260966320231802e+01 6.660662907435987989e-02 4.034325376500638605e+00
5.937601857318699672e+01 6.676414017168146031e-02 4.027095983879962482e+00
5.926936383970065236e+01 6.692165126900302685e-02 4.019862274729269380e+00
5.916263401740523165e+01 6.707916236632460727e-02 4.012623472784400569e+00
5.905581793624597253e+01 6.723667346364617381e-02 4.005378820451910293e+00
5.894890469732374072e+01 6.739418456096774035e-02 3.998127578529101722e+00
5.884188361850698357e+01 6.755169565828932077e-02 3.990869022515242115e+00
5.873474338401788231e+01 6.770920675561088731e-02 3.983602384933417895e+00
5.862747218553374751e+01 6.786671785293246772e-02 3.976326864900543878e+00
5.852005848110429298e+01 6.802422895025403426e-02 3.969041679599877082e+00
5.841249101673965782e+01 6.818174004757560080e-02 3.961746065745186396e+00
5.830475882226673434e+01 6.833925114489718122e-02 3.954439279299716947e+00
5.819685120726410332e+01 6.849676224221874776e-02 3.947120595200487081e+00
5.808875775707882383e+01 6.865427333954032818e-02 3.939789307088126247e+00
5.798046832892045899e+01 6.881178443686189472e-02 3.932444727041963795e+00
5.787197304802901243e+01 6.896929553418346126e-02 3.925086185320119547e+00
5.776326230391662619e+01 6.912680663150504168e-02 3.917713030104599259e+00
5.765432674667808044e+01 6.928431772882660822e-02 3.910324627251075658e+00
5.754515728337040770e+01 6.944182882614817476e-02 3.902920360043317327e+00
5.743574507445695332e+01 6.959933992346975518e-02 3.895499628952031834e+00
5.732608153031677745e+01 6.975685102079132172e-02 3.888061851398110225e+00
5.721615830781480838e+01 6.991436211811290213e-02 3.880606461520002437e+00
5.710596730693212919e+01 7.007187321543446867e-02 3.873132909945180113e+00
5.699550066745315036e+01 7.022938431275603521e-02 3.865640663565437229e+00
5.688475076571108957e+01 7.038689541007761563e-02 3.858129205316164878e+00
5.677371021138631590e+01 7.054440650739918217e-02 3.850598033959196975e+00
5.666237184435660623e+01 7.070191760472076259e-02 3.843046663869193580e+00
5.655072873160041524e+01 7.085942870204232913e-02 3.835474624823594691e+00
5.643877418738023266e+01 7.101693979936389567e-02 3.827881463371543447e+00
5.632650205693190770e+01 7.117445089668547609e-02 3.820266762074709721e+00
5.621390661741288852e+01 7.133196199400704263e-02 3.812630132789246673e+00
5.610098235425128621e+01 7.148947309132862304e-02 3.804971201496973876e+00
5.598772395354743736e+01 7.164698418865018958e-02 3.797289607790031329e+00
5.587412629938247477e+01 7.180449528597175612e-02 3.789585004688325487e+00
5.576018447116464927e+01 7.196200638329333654e-02 3.781857058459556331e+00
5.564589374101461061e+01 7.211951748061490308e-02 3.774105448441875232e+00
5.553124957118490812e+01 7.227702857793646962e-02 3.766329866868863618e+00
5.541624761151585687e+01 7.243453967525805004e-02 3.758530018696986108e+00
5.530088369692453654e+01 7.259205077257961658e-02 3.750705621435274306e+00
5.518515384492740594e+01 7.274956186990119700e-02 3.742856404977316753e+00
5.506905425319515501e+01 7.290707296722276354e-02 3.734982111435408481e+00
5.495258129713749895e+01 7.306458406454433008e-02 3.727082494976749150e+00
5.483573152751991131e+01 7.322209516186591050e-02 3.719157321661797244e+00
5.471850166810879301e+01 7.337960625918747704e-02 3.711206369284560935e+00
5.460088861334576649e+01 7.353711735650905745e-02 3.703229427214856706e+00
5.448288942604892782e+01 7.369462845383062399e-02 3.695226296242399400e+00
5.436450133514230032e+01 7.385213955115219053e-02 3.687196788422813398e+00
5.424572173341078951e+01 7.400965064847377095e-02 3.679140726925355764e+00
5.412654817528079576e+01 7.416716174579533749e-02 3.671057945882392204e+00
5.400697837462584516e+01 7.432467284311691791e-02 3.662948290240570337e+00
5.388701020259718888e+01 7.448218394043848445e-02 3.654811615613684506e+00
5.376664177635940689e+01 7.463969503776005099e-02 3.646647794301033141e+00
5.364587284765668329e+01 7.479720613508163141e-02 3.638456809465014263e+00
5.352470449153496190e+01 7.495471723240319795e-02 3.630238734019121338e+00
5.340313790729539534e+01 7.511222832972476449e-02 3.621993649304294127e+00
5.328117438107917536e+01 7.526973942704634490e-02 3.613721642551268154e+00
5.315881528443998860e+01 7.542725052436791144e-02 3.605422806783769030e+00
5.303606207293375974e+01 7.558476162168949186e-02 3.597097240722854750e+00
5.291291628471636699e+01 7.574227271901105840e-02 3.588745048691812212e+00
5.278937953915811221e+01 7.589978381633262494e-02 3.580366340522182167e+00
5.266545353546752040e+01 7.605729491365420536e-02 3.571961231460424990e+00
5.254114005132921505e+01 7.621480601097577190e-02 3.563529842075525700e+00
5.241644094155275013e+01 7.637231710829735232e-02 3.555072298167369027e+00
5.229135813673423172e+01 7.652982820561891886e-02 3.546588730675954704e+00
5.216589364192883238e+01 7.668733930294048540e-02 3.538079275591363704e+00
5.204004953533550548e+01 7.684485040026206581e-02 3.529544073864554488e+00
5.191382796699274138e+01 7.700236149758363235e-02 3.520983271318900432e+00
5.178723115748614703e+01 7.715987259490521277e-02 3.512397018562534168e+00
5.166026139666619343e+01 7.731738369222677931e-02 3.503785470901386034e+00
5.153292104237846161e+01 7.747489478954834585e-02 3.495148788253055638e+00
5.140521251920354473e+01 7.763240588686992627e-02 3.486487135061354437e+00
5.127713831720812010e+01 7.778991698419149281e-02 3.477800680211596607e+00
5.114870099070675025e+01 7.794742808151305935e-02 3.469089596946618670e+00
5.101990315703489642e+01 7.810493917883463977e-02 3.460354062783561169e+00
5.089074749533089204e+01 7.826245027615620631e-02 3.451594259431263190e+00
5.076123677774581466e+01 7.841996137347778673e-02 3.442810374907018467e+00
5.063137560118834557e+01 7.857747247079935327e-02 3.434002720989774105e+00
5.050117121095059503e+01 7.873498356812091981e-02 3.425171789081403073e+00
5.037063102573574014e+01 7.889249466544250022e-02 3.416318082345143559e+00
5.023976241807316967e+01 7.905000576276406676e-02 3.407442100812561048e+00
5.010857271421254922e+01 7.920751686008564718e-02 3.398544341376360300e+00
4.997706919402330072e+01 7.936502795740721372e-02 3.389625297783577906e+00
4.984525909090219642e+01 7.952253905472878026e-02 3.380685460629297534e+00
4.971314959168515912e+01 7.968005015205036068e-02 3.371725317350684481e+00
4.958074783656749673e+01 7.983756124937192722e-02 3.362745352221569117e+00
4.944806091902849943e+01 7.999507234669350764e-02 3.353746046347326981e+00
4.931509588576312808e+01 8.015258344401507418e-02 3.344727877660260251e+00
4.918185973661933019e+01 8.031009454133664072e-02 3.335691320915329605e+00
4.904835942454166542e+01 8.046760563865822113e-02 3.326636847686344378e+00
4.891460185551952833e+01 8.062511673597978767e-02 3.317564926362441380e+00
4.878059388854297396e+01 8.078262783330135421e-02 3.308476022145093065e+00
4.864634233556276399e+01 8.094013893062293463e-02 3.299370597045398146e+00
4.851185396145641704e+01 8.109765002794450117e-02 3.290249109881777656e+00
4.837713548399955954e+01 8.125516112526608159e-02 3.281112016278032062e+00
4.824219357384318130e+01 8.141267222258764813e-02 3.271959768661798496e+00
4.810703485449580086e+01 8.157018331990921467e-02 3.262792816263342832e+00
4.797166590231102390e+01 8.172769441723079509e-02 3.253611605114714589e+00
4.783609324647942884e+01 8.188520551455236163e-02 3.244416578049193589e+00
4.770032336902787762e+01 8.204271661187394205e-02 3.235208174701246886e+00
4.756436270482031858e+01 8.220022770919550859e-02 3.225986831506587382e+00
4.742821764156720121e+01 8.235773880651707513e-02 3.216752981702799108e+00
4.729189515567468050e+01 8.251524990383865554e-02 3.207507098454941197e+00
4.715540585512222549e+01 8.267276100116022208e-02 3.198249901234487602e+00
4.701876153116791812e+01 8.283027209848178862e-02 3.188982189767135988e+00
4.688197380109750867e+01 8.298778319580336904e-02 3.179704751979156807e+00
4.674505410785479143e+01 8.314529429312493558e-02 3.170418363972319575e+00
4.660801372155036404e+01 8.330280539044651600e-02 3.161123790126219024e+00
4.647086374097647621e+01 8.346031648776808254e-02 3.151821783201022686e+00
4.633361509512639032e+01 8.361782758508964908e-02 3.142513084440519577e+00
4.619627854471972483e+01 8.377533868241122950e-02 3.133198423675570332e+00
4.605886468373199705e+01 8.393284977973279604e-02 3.123878519427847777e+00
4.592138394092658160e+01 8.409036087705437645e-02 3.114554079013741372e+00
4.578384658139119523e+01 8.424787197437594299e-02 3.105225798648568958e+00
4.564626270807585229e+01 8.440538307169750953e-02 3.095894363550879991e+00
4.550864226333242613e+01 8.456289416901908995e-02 3.086560448046880012e+00
4.537099503045701709e+01 8.472040526634065649e-02 3.077224715675037636e+00
4.523333063523116238e+01 8.487791636366223691e-02 3.067887819290618712e+00
4.509565854746544744e+01 8.503542746098380345e-02 3.058550401170365696e+00
4.495798808254082246e+01 8.519293855830536999e-02 3.049213093117057127e+00
4.482032840295129006e+01 8.535044965562695041e-02 3.039876516564119946e+00
4.468268851984404932e+01 8.550796075294851695e-02 3.030541282680094373e+00
4.454507729455824716e+01 8.566547185027008349e-02 3.021207992473002868e+00
4.440750344016299778e+01 8.582298294759166390e-02 3.011877236894652921e+00
4.426997552299159366e+01 8.598049404491323044e-02 3.002549596944700472e+00
4.413250196417324389e+01 8.613800514223481086e-02 2.993225643774538813e+00
4.399509104116232550e+01 8.629551623955637740e-02 2.983905938791012513e+00
4.385775088926299503e+01 8.645302733687794394e-02 2.974591033759824921e+00
4.372048950406831125e+01 8.661053843419952436e-02 2.965281470970968947e+00
4.358331596961944854e+01 8.676804953152109090e-02 2.955977866536922516e+00
4.344624283547531007e+01 8.692556062884267132e-02 2.946681071614081215e+00
4.330928307024133517e+01 8.708307172616423786e-02 2.937391965780097536e+00
4.317244938027814527e+01 8.724058282348580440e-02 2.928111410826230721e+00
4.303575421292371317e+01 8.739809392080738482e-02 2.918840250975890172e+00
4.289920975971346451e+01 8.755560501812895136e-02 2.909579313103030973e+00
4.276282795959399863e+01 8.771311611545053177e-02 2.900329406950119981e+00
4.262662050213161535e+01 8.787062721277209831e-02 2.891091325345757301e+00
4.249059883071307553e+01 8.802813831009366485e-02 2.881865844421753309e+00
4.235477414573809796e+01 8.818564940741524527e-02 2.872653723829661221e+00
4.221915740780310244e+01 8.834316050473681181e-02 2.863455706956707481e+00
4.208375934087280257e+01 8.850067160205837835e-02 2.854272521140906349e+00
4.194859043544239796e+01 8.865818269937995877e-02 2.845104877885519468e+00
4.181366095168549890e+01 8.881569379670152531e-02 2.835953473072569064e+00
4.167898092258973008e+01 8.897320489402310573e-02 2.826818987175509168e+00
4.154456015707764038e+01 8.913071599134467227e-02 2.817702085470882523e+00
4.141040824311266277e+01 8.928822708866623881e-02 2.808603418248992067e+00
4.127653455078941391e+01 8.944573818598781922e-02 2.799523621023492392e+00
4.114294823540657831e+01 8.960324928330938576e-02 2.790463314739795475e+00
4.100965824052364894e+01 8.976076038063096618e-02 2.781423105982402610e+00
4.087667330099866803e+01 8.991827147795253272e-02 2.772403587180927165e+00
4.074400194600702463e+01 9.007578257527409926e-02 2.763405336814844127e+00
4.061165250204244614e+01 9.023329367259567968e-02 2.754428919617023741e+00
4.047963309589601977e+01 9.039080476991724622e-02 2.745474886775782331e+00
4.034795165761641300e+01 9.054831586723882664e-02 2.736543776135655026e+00
4.021661592344805314e+01 9.070582696456039318e-02 2.727636112396676360e+00
4.008563343874821072e+01 9.086333806188195972e-02 2.718752407312221120e+00
3.995501156088187145e+01 9.102084915920354014e-02 2.709893159885347735e+00
3.982475805118596668e+01 9.117836025652510668e-02 2.701058896517957386e+00
3.969488317061915694e+01 9.133587135384667322e-02 2.692250313145315932e+00
3.956539769477799950e+01 9.149338245116825363e-02 2.683468140607289776e+00
3.943631212944124087e+01 9.165089354848982017e-02 2.674713091443732260e+00
3.930763671477855326e+01 9.180840464581140059e-02 2.665985860179927780e+00
3.917938142960188230e+01 9.196591574313296713e-02 2.657287123614932245e+00
3.905155599558940338e+01 9.212342684045453367e-02 2.648617541108068352e+00
3.892416988147814294e+01 9.228093793777611409e-02 2.639977754863269688e+00
3.879723230722937899e+01 9.243844903509768063e-02 2.631368390211603181e+00
3.867075224815994972e+01 9.259596013241926105e-02 2.622790055891467631e+00
3.854473843904385433e+01 9.275347122974082759e-02 2.614243344326775187e+00
3.841919937817922204e+01 9.291098232706239413e-02 2.605728831902792919e+00
3.829414333142297977e+01 9.306849342438397454e-02 2.597247079239784373e+00
3.816957833619121487e+01 9.322600452170554108e-02 2.588798631464332090e+00
3.804551220542339962e+01 9.338351561902712150e-02 2.580384018478202091e+00
3.792195253151254519e+01 9.354102671634868804e-02 2.572003755224906207e+00
3.779890669019831506e+01 9.369853781367025458e-02 2.563658341953741093e+00
3.767638184442385807e+01 9.385604891099183500e-02 2.555348264481374088e+00
3.755438494815513195e+01 9.401356000831340154e-02 2.547073994450889778e+00
3.743292275016334258e+01 9.417107110563496808e-02 2.538835989588319464e+00
3.731200179776807602e+01 9.432858220295654850e-02 2.530634693956521186e+00
3.719162844054392991e+01 9.448609330027811504e-02 2.522470538206568413e+00
3.707180883398682170e+01 9.464360439759969545e-02 2.514343939826425789e+00
3.695254894314157212e+01 9.480111549492126199e-02 2.506255303386971001e+00
3.683385454619093480e+01 9.495862659224282853e-02 2.498205020785421393e+00
3.671573123800419580e+01 9.511613768956440895e-02 2.490193471486017884e+00
3.659818443364679297e+01 9.527364878688597549e-02 2.482221022758050122e+00
3.648121937184928498e+01 9.543115988420755591e-02 2.474288029911141162e+00
3.636484111843699907e+01 9.558867098152912245e-02 2.466394836527857404e+00
3.624905458130883318e+01 9.574618207885068899e-02 2.458541775479624825e+00
3.613386505469753018e+01 9.590369317617226941e-02 2.450729205840425529e+00
3.601927843818322117e+01 9.606120427349383595e-02 2.442957527741087542e+00
3.590530050093607883e+01 9.621871537081541637e-02 2.435227132467562505e+00
3.579193682500937257e+01 9.637622646813698291e-02 2.427538398614860871e+00
3.567919280910680158e+01 9.653373756545854945e-02 2.419891692342561740e+00
3.556707367230687566e+01 9.669124866278012986e-02 2.412287367627415247e+00
3.545558445774194212e+01 9.684875976010169640e-02 2.404725766512867846e+00
3.534473003623335785e+01 9.700627085742326294e-02 2.397207219355613095e+00
3.523451510988131474e+01 9.716378195474484336e-02 2.389732045069064004e+00
3.512494421561089553e+01 9.732129305206640990e-02 2.382300551363863317e+00
3.501602172867253415e+01 9.747880414938799032e-02 2.374913034985293159e+00
3.490775186609866410e+01 9.763631524670955686e-02 2.367569781947721275e+00
3.480013869011492034e+01 9.779382634403112340e-02 2.360271067765958630e+00
3.469318611150752929e+01 9.795133744135270382e-02 2.353017157683650051e+00
3.458689789294551531e+01 9.810884853867427036e-02 2.345808306898593099e+00
3.448127765225871144e+01 9.826635963599585077e-02 2.338644760785073107e+00
3.437632886567230628e+01 9.842387073331741731e-02 2.331526755113233040e+00
3.427205487099521974e+01 9.858138183063898385e-02 2.324454516265328508e+00
3.416845887076726740e+01 9.873889292796056427e-02 2.317428261449172133e+00
3.406554393535985525e+01 9.889640402528213081e-02 2.310448198908442219e+00
3.396331300603495151e+01 9.905391512260371123e-02 2.303514528130143013e+00
3.386176889796003309e+01 9.921142621992527777e-02 2.296627440049100244e+00
3.376091430317927689e+01 9.936893731724684431e-02 2.289787117249469706e+00
3.366075179354299962e+01 9.952644841456842473e-02 2.282993734163428545e+00
3.356128382359357687e+01 9.968395951188999127e-02 2.276247457266902252e+00
3.346251273340928378e+01 9.984147060921155781e-02 2.269548445272449477e+00
3.336444075140592957e+01 9.999898170653313823e-02 2.262896849319277148e+00
3.326706999709716683e+01 1.001564928038547048e-01 2.256292813160456490e+00
3.317040248381245959e+01 1.003140039011762852e-01 2.249736473347259569e+00
3.307444012137461442e+01 1.004715149984978517e-01 2.243227959410766470e+00
3.297918471350190828e+01 1.006290260958194183e-01 2.236767393685663130e+00
3.288463741581733757e+01 1.007865371931409987e-01 2.230354854550474109e+00
3.279079827761882626e+01 1.009440482904625652e-01 2.223990345348763054e+00
3.269766717601046935e+01 1.011015593877841456e-01 2.217673857745288135e+00
3.260524393140741495e+01 1.012590704851057122e-01 2.211405379559951090e+00
3.251352830925203108e+01 1.014165815824272787e-01 2.205184894884210767e+00
3.242252002170104674e+01 1.015740926797488591e-01 2.199012384195495162e+00
3.233221872928286444e+01 1.017316037770704257e-01 2.192887824469615499e+00
3.224262404252421987e+01 1.018891148743920061e-01 2.186811189291088198e+00
3.215373552354893860e+01 1.020466259717135726e-01 2.180782448961570363e+00
3.206555268764762445e+01 1.022041370690351392e-01 2.174801570606319068e+00
3.197807500481883025e+01 1.023616481663567196e-01 2.168868518278725066e+00
3.189130190128306452e+01 1.025191592636782861e-01 2.162983253062988886e+00
3.180523276096813845e+01 1.026766703609998527e-01 2.157145733174870905e+00
3.171986692696876986e+01 1.028341814583214331e-01 2.151355914060682384e+00
3.163520370297871409e+01 1.029916925556429996e-01 2.145613748494421102e+00
3.155124235469636318e+01 1.031492036529645800e-01 2.139919186673098217e+00
3.146798211120530553e+01 1.033067147502861466e-01 2.134272176310381131e+00
3.138542216632843562e+01 1.034642258476077131e-01 2.128672662728425369e+00
3.130356167995766725e+01 1.036217369449292935e-01 2.123120588948068210e+00
3.122239977935847932e+01 1.037792480422508601e-01 2.117615895777302804e+00
3.114193556044972411e+01 1.039367591395724405e-01 2.112158521898081620e+00
3.106216808906058091e+01 1.040942702368940070e-01 2.106748403951565152e+00
3.098309640216248440e+01 1.042517813342155736e-01 2.101385476621679516e+00
3.090471950907889465e+01 1.044092924315371540e-01 2.096069672717163712e+00
3.082703639267119300e+01 1.045668035288587205e-01 2.090800923252005727e+00
3.075004601050328645e+01 1.047243146261803010e-01 2.085579157524423799e+00
3.067374729598292404e+01 1.048818257235018675e-01 2.080404303194280491e+00
3.059813915948127772e+01 1.050393368208234340e-01 2.075276286359012623e+00
3.052322048943186061e+01 1.051968479181450145e-01 2.070195031628169868e+00
3.044899015340791593e+01 1.053543590154665810e-01 2.065160462196478086e+00
3.037544699917865643e+01 1.055118701127881475e-01 2.060172499915486011e+00
3.030258985574549868e+01 1.056693812101097280e-01 2.055231065363841481e+00
3.023041740977602743e+01 1.058268923074312945e-01 2.050336069466597966e+00
3.015892623726693600e+01 1.059844034047528749e-01 2.045487279995484631e+00
3.008811120063237610e+01 1.061419145020744415e-01 2.040684348500881207e+00
3.001796716592945558e+01 1.062994255993960080e-01 2.035926926780240898e+00
2.994848905599049971e+01 1.064569366967175884e-01 2.031214670481717555e+00
2.987967184976780999e+01 1.066144477940391549e-01 2.026547239059725669e+00
2.981151058168699208e+01 1.067719588913607354e-01 2.021924295731080345e+00
2.974400034100767698e+01 1.069294699886823019e-01 2.017345507431637319e+00
2.967713627119475106e+01 1.070869810860038684e-01 2.012810544773647958e+00
2.961091356929623686e+01 1.072444921833254489e-01 2.008319082003565459e+00
2.954532748532992059e+01 1.074020032806470154e-01 2.003870796960444789e+00
2.948037332167850266e+01 1.075595143779685958e-01 1.999465371034918171e+00
2.941604643249239714e+01 1.077170254752901624e-01 1.995102489128689038e+00
2.935234222310023355e+01 1.078745365726117289e-01 1.990781839614554460e+00
2.928925614942739131e+01 1.080320476699333093e-01 1.986503114296967354e+00
2.922678371742239278e+01 1.081895587672548759e-01 1.982266008373126054e+00
2.916492048249051194e+01 1.083470698645764424e-01 1.978070220394568812e+00
2.910366204893476905e+01 1.085045809618980228e-01 1.973915452229252132e+00
2.904300406940464541e+01 1.086620920592195894e-01 1.969801409024166894e+00
2.898294224435169397e+01 1.088196031565411698e-01 1.965727799168411449e+00
2.892347232149271008e+01 1.089771142538627363e-01 1.961694334256784300e+00
2.886459009527927932e+01 1.091346253511843029e-01 1.957700729053806432e+00
2.880629140637512720e+01 1.092921364485058833e-01 1.953746701458271451e+00
2.874857214113928094e+01 1.094496475458274498e-01 1.949831972468194508e+00
2.869142823111706164e+01 1.096071586431490302e-01 1.945956266146289249e+00
2.863485565253692045e+01 1.097646697404705968e-01 1.942119309585838671e+00
2.857885042581440160e+01 1.099221808377921633e-01 1.938320832877055588e+00
2.852340861506167613e+01 1.100796919351137437e-01 1.934560569073813685e+00
2.846852632760494828e+01 1.102372030324353103e-01 1.930838254160922141e+00
2.841419971350674345e+01 1.103947141297568907e-01 1.927153627021716886e+00
2.836042496509483612e+01 1.105522252270784572e-01 1.923506429406120821e+00
2.830719831649798124e+01 1.107097363244000238e-01 1.919896405899145675e+00
2.825451604318660159e+01 1.108672474217216042e-01 1.916323303889747365e+00
2.820237446151984884e+01 1.110247585190431707e-01 1.912786873540102128e+00
2.815076992207562867e+01 1.111822696163647373e-01 1.909286867333225057e+00
2.809969753152518024e+01 1.113397807136863177e-01 1.905822953385889917e+00
2.804914961736156798e+01 1.114972918110078842e-01 1.902394611320973317e+00
2.799911822984874732e+01 1.116548029083294646e-01 1.899001301958668009e+00
2.794959552653271828e+01 1.118123140056510312e-01 1.895642493395425010e+00
2.790057377038330344e+01 1.119698251029725977e-01 1.892317660877921304e+00
2.785204532797437338e+01 1.121273362002941781e-01 1.889026286679631461e+00
2.780400266770203999e+01 1.122848472976157447e-01 1.885767859979984529e+00
2.775643835804054405e+01 1.124423583949373251e-01 1.882541876746067322e+00
2.770934506583405721e+01 1.125998694922588916e-01 1.879347839616773319e+00
2.766271555462399689e+01 1.127573805895804582e-01 1.876185257789349858e+00
2.761654268301179727e+01 1.129148916869020386e-01 1.873053646908359182e+00
2.757081940305424439e+01 1.130724027842236051e-01 1.869952528956842830e+00
2.752553875869357825e+01 1.132299138815451855e-01 1.866881432149845033e+00
2.748069388421859571e+01 1.133874249788667521e-01 1.863839890830041091e+00
2.743627800275886841e+01 1.135449360761883186e-01 1.860827445365606625e+00
2.739228442480823844e+01 1.137024471735098990e-01 1.857843642050079680e+00
2.734870654678049107e+01 1.138599582708314656e-01 1.854888033004396863e+00
2.730553784959295527e+01 1.140174693681530321e-01 1.851960176080831078e+00
2.726277189728024908e+01 1.141749804654746125e-01 1.849059634768970950e+00
2.722040233563585687e+01 1.143324915627961791e-01 1.846185978103586089e+00
2.717842289088126861e+01 1.144900026601177595e-01 1.843338780574362401e+00
2.713682736836259934e+01 1.146475137574393260e-01 1.840517622037505241e+00
2.709560965127319321e+01 1.148050248547608926e-01 1.837722087629099388e+00
2.705476369940284442e+01 1.149625359520824730e-01 1.834951767680279344e+00
2.701428354791125841e+01 1.151200470494040395e-01 1.832206257634036106e+00
2.697416330612739088e+01 1.152775581467256200e-01 1.829485157963788744e+00
2.693439715637241605e+01 1.154350692440471865e-01 1.826788074093552039e+00
2.689497935280650864e+01 1.155925803413687530e-01 1.824114616319720605e+00
2.685590422029873992e+01 1.157500914386903335e-01 1.821464399734422424e+00
2.681716615331966480e+01 1.159076025360119000e-01 1.818837044150410254e+00
2.677875961485652567e+01 1.160651136333334804e-01 1.816232174027483603e+00
2.674067913534928920e+01 1.162226247306550470e-01 1.813649418400330893e+00
2.670291931164881660e+01 1.163801358279766135e-01 1.811088410807867088e+00
2.666547480599530928e+01 1.165376469252981939e-01 1.808548789223948461e+00
2.662834034501688762e+01 1.166951580226197605e-01 1.806030195989452469e+00
2.659151071853781545e+01 1.168526691199413270e-01 1.803532277731446420e+00
2.655498014245084093e+01 1.170101802172629074e-01 1.801054642150891505e+00
2.651874086994927282e+01 1.171676913145844739e-01 1.798596763831381784e+00
2.648278484557632950e+01 1.173252024119060544e-01 1.796158096422752815e+00
2.644710411423291418e+01 1.174827135092276209e-01 1.793738100381457867e+00
2.641169081962796028e+01 1.176402246065491874e-01 1.791336242865467332e+00
2.637653720276771807e+01 1.177977357038707679e-01 1.788951997631809121e+00
2.634163560048254382e+01 1.179552468011923344e-01 1.786584844936645711e+00
2.630697844399053054e+01 1.181127578985139148e-01 1.784234271437857622e+00
2.627255825749746521e+01 1.182702689958354814e-01 1.781899770100086711e+00
2.623836765683112304e+01 1.184277800931570479e-01 1.779580840102108041e+00
2.620439934811045291e+01 1.185852911904786283e-01 1.777276986746572085e+00
2.617064612644782784e+01 1.187428022878001949e-01 1.774987721371982907e+00
2.613710087468378873e+01 1.189003133851217753e-01 1.772712561266886366e+00
2.610375656215346751e+01 1.190578244824433418e-01 1.770451029586203040e+00
2.607060624348449096e+01 1.192153355797649084e-01 1.768202655269699664e+00
2.603764305742430096e+01 1.193728466770864888e-01 1.765966972962452308e+00
2.600486022569790023e+01 1.195303577744080553e-01 1.763743522937373909e+00
2.597225105189363248e+01 1.196878688717296219e-01 1.761531851019646044e+00
2.593980892037709296e+01 1.198453799690512023e-01 1.759331508513054088e+00
2.590752729523294207e+01 1.200028910663727688e-01 1.757142052128219945e+00
2.587539971923284909e+01 1.201604021636943492e-01 1.754963043912599607e+00
2.584341981282977940e+01 1.203179132610159158e-01 1.752794051182278601e+00
2.581158127317761597e+01 1.204754243583374823e-01 1.750634646455473398e+00
2.577987787317590573e+01 1.206329354556590627e-01 1.748484407387744577e+00
2.574830346053782293e+01 1.207904465529806293e-01 1.746342916708785831e+00
2.571685195688304759e+01 1.209479576503022097e-01 1.744209762160892740e+00
2.568551735685264603e+01 1.211054687476237762e-01 1.742084536438939679e+00
2.565429372724702262e+01 1.212629798449453428e-01 1.739966837131904809e+00
2.562317520618499600e+01 1.214204909422669232e-01 1.737856266665837701e+00
2.559215600228534271e+01 1.215780020395884897e-01 1.735752432248354404e+00
2.556123039386790552e+01 1.217355131369100563e-01 1.733654945814443016e+00
2.553039272817635563e+01 1.218930242342316367e-01 1.731563423973759619e+00
2.549963742061928329e+01 1.220505353315532032e-01 1.729477487959147020e+00
2.546895895403180532e+01 1.222080464288747836e-01 1.727396763576562577e+00
2.543835187795543717e+01 1.223655575261963502e-01 1.725320881156229724e+00
2.540781080793639291e+01 1.225230686235179167e-01 1.723249475505048922e+00
2.537733042484163093e+01 1.226805797208394971e-01 1.721182185860211211e+00
2.534690547409446282e+01 1.228380908181610637e-01 1.719118655837351239e+00
2.531653062379468366e+01 1.229956019154826441e-01 1.717058523807744042e+00
2.528620018492378563e+01 1.231531130128042106e-01 1.715001403921610379e+00
2.525590845969458087e+01 1.233106241101257772e-01 1.712946909734450518e+00
2.522564982038774417e+01 1.234681352074473576e-01 1.710894659554017760e+00
2.519541870869529276e+01 1.236256463047689241e-01 1.708844276395793171e+00
2.516520963508142472e+01 1.237831574020905046e-01 1.706795387939636477e+00
2.513501717816211922e+01 1.239406684994120711e-01 1.704747626487707057e+00
2.510483598410098693e+01 1.240981795967336376e-01 1.702700628923488502e+00
2.507466076602228711e+01 1.242556906940552180e-01 1.700654036671978009e+00
2.504448630344012727e+01 1.244132017913767846e-01 1.698607495660971578e+00
2.501430744170327714e+01 1.245707128886983511e-01 1.696560656283407909e+00
2.498411909145579202e+01 1.247282239860199315e-01 1.694513173360790548e+00
2.495391622811211008e+01 1.248857350833414981e-01 1.692464706107581929e+00
2.492369389134726632e+01 1.250432461806630924e-01 1.690414918096633468e+00
2.489344718460037598e+01 1.252007572779846589e-01 1.688363477225504283e+00
2.486317127459311038e+01 1.253582683753062255e-01 1.686310055683804876e+00
2.483286139086012767e+01 1.255157794726277920e-01 1.684254329921348381e+00
2.480251282529346923e+01 1.256732905699493585e-01 1.682195980617253950e+00
2.477212093169906026e+01 1.258308016672709251e-01 1.680134692649861705e+00
2.474168112536589348e+01 1.259883127645924916e-01 1.678070155067517000e+00
2.471118888264630087e+01 1.261458238619140859e-01 1.676002061060098303e+00
2.468063974054853915e+01 1.263033349592356525e-01 1.673930107931391520e+00
2.465002929634000139e+01 1.264608460565572190e-01 1.671853997072173081e+00
2.461935320716152020e+01 1.266183571538787855e-01 1.669773433934050866e+00
2.458860718965210168e+01 1.267758682512003521e-01 1.667688128004016113e+00
2.455778701958363186e+01 1.269333793485219464e-01 1.665597792779665465e+00
2.452688853150589665e+01 1.270908904458435129e-01 1.663502145745124228e+00
2.449590761840055109e+01 1.272484015431650795e-01 1.661400908347576255e+00
2.446484023134452457e+01 1.274059126404866460e-01 1.659293805974439096e+00
2.443368237918299712e+01 1.275634237378082125e-01 1.657180567931182180e+00
2.440243012820976176e+01 1.277209348351298068e-01 1.655060927419644612e+00
2.437107960185691979e+01 1.278784459324513734e-01 1.652934621516994662e+00
2.433962698039243477e+01 1.280359570297729399e-01 1.650801391155211295e+00
2.430806850062511515e+01 1.281934681270945064e-01 1.648660981101079281e+00
2.427640045561733828e+01 1.283509792244160730e-01 1.646513139936705672e+00
2.424461919440546254e+01 1.285084903217376673e-01 1.644357620040550527e+00
2.421272112172623636e+01 1.286660014190592338e-01 1.642194177568878199e+00
2.418070269775078884e+01 1.288235125163808004e-01 1.640022572437713322e+00
2.414856043782468831e+01 1.289810236137023669e-01 1.637842568305208912e+00
2.411629091364286737e+01 1.291385347110239334e-01 1.635653932651335518e+00
2.408389117321297235e+01 1.292960458083455277e-01 1.633456465261311941e+00
2.405135931819538087e+01 1.294535569056670943e-01 1.631250037382890650e+00
2.401869363277423375e+01 1.296110680029886608e-01 1.629034532643245159e+00
2.398589243516765279e+01 1.297685791003102274e-01 1.626809836977855417e+00
2.395295407746674599e+01 1.299260901976317939e-01 1.624575838619588097e+00
2.391987694547654186e+01 1.300836012949533882e-01 1.622332428087913225e+00
2.388665945855840178e+01 1.302411123922749547e-01 1.620079498178210065e+00
2.385330006947361170e+01 1.303986234895965213e-01 1.617816943951161823e+00
2.381979726422864019e+01 1.305561345869180878e-01 1.615544662722261160e+00
2.378614956192132368e+01 1.307136456842396544e-01 1.613262554051374087e+00
2.375235551458836625e+01 1.308711567815612486e-01 1.610970519732403572e+00
2.371841370705429952e+01 1.310286678788828152e-01 1.608668463783037073e+00
2.368432275678065935e+01 1.311861789762043817e-01 1.606356292434525823e+00
2.365008131371719813e+01 1.313436900735259483e-01 1.604033914121585580e+00
2.361568806015320732e+01 1.315012011708475148e-01 1.601701239472317573e+00
2.358114171056985242e+01 1.316587122681690813e-01 1.599358181298194070e+00
2.354644101149389712e+01 1.318162233654906756e-01 1.597004654584131655e+00
2.351158474135129595e+01 1.319737344628122422e-01 1.594640576478570271e+00
2.347657171032211920e+01 1.321312455601338087e-01 1.592265866283624653e+00
2.344140076019548502e+01 1.322887566574553753e-01 1.589880445445248647e+00
2.340607076422594091e+01 1.324462677547769418e-01 1.587484237543500543e+00
2.337058062698952554e+01 1.326037788520985361e-01 1.585077168282770010e+00
2.333492928424062285e+01 1.327612899494201026e-01 1.582659165482075636e+00
2.329911570276940580e+01 1.329188010467416692e-01 1.580230159065397100e+00
2.326313888025899601e+01 1.330763121440632357e-01 1.577790081051984039e+00
2.322699784514396626e+01 1.332338232413848023e-01 1.575338865546761058e+00
2.319069165646799746e+01 1.333913343387063966e-01 1.572876448730672339e+00
2.315421940374250198e+01 1.335488454360279631e-01 1.570402768851095310e+00
2.311758020680500181e+01 1.337063565333495296e-01 1.567917766212231889e+00
2.308077321567794371e+01 1.338638676306710962e-01 1.565421383165534808e+00
2.304379761042744690e+01 1.340213787279926627e-01 1.562913564100127273e+00
2.300665260102165988e+01 1.341788898253142570e-01 1.560394255433197541e+00
2.296933742719027549e+01 1.343364009226358236e-01 1.557863405600466544e+00
2.293185135828237975e+01 1.344939120199573901e-01 1.555320965046552928e+00
2.289419369312563646e+01 1.346514231172789566e-01 1.552766886215414699e+00
2.285636375988454816e+01 1.348089342146005232e-01 1.550201123540744019e+00
2.281836091591904392e+01 1.349664453119221175e-01 1.547623633436370216e+00
2.278018454764227485e+01 1.351239564092436840e-01 1.545034374286617940e+00
2.274183407037887505e+01 1.352814675065652505e-01 1.542433306436691964e+00
2.270330892822207147e+01 1.354389786038868171e-01 1.539820392182988051e+00
2.266460859389176008e+01 1.355964897012083836e-01 1.537195595763465317e+00
2.262573257295048990e+01 1.357540007985299779e-01 1.534558883643591276e+00
2.258668121028120979e+01 1.359115118958515445e-01 1.531910279214571124e+00
2.254745661983644212e+01 1.360690229931731110e-01 1.529249925852299796e+00
2.250806113651008644e+01 1.362265340904946775e-01 1.526577981917712545e+00
2.246849708431509285e+01 1.363840451878162441e-01 1.523894605033758953e+00
2.242876677632758486e+01 1.365415562851378384e-01 1.521199952081614626e+00
2.238887251463166450e+01 1.366990673824594049e-01 1.518494179196936189e+00
2.234881659026668288e+01 1.368565784797809715e-01 1.515777441766285039e+00
2.230860128317580759e+01 1.370140895771025380e-01 1.513049894423639907e+00
2.226822886215675013e+01 1.371716006744241045e-01 1.510311691047053095e+00
2.222770158481412039e+01 1.373291117717456711e-01 1.507562984755423496e+00
2.218702169751313491e+01 1.374866228690672654e-01 1.504803927905348226e+00
2.214619143533542811e+01 1.376441339663888319e-01 1.502034672088138567e+00
2.210521302203649086e+01 1.378016450637103985e-01 1.499255368126918730e+00
2.206408867000425644e+01 1.379591561610319650e-01 1.496466166073827209e+00
2.202282058022019129e+01 1.381166672583535315e-01 1.493667215207376664e+00
2.198141094222115655e+01 1.382741783556751258e-01 1.490858664029862890e+00
2.193986193406324503e+01 1.384316894529966924e-01 1.488040660264913662e+00
2.189817572228729858e+01 1.385892005503182589e-01 1.485213350855152825e+00
2.185635446188553388e+01 1.387467116476398254e-01 1.482376881959935444e+00
2.181440029627031763e+01 1.389042227449613920e-01 1.479531398953225274e+00
2.177231535724381928e+01 1.390617338422829863e-01 1.476677046421545514e+00
2.173010176496956802e+01 1.392192449396045528e-01 1.473813968162041910e+00
2.168776162794538820e+01 1.393767560369261194e-01 1.470942307180650221e+00
2.164529704297777357e+01 1.395342671342476859e-01 1.468062205690358724e+00
2.160271009515756191e+01 1.396917782315692524e-01 1.465173805109557303e+00
2.156000285783734682e+01 1.398492893288908467e-01 1.462277246060504909e+00
2.151717739260984530e+01 1.400068004262124133e-01 1.459372668367865167e+00
2.147423574928822276e+01 1.401643115235339798e-01 1.456460211057367671e+00
2.143117996588713225e+01 1.403218226208555464e-01 1.453540012354525901e+00
2.138801206860559745e+01 1.404793337181771129e-01 1.450612209683473708e+00
2.134473407181101834e+01 1.406368448154987072e-01 1.447676939665882179e+00
2.130134797802456248e+01 1.407943559128202737e-01 1.444734338119968653e+00
2.125785577790778191e+01 1.409518670101418403e-01 1.441784540059586339e+00
2.121425945025016802e+01 1.411093781074634068e-01 1.438827679693384987e+00
2.117056096195899784e+01 1.412668892047849734e-01 1.435863890424118772e+00
2.112676226804920177e+01 1.414244003021065677e-01 1.432893304847958404e+00
2.108286531163514610e+01 1.415819113994281342e-01 1.429916054753937793e+00
2.103887202392349565e+01 1.417394224967497007e-01 1.426932271123465323e+00
2.099478432420732332e+01 1.418969335940712673e-01 1.423942084129929508e+00
2.095060411986086280e+01 1.420544446913928338e-01 1.420945623138337277e+00
2.090633330633644249e+01 1.422119557887144281e-01 1.417943016705109471e+00
2.086197376716165053e+01 1.423694668860359946e-01 1.414934392577889000e+00
2.081752737393774311e+01 1.425269779833575612e-01 1.411919877695431813e+00
2.077299598674800762e+01 1.426844890806791277e-01 1.408899598215302529e+00
2.072838204888926228e+01 1.428420001780006943e-01 1.405873719850713410e+00
2.068368976254168246e+01 1.429995112753222608e-01 1.402842527608699097e+00
2.063892361315414803e+01 1.431570223726438551e-01 1.399806325708598642e+00
2.059408803322842729e+01 1.433145334699654216e-01 1.396765414778687653e+00
2.054918740254262843e+01 1.434720445672869882e-01 1.393720091871332611e+00
2.050422604838209395e+01 1.436295556646085547e-01 1.390670650478651238e+00
2.045920824577779129e+01 1.437870667619301213e-01 1.387617380548680446e+00
2.041413821775132575e+01 1.439445778592517156e-01 1.384560568501995270e+00
2.036902013556704816e+01 1.441020889565732821e-01 1.381500497248805637e+00
2.032385811899072081e+01 1.442596000538948486e-01 1.378437446206501660e+00
2.027865623655381810e+01 1.444171111512164152e-01 1.375371691317579748e+00
2.023341850582499291e+01 1.445746222485379817e-01 1.372303505068053209e+00
2.018814889368652388e+01 1.447321333458595760e-01 1.369233156506202143e+00
2.014285131661669936e+01 1.448896444431811426e-01 1.366160911261726119e+00
2.009752964097783945e+01 1.450471555405027091e-01 1.363087031565278995e+00
2.005218768330913903e+01 1.452046666378242756e-01 1.360011776268330808e+00
2.000682921062503539e+01 1.453621777351458422e-01 1.356935400863404029e+00
1.996145794071783186e+01 1.455196888324674365e-01 1.353858157504595150e+00
1.991607754246555473e+01 1.456771999297890030e-01 1.350780295028461531e+00
1.987069163614352973e+01 1.458347110271105695e-01 1.347702058975148942e+00
1.982530379374117757e+01 1.459922221244321361e-01 1.344623691609875937e+00
1.977991753928187890e+01 1.461497332217537026e-01 1.341545431944635824e+00
1.973453634914729093e+01 1.463072443190752969e-01 1.338467515760184634e+00
1.968916365240526289e+01 1.464647554163968635e-01 1.335390175628285991e+00
1.964380283114119408e+01 1.466222665137184300e-01 1.332313640934184251e+00
1.959845722079290553e+01 1.467797776110399965e-01 1.329238137899317662e+00
1.955313011048849248e+01 1.469372887083615631e-01 1.326163889604228263e+00
1.950782474338724271e+01 1.470947998056831574e-01 1.323091116011692048e+00
1.946254431702357479e+01 1.472523109030047239e-01 1.320020033990037422e+00
1.941729198365361952e+01 1.474098220003262905e-01 1.316950857336660397e+00
1.937207085060414613e+01 1.475673330976478570e-01 1.313883796801680104e+00
1.932688398062418855e+01 1.477248441949694235e-01 1.310819060111798162e+00
1.928173439223857599e+01 1.478823552922910178e-01 1.307756851994266389e+00
1.923662506010395390e+01 1.480398663896125844e-01 1.304697374201040816e+00
1.919155891536653513e+01 1.481973774869341509e-01 1.301640825533040280e+00
1.914653884602144984e+01 1.483548885842557175e-01 1.298587401864524704e+00
1.910156769727446502e+01 1.485123996815772840e-01 1.295537296167622143e+00
1.905664827190435417e+01 1.486699107788988505e-01 1.292490698536910898e+00
1.901178333062734183e+01 1.488274218762204448e-01 1.289447796214132858e+00
1.896697559246291931e+01 1.489849329735420114e-01 1.286408773613008316e+00
1.892222773510000877e+01 1.491424440708635779e-01 1.283373812344069664e+00
1.887754239526520905e+01 1.492999551681851444e-01 1.280343091239636077e+00
1.883292216909102379e+01 1.494574662655067110e-01 1.277316786378785762e+00
1.878836961248590143e+01 1.496149773628283053e-01 1.274295071112464095e+00
1.874388724150394481e+01 1.497724884601498718e-01 1.271278116088541132e+00
1.869947753271595658e+01 1.499299995574714384e-01 1.268266089276993913e+00
1.865514300629928712e+01 1.500875106547930049e-01 1.265259161605349458e+00
1.861088692462157823e+01 1.502450217521145714e-01 1.262257554339161869e+00
1.856671292849910060e+01 1.504025328494361657e-01 1.259261514411737171e+00
1.852262460499287045e+01 1.505600439467577323e-01 1.256271285110507119e+00
1.847862548340425093e+01 1.507175550440792988e-01 1.253287105805433344e+00
1.843471903585688665e+01 1.508750661414008654e-01 1.250309211988479996e+00
1.839090867788073780e+01 1.510325772387224319e-01 1.247337835313221177e+00
1.834719776899742882e+01 1.511900883360440262e-01 1.244373203634545177e+00
1.830358961330821899e+01 1.513475994333655927e-01 1.241415541048529914e+00
1.826008746008237793e+01 1.515051105306871593e-01 1.238465067932351227e+00
1.821669450434708537e+01 1.516626216280087258e-01 1.235522000984289770e+00
1.817341388747895081e+01 1.518201327253302924e-01 1.232586553263848472e+00
1.813024869779509984e+01 1.519776438226518867e-01 1.229658934231848466e+00
1.808720197114595152e+01 1.521351549199734532e-01 1.226739349790627154e+00
1.804427669150796021e+01 1.522926660172950197e-01 1.223828002324241604e+00
1.800147579157632549e+01 1.524501771146165863e-01 1.220925090738671503e+00
1.795880215335832730e+01 1.526076882119381528e-01 1.218030810502056749e+00
1.791625860876597187e+01 1.527651993092597471e-01 1.215145353684895735e+00
1.787384794020888990e+01 1.529227104065813136e-01 1.212268909000256079e+00
1.783157288118604100e+01 1.530802215039028802e-01 1.209401661843909181e+00
1.778943611687768822e+01 1.532377326012244467e-01 1.206543794334475228e+00
1.774744028473570623e+01 1.533952436985460133e-01 1.203695485353464045e+00
1.770558797507388960e+01 1.535527547958676076e-01 1.200856910585311743e+00
1.766388173165637809e+01 1.537102658931891741e-01 1.198028242557286571e+00
1.762232405228518317e+01 1.538677769905107406e-01 1.195209650679341706e+00
1.758091738938676585e+01 1.540252880878323072e-01 1.192401301283893655e+00
1.753966415059643325e+01 1.541827991851538737e-01 1.189603357665464323e+00
1.749856669934175812e+01 1.543403102824754403e-01 1.186815980120246250e+00
1.745762735542404087e+01 1.544978213797970346e-01 1.184039325985537516e+00
1.741684839559770737e+01 1.546553324771186011e-01 1.181273549679047852e+00
1.737623205414828931e+01 1.548128435744401676e-01 1.178518802738088844e+00
1.733578052346805620e+01 1.549703546717617342e-01 1.175775233858619595e+00
1.729549595462933809e+01 1.551278657690833007e-01 1.173042988934134279e+00
1.725538045795593689e+01 1.552853768664048950e-01 1.170322211094413367e+00
1.721543610359192655e+01 1.554428879637264616e-01 1.167613040744102326e+00
1.717566492206828244e+01 1.556003990610480281e-01 1.164915615601144872e+00
1.713606890486663659e+01 1.557579101583695946e-01 1.162230070735015497e+00
1.709665000498074861e+01 1.559154212556911612e-01 1.159556538604805009e+00
1.705741013747498513e+01 1.560729323530127555e-01 1.156895149097091791e+00
1.701835118004029468e+01 1.562304434503343220e-01 1.154246029563657405e+00
1.697947497354704893e+01 1.563879545476558885e-01 1.151609304858978167e+00
1.694078332259547537e+01 1.565454656449774551e-01 1.148985097377557052e+00
1.690227799606211789e+01 1.567029767422990216e-01 1.146373527090988276e+00
1.686396072764469167e+01 1.568604878396206159e-01 1.143774711584912174e+00
1.682583321640224838e+01 1.570179989369421825e-01 1.141188766095648566e+00
1.678789712729339101e+01 1.571755100342637490e-01 1.138615803546701333e+00
1.675015409171054159e+01 1.573330211315853155e-01 1.136055934584995875e+00
1.671260570801133483e+01 1.574905322289068821e-01 1.133509267616919169e+00
1.667525354204646248e+01 1.576480433262284764e-01 1.130975908844118472e+00
1.663809900511987294e+01 1.578055544235500429e-01 1.128455953986324367e+00
1.660114295698537745e+01 1.579630655208716095e-01 1.125949461355144177e+00
1.656438609708711596e+01 1.581205766181931760e-01 1.123456478389405877e+00
1.656438609708711596e+01 1.581205766181931760e-01 1.123456478389405655e+00
1.286744845687952221e+01 1.826842454521749870e-01 8.732318793373459176e-01
1.090718331761285853e+01 2.073525430377324841e-01 5.901015704565205633e-01
8.625874090946760830e+00 2.322407203492417860e-01 4.889950152378633730e-01
7.494809267773993255e+00 2.568837818198746459e-01 4.548521440203927013e-01
6.308105414609630479e+00 2.811184729179193598e-01 2.879239126216137090e-01
5.514903930595416170e+00 3.057758170190760794e-01 2.166143258686712147e-01
4.797200683172324176e+00 3.308749588216616799e-01 1.842655372850554030e-01
4.175826985965081839e+00 3.553458836143503774e-01 1.501376545245630967e-01
3.766105455458883977e+00 3.797183506574301481e-01 1.547931400255309620e-01
3.314282625354782574e+00 4.042043120935024936e-01 8.668858167232768031e-02
3.006289734674892689e+00 4.287407985369371399e-01 6.515145887124106083e-02
2.730857700097105045e+00 4.533371424922238990e-01 5.483049660885867121e-02
2.458074766142507972e+00 4.779959634912051558e-01 7.999462024498425750e-02
2.239858892864400541e+00 5.026629933946460405e-01 5.403975757131949248e-02
2.072982151330127643e+00 5.271487506500315279e-01 5.758981813975669328e-02
1.925390870745582461e+00 5.515427964227138657e-01 3.980551202170859448e-02
1.792037459550054557e+00 5.762240530263548210e-01 3.480176606717876042e-02
1.667186824956577107e+00 6.007285446297923048e-01 2.669296131562506891e-02
1.550122763882335608e+00 6.252568531449649303e-01 4.434256566453703002e-02
1.481504722082731096e+00 6.499965502683907603e-01 4.161722047236843247e-02
1.403280429630638260e+00 6.746857991314229031e-01 3.096839421923238203e-02
1.353237477003734313e+00 6.991270364754236244e-01 2.390884813904322823e-02
1.310750702752531582e+00 7.235756604093172006e-01 2.130755474627216151e-02
1.296381903819125103e+00 7.479714013051395050e-01 2.635583615218524411e-02
1.287388136492073620e+00 7.726132299420060967e-01 2.162516863258812441e-02
1.274492052459151870e+00 7.972349387995918413e-01 2.371043235275174105e-02
1.227811175895409113e+00 8.217736356692634248e-01 2.936303316405720551e-02
1.188011894741785479e+00 8.463200505719705724e-01 2.146834999343421105e-02
1.153961411029222006e+00 8.708218859006343626e-01 2.010670197853918137e-02
1.136386716469059310e+00 8.954790463233904818e-01 1.887662298532924096e-02
1.115921478287613011e+00 9.199626960429320155e-01 1.979043609832393386e-02
1.116999347434272760e+00 9.443606208269833546e-01 2.689049858597277951e-02
1.117990292645045791e+00 9.688687146412832130e-01 2.597054844345990723e-02
1.114615919049990023e+00 9.930926048855095445e-01 3.271439231629202221e-02
1.137753656127046709e+00 1.017620455362175491e+00 2.396473298872409466e-02
1.173731010963063426e+00 1.042409919186157552e+00 3.109279227196234605e-02
1.231914960578115448e+00 1.066789561870425063e+00 2.649334588992536058e-02
1.257876518240461650e+00 1.090909765172895618e+00 3.518087321428254449e-02
1.242291748086464143e+00 1.115651582439790346e+00 6.084206810287200173e-02
1.275427082356306530e+00 1.140641543091339027e+00 3.894755946697547183e-02
1.294669498978699540e+00 1.164692026865203012e+00 7.332975723319012928e-02
1.341517125094741747e+00 1.188605021497627590e+00 5.916921037834171199e-02
1.435401977035284382e+00 1.214006438167991364e+00 5.683841162132998587e-02
1.545995728781082823e+00 1.240498485730926914e+00 7.713113486928412088e-02
1.752134110052978144e+00 1.264816150349954427e+00 1.541672808449838228e-01
1.849327551879731857e+00 1.284554513240047102e+00 2.177808230947272106e-01
2.014939594726322003e+00 1.309527810458392949e+00 3.283085217134026901e-01
2.907715069048556256e+00 1.335814856768205550e+00 4.596030588218184554e-01
2.746381691142081749e+00 1.360349523175663267e+00 3.567333793072339443e+00
