6.263959984473890685e+00 7.669903939428205850e-04 4.260574281623484838e-01
7.466024787708684940e+00 9.245014912643925459e-04 5.078185888051570673e-01
8.645895877219613723e+00 1.082012588585964507e-03 5.880701937333705498e-01
9.803644517625869526e+00 1.239523685907536251e-03 6.668170901714985943e-01
1.093925450149759016e+01 1.397034783229108429e-03 7.440581757344848501e-01
1.205266977756052782e+01 1.554545880550680173e-03 8.197896379679382450e-01
1.314386005458612949e+01 1.712056977872252134e-03 8.940094165453292829e-01
1.421282066186918946e+01 1.869568075193824095e-03 9.667171937780624225e-01
1.525960957840583099e+01 2.027079172515396273e-03 1.037916913238899896e+00
1.628428469717514915e+01 2.184590269836968017e-03 1.107612512649960301e+00
1.728699733379857406e+01 2.342101367158539761e-03 1.175814284086011741e+00
1.826790092556101897e+01 2.499612464480111939e-03 1.242532663931572356e+00
1.922717437383075989e+01 2.657123561801683683e-03 1.307779820568470752e+00
2.016505926056985487e+01 2.814634659123255861e-03 1.371572185741116057e+00
2.108180938321803310e+01 2.972145756444827605e-03 1.433927022057300382e+00
2.197767522139868746e+01 3.129656853766399783e-03 1.494861366456024410e+00
2.285294238705592562e+01 3.287167951087971527e-03 1.554394645480665860e+00
2.370792533750729447e+01 3.444679048409543271e-03 1.612548247658020628e+00
2.454293941193531481e+01 3.602190145731115449e-03 1.669343621496930830e+00
2.535829121884109227e+01 3.759701243052687193e-03 1.724801621669161733e+00
2.615430301605093888e+01 3.917212340374259805e-03 1.778944167270783749e+00
2.693131038412170497e+01 4.074723437695831549e-03 1.831794083573566212e+00
2.768965803469326303e+01 4.232234535017403293e-03 1.883374816920574846e+00
2.842968217623290528e+01 4.389745632338975037e-03 1.933709235292327522e+00
2.915170768479595509e+01 4.547256729660546781e-03 1.982819435869674463e+00
2.985606403474914927e+01 4.704767826982118525e-03 2.030727828598029028e+00
3.054308431870446228e+01 4.862278924303691137e-03 2.077457069525955546e+00
3.121310354336896609e+01 5.019790021625262881e-03 2.123029944893527698e+00
3.186645698941914517e+01 5.177301118946834625e-03 2.167469259575472318e+00
3.250346858808890715e+01 5.334812216268406369e-03 2.210797046488470308e+00
3.312444655296528140e+01 5.492323313589978981e-03 2.253034269477840468e+00
3.372969790350506258e+01 5.649834410911550725e-03 2.294201811167432492e+00
3.431952884841805940e+01 5.807345508233122469e-03 2.334320499036302898e+00
3.489424402675864201e+01 5.964856605554694213e-03 2.373411053799835635e+00
3.545414586761870623e+01 6.122367702876265957e-03 2.411494045857812907e+00
3.599953405164352205e+01 6.279878800197838569e-03 2.448589858668191344e+00
3.653070199968943399e+01 6.437389897519410313e-03 2.484718449915205518e+00
3.704792234026961495e+01 6.594900994840982057e-03 2.519898363044768441e+00
3.755145941171038260e+01 6.752412092162553801e-03 2.554147577626950216e+00
3.804157560650914860e+01 6.909923189484126413e-03 2.587483940881867284e+00
3.851853101594640094e+01 7.067434286805698157e-03 2.619925143507145560e+00
3.898258311895187944e+01 7.224945384127269901e-03 2.651488698515463760e+00
3.943398651782693776e+01 7.382456481448841645e-03 2.682191923259100275e+00
3.987299271507900755e+01 7.539967578770413389e-03 2.712051924250830748e+00
4.029984992636594399e+01 7.697478676091986001e-03 2.741085584440908551e+00
4.071480143746526181e+01 7.854989773413558612e-03 2.769309451462612426e+00
4.111807028169730671e+01 8.012500870735128622e-03 2.796738695432460009e+00
4.150986670046651739e+01 8.170011968056702101e-03 2.823387616395842237e+00
4.189039918611170066e+01 8.327523065378272110e-03 2.849270395431479752e+00
4.225987446546583470e+01 8.485034162699845589e-03 2.874401093533217821e+00
4.261849732519021927e+01 8.642545260021415598e-03 2.898793639729732696e+00
4.296647045979747048e+01 8.800056357342989077e-03 2.922461820747463968e+00
4.330399434002755044e+01 8.957567454664562556e-03 2.945419272057921756e+00
4.363126709949101922e+01 9.115078551986132566e-03 2.967679470167458700e+00
4.394848443770968061e+01 9.272589649307706045e-03 2.989255726022370663e+00
4.425583953788657965e+01 9.430100746629276054e-03 3.010161179415836941e+00
4.455352277974616015e+01 9.587611843950849533e-03 3.030408779456080115e+00
4.484171004652304759e+01 9.745122941272419542e-03 3.050010489239737943e+00
4.512055785828209764e+01 9.902634038593993021e-03 3.068976954833584792e+00
4.539022064419283709e+01 1.006014513591556303e-02 3.087318680087419054e+00
4.565085212329925923e+01 1.021765623323713651e-02 3.105046120550235322e+00
4.590260517154226960e+01 1.037516733055870999e-02 3.122169674425469665e+00
4.614563170182150031e+01 1.053267842788028000e-02 3.138699674413118146e+00
4.638008255600998098e+01 1.069018952520185348e-02 3.154646380364881875e+00
4.660610740792427009e+01 1.084770062252342349e-02 3.170019972684447129e+00
4.682385467634350107e+01 1.100521171984499696e-02 3.184830546411294261e+00
4.703347144725303508e+01 1.116272281716656697e-02 3.199088105931913617e+00
4.723510340455352718e+01 1.132023391448814045e-02 3.212802560266826202e+00
4.742889476854622899e+01 1.147774501180971046e-02 3.225983718886527463e+00
4.761498824156062426e+01 1.163525610913128394e-02 3.238641288013219821e+00
4.779352460065425845e+01 1.179276720645285742e-02 3.250784842917376238e+00
4.796463032861235831e+01 1.195027830377442743e-02 3.262422986612158127e+00
4.812841543309949799e+01 1.210778940109600091e-02 3.273563201518073118e+00
4.828498908594324490e+01 1.226530049841757092e-02 3.284212913204282547e+00
4.843446054841106729e+01 1.242281159573914440e-02 3.294379553323400156e+00
4.857693906266522532e+01 1.258032269306071441e-02 3.304070552228562718e+00
4.871253375124608453e+01 1.273783379038228789e-02 3.313293332136550084e+00
4.884135352403789199e+01 1.289534488770385789e-02 3.322055300799851008e+00
4.896350699220990066e+01 1.305285598502543137e-02 3.330363845653183219e+00
4.907910238866733721e+01 1.321036708234700485e-02 3.338226328402775334e+00
4.918824749457571954e+01 1.336787817966857486e-02 3.345650080028758744e+00
4.929104957156384614e+01 1.352538927699014834e-02 3.352642396173796335e+00
4.938761529922346227e+01 1.368290037431171835e-02 3.359210532891984347e+00
4.947805071756867790e+01 1.384041147163329183e-02 3.365361702735094607e+00
4.956246117412729291e+01 1.399792256895486184e-02 3.371103071153876751e+00
4.964095127536715779e+01 1.415543366627643532e-02 3.376441753194207696e+00
4.971362484217851829e+01 1.431294476359800533e-02 3.381384810469122648e+00
4.978058479432109351e+01 1.447045586091957881e-02 3.385939243299225687e+00
4.984192619703154747e+01 1.462796695824115228e-02 3.390111517761939641e+00
4.989773116950231469e+01 1.478547805556272229e-02 3.393907219380166485e+00
4.994808075337233788e+01 1.494298915288429577e-02 3.397331860384558144e+00
4.999305620632909353e+01 1.510050025020586578e-02 3.400390967700807288e+00
5.003273892724675420e+01 1.525801134752743926e-02 3.403090077857730655e+00
5.006721038590267625e+01 1.541552244484900927e-02 3.405434732206794379e+00
5.009655205701731973e+01 1.557303354217058275e-02 3.407430472435670765e+00
5.012084535837107069e+01 1.573054463949215276e-02 3.409082836359133228e+00
5.014017159277088354e+01 1.588805573681372624e-02 3.410397353971768908e+00
5.015461189365350947e+01 1.604556683413529972e-02 3.411379543748077836e+00
5.016424717412246537e+01 1.620307793145686973e-02 3.412034909176080433e+00
5.016915807923579962e+01 1.636058902877844320e-02 3.412368935512091195e+00
5.016942494136223729e+01 1.651810012610001321e-02 3.412387086744147258e+00
5.016512773844280559e+01 1.667561122342158669e-02 3.412094802753080192e+00
5.015634605500079601e+01 1.683312232074316017e-02 3.411497496660526707e+00
5.014315904575333604e+01 1.699063341806473018e-02 3.410600552353880932e+00
5.012564540168519045e+01 1.714814451538630366e-02 3.409409322178734492e+00
5.010388331845297927e+01 1.730565561270787367e-02 3.407929124789805364e+00
5.007795046699873609e+01 1.746316671002944715e-02 3.406165243152168287e+00
5.004792396625320805e+01 1.762067780735101716e-02 3.404122922684594155e+00
5.001388035480142946e+01 1.777818890467259064e-02 3.401807369332327191e+00
4.997589488517406409e+01 1.793570000199416065e-02 3.399223701566716827e+00
4.993404069058671269e+01 1.809321109931573412e-02 3.396376893709085021e+00
4.988839017479180171e+01 1.825072219663730760e-02 3.393271870464670936e+00
4.983901520968534271e+01 1.840823329395887761e-02 3.389913520363295518e+00
4.978598711353775030e+01 1.856574439128045109e-02 3.386306694278681473e+00
4.972937663082515769e+01 1.872325548860202110e-02 3.382456204056626170e+00
4.966925391358236652e+01 1.888076658592359458e-02 3.378366821246697516e+00
4.960568850419566900e+01 1.903827768324516459e-02 3.374043275931828845e+00
4.953874931956598715e+01 1.919578878056673807e-02 3.369490255651160560e+00
4.946850463657209218e+01 1.935329987788830808e-02 3.364712404411267510e+00
4.939502207876535778e+01 1.951081097520988156e-02 3.359714321781186008e+00
4.931836860423635471e+01 1.966832207253145504e-02 3.354500562067126879e+00
4.923861049459238615e+01 1.982583316985302505e-02 3.349075633562756948e+00
4.915581334498774879e+01 1.998334426717459852e-02 3.343443997871092588e+00
4.907004205515542594e+01 2.014085536449616853e-02 3.337610069294488557e+00
4.898136082138788794e+01 2.029836646181774201e-02 3.331578214289201867e+00
4.888983312941624604e+01 2.045587755913931202e-02 3.325352750981048544e+00
4.879552174814524079e+01 2.061338865646088550e-02 3.318937948739278720e+00
4.869848872419564856e+01 2.077089975378245551e-02 3.312338027805358021e+00
4.859879537721530340e+01 2.092841085110402899e-02 3.305557158974037790e+00
4.849650229591632211e+01 2.108592194842560247e-02 3.298599463323832470e+00
4.839166933480182564e+01 2.124343304574717248e-02 3.291469011994355043e+00
4.828435561154525857e+01 2.140094414306874596e-02 3.284169826008085380e+00
4.817461950498712753e+01 2.155845524039031597e-02 3.276705876134109463e+00
4.806251865371726240e+01 2.171596633771188944e-02 3.269081082791683635e+00
4.794811001045459165e+01 2.187347743503345945e-02 3.261299319748997672e+00
4.783145583241895338e+01 2.203098853235503293e-02 3.253364821571895327e+00
4.771262862916051972e+01 2.218849962967660294e-02 3.245282520161683504e+00
4.759170051314674055e+01 2.234601072699817642e-02 3.237057320411197203e+00
4.746874192227954836e+01 2.250352182431974990e-02 3.228694013313899713e+00
4.734382165446350399e+01 2.266103292164131991e-02 3.220197278315116485e+00
4.721700690161928549e+01 2.281854401896289339e-02 3.211571685625544514e+00
4.708836328314454533e+01 2.297605511628446340e-02 3.202821698497161584e+00
4.695795487881894559e+01 2.313356621360603688e-02 3.193951675461344841e+00
4.682584426115283094e+01 2.329107731092760689e-02 3.184965872529130326e+00
4.669209252718007974e+01 2.344858840824918036e-02 3.175868445353679625e+00
4.655675932969603537e+01 2.360609950557075037e-02 3.166663451355002490e+00
4.641990290794278451e+01 2.376361060289232385e-02 3.157354851807077090e+00
4.628158011774389990e+01 2.392112170021389733e-02 3.147946513887542430e+00
4.614184646109111299e+01 2.407863279753546734e-02 3.138442212690092603e+00
4.600075611518914087e+01 2.423614389485704082e-02 3.128845633200036946e+00
4.585836196095839767e+01 2.439365499217861083e-02 3.119160372232969269e+00
4.571471561100408110e+01 2.455116608950018431e-02 3.109389940337148328e+00
4.556986743705510889e+01 2.470867718682175432e-02 3.099537763659827139e+00
4.542386659687778661e+01 2.486618828414332780e-02 3.089607185777836662e+00
4.527676106067021067e+01 2.502369938146489781e-02 3.079601469492867949e+00
4.512859763694319781e+01 2.518121047878647129e-02 3.069523798591820452e+00
4.497942199789488171e+01 2.533872157610804476e-02 3.059377279572711661e+00
4.482927870428284933e+01 2.549623267342961477e-02 3.049164943336412303e+00
4.467821122980372195e+01 2.565374377075118825e-02 3.038889746844881223e+00
4.452626198498398225e+01 2.581125486807275826e-02 3.028554574746149974e+00
4.437347234058957923e+01 2.596876596539433174e-02 3.018162240966579812e+00
4.421988265056417333e+01 2.612627706271590175e-02 3.007715490271064329e+00
4.406553227449743559e+01 2.628378816003747523e-02 2.997216999791259884e+00
4.391045959963566503e+01 2.644129925735904524e-02 2.986669380522677386e+00
4.375470206244095550e+01 2.659881035468061872e-02 2.976075178791095510e+00
4.359829616970200306e+01 2.675632145200219220e-02 2.965436877688443218e+00
4.344127769005967821e+01 2.691383254932376221e-02 2.954756910099859635e+00
4.328369021934302197e+01 2.707134364664533568e-02 2.944038241294411939e+00
4.312558866361172250e+01 2.722885474396690569e-02 2.933284605832132907e+00
4.296702702785618300e+01 2.738636584128847917e-02 2.922499676984777306e+00
4.280805743124480500e+01 2.754387693861004918e-02 2.911686999755655147e+00
4.264873016220818158e+01 2.770138803593162266e-02 2.900849994626292006e+00
4.248909373216390151e+01 2.785889913325319267e-02 2.889991961210646387e+00
4.232919492789991978e+01 2.801641023057476615e-02 2.879116081818087647e+00
4.216907886263604865e+01 2.817392132789633963e-02 2.868225424926459599e+00
4.200878902578325835e+01 2.833143242521790964e-02 2.857322948566562548e+00
4.184836733142275733e+01 2.848894352253948312e-02 2.846411503619581840e+00
4.168785416552582745e+01 2.864645461986105313e-02 2.835493837028838282e+00
4.152728843193678188e+01 2.880396571718262660e-02 2.824572594927433844e+00
4.136670759714184697e+01 2.896147681450419661e-02 2.813650325683302977e+00
4.120614773384613727e+01 2.911898791182577009e-02 2.802729482863196786e+00
4.104564356338381970e+01 2.927649900914734010e-02 2.791812428117317335e+00
4.088522849698150452e+01 2.943401010646891358e-02 2.780901433985926374e+00
4.072493467590237515e+01 2.959152120379048706e-02 2.769998686629849605e+00
4.056479301049156305e+01 2.974903230111205707e-02 2.759106288486234515e+00
4.040483321814837581e+01 2.990654339843363055e-02 2.748226260851312830e+00
4.024508386024717765e+01 3.006405449575520056e-02 2.737360546391661043e+00
4.008557237803199058e+01 3.022156559307677404e-02 2.726511011585657229e+00
3.992632512750715534e+01 3.037907669039834405e-02 2.715679449096640052e+00
3.976736741334798353e+01 3.053658778771991752e-02 2.704867580079421518e+00
3.960872352185361933e+01 3.069409888504148753e-02 2.694077056421659400e+00
3.945041675296582895e+01 3.085160998236306101e-02 2.683309462921667166e+00
3.929246945137511204e+01 3.100912107968463102e-02 2.672566319404191759e+00
3.913490303673783899e+01 3.116663217700620450e-02 2.661849082775681996e+00
3.897773803302474960e+01 3.132414327432777451e-02 2.651159149020503314e+00
3.882099409702433945e+01 3.148165437164934799e-02 2.640497855139649630e+00
3.866469004602091530e+01 3.163916546897092147e-02 2.629866481033343195e+00
3.850884388466881347e+01 3.179667656629248801e-02 2.619266251328934647e+00
3.835347283108428229e+01 3.195418766361406149e-02 2.608698337155604285e+00
3.819859334217419189e+01 3.211169876093563497e-02 2.598163857867151538e+00
3.804422113822196394e+01 3.226920985825720151e-02 2.587663882714267061e+00
3.789037122675062363e+01 3.242672095557877499e-02 2.577199432467623730e+00
3.773705792568187434e+01 3.258423205290034846e-02 2.566771480993104149e+00
3.758429488580988931e+01 3.274174315022192194e-02 2.556380956780394786e+00
3.743209511260823064e+01 3.289925424754349542e-02 2.546028744426240387e+00
3.728047098931840253e+01 3.305676534486506196e-02 2.535715686204867314e+00
3.712943639498800508e+01 3.321427644218663544e-02 2.525442726131135185e+00
3.697901057412039449e+01 3.337178753950820892e-02 2.515211173163538039e+00
3.682921293004608998e+01 3.352929863682978240e-02 2.505022347063551091e+00
3.668006192697434642e+01 3.368680973415134894e-02 2.494877503716196987e+00
3.653157512162496801e+01 3.384432083147292242e-02 2.484777837281543444e+00
3.638376919393483178e+01 3.400183192879449590e-02 2.474724482283283677e+00
3.623665997686539697e+01 3.415934302611606938e-02 2.464718515636158180e+00
3.609026248532849479e+01 3.431685412343764285e-02 2.454760958613405819e+00
3.594459094425653234e+01 3.447436522075920939e-02 2.444852778756031242e+00
3.579965881583503062e+01 3.463187631808078287e-02 2.434994891725076993e+00
3.565547882591953766e+01 3.478938741540235635e-02 2.425188163098436878e+00
3.551206298965900743e+01 3.494689851272392983e-02 2.415433410113684953e+00
3.536942263634287542e+01 3.510440961004549637e-02 2.405731403358107201e+00
3.522756843349618805e+01 3.526192070736706985e-02 2.396082868407582112e+00
3.508651041023885142e+01 3.541943180468864333e-02 2.386488487415422188e+00
3.494625797993035121e+01 3.557694290201021681e-02 2.376948900652597008e+00
3.480681996211835383e+01 3.573445399933179029e-02 2.367464708000618145e+00
3.466820460381099878e+01 3.589196509665335683e-02 2.358036470398428008e+00
3.453041960008913236e+01 3.604947619397493030e-02 2.348664711244380143e+00
3.439347211407928029e+01 3.620698729129650378e-02 2.339349917754754316e+00
3.425736879630209586e+01 3.636449838861807726e-02 2.330092542279776691e+00
3.412211580341671180e+01 3.652200948593964380e-02 2.320893003578566205e+00
3.398771881637448189e+01 3.667952058326121728e-02 2.311751688053895304e+00
3.385418305800180150e+01 3.683703168058279076e-02 2.302668950948136395e+00
3.372151331002604735e+01 3.699454277790436424e-02 2.293645117501306174e+00
3.358971392956169666e+01 3.715205387522593772e-02 2.284680484072418416e+00
3.345878886507156125e+01 3.730956497254750426e-02 2.275775319225114668e+00
3.332874167181777381e+01 3.746707606986907774e-02 2.266929864778602699e+00
3.319957552681879065e+01 3.762458716719065122e-02 2.258144336824988496e+00
3.307129324332448306e+01 3.778209826451222469e-02 2.249418926713836253e+00
3.294389728482605051e+01 3.793960936183379123e-02 2.240753802005081230e+00
3.281738977861216711e+01 3.809712045915536471e-02 2.232149107391081078e+00
3.269177252888567153e+01 3.825463155647693819e-02 2.223604965588777738e+00
3.256704702945356900e+01 3.841214265379851167e-02 2.215121478202839445e+00
3.244321447600433572e+01 3.856965375112008515e-02 2.206698726560727852e+00
3.232027577798170626e+01 3.872716484844165169e-02 2.198336772520314675e+00
3.219823157007056835e+01 3.888467594576322517e-02 2.190035659251134526e+00
3.207708222330454362e+01 3.904218704308479865e-02 2.181795411989878364e+00
3.195682785580648755e+01 3.919969814040637213e-02 2.173616038770938896e+00
3.183746834317509311e+01 3.935720923772793867e-02 2.165497531132880127e+00
3.171900332852488447e+01 3.951472033504951215e-02 2.157439864801328433e+00
3.160143223219435527e+01 3.967223143237108562e-02 2.149443000349293253e+00
3.148475426112890574e+01 3.982974252969265910e-02 2.141506883835368136e+00
3.136896841794949253e+01 3.998725362701423258e-02 2.133631447420559546e+00
3.125407350971855180e+01 4.014476472433579912e-02 2.125816609964515713e+00
3.114006815640918546e+01 4.030227582165737260e-02 2.118062277601581833e+00
3.102695079908977149e+01 4.045978691897894608e-02 2.110368344297492982e+00
3.091471970783133116e+01 4.061729801630051956e-02 2.102734692387207449e+00
3.080337285021854044e+01 4.077480911362208610e-02 2.095161183631396362e+00
3.069290710470853867e+01 4.093232021094365958e-02 2.087647605711249188e+00
3.058331885340545497e+01 4.108983130826523306e-02 2.080193712547383722e+00
3.047460438819170392e+01 4.124734240558680654e-02 2.072799251923780339e+00
3.036675991697560306e+01 4.140485350290838001e-02 2.065463965912734956e+00
3.025978156844005795e+01 4.156236460022994655e-02 2.058187591197844668e+00
3.015366539661996370e+01 4.171987569755152003e-02 2.050969859385353811e+00
3.004840738531135713e+01 4.187738679487309351e-02 2.043810497304053619e+00
2.994400345232027405e+01 4.203489789219466699e-02 2.036709227294271951e+00
2.984044945355382339e+01 4.219240898951623353e-02 2.029665767486145800e+00
2.973774118696182356e+01 4.234992008683780701e-02 2.022679832067708627e+00
2.963587439633141685e+01 4.250743118415938049e-02 2.015751131543006114e+00
2.953484477494110294e+01 4.266494228148095397e-02 2.008879372980616917e+00
2.943464796907820258e+01 4.282245337880252745e-02 2.002064260252910177e+00
2.933527958142425263e+01 4.297996447612409399e-02 1.995305494266311319e+00
2.923673517431312874e+01 4.313747557344566746e-02 1.988602773182904349e+00
2.913901027286610912e+01 4.329498667076724094e-02 1.981955792633677049e+00
2.904210036800725092e+01 4.345249776808881442e-02 1.975364245923614703e+00
2.894600091936477071e+01 4.361000886541038096e-02 1.968827824229044454e+00
2.885070735805995668e+01 4.376751996273195444e-02 1.962346216787331565e+00
2.875621508938959181e+01 4.392503106005352792e-02 1.955919111079326811e+00
2.866251949540387400e+01 4.408254215737510140e-02 1.949546193004715322e+00
2.856961593738485305e+01 4.424005325469667488e-02 1.943227147050586856e+00
2.847749975822685542e+01 4.439756435201824142e-02 1.936961656453348057e+00
2.838616628472376036e+01 4.455507544933981490e-02 1.930749403354299565e+00
2.829561082976633557e+01 4.471258654666138838e-02 1.924590068949089350e+00
2.820582869445109253e+01 4.487009764398296185e-02 1.918483333631150867e+00
2.811681517010550380e+01 4.502760874130452839e-02 1.912428877129457083e+00
2.802856554023155411e+01 4.518511983862610187e-02 1.906426378640711183e+00
2.794107508237005888e+01 4.534263093594767535e-02 1.900475516956151800e+00
2.785433906988946262e+01 4.550014203326924883e-02 1.894575970583228575e+00
2.776835277370125610e+01 4.565765313059082231e-02 1.888727417862273050e+00
2.768311146390341548e+01 4.581516422791238885e-02 1.882929537078282811e+00
2.759861041135686577e+01 4.597267532523396233e-02 1.877182006568153705e+00
2.751484488919431115e+01 4.613018642255553581e-02 1.871484504823297090e+00
2.743181017426655899e+01 4.628769751987710929e-02 1.865836710588020475e+00
2.734950154852586124e+01 4.644520861719867583e-02 1.860238302953620027e+00
2.726791430035097008e+01 4.660271971452024931e-02 1.854688961448502260e+00
2.718704372581393969e+01 4.676023081184182278e-02 1.849188366124352445e+00
2.710688512989161580e+01 4.691774190916339626e-02 1.843736197638535135e+00
2.702743382762387014e+01 4.707525300648496974e-02 1.838332137332874261e+00
2.694868514521986569e+01 4.723276410380653628e-02 1.832975867308898055e+00
2.687063442111452716e+01 4.739027520112810976e-02 1.827667070499698232e+00
2.679327700697758630e+01 4.754778629844968324e-02 1.822405430738561538e+00
2.671660826867473304e+01 4.770529739577125672e-02 1.817190632824346341e+00
2.664062358718550882e+01 4.786280849309282326e-02 1.812022362583910695e+00
2.656531835947728126e+01 4.802031959041439674e-02 1.806900306931564115e+00
2.649068799933753127e+01 4.817783068773597022e-02 1.801824153925672745e+00
2.641672793816610110e+01 4.833534178505754370e-02 1.796793592822547136e+00
2.634343362572893454e+01 4.849285288237911717e-02 1.791808314127710355e+00
2.627080053087390255e+01 4.865036397970068371e-02 1.786868009644585698e+00
2.619882414221090627e+01 4.880787507702225719e-02 1.781972372520758130e+00
2.612749996875719916e+01 4.896538617434383067e-02 1.777121097291858076e+00
2.605682354054943062e+01 4.912289727166540415e-02 1.772313879923206770e+00
2.598679040922301553e+01 4.928040836898697069e-02 1.767550417849207411e+00
2.591739614856028595e+01 4.943791946630854417e-02 1.762830410010639559e+00
2.584863635500937562e+01 4.959543056363011765e-02 1.758153556889948010e+00
2.578050664817369864e+01 4.975294166095169113e-02 1.753519560544535727e+00
2.571300267127314498e+01 4.991045275827326461e-02 1.748928124638133408e+00
2.564612004067815221e+01 5.006796385559483115e-02 1.744378951008247025e+00
2.557985275572429629e+01 5.022547495291640463e-02 1.739871631506090699e+00
2.551419293889988182e+01 5.038298605023797810e-02 1.735405630324863724e+00
2.544913272796595649e+01 5.054049714755955158e-02 1.730980412696571547e+00
2.538466439056599455e+01 5.069800824488111812e-02 1.726595452687470278e+00
2.532078032161642156e+01 5.085551934220269160e-02 1.722250233020571564e+00
2.525747304075857969e+01 5.101303043952426508e-02 1.717944244902336770e+00
2.519473518986930571e+01 5.117054153684583856e-02 1.713676987853350653e+00
2.513255953063247006e+01 5.132805263416741204e-02 1.709447969543142820e+00
2.507093894216460228e+01 5.148556373148897858e-02 1.705256705628695135e+00
2.500986641869690530e+01 5.164307482881055206e-02 1.701102719596771173e+00
2.494933506731122819e+01 5.180058592613212554e-02 1.696985542609929842e+00
2.488933810572808270e+01 5.195809702345369901e-02 1.692904713356067514e+00
2.482986886014522909e+01 5.211560812077526555e-02 1.688859777901404957e+00
2.477092076312651159e+01 5.227311921809683903e-02 1.684850289546894864e+00
2.471248735153850262e+01 5.243063031541841251e-02 1.680875808687878337e+00
2.465456226391308192e+01 5.258814141273998599e-02 1.676935902634688391e+00
2.459713906727444410e+01 5.274565251006155947e-02 1.673030133833904864e+00
2.454021102865299042e+01 5.290316360738312601e-02 1.669158044327346602e+00
2.448377146924147496e+01 5.306067470470469949e-02 1.665319179840809349e+00
2.442781382147140690e+01 5.321818580202627297e-02 1.661513093666244778e+00
2.437233162678138498e+01 5.337569689934784645e-02 1.657739346509969014e+00
2.431731853343799088e+01 5.353320799666941299e-02 1.653997506344443869e+00
2.426276829440762484e+01 5.369071909399098647e-02 1.650287148263529735e+00
2.420867476527856610e+01 5.384823019131255994e-02 1.646607854341142430e+00
2.415503190223041230e+01 5.400574128863413342e-02 1.642959213493146553e+00
2.410183376005180023e+01 5.416325238595570690e-02 1.639340821342524901e+00
2.404907449020337395e+01 5.432076348327727344e-02 1.635752280087622079e+00
2.399674833892531467e+01 5.447827458059884692e-02 1.632193198373430576e+00
2.394484964538862926e+01 5.463578567792042040e-02 1.628663191165844903e+00
2.389337283988849592e+01 5.479329677524199388e-02 1.625161879628771677e+00
2.384231244207925471e+01 5.495080787256356042e-02 1.621688891004088529e+00
2.379166305924895752e+01 5.510831896988513390e-02 1.618243858494274212e+00
2.374141938429497500e+01 5.526583006720670738e-02 1.614826421124721856e+00
2.369157569744253777e+01 5.542334116452828086e-02 1.611436189851994660e+00
2.364212489019052299e+01 5.558085226184985433e-02 1.608072681175283680e+00
2.359305970901529292e+01 5.573836335917142087e-02 1.604735401729748823e+00
2.354437303541707749e+01 5.589587445649299435e-02 1.601423867334502038e+00
2.349605788307095722e+01 5.605338555381456783e-02 1.598137602798827661e+00
2.344810739504939434e+01 5.621089665113614131e-02 1.594876141733266417e+00
2.340051484111409863e+01 5.636840774845770785e-02 1.591639026365414766e+00
2.335327361507590638e+01 5.652591884577928133e-02 1.588425807360350994e+00
2.330637723221943958e+01 5.668342994310085481e-02 1.585236043645469994e+00
2.325981932679225039e+01 5.684094104042242829e-02 1.582069302239697661e+00
2.321359364955549864e+01 5.699845213774400177e-02 1.578925158086897262e+00
2.316769406539451737e+01 5.715596323506556831e-02 1.575803193893348775e+00
2.312211455098818291e+01 5.731347433238714179e-02 1.572702999969220805e+00
2.307684919253484424e+01 5.747098542970871526e-02 1.569624174073895873e+00
2.303189218353331214e+01 5.762849652703028874e-02 1.566566321265042694e+00
2.298723782261735948e+01 5.778600762435185528e-02 1.563529053751323339e+00
2.294288051144310003e+01 5.794351872167342876e-02 1.560511990748694844e+00
2.289881475175848280e+01 5.810102981899500224e-02 1.557514758281089540e+00
2.285503466288278673e+01 5.825854091631657572e-02 1.554536956360685451e+00
2.281153319865310181e+01 5.841605201363814920e-02 1.551578105726751922e+00
2.276830324093718616e+01 5.857356311095971574e-02 1.548637722223399127e+00
2.272533781019183152e+01 5.873107420828128922e-02 1.545715331121184422e+00
2.268263006264254145e+01 5.888858530560286270e-02 1.542810466925282897e+00
2.264017328753474345e+01 5.904609640292443618e-02 1.539922673188520053e+00
2.259796090445354011e+01 5.920360750024600272e-02 1.537051502329070285e+00
2.255598646071170421e+01 5.936111859756757619e-02 1.534196515452793896e+00
2.251424362880193542e+01 5.951862969488914967e-02 1.531357282179949486e+00
2.247272620391384734e+01 5.967614079221072315e-02 1.528533380476299719e+00
2.243142810151062605e+01 5.983365188953229663e-02 1.525724396488294055e+00
2.239034335496737071e+01 5.999116298685386317e-02 1.522929924382420364e+00
2.234946611326542509e+01 6.014867408417543665e-02 1.520149566188390811e+00
2.230879063874454715e+01 6.030618518149701013e-02 1.517382931646248156e+00
2.226831130490888810e+01 6.046369627881858361e-02 1.514629638057129579e+00
2.222802259428593885e+01 6.062120737614015015e-02 1.511889310137644271e+00
2.218791909633726434e+01 6.077871847346172363e-02 1.509161579877764892e+00
2.214799550541922457e+01 6.093622957078329710e-02 1.506446086402118079e+00
2.210824661344498310e+01 6.109374066810487058e-02 1.503742475470883022e+00
2.206866673034296866e+01 6.125125176542643712e-02 1.501050360060948385e+00
2.202924918319956049e+01 6.140876286274801060e-02 1.498369286298981251e+00
2.198998731295465348e+01 6.156627396006958408e-02 1.495698801253921850e+00
2.195087459551543319e+01 6.172378505739115756e-02 1.493038461174818199e+00
2.191190463923326703e+01 6.188129615471273104e-02 1.490387831319210710e+00
2.187307118244448745e+01 6.203880725203429758e-02 1.487746485785859551e+00
2.183436809107108090e+01 6.219631834935587106e-02 1.485114007351553189e+00
2.179578935628098790e+01 6.235382944667744454e-02 1.482489987311967017e+00
2.175732909220560529e+01 6.251134054399902495e-02 1.479874025326415099e+00
2.171898153371306961e+01 6.266885164132059149e-02 1.477265729266393324e+00
2.168074103423508703e+01 6.282636273864215803e-02 1.474664715067768750e+00
2.164260206364583539e+01 6.298387383596373845e-02 1.472070606586505681e+00
2.160455920619227754e+01 6.314138493328530499e-02 1.469483035457893161e+00
2.156660715847247545e+01 6.329889603060687153e-02 1.466901640959033859e+00
2.152874072746279310e+01 6.345640712792845195e-02 1.464326069874662739e+00
2.149095482859026163e+01 6.361391822525001849e-02 1.461755976366029719e+00
2.145324448385042260e+01 6.377142932257158503e-02 1.459191021842885405e+00
2.141560481996832266e+01 6.392894041989316545e-02 1.456630874838394485e+00
2.137803106660211938e+01 6.408645151721473199e-02 1.454075210886949909e+00
2.134051853884167471e+01 6.424396261453631241e-02 1.451523711333775557e+00
2.130306209654118632e+01 6.440147371185787895e-02 1.448976026560211849e+00
2.126565602205008076e+01 6.455898480917944549e-02 1.446431767667302193e+00
2.122829467799258651e+01 6.471649590650102590e-02 1.443890551216162832e+00
2.119097254902164806e+01 6.487400700382259244e-02 1.441352002067970206e+00
2.115368423980701706e+01 6.503151810114417286e-02 1.438815753247113305e+00
2.111642447307049864e+01 6.518902919846573940e-02 1.436281445807564561e+00
2.107918808766661911e+01 6.534654029578730594e-02 1.433748728702321396e+00
2.104197003670725508e+01 6.550405139310888636e-02 1.431217258655854252e+00
2.100476538572953089e+01 6.566156249043045290e-02 1.428686700039493829e+00
2.096756931090419585e+01 6.581907358775203332e-02 1.426156724749565896e+00
2.093037709728517370e+01 6.597658468507359986e-02 1.423627012088332755e+00
2.089318413709664313e+01 6.613409578239516640e-02 1.421097248647482436e+00
2.085598592805921569e+01 6.629160687971674681e-02 1.418567128194283988e+00
2.081877807175145279e+01 6.644911797703831335e-02 1.416036351560139517e+00
2.078155627200689182e+01 6.660662907435987989e-02 1.413504626531555841e+00
2.074431633334599567e+01 6.676414017168146031e-02 1.410971667743487146e+00
2.070705415944050642e+01 6.692165126900302685e-02 1.408437196574887640e+00
2.066976575161018204e+01 6.707916236632460727e-02 1.405900941046462682e+00
2.063244720735102433e+01 6.723667346364617381e-02 1.403362635720561524e+00
2.059509471889322185e+01 6.739418456096774035e-02 1.400822021603095324e+00
2.055770455419946785e+01 6.755169565828932077e-02 1.398278844851092995e+00
2.052027275985422961e+01 6.770920675561088731e-02 1.395732836564041124e+00
2.048279521036058526e+01 6.786671785293246772e-02 1.393183716136920269e+00
2.044526787328467776e+01 6.802422895025403426e-02 1.390631209294607817e+00
2.040768681679794838e+01 6.818174004757560080e-02 1.388075048604876960e+00
2.037004820822945561e+01 6.833925114489718122e-02 1.385514973379931014e+00
2.033234831264564946e+01 6.849676224221874776e-02 1.382950729579805360e+00
2.029458349145875218e+01 6.865427333954032818e-02 1.380382069717707827e+00
2.025675020106213609e+01 6.881178443686189472e-02 1.377808752767207601e+00
2.021884499149149050e+01 6.896929553418346126e-02 1.375230544071166516e+00
2.018086450511176722e+01 6.912680663150504168e-02 1.372647215252430497e+00
2.014280547532821686e+01 6.928431772882660822e-02 1.370058544126158351e+00
2.010466472532146653e+01 6.944182882614817476e-02 1.367464314613783039e+00
2.006643916680522466e+01 6.959933992346975518e-02 1.364864316658517263e+00
2.002812579880673738e+01 6.975685102079132172e-02 1.362258346142400711e+00
1.998972170646850088e+01 6.991436211811290213e-02 1.359646204804797032e+00
1.995122405987098091e+01 7.007187321543446867e-02 1.357027700162318551e+00
1.991263011287520612e+01 7.022938431275603521e-02 1.354402645430102803e+00
1.987393720198572922e+01 7.038689541007761563e-02 1.351770859444472839e+00
1.983514274523204790e+01 7.054440650739918217e-02 1.349132166586856529e+00
1.979624424106818736e+01 7.070191760472076259e-02 1.346486396708936439e+00
1.975723926729078528e+01 7.085942870204232913e-02 1.343833385059064245e+00
1.971812548809057830e+01 7.101693979936389567e-02 1.341172972761882853e+00
1.967890075316551446e+01 7.117445089668547609e-02 1.338505013559725398e+00
1.963956306311484923e+01 7.133196199400704263e-02 1.335829371458821191e+00
1.960011049130175564e+01 7.148947309132862304e-02 1.333145915414603255e+00
1.956054118119866203e+01 7.164698418865018958e-02 1.330454519151142545e+00
1.952085334544693396e+01 7.180449528597175612e-02 1.327755061097191769e+00
1.948104526492976518e+01 7.196200638329333654e-02 1.325047424323128498e+00
1.944111528785865417e+01 7.211951748061490308e-02 1.322331496478814650e+00
1.940106182887184261e+01 7.227702857793646962e-02 1.319607169732279983e+00
1.936088336814549749e+01 7.243453967525805004e-02 1.316874340709262681e+00
1.932057845051641110e+01 7.259205077257961658e-02 1.314132910433540413e+00
1.928014568461647471e+01 7.274956186990119700e-02 1.311382784268062096e+00
1.923958374201842858e+01 7.290707296722276354e-02 1.308623871856835263e+00
1.919889135639203914e+01 7.306458406454433008e-02 1.305856087067541971e+00
1.915806732267145307e+01 7.322209516186591050e-02 1.303079347934898102e+00
1.911711049623250247e+01 7.337960625918747704e-02 1.300293576604697021e+00
1.907601979208015308e+01 7.353711735650905745e-02 1.297498699278545109e+00
1.903479418404538492e+01 7.369462845383062399e-02 1.294694646159231244e+00
1.899343270399193528e+01 7.385213955115219053e-02 1.291881351396773736e+00
1.895193444103194835e+01 7.400965064847377095e-02 1.289058753035073002e+00
1.891029854075055994e+01 7.416716174579533749e-02 1.286226792959165310e+00
1.886852420443927159e+01 7.432467284311691791e-02 1.283385416843083604e+00
1.882661068833801821e+01 7.448218394043848445e-02 1.280534574098302070e+00
1.878455733463687949e+01 7.463969503776005099e-02 1.277674219982387616e+00
1.874236405660223781e+01 7.479720613508163141e-02 1.274804348595958592e+00
1.870003122982500798e+01 7.495471723240319795e-02 1.271924985485680892e+00
1.865755927330738473e+01 7.511222832972476449e-02 1.269036159150938703e+00
1.861494863639104835e+01 7.526973942704634490e-02 1.266137900154723273e+00
1.857219979825840639e+01 7.542725052436791144e-02 1.263230241089712491e+00
1.852931326743989970e+01 7.558476162168949186e-02 1.260313216544755699e+00
1.848628958132406197e+01 7.574227271901105840e-02 1.257386863071551453e+00
1.844312930567348729e+01 7.589978381633262494e-02 1.254451219151724084e+00
1.839983303414399174e+01 7.605729491365420536e-02 1.251506325164118971e+00
1.835640138780875219e+01 7.621480601097577190e-02 1.248552223352435098e+00
1.831283501468622177e+01 7.637231710829735232e-02 1.245588957793115847e+00
1.826913458927256784e+01 7.652982820561891886e-02 1.242616574363545112e+00
1.822530081207784391e+01 7.668733930294048540e-02 1.239635120710502525e+00
1.818133440916651722e+01 7.684485040026206581e-02 1.236644646218906018e+00
1.813723613170175142e+01 7.700236149758363235e-02 1.233645201980820394e+00
1.809300675549391002e+01 7.715987259490521277e-02 1.230636840764745665e+00
1.804864708055255917e+01 7.731738369222677931e-02 1.227619616985143436e+00
1.800415793064283321e+01 7.747489478954834585e-02 1.224593586672266587e+00
1.795954015284523209e+01 7.763240588686992627e-02 1.221558807442213013e+00
1.791479461711923449e+01 7.778991698419149281e-02 1.218515338467248244e+00
1.786992221587074425e+01 7.794742808151305935e-02 1.215463240446381876e+00
1.782492386352340219e+01 7.810493917883463977e-02 1.212402575576208674e+00
1.777980049609303492e+01 7.826245027615620631e-02 1.209333407521965498e+00
1.773455308209150516e+01 7.841996137347778673e-02 1.206255802159179602e+00
1.768918322754984018e+01 7.857747247079935327e-02 1.203169868725691094e+00
1.764369346376998848e+01 7.873498356812091981e-02 1.200075779393736219e+00
1.759808638263886493e+01 7.889249466544250022e-02 1.196973710456373574e+00
1.755236455991155253e+01 7.905000576276406676e-02 1.193863837109421011e+00
1.750653055517430090e+01 7.920751686008564718e-02 1.190746333448934768e+00
1.746058691180939348e+01 7.936502795740721372e-02 1.187621372468823822e+00
1.741453615696289248e+01 7.952253905472878026e-02 1.184489126058650754e+00
1.736838080151378705e+01 7.968005015205036068e-02 1.181349765001538987e+00
1.732212334004615073e+01 7.983756124937192722e-02 1.178203458972274298e+00
1.727576625082278383e+01 7.999507234669350764e-02 1.175050376535516250e+00
1.722931199576136052e+01 8.015258344401507418e-02 1.171890685144171718e+00
1.718276302041251569e+01 8.031009454133664072e-02 1.168724551137907630e+00
1.713612175394015935e+01 8.046760563865822113e-02 1.165552139741809601e+00
1.708939060910338270e+01 8.062511673597978767e-02 1.162373615065152688e+00
1.704257198224103220e+01 8.078262783330135421e-02 1.159189140100352899e+00
1.699566825325772612e+01 8.094013893062293463e-02 1.155998876722013957e+00
1.694868178561202754e+01 8.109765002794450117e-02 1.152802985686123272e+00
1.690161492630641504e+01 8.125516112526608159e-02 1.149601626629370710e+00
1.685447000587932820e+01 8.141267222258764813e-02 1.146394958068608805e+00
1.680724933839897162e+01 8.157018331990921467e-02 1.143183137400427984e+00
1.675995522145892735e+01 8.172769441723079509e-02 1.139966320900861030e+00
1.671258993617534117e+01 8.188520551455236163e-02 1.136744663725189231e+00
1.666515574718668447e+01 8.204271661187394205e-02 1.133518319907928840e+00
1.661765490265402079e+01 8.220022770919550859e-02 1.130287442362847283e+00
1.657008963426431336e+01 8.235773880651707513e-02 1.127052182883188092e+00
1.652246237937828610e+01 8.251524990383865554e-02 1.123812707251564236e+00
1.647477684412658760e+01 8.267276100116022208e-02 1.120569267548845227e+00
1.642703714804422788e+01 8.283027209848178862e-02 1.117322143974538440e+00
1.637924734988517272e+01 8.298778319580336904e-02 1.114071612593987792e+00
1.633141144749318485e+01 8.314529429312493558e-02 1.110817945329594325e+00
1.628353337832897196e+01 8.330280539044651600e-02 1.107561409996666413e+00
1.623561701999938833e+01 8.346031648776808254e-02 1.104302270339419412e+00
1.618766619078829194e+01 8.361782758508964908e-02 1.101040786067078781e+00
1.613968465018945864e+01 8.377533868241122950e-02 1.097777212890130416e+00
1.609167609944093869e+01 8.393284977973279604e-02 1.094511802556664914e+00
1.604364418206029796e+01 8.409036087705437645e-02 1.091244802888782894e+00
1.599559248438140457e+01 8.424787197437594299e-02 1.087976457819106901e+00
1.594752453609176612e+01 8.440538307169750953e-02 1.084707007427328618e+00
1.589944381077040525e+01 8.456289416901908995e-02 1.081436687976792932e+00
1.585135372642671392e+01 8.472040526634065649e-02 1.078165731951152839e+00
1.580325764603890804e+01 8.487791636366223691e-02 1.074894368090989261e+00
1.575515887809332760e+01 8.503542746098380345e-02 1.071622821430496142e+00
1.570706067712292864e+01 8.519293855830536999e-02 1.068351313334103603e+00
1.565896624424625294e+01 8.535044965562695041e-02 1.065080061533141054e+00
1.561087872770551499e+01 8.550796075294851695e-02 1.061809280162436142e+00
1.556280122340418792e+01 8.566547185027008349e-02 1.058539179796875063e+00
1.551473677544436036e+01 8.582298294759166390e-02 1.055269967487957983e+00
1.546668837666273433e+01 8.598049404491323044e-02 1.052001846800252549e+00
1.541865896916577050e+01 8.613800514223481086e-02 1.048735017847794326e+00
1.537065144486398616e+01 8.629551623955637740e-02 1.045469677330428837e+00
1.532266864600458156e+01 8.645302733687794394e-02 1.042206018570037029e+00
1.527471336602362406e+01 8.661053843419952436e-02 1.038944231568501797e+00
1.522678877863043390e+01 8.676804953152109090e-02 1.035684532192852503e+00
1.517889926828907932e+01 8.692556062884267132e-02 1.032427218662343771e+00
1.513104936586673332e+01 8.708307172616423786e-02 1.029172599154170697e+00
1.508324351060958790e+01 8.724058282348580440e-02 1.025920975613719310e+00
1.503548605126857574e+01 8.739809392080738482e-02 1.022672643831135542e+00
1.498778124722440275e+01 8.755560501812895136e-02 1.019427893517847128e+00
1.494013326961030685e+01 8.771311611545053177e-02 1.016187008382929635e+00
1.489254620243304572e+01 8.787062721277209831e-02 1.012950266209354577e+00
1.484502404369115247e+01 8.802813831009366485e-02 1.009717938930049241e+00
1.479757070649029238e+01 8.818564940741524527e-02 1.006490292703759115e+00
1.475019002015558200e+01 8.834316050473681181e-02 1.003267587990706922e+00
1.470288573133965926e+01 8.850067160205837835e-02 1.000050079627959443e+00
1.465566150512745125e+01 8.865818269937995877e-02 9.968380169045701900e-01
1.460852092613598252e+01 8.881569379670152531e-02 9.936316436363865634e-01
1.456146749960986497e+01 8.897320489402310573e-02 9.904311982405610282e-01
1.451450465251165056e+01 8.913071599134467227e-02 9.872369138097152330e-01
1.446763573460697216e+01 8.928822708866623881e-02 9.840490181857465268e-01
1.442086401954420971e+01 8.944573818598781922e-02 9.808677340332654371e-01
1.437419270592805631e+01 8.960324928330938576e-02 9.776932789126159262e-01
1.432762491838748176e+01 8.976076038063096618e-02 9.745258653525156189e-01
1.428116370863700269e+01 8.991827147795253272e-02 9.713657009222406158e-01
1.423481205653139625e+01 9.007578257527409926e-02 9.682129883033636641e-01
1.418857287111414855e+01 9.023329367259567968e-02 9.650679253610675579e-01
1.414244899165823099e+01 9.039080476991724622e-02 9.619307052149350667e-01
1.409644318870033963e+01 9.054831586723882664e-02 9.588015163092959980e-01
1.405055816506739674e+01 9.070582696456039318e-02 9.556805424830460138e-01
1.400479655689570713e+01 9.086333806188195972e-02 9.525679630389680685e-01
1.395916093464233754e+01 9.102084915920354014e-02 9.494639528125214945e-01
1.391365400990083145e+01 9.117836025652510668e-02 9.463686962388837554e-01
1.386827936756248292e+01 9.133587135384667322e-02 9.432824371525582174e-01
1.382304077231864703e+01 9.149338245116825363e-02 9.402054316175546544e-01
1.377794189459389962e+01 9.165089354848982017e-02 9.371379292861155008e-01
1.373298631201644859e+01 9.180840464581140059e-02 9.340801734987281835e-01
1.368817751090343648e+01 9.196591574313296713e-02 9.310324013851503100e-01
1.364351888773668264e+01 9.212342684045453367e-02 9.279948439647864866e-01
1.359901375062745643e+01 9.228093793777611409e-02 9.249677262463199545e-01
1.355466532077175046e+01 9.243844903509768063e-02 9.219512673266914149e-01
1.351047673389365933e+01 9.259596013241926105e-02 9.189456804892796038e-01
1.346645104167834184e+01 9.275347122974082759e-02 9.159511733013637746e-01
1.342259121319291992e+01 9.291098232706239413e-02 9.129679477107696117e-01
1.337890013629608177e+01 9.306849342438397454e-02 9.099962001417477575e-01
1.333538061903568739e+01 9.322600452170554108e-02 9.070361215900344387e-01
1.329203539103375142e+01 9.338351561902712150e-02 9.040878977170550002e-01
1.324886710485955454e+01 9.354102671634868804e-02 9.011517089433174199e-01
1.320587833738975725e+01 9.369853781367025458e-02 8.982277305409250845e-01
1.316307159115589087e+01 9.385604891099183500e-02 8.953161327252294743e-01
1.312044929567871066e+01 9.401356000831340154e-02 8.924170807455877874e-01
1.307801380878968445e+01 9.417107110563496808e-02 8.895307349752493709e-01
1.303576741793872174e+01 9.432858220295654850e-02 8.866572510003009056e-01
1.299371234148918219e+01 9.448609330027811504e-02 8.837967797077526111e-01
1.295185072999877995e+01 9.464360439759969545e-02 8.809494673726577796e-01
1.291018466748694671e+01 9.480111549492126199e-02 8.781154557443193731e-01
1.286871617268875312e+01 9.495862659224282853e-02 8.752948821315769123e-01
1.282744720029467445e+01 9.511613768956440895e-02 8.724878794871311349e-01
1.278637964217677414e+01 9.527364878688597549e-02 8.696945764909448373e-01
1.274551532860064285e+01 9.543115988420755591e-02 8.669150976326792657e-01
1.270485602942363634e+01 9.558867098152912245e-02 8.641495632931917026e-01
1.266440345932803879e+01 9.574618207885068899e-02 8.613980901004818502e-01
1.262415946797034927e+01 9.590369317617226941e-02 8.586608038631265982e-01
1.258412611649847790e+01 9.606120427349383595e-02 8.559378447747700847e-01
1.254430542049875541e+01 9.621871537081541637e-02 8.532293499300825923e-01
1.250469933018409563e+01 9.637622646813698291e-02 8.505354519772130306e-01
1.246530973171022794e+01 9.653373756545854945e-02 8.478562792073168763e-01
1.242613844847687155e+01 9.669124866278012986e-02 8.451919556430554925e-01
1.238718724241308600e+01 9.684875976010169640e-02 8.425426011260261916e-01
1.234845781524730768e+01 9.700627085742326294e-02 8.399083314031426939e-01
1.230995180976152525e+01 9.716378195474484336e-02 8.372892582119438876e-01
1.227167081103016777e+01 9.732129305206640990e-02 8.346854893648573137e-01
1.223361634764308548e+01 9.747880414938799032e-02 8.320971288323850690e-01
1.219578989291318649e+01 9.763631524670955686e-02 8.295242768252416576e-01
1.215819286606823013e+01 9.779382634403112340e-02 8.269670298754181470e-01
1.212082663342728317e+01 9.795133744135270382e-02 8.244254809162007147e-01
1.208369250956142515e+01 9.810884853867427036e-02 8.218997193611199403e-01
1.204679175843897099e+01 9.826635963599585077e-02 8.193898311818433866e-01
1.201012559455555717e+01 9.842387073331741731e-02 8.168958989850434449e-01
1.197369518404804190e+01 9.858138183063898385e-02 8.144180020881599535e-01
1.193750164579405393e+01 9.873889292796056427e-02 8.119562165941895948e-01
1.190154605249529673e+01 9.889640402528213081e-02 8.095106154653681774e-01
1.186582943174623139e+01 9.905391512260371123e-02 8.070812685958613786e-01
1.183035276708746864e+01 9.921142621992527777e-02 8.046682428834116552e-01
1.179511699904376698e+01 9.936893731724684431e-02 8.022716022999414331e-01
1.176012302614752514e+01 9.952644841456842473e-02 7.998914079611667560e-01
1.172537170594704392e+01 9.968395951188999127e-02 7.975277181951783145e-01
1.169086385600006572e+01 9.984147060921155781e-02 7.951805886100175025e-01
1.165660025485260931e+01 9.999898170653313823e-02 7.928500721602556034e-01
1.162258164300331842e+01 1.001564928038547048e-01 7.905362192125855447e-01
1.158880872385306660e+01 1.003140039011762852e-01 7.882390776104111207e-01
1.155528216464040980e+01 1.004715149984978517e-01 7.859586927374738741e-01
1.152200259553394446e+01 1.006290260958194183e-01 7.836951074561188113e-01
1.148897042027594395e+01 1.007865371931409987e-01 7.814483492277916055e-01
1.145618565608972439e+01 1.009440482904625652e-01 7.792184192239738350e-01
1.142364826003890066e+01 1.011015593877841456e-01 7.770053145242515891e-01
1.139135816938156154e+01 1.012590704851057122e-01 7.748090308610902088e-01
1.135931530216984875e+01 1.014165815824272787e-01 7.726295626606219935e-01
1.132751955783938769e+01 1.015740926797488591e-01 7.704669030827315801e-01
1.129597081778832113e+01 1.017316037770704257e-01 7.683210440604456570e-01
1.126466894594561197e+01 1.018891148743920061e-01 7.661919763385847126e-01
1.123361378932959376e+01 1.020466259717135726e-01 7.640796895117536458e-01
1.120280517859639602e+01 1.022041370690351392e-01 7.619841720616459257e-01
1.117224292857837220e+01 1.023616481663567196e-01 7.599054113936646315e-01
1.114192683881305257e+01 1.025191592636782861e-01 7.578433938729006725e-01
1.111185669406208198e+01 1.026766703609998527e-01 7.557981048594294426e-01
1.108203226482117465e+01 1.028341814583214331e-01 7.537695287429971858e-01
1.105245330782044810e+01 1.029916925556429996e-01 7.517576489770517734e-01
1.102311956651550595e+01 1.031492036529645800e-01 7.497624481121450968e-01
1.099403077156976494e+01 1.033067147502861466e-01 7.477839078287393804e-01
1.096518664132754850e+01 1.034642258476077131e-01 7.458220089693849975e-01
1.093658688227863784e+01 1.036217369449292935e-01 7.438767315703205263e-01
1.090823118951406023e+01 1.037792480422508601e-01 7.419480548924711760e-01
1.088011924717320689e+01 1.039367591395724405e-01 7.400359574518613481e-01
1.085225072888298214e+01 1.040942702368940070e-01 7.381404170494867412e-01
1.082462529818820407e+01 1.042517813342155736e-01 7.362614108005858249e-01
1.079724260897426369e+01 1.044092924315371540e-01 7.343989151633883994e-01
1.077010230588143713e+01 1.045668035288587205e-01 7.325529059672988286e-01
1.074320402471178326e+01 1.047243146261803010e-01 7.307233584405686821e-01
1.071654739282786650e+01 1.048818257235018675e-01 7.289102472374189290e-01
1.069013202954392305e+01 1.050393368208234340e-01 7.271135464646444335e-01
1.066395754650978134e+01 1.051968479181450145e-01 7.253332297077293989e-01
1.063802354808728445e+01 1.053543590154665810e-01 7.235692700564474444e-01
1.061232963171929100e+01 1.055118701127881475e-01 7.218216401299631935e-01
1.058687538829172681e+01 1.056693812101097280e-01 7.200903121014563535e-01
1.056166035896306710e+01 1.058268923074312945e-01 7.183752547617805462e-01
1.053668334748254054e+01 1.059844034047528749e-01 7.166763867452300429e-01
1.051194255892168350e+01 1.061419145020744415e-01 7.149935859656791903e-01
1.048743619962477069e+01 1.062994255993960080e-01 7.133267304235709760e-01
1.046316249577175661e+01 1.064569366967175884e-01 7.116756994685164983e-01
1.043911969314933152e+01 1.066144477940391549e-01 7.100403737837236440e-01
1.041530605692500799e+01 1.067719588913607354e-01 7.084206353706308246e-01
1.039171987142377240e+01 1.069294699886823019e-01 7.068163675337151286e-01
1.036835943990840292e+01 1.070869810860038684e-01 7.052274548655518283e-01
1.034522308436212512e+01 1.072444921833254489e-01 7.036537832320272079e-01
1.032230914527431409e+01 1.074020032806470154e-01 7.020952397577684412e-01
1.029961598142918433e+01 1.075595143779685958e-01 7.005517128117648706e-01
1.027714196969712823e+01 1.077170254752901624e-01 6.990230919931800235e-01
1.025488550482877415e+01 1.078745365726117289e-01 6.975092681173410414e-01
1.023284499925184576e+01 1.080320476699333093e-01 6.960101332019232867e-01
1.021101888287073933e+01 1.081895587672548759e-01 6.945255804533176924e-01
1.018940560286865704e+01 1.083470698645764424e-01 6.930555042531723053e-01
1.016800362351230724e+01 1.085045809618980228e-01 6.915998001451078014e-01
1.014681142595929053e+01 1.086620920592195894e-01 6.901583648216179645e-01
1.012582750806791587e+01 1.088196031565411698e-01 6.887310961111330343e-01
1.010505038420964041e+01 1.089771142538627363e-01 6.873178929652618008e-01
1.008447858508374395e+01 1.091346253511843029e-01 6.859186554461882412e-01
1.006411065753473899e+01 1.092921364485058833e-01 6.845332847142499011e-01
1.004394516437179163e+01 1.094496475458274498e-01 6.831616830156553855e-01
1.002398068419089050e+01 1.096071586431490302e-01 6.818037536703921431e-01
1.000421581119906200e+01 1.097646697404705968e-01 6.804594010602660337e-01
9.984649155041060098e+00 1.099221808377921633e-01 6.791285306171149783e-01
9.965279340628015348e+00 1.100796919351137437e-01 6.778110488111550591e-01
9.946105007968835565e+00 1.102372030324353103e-01 6.765068631395116938e-01
9.927124812003292220e+00 1.103947141297568907e-01 6.752158821148659396e-01
9.908337422437456965e+00 1.105522252270784572e-01 6.739380152542626679e-01
9.889741523581490057e+00 1.107097363244000238e-01 6.726731730680773902e-01
9.871335814189171387e+00 1.108672474217216042e-01 6.714212670490999901e-01
9.853119007299655507e+00 1.110247585190431707e-01 6.701822096617737756e-01
9.835089827907168569e+00 1.111822696163647373e-01 6.689559141836931566e-01
9.817246566419825626e+00 1.113397807136863177e-01 6.677422643330921392e-01
9.799586542278793999e+00 1.114972918110078842e-01 6.665410777856904945e-01
9.782106978069165848e+00 1.116548029083294646e-01 6.653521656293212017e-01
9.764805133857368702e+00 1.118123140056510312e-01 6.641753415011950601e-01
9.747678306541956772e+00 1.119698251029725977e-01 6.630104215437446769e-01
9.730723829217840404e+00 1.121273362002941781e-01 6.618572243613782824e-01
9.713939070553761823e+00 1.122848472976157447e-01 6.607155709781402653e-01
9.697321434182958555e+00 1.124423583949373251e-01 6.595852847962632159e-01
9.680868358106362592e+00 1.125998694922588916e-01 6.584661915555769518e-01
9.664577314108210970e+00 1.127573805895804582e-01 6.573581192937590911e-01
9.648445807184051759e+00 1.129148916869020386e-01 6.562608983074300628e-01
9.632471374980106305e+00 1.130724027842236051e-01 6.551743611140194989e-01
9.616651587244797739e+00 1.132299138815451855e-01 6.540983424144612979e-01
9.600984045291113489e+00 1.133874249788667521e-01 6.530326790566237660e-01
9.585466381470503450e+00 1.135449360761883186e-01 6.519772099995282399e-01
9.570096258657054378e+00 1.137024471735098990e-01 6.509317762782611538e-01
9.554871369742864218e+00 1.138599582708314656e-01 6.498962209696517167e-01
9.539789437143211259e+00 1.140174693681530321e-01 6.488703891586163897e-01
9.524848212312210904e+00 1.141749804654746125e-01 6.478541279052129065e-01
9.510045475268245951e+00 1.143324915627961791e-01 6.468472862123626488e-01
9.495379034128983875e+00 1.144900026601177595e-01 6.458497149942229454e-01
9.480846724656018409e+00 1.146475137574393260e-01 6.448612670452165130e-01
9.466446409808582985e+00 1.148050248547608926e-01 6.438817970096745169e-01
9.452175979306566944e+00 1.149625359520824730e-01 6.429111613521149016e-01
9.438033349201987221e+00 1.151200470494040395e-01 6.419492183280940401e-01
9.424016461459522986e+00 1.152775581467256200e-01 6.409958279556784433e-01
9.410123283545283712e+00 1.154350692440471865e-01 6.400508519874708036e-01
9.396351808023917229e+00 1.155925803413687530e-01 6.391141538832081359e-01
9.382700052163770010e+00 1.157500914386903335e-01 6.381855987829054833e-01
9.369166057550007309e+00 1.159076025360119000e-01 6.372650534805416322e-01
9.355747889705591902e+00 1.160651136333334804e-01 6.363523863982784023e-01
9.342443637719583194e+00 1.162226247306550470e-01 6.354474675611799794e-01
9.329251413883145716e+00 1.163801358279766135e-01 6.345501685724527219e-01
9.316169353332643510e+00 1.165376469252981939e-01 6.336603625891732428e-01
9.303195613699779543e+00 1.166951580226197605e-01 6.327779242984866714e-01
9.290328374695212332e+00 1.168526691199413270e-01 6.319027298892909705e-01
9.277565615514019370e+00 1.170101802172629074e-01 6.310346419119616801e-01
9.264904629639120870e+00 1.171676913145844739e-01 6.301734762766080244e-01
9.252342602719743070e+00 1.173252024119060544e-01 6.293190415587871511e-01
9.239876755467276936e+00 1.174827135092276209e-01 6.284711487188878731e-01
9.227504343113867691e+00 1.176402246065491874e-01 6.276296110653071247e-01
9.215222654884616560e+00 1.177977357038707679e-01 6.267942442185494567e-01
9.203029013482881382e+00 1.179552468011923344e-01 6.259648660762187067e-01
9.190920774588445141e+00 1.181127578985139148e-01 6.251412967788853026e-01
9.178895326368389007e+00 1.182702689958354814e-01 6.243233586768159871e-01
9.166950088999948676e+00 1.184277800931570479e-01 6.235108762975221097e-01
9.155082514205558297e+00 1.185852911904786283e-01 6.227036763141322595e-01
9.143290084799467365e+00 1.187428022878001949e-01 6.219015875145551542e-01
9.131570314245685438e+00 1.189003133851217753e-01 6.211044407714130244e-01
9.119920746227000663e+00 1.190578244824433418e-01 6.203120690127260639e-01
9.108338954225018824e+00 1.192153355797649084e-01 6.195243071933485002e-01
9.096822541110443083e+00 1.193728466770864888e-01 6.187409922671017748e-01
9.085369138744013640e+00 1.195303577744080553e-01 6.179619631596289242e-01
9.073976407587226234e+00 1.196878688717296219e-01 6.171870607419195354e-01
9.062642036322881012e+00 1.198453799690512023e-01 6.164161278044976155e-01
9.051363741485390690e+00 1.200028910663727688e-01 6.156490090322784825e-01
9.040139267100196108e+00 1.201604021636943492e-01 6.148855509800427166e-01
9.028966384332409945e+00 1.203179132610159158e-01 6.141256020485358347e-01
9.017842891144296047e+00 1.204754243583374823e-01 6.133690124611731465e-01
9.006766611961522173e+00 1.206329354556590627e-01 6.126156342413382472e-01
8.995735397347552009e+00 1.207904465529806293e-01 6.118653211902356226e-01
8.984747123686698700e+00 1.209479576503022097e-01 6.111179288653338926e-01
8.973799692874909084e+00 1.211054687476237762e-01 6.103733145593329690e-01
8.962891032018575288e+00 1.212629798449453428e-01 6.096313372796782204e-01
8.952019093140744843e+00 1.214204909422669232e-01 6.088918577285786782e-01
8.941181852895176974e+00 1.215780020395884897e-01 6.081547382835549298e-01
8.930377312287223646e+00 1.217355131369100563e-01 6.074198429784588571e-01
8.919603496402299214e+00 1.218930242342316367e-01 6.066870374850004133e-01
8.908858454140718308e+00 1.220505353315532032e-01 6.059561890947150475e-01
8.898140257959743948e+00 1.222080464288747836e-01 6.052271667014169632e-01
8.887447003621977260e+00 1.223655575261963502e-01 6.044998407840856958e-01
8.876776809950216673e+00 1.225230686235179167e-01 6.037740833901921178e-01
8.866127818588497078e+00 1.226805797208394971e-01 6.030497681194458837e-01
8.855498193735025225e+00 1.228380908181610637e-01 6.023267701056294054e-01
8.844886072573347136e+00 1.229956019154826441e-01 6.016049626450616916e-01
8.834289467519885974e+00 1.231531130128042106e-01 6.008842105477427697e-01
8.823706387927526151e+00 1.233106241101257772e-01 6.001643784153003480e-01
8.813134867628907188e+00 1.234681352074473576e-01 5.994453325144070144e-01
8.802572964707040981e+00 1.236256463047689241e-01 5.987269407611799377e-01
8.792018761272013094e+00 1.237831574020905046e-01 5.980090727059919065e-01
8.781470363244229915e+00 1.239406684994120711e-01 5.972915995187286775e-01
8.770925900143348386e+00 1.240981795967336376e-01 5.965743939744323487e-01
8.760383524883197381e+00 1.242556906940552180e-01 5.958573304393530723e-01
8.749841413572358562e+00 1.244132017913767846e-01 5.951402848573841275e-01
8.739297765320195310e+00 1.245707128886983511e-01 5.944231347368693630e-01
8.728750802048418578e+00 1.247282239860199315e-01 5.937057591377858934e-01
8.718198768307694024e+00 1.248857350833414981e-01 5.929880386592710773e-01
8.707639931099537378e+00 1.250432461806630924e-01 5.922698554275066529e-01
8.697072579702842532e+00 1.252007572779846589e-01 5.915510930839216197e-01
8.686495025505664103e+00 1.253582683753062255e-01 5.908316367737492802e-01
8.675905601841142456e+00 1.255157794726277920e-01 5.901113731348672786e-01
8.665302663828349239e+00 1.256732905699493585e-01 5.893901902869735920e-01
8.654684588217321561e+00 1.258308016672709251e-01 5.886679778210445191e-01
8.644049773238567269e+00 1.259883127645924916e-01 5.879446267890995337e-01
8.633396638456403593e+00 1.261458238619140859e-01 5.872200296942259312e-01
8.622723624626631889e+00 1.263033349592356525e-01 5.864940804808965735e-01
8.612029193557910745e+00 1.264608460565572190e-01 5.857666745255437624e-01
8.601311827976990898e+00 1.266183571538787855e-01 5.850377086273897964e-01
8.590570031397621875e+00 1.267758682512003521e-01 5.843070809995327686e-01
8.579802327992926081e+00 1.269333793485219464e-01 5.835746912602635117e-01
8.569007262471370012e+00 1.270908904458435129e-01 5.828404404246326775e-01
8.558183399955883175e+00 1.272484015431650795e-01 5.821042308962256495e-01
8.547329325866250826e+00 1.274059126404866460e-01 5.813659664591642739e-01
8.536443645804869362e+00 1.275634237378082125e-01 5.806255522703368532e-01
8.525524985445066761e+00 1.277209348351298068e-01 5.798828948518018889e-01
8.514571990422698633e+00 1.278784459324513734e-01 5.791379020834139801e-01
8.503583326230469197e+00 1.280359570297729399e-01 5.783904831956360182e-01
8.492557678114877717e+00 1.281934681270945064e-01 5.776405487625304591e-01
8.481493750975838353e+00 1.283509792244160730e-01 5.768880106949315634e-01
8.470390269269008954e+00 1.285084903217376673e-01 5.761327822338001559e-01
8.459245976910194642e+00 1.286660014190592338e-01 5.753747779437261567e-01
8.448059637182426584e+00 1.288235125163808004e-01 5.746139137066020863e-01
8.436830032645138644e+00 1.289810236137023669e-01 5.738501067154497814e-01
8.425555965544642589e+00 1.291385347110239334e-01 5.730832755023396174e-01
8.414236404537575709e+00 1.292960458083455277e-01 5.723133499181165540e-01
8.402870686397285738e+00 1.294535569056670943e-01 5.715402848519167689e-01
8.391458211665815625e+00 1.296110680029886608e-01 5.707640395302494563e-01
8.379998392775721783e+00 1.297685791003102274e-01 5.699845739883844242e-01
8.368490653993838180e+00 1.299260901976317939e-01 5.692018490665257113e-01
8.356934431365692362e+00 1.300836012949533882e-01 5.684158264060326093e-01
8.345329172660457928e+00 1.302411123922749547e-01 5.676264684456741039e-01
8.333674337316301362e+00 1.303986234895965213e-01 5.668337384179130689e-01
8.321969396386329265e+00 1.305561345869180878e-01 5.660376003452276539e-01
8.310213832484835805e+00 1.307136456842396544e-01 5.652380190364577617e-01
8.298407139734045757e+00 1.308711567815612486e-01 5.644349600831801705e-01
8.286548823711315848e+00 1.310286678788828152e-01 5.636283898561187389e-01
8.274638401396471110e+00 1.311861789762043817e-01 5.628182755015620486e-01
8.262675401119800256e+00 1.313436900735259483e-01 5.620045849378264569e-01
8.250659362510120332e+00 1.315012011708475148e-01 5.611872868517230328e-01
8.238589836443193093e+00 1.316587122681690813e-01 5.603663506950490314e-01
8.226466384990608560e+00 1.318162233654906756e-01 5.595417466811117846e-01
8.214288581368636599e+00 1.319737344628122422e-01 5.587134457812493737e-01
8.202056009887556343e+00 1.321312455601338087e-01 5.578814197213829429e-01
8.189768265900951860e+00 1.322887566574553753e-01 5.570456409785705665e-01
8.177424955755549618e+00 1.324462677547769418e-01 5.562060827775930916e-01
8.165025696740924488e+00 1.326037788520985361e-01 5.553627190875337627e-01
8.152570117039497077e+00 1.327612899494201026e-01 5.545155246183776088e-01
8.140057855676717580e+00 1.329188010467416692e-01 5.536644748176231534e-01
8.127488562471167910e+00 1.330763121440632357e-01 5.528095458668876860e-01
8.114861897985122141e+00 1.332338232413848023e-01 5.519507146785457286e-01
8.102177533474826276e+00 1.333913343387063966e-01 5.510879588923455197e-01
8.089435150841090660e+00 1.335488454360279631e-01 5.502212568720507013e-01
8.076634442579816664e+00 1.337063565333495296e-01 5.493505877020731232e-01
8.063775111732681466e+00 1.338638676306710962e-01 5.484759311841196361e-01
8.050856871837767770e+00 1.340213787279926627e-01 5.475972678338342226e-01
8.037879446880097589e+00 1.341788898253142570e-01 5.467145788774329107e-01
8.024842571242537304e+00 1.343364009226358236e-01 5.458278462483644455e-01
8.011745989656144928e+00 1.344939120199573901e-01 5.449370525839338786e-01
7.998589457150957038e+00 1.346514231172789566e-01 5.440421812219535802e-01
7.985372739006489695e+00 1.348089342146005232e-01 5.431432161973791528e-01
7.972095610702314872e+00 1.349664453119221175e-01 5.422401422389437897e-01
7.958757857868392627e+00 1.351239564092436840e-01 5.413329447657846405e-01
7.945359276235538282e+00 1.352814675065652505e-01 5.404216098840696203e-01
7.931899671585508571e+00 1.354389786038868171e-01 5.395061243836055676e-01
7.918378859701419969e+00 1.355964897012083836e-01 5.385864757344633880e-01
7.904796667840685132e+00 1.357540007985299779e-01 5.376626521871646913e-01
7.891153216495743195e+00 1.359115118958515445e-01 5.367346619372759253e-01
7.877449244222336056e+00 1.360690229931731110e-01 5.358025552193396157e-01
7.863685566766940305e+00 1.362265340904946775e-01 5.348663875181987049e-01
7.849862996074524979e+00 1.363840451878162441e-01 5.339262140601307438e-01
7.835982340269047164e+00 1.365415562851378384e-01 5.329820898115169570e-01
7.822044403634152765e+00 1.366990673824594049e-01 5.320340694775314017e-01
7.808049986594761016e+00 1.368565784797809715e-01 5.310822075008881926e-01
7.793999885699103736e+00 1.370140895771025380e-01 5.301265580606200345e-01
7.779894893601492889e+00 1.371716006744241045e-01 5.291671750709050492e-01
7.765735799045692112e+00 1.373291117717456711e-01 5.282041121799379013e-01
7.751523386848731434e+00 1.374866228690672654e-01 5.272374227688255699e-01
7.737258437885477846e+00 1.376441339663888319e-01 5.262671599505420739e-01
7.722941729073753869e+00 1.378016450637103985e-01 5.252933765689126178e-01
7.708574033359886890e+00 1.379591561610319650e-01 5.243161251976329318e-01
7.694156119705093388e+00 1.381166672583535315e-01 5.233354581393414584e-01
7.679688753072172247e+00 1.382741783556751258e-01 5.223514274247166300e-01
7.665172694412865972e+00 1.384316894529966924e-01 5.213640848116144477e-01
7.650608700655804562e+00 1.385892005503182589e-01 5.203734817842504690e-01
7.635997524694854377e+00 1.387467116476398254e-01 5.193796695524069973e-01
7.621339915378209540e+00 1.389042227449613920e-01 5.183826990506896770e-01
7.606636617497784414e+00 1.390617338422829863e-01 5.173826209378078467e-01
7.591888371779276667e+00 1.392192449396045528e-01 5.163794855958981911e-01
7.577095914872719717e+00 1.393767560369261194e-01 5.153733431298812562e-01
7.562259979343520122e+00 1.395342671342476859e-01 5.143642433668527136e-01
7.547381293663959489e+00 1.396917782315692524e-01 5.133522358555049347e-01
7.532460582205311894e+00 1.398492893288908467e-01 5.123373698655910857e-01
7.517498565230278373e+00 1.400068004262124133e-01 5.113196943874103173e-01
7.502495958886110650e+00 1.401643115235339798e-01 5.102992581313404719e-01
7.487453475197997754e+00 1.403218226208555464e-01 5.092761095273874439e-01
7.472371822063074376e+00 1.404793337181771129e-01 5.082502967247787273e-01
7.457251703244842211e+00 1.406368448154987072e-01 5.072218675915829422e-01
7.442093818368051394e+00 1.407943559128202737e-01 5.061908697143623348e-01
7.426898862914048216e+00 1.409518670101418403e-01 5.051573503978565860e-01
7.411667528216404399e+00 1.411093781074634068e-01 5.041213566646842725e-01
7.396400501457381260e+00 1.412668892047849734e-01 5.030829352551031697e-01
7.381098465664392094e+00 1.414244003021065677e-01 5.020421326267708872e-01
7.365762099707117372e+00 1.415819113994281342e-01 5.009989949545462506e-01
7.350392078295030274e+00 1.417394224967497007e-01 4.999535681303224344e-01
7.334989071975321906e+00 1.418969335940712673e-01 4.989058977628854641e-01
7.319553747131080534e+00 1.420544446913928338e-01 4.978560291777909264e-01
7.304086765980211560e+00 1.422119557887144281e-01 4.968040074172900278e-01
7.288588786574448974e+00 1.423694668860359946e-01 4.957498772402615383e-01
7.273060462798806469e+00 1.425269779833575612e-01 4.946936831221764308e-01
7.257502444514239315e+00 1.426844890806791277e-01 4.936354692647992870e-01
7.241915585340153783e+00 1.428420001780006943e-01 4.925752937289880617e-01
7.226301353400506500e+00 1.429995112753222608e-01 4.915132563725193027e-01
7.210661315785381831e+00 1.431570223726438551e-01 4.904494637845751570e-01
7.194997021086644295e+00 1.433145334699654216e-01 4.893840212961392266e-01
7.179309999475977477e+00 1.434720445672869882e-01 4.883170329853048219e-01
7.163601762785567928e+00 1.436295556646085547e-01 4.872486016827630717e-01
7.147873804591391433e+00 1.437870667619301213e-01 4.861788289774670591e-01
7.132127600298806769e+00 1.439445778592517156e-01 4.851078152224550522e-01
7.116364607230637240e+00 1.441020889565732821e-01 4.840356595408393803e-01
7.100586264717551721e+00 1.442596000538948486e-01 4.829624598319569584e-01
7.084793994190384581e+00 1.444171111512164152e-01 4.818883127776451558e-01
7.068989199274996693e+00 1.445746222485379817e-01 4.808133138486971325e-01
7.053173265888847965e+00 1.447321333458595760e-01 4.797375573114279201e-01
7.037347562339655305e+00 1.448896444431811426e-01 4.786611362343868858e-01
7.021513439426025016e+00 1.450471555405027091e-01 4.775841424952014247e-01
7.005672230539758516e+00 1.452046666378242756e-01 4.765066667875348383e-01
6.989825251770095171e+00 1.453621777351458422e-01 4.754287986281787171e-01
6.973973802009439282e+00 1.455196888324674365e-01 4.743506263642418008e-01
6.958119163060920265e+00 1.456771999297890030e-01 4.732722371804681805e-01
6.942262599747244245e+00 1.458347110271105695e-01 4.721937171066388772e-01
6.926405360021379742e+00 1.459922221244321361e-01 4.711151510251024299e-01
6.910548675078300285e+00 1.461497332217537026e-01 4.700366226783737611e-01
6.894693759468301764e+00 1.463072443190752969e-01 4.689582146768425663e-01
6.878841811211557911e+00 1.464647554163968635e-01 4.678800085065650260e-01
6.862994011913894354e+00 1.466222665137184300e-01 4.668020845371381178e-01
6.847151526883780370e+00 1.467797776110399965e-01 4.657245220296570842e-01
6.831315505250360687e+00 1.469372887083615631e-01 4.646473991447439000e-01
6.815487080082577087e+00 1.470947998056831574e-01 4.635707929506490688e-01
6.799667368509310528e+00 1.472523109030047239e-01 4.624947794314243077e-01
6.783857471840485154e+00 1.474098220003262905e-01 4.614194334951591814e-01
6.768058475688961018e+00 1.475673330976478570e-01 4.603448289822710815e-01
6.752271450093388694e+00 1.477248441949694235e-01 4.592710386738633743e-01
6.736497449641725588e+00 1.478823552922910178e-01 4.581981343001244045e-01
6.720737513595606671e+00 1.480398663896125844e-01 4.571261865487889486e-01
6.704992666015348490e+00 1.481973774869341509e-01 4.560552650736390268e-01
6.689263915885488743e+00 1.483548885842557175e-01 4.549854385030435155e-01
6.673552257241155417e+00 1.485123996815772840e-01 4.539167744485538836e-01
6.657858669294683729e+00 1.486699107788988505e-01 4.528493395135151367e-01
6.642184116562925844e+00 1.488274218762204448e-01 4.517831993017254466e-01
6.626529548995063301e+00 1.489849329735420114e-01 4.507184184261309179e-01
6.610895902100543786e+00 1.491424440708635779e-01 4.496550605175256288e-01
6.595284097077719565e+00 1.492999551681851444e-01 4.485931882333024090e-01
6.579695040942509898e+00 1.494574662655067110e-01 4.475328632662035067e-01
6.564129626657669192e+00 1.496149773628283053e-01 4.464741463531135546e-01
6.548588733261971662e+00 1.497724884601498718e-01 4.454170972838463749e-01
6.533073225999819655e+00 1.499299995574714384e-01 4.443617749099595393e-01
6.517583985350537290e+00 1.500875106547930049e-01 4.433082391192492699e-01
6.502122151093913338e+00 1.502450217521145714e-01 4.422565674364193899e-01
6.486688995229089372e+00 1.504025328494361657e-01 4.412068463793735185e-01
6.471285770974621876e+00 1.505600439467577323e-01 4.401591611886102040e-01
6.455913711369472452e+00 1.507175550440792988e-01 4.391135957320680960e-01
6.440574029476295870e+00 1.508750661414008654e-01 4.380702325189513857e-01
6.425267918585512383e+00 1.510325772387224319e-01 4.370291527136110354e-01
6.409996552419798377e+00 1.511900883360440262e-01 4.359904361494542080e-01
6.394761085339502493e+00 1.513475994333655927e-01 4.349541613429144249e-01
6.379562652548220747e+00 1.515051105306871593e-01 4.339204055074362687e-01
6.364402370298877010e+00 1.516626216280087258e-01 4.328892445674908940e-01
6.349281336100393247e+00 1.518201327253302924e-01 4.318607531726336712e-01
6.334200628924196330e+00 1.519776438226518867e-01 4.308350047115506176e-01
6.319161309411313709e+00 1.521351549199734532e-01 4.298120713261438519e-01
6.304164420079466424e+00 1.522926660172950197e-01 4.287920239256177157e-01
6.289210985530139908e+00 1.524501771146165863e-01 4.277749322005633403e-01
6.274302012655883942e+00 1.526076882119381528e-01 4.267608646370584236e-01
6.259438490847364811e+00 1.527651993092597471e-01 4.257498885307504088e-01
6.244621392200501830e+00 1.529227104065813136e-01 4.247420700009452710e-01
6.229851671723205087e+00 1.530802215039028802e-01 4.237374740046697119e-01
6.215130267542175346e+00 1.532377326012244467e-01 4.227361643507359656e-01
6.200458101109165732e+00 1.533952436985460133e-01 4.217382037137726303e-01
6.185836077407192768e+00 1.535527547958676076e-01 4.207436536482498379e-01
6.171265085156139030e+00 1.537102658931891741e-01 4.197525746024632354e-01
6.156745997018000516e+00 1.538677769905107406e-01 4.187650259324954827e-01
6.142279669801832043e+00 1.540252880878323072e-01 4.177810659161556028e-01
6.127866944667914595e+00 1.541827991851538737e-01 4.168007517668652628e-01
6.113508647331586054e+00 1.543403102824754403e-01 4.158241396475239604e-01
6.099205588266383593e+00 1.544978213797970346e-01 4.148512846843252500e-01
6.084958562906479962e+00 1.546553324771186011e-01 4.138822409805259506e-01
6.070768351848605526e+00 1.548128435744401676e-01 4.129170616301813812e-01
6.056635721053151400e+00 1.549703546717617342e-01 4.119557987318226422e-01
6.042561422044490982e+00 1.551278657690833007e-01 4.109985034020822159e-01
6.028546192110598057e+00 1.552853768664048950e-01 4.100452257892719943e-01
6.014590754501777603e+00 1.554428879637264616e-01 4.090960150868996337e-01
6.000695818628625666e+00 1.556003990610480281e-01 4.081509195471340612e-01
5.986862080258999796e+00 1.557579101583695946e-01 4.072099864942024250e-01
5.973090221714167036e+00 1.559154212556911612e-01 4.062732623377309782e-01
5.959380912063927838e+00 1.560729323530127555e-01 4.053407925860179617e-01
5.945734807320861570e+00 1.562304434503343220e-01 4.044126218592450916e-01
5.932152550633469801e+00 1.563879545476558885e-01 4.034887939026148285e-01
5.918634772478481132e+00 1.565454656449774551e-01 4.025693515994296368e-01
5.905182090851771370e+00 1.567029767422990216e-01 4.016543369840794298e-01
5.891795111458717926e+00 1.568604878396206159e-01 4.007437912549873249e-01
5.878474427902921740e+00 1.570179989369421825e-01 3.998377547874469862e-01
5.865220621874245310e+00 1.571755100342637490e-01 3.989362671464120602e-01
5.852034263335464281e+00 1.573330211315853155e-01 3.980393670991919652e-01
5.838915910707928703e+00 1.574905322289068821e-01 3.971470926280796232e-01
5.825866111055971963e+00 1.576480433262284764e-01 3.962594809428951481e-01
5.812885357449628643e+00 1.578055544235500429e-01 3.953765655809138857e-01
5.799973950262778288e+00 1.579630655208716095e-01 3.944983669727458175e-01
5.787132133861598859e+00 1.581205766181931760e-01 3.936249017395098138e-01
5.787132133861598859e+00 1.581205766181931760e-01 3.936249017395098138e-01
4.503251874710891833e+00 1.826842454521749870e-01 3.079061511169642329e-01
3.823625494108648937e+00 2.073525430377324841e-01 2.050550385004432374e-01
3.030629963010381012e+00 2.322407203492417860e-01 1.740041863440658088e-01
2.636087628759574031e+00 2.568837818198746459e-01 1.622515208796032893e-01
2.223694266671522257e+00 2.811184729179193598e-01 1.037100190283463952e-01
1.948381967208559828e+00 3.057758170190760794e-01 7.826041117982776574e-02
1.697966318873925129e+00 3.308749588216616799e-01 6.691591628593206165e-02
1.480381728878243486e+00 3.553458836143503774e-01 5.429669820007670261e-02
1.337173680075220528e+00 3.797183506574301481e-01 5.705204499550881048e-02
1.178118755698804421e+00 4.042043120935024936e-01 3.123479830165196494e-02
1.070323470367200880e+00 4.287407985369371399e-01 2.385755651245249909e-02
9.738081218409030404e-01 4.533371424922238990e-01 2.051160485736512953e-02
8.776589748428624826e-01 4.779959634912051558e-01 2.962950526710456806e-02
8.006654366346805940e-01 5.026629933946460405e-01 2.002413410944465372e-02
7.424235576128485059e-01 5.271487506500315279e-01 2.174960434520916558e-02
6.897229029712939052e-01 5.515427964227138657e-01 1.523594057255426779e-02
6.429222988981714293e-01 5.762240530263548210e-01 1.304714798651171112e-02
5.995478033394597839e-01 6.007285446297923048e-01 1.068772123580894254e-02
5.576973264324057711e-01 6.252568531449649303e-01 1.669434595024456638e-02
5.339139695364071292e-01 6.499965502683907603e-01 1.598501330332737294e-02
5.065800355012469725e-01 6.746857991314229031e-01 1.211843006022128230e-02
4.890315435103482211e-01 6.991270364754236244e-01 9.418247305666845384e-03
4.742310970482397914e-01 7.235756604093172006e-01 8.287776006440861903e-03
4.695811605050727588e-01 7.479714013051395050e-01 1.045602865836848909e-02
4.665331828444859719e-01 7.726132299420060967e-01 8.744923665305635169e-03
4.622482455031369786e-01 7.972349387995918413e-01 9.235489959753817590e-03
4.458628730132595530e-01 8.217736356692634248e-01 1.102894173226951803e-02
4.319423713653917085e-01 8.463200505719705724e-01 8.573594387756067192e-03
4.197764899180738141e-01 8.708218859006343626e-01 7.565687373421466251e-03
4.137104500460513923e-01 8.954790463233904818e-01 7.521099937438575390e-03
4.066061664945614385e-01 9.199626960429320155e-01 8.129336901265249091e-03
4.076684087661999190e-01 9.443606208269833546e-01 1.016016593352235542e-02
4.086394593835751543e-01 9.688687146412832130e-01 1.027461821679960009e-02
4.071631756014669201e-01 9.930926048855095445e-01 1.251040309374813406e-02
4.157723601119410750e-01 1.017620455362175491e+00 9.344926327969281868e-03
4.294754301263042917e-01 1.042409919186157552e+00 1.214588557010511279e-02
4.510646897861263493e-01 1.066789561870425063e+00 1.098434324914551903e-02
4.617763498228864560e-01 1.090909765172895618e+00 1.397823940422813702e-02
4.562078843540914308e-01 1.115651582439790346e+00 2.338258944944529225e-02
4.691569140594629705e-01 1.140641543091339027e+00 1.495150636173889387e-02
4.760839911256642965e-01 1.164692026865203012e+00 2.701079702679046873e-02
4.932662067317459820e-01 1.188605021497627590e+00 2.259729739731781636e-02
5.287518083220902332e-01 1.214006438167991364e+00 2.057716097025625787e-02
5.700487162081973036e-01 1.240498485730926914e+00 2.933108418445204771e-02
6.467284282554410790e-01 1.264816150349954427e+00 6.029676932415663909e-02
6.868852019962180533e-01 1.284554513240047102e+00 8.515972999325366333e-02
7.439774820323025173e-01 1.309527810458392949e+00 1.235995312733303986e-01
1.079466824361163146e+00 1.335814856768205550e+00 1.823577340637147215e-01
1.037318578966345717e+00 1.360349523175663267e+00 1.257542156220084806e+00
