1.072649808116448833e+00 7.669903939428205850e-04 7.328109809595123592e-02
1.278493169780521965e+00 9.245014912643925459e-04 8.734386812990410642e-02
1.480536046954542995e+00 1.082012588585964507e-03 1.011469973429476171e-01
1.678790643097713531e+00 1.239523685907536251e-03 1.146913194488288629e-01
1.873254182825679015e+00 1.397034783229108429e-03 1.279766448393349632e-01
2.063917067835015384e+00 1.554545880550680173e-03 1.410023177792861515e-01
2.250774111010771961e+00 1.712056977872252134e-03 1.537679838962891787e-01
2.433824512534453088e+00 1.869568075193824095e-03 1.662735885484869780e-01
2.613078200815439622e+00 2.027079172515396273e-03 1.785198100231791818e-01
2.788545089533426946e+00 2.184590269836968017e-03 1.905073256013651017e-01
2.960251090200094914e+00 2.342101367158539761e-03 2.022379055010742332e-01
3.128222477643926691e+00 2.499612464480111939e-03 2.137133447613477899e-01
3.292489887200848120e+00 2.657123561801683683e-03 2.249357363215967187e-01
3.453094687724730161e+00 2.814634659123255861e-03 2.359079064117940716e-01
3.610080339865975319e+00 2.972145756444827605e-03 2.466328241688953982e-01
3.763489736127192842e+00 3.129656853766399783e-03 2.571134199152365629e-01
3.913371785121749991e+00 3.287167951087971527e-03 2.673530349807340945e-01
4.059780334987594053e+00 3.444679048409543271e-03 2.773553481528632236e-01
4.202769384874536662e+00 3.602190145731115449e-03 2.871240485359004557e-01
4.342391438877542420e+00 3.759701243052687193e-03 2.966627230952322281e-01
4.478701680905260218e+00 3.917212340374259805e-03 3.059751418752778562e-01
4.611757576270494319e+00 4.074723437695831549e-03 3.150652307810188901e-01
4.741618153906267175e+00 4.232234535017403293e-03 3.239370225405627246e-01
4.868340986649699609e+00 4.389745632338975037e-03 3.325944504047180783e-01
4.991981706758862991e+00 4.547256729660546781e-03 3.410413150481600986e-01
5.112596733913503222e+00 4.704767826982118525e-03 3.492814709404972739e-01
5.230243107387049228e+00 4.862278924303691137e-03 3.573188148806285547e-01
5.344978194225424417e+00 5.019790021625262881e-03 3.651572660601561937e-01
5.456859408389471255e+00 5.177301118946834625e-03 3.728007468758070542e-01
5.565942220344640923e+00 5.334812216268406369e-03 3.802530469489371345e-01
5.672279409043195386e+00 5.492323313589978981e-03 3.875177720225841393e-01
5.775923548952757614e+00 5.649834410911550725e-03 3.945985138698418493e-01
5.876927075707439663e+00 5.807345508233122469e-03 4.014988547790003248e-01
5.975342156151223882e+00 5.964856605554694213e-03 4.082223586751936306e-01
6.071220578690833314e+00 6.122367702876265957e-03 4.147725636295466201e-01
6.164613661084914042e+00 6.279878800197838569e-03 4.211529755595331825e-01
6.255571649156562941e+00 6.437389897519410313e-03 4.273670271503252627e-01
6.344141228217155870e+00 6.594900994840982057e-03 4.334179078406909524e-01
6.430367663954168478e+00 6.752412092162553801e-03 4.393087100837864689e-01
6.514295888848442573e+00 6.909923189484126413e-03 4.450425035688160280e-01
6.595970441317018818e+00 7.067434286805698157e-03 4.506223310634039914e-01
6.675435412434114646e+00 7.224945384127269901e-03 4.560512047736873242e-01
6.752734400675834081e+00 7.382456481448841645e-03 4.613321032525729559e-01
6.827910473704964289e+00 7.539967578770413389e-03 4.664679687889589088e-01
6.901006136339296049e+00 7.697478676091986001e-03 4.714617052193982860e-01
6.972063049196584927e+00 7.854989773413558612e-03 4.763161587065379288e-01
7.041119404833756867e+00 8.012500870735128622e-03 4.810339384826631814e-01
7.108211205301063984e+00 8.170011968056702101e-03 4.856175041294160111e-01
7.173374153136156117e+00 8.327523065378272110e-03 4.900692947663901067e-01
7.236643648548851004e+00 8.485034162699845589e-03 4.943917288587997283e-01
7.298054759511088285e+00 8.642545260021415598e-03 4.985872021740911930e-01
7.357642195732154278e+00 8.800056357342989077e-03 5.026580860039868703e-01
7.415440286119207691e+00 8.957567454664562556e-03 5.066067256246378214e-01
7.471482959365903120e+00 9.115078551986132566e-03 5.104354389704800488e-01
7.525803727348909788e+00 9.272589649307706045e-03 5.141465154999208531e-01
7.578435671046752198e+00 9.430100746629276054e-03 5.177422152333452932e-01
7.629411391366105910e+00 9.587611843950849533e-03 5.212247653936757930e-01
7.678761006813209278e+00 9.745122941272419542e-03 5.245962236116443744e-01
7.726511320116361325e+00 9.902634038593993021e-03 5.278584209912581260e-01
7.772688775955839624e+00 1.006014513591556303e-02 5.310131641754631815e-01
7.817319697408970924e+00 1.021765623323713651e-02 5.340622514995572168e-01
7.860430263178855625e+00 1.037516733055870999e-02 5.370074714355047574e-01
7.902046487055982560e+00 1.053267842788028000e-02 5.398506011888005718e-01
7.942194199426648282e+00 1.069018952520185348e-02 5.425934054351639890e-01
7.980899030657425008e+00 1.084770062252342349e-02 5.452376351854029135e-01
8.018186396200420063e+00 1.100521171984499696e-02 5.477850267678375795e-01
8.054081483278149989e+00 1.116272281716656697e-02 5.502373009186387609e-01
8.088609239018063946e+00 1.132023391448814045e-02 5.525961619712062012e-01
8.121794359918681039e+00 1.147774501180971046e-02 5.548632971365163868e-01
8.153661282538779531e+00 1.163525610913128394e-02 5.570403758670293692e-01
8.184234113750708417e+00 1.179276720645285742e-02 5.591290450917474342e-01
8.213534512654405262e+00 1.195027830377442743e-02 5.611307845131927596e-01
8.241581317125685757e+00 1.210778940109600091e-02 5.630468810940020274e-01
8.268393221910393720e+00 1.226530049841757092e-02 5.648786120184848825e-01
8.293988937070194467e+00 1.242281159573914440e-02 5.666272555172938707e-01
8.318387169395153435e+00 1.258032269306071441e-02 5.682940895975727713e-01
8.341606605191101309e+00 1.273783379038228789e-02 5.698803908670273533e-01
8.363665894348315533e+00 1.289534488770385789e-02 5.713874334455326665e-01
8.384583635604684559e+00 1.305285598502543137e-02 5.728164879583426128e-01
8.404378362923592860e+00 1.321036708234700485e-02 5.741688206054594845e-01
8.423068532911853978e+00 1.336787817966857486e-02 5.754456923020524473e-01
8.440672513210035532e+00 1.352538927699014834e-02 5.766483578853105474e-01
8.457208571789823992e+00 1.368290037431171835e-02 5.777780653832627067e-01
8.472694867100676319e+00 1.384041147163329183e-02 5.788360553416165288e-01
8.487149439009666452e+00 1.399792256895486184e-02 5.798235602047905335e-01
8.500590200483665981e+00 1.415543366627643532e-02 5.807418037476578254e-01
8.513034929966064368e+00 1.431294476359800533e-02 5.815920005547389193e-01
8.524501251589326145e+00 1.447045586091957881e-02 5.823753546683706483e-01
8.535005444465724622e+00 1.462796695824115228e-02 5.830929782420380958e-01
8.544561570807701401e+00 1.478547805556272229e-02 5.837458319754603719e-01
8.553183508305831850e+00 1.494298915288429577e-02 5.843348639622251151e-01
8.560885171647168335e+00 1.510050025020586578e-02 5.848610248234380471e-01
8.567680499695777385e+00 1.525801134752743926e-02 5.853252668319263163e-01
8.573583443457298614e+00 1.541552244484900927e-02 5.857285430900017742e-01
8.578607954783830536e+00 1.557303354217058275e-02 5.860718067578066792e-01
8.582767975776974367e+00 1.573054463949215276e-02 5.863560103293475878e-01
8.586077428850103388e+00 1.588805573681372624e-02 5.865821049535769882e-01
8.588550207413389259e+00 1.604556683413529972e-02 5.867510397980107983e-01
8.590200167146814891e+00 1.620307793145686973e-02 5.868637614525192836e-01
8.591041117829858464e+00 1.636058902877844320e-02 5.869212133711528834e-01
8.591086815696611367e+00 1.651810012610001321e-02 5.869243353498555527e-01
8.590350956288443030e+00 1.667561122342158669e-02 5.868740630381775736e-01
8.588847167777283076e+00 1.683312232074316017e-02 5.867713274831362069e-01
8.586589004734419106e+00 1.699063341806473018e-02 5.866170547035125526e-01
8.583589942320916322e+00 1.714814451538630366e-02 5.864121652929550343e-01
8.579863370877118811e+00 1.730565561270787367e-02 5.861575740503442988e-01
8.575422590890456220e+00 1.746316671002944715e-02 5.858541896360061063e-01
8.570280808321133037e+00 1.762067780735101716e-02 5.855029142523726637e-01
8.564451129750093372e+00 1.777818890467259064e-02 5.851046433125004498e-01
8.557946441532417126e+00 1.793570000199416065e-02 5.846602571840956442e-01
8.550779267108525872e+00 1.809321109931573412e-02 5.841706114413250939e-01
8.542962005004490322e+00 1.825072219663730760e-02 5.836365531244792626e-01
8.534506962670491248e+00 1.840823329395887761e-02 5.830589230517428945e-01
8.525426352753045833e+00 1.856574439128045109e-02 5.824385555645199553e-01
8.515732289641285035e+00 1.872325548860202110e-02 5.817762782914842612e-01
8.505436786273801175e+00 1.888076658592359458e-02 5.810729119304308687e-01
8.494551751192080502e+00 1.903827768324516459e-02 5.803292700469698806e-01
8.483088985828562301e+00 1.919578878056673807e-02 5.795461588892570903e-01
8.471060182017339457e+00 1.935329987788830808e-02 5.787243772179255785e-01
8.458476919715748110e+00 1.951081097520988156e-02 5.778647161504339991e-01
8.445350664926637663e+00 1.966832207253145504e-02 5.769679590191179042e-01
8.431692767810853084e+00 1.982583316985302505e-02 5.760348812422395604e-01
8.417514460980010327e+00 1.998334426717459852e-02 5.750662502073541349e-01
8.402826857960739915e+00 2.014085536449616853e-02 5.740628251663898451e-01
8.387640951821481394e+00 2.029836646181774201e-02 5.730253571418341130e-01
8.371967613953096077e+00 2.045587755913931202e-02 5.719545888434262038e-01
8.355817592996018561e+00 2.061338865646088550e-02 5.708512545948652983e-01
8.339201513905720731e+00 2.077089975378245551e-02 5.697160802699618998e-01
8.322129877149734511e+00 2.092841085110402899e-02 5.685497832377828242e-01
8.304613058029090666e+00 2.108592194842560247e-02 5.673530723162910627e-01
8.286661306117764525e+00 2.124343304574717248e-02 5.661266477340519687e-01
8.268284744813936271e+00 2.140094414306874596e-02 5.648712010995748933e-01
8.249493370996928476e+00 2.155845524039031597e-02 5.635874153778770435e-01
8.230297054784443844e+00 2.171596633771188944e-02 5.622759648738977489e-01
8.210705548844630997e+00 2.187347743503345945e-02 5.609375158686776830e-01
8.190729514196252836e+00 2.203098853235503293e-02 5.595727966997938729e-01
8.170381367482336898e+00 2.218849962967660294e-02 5.581826556452482713e-01
8.149673457348876937e+00 2.234601072699817642e-02 5.567679363376328849e-01
8.128617845686786580e+00 2.250352182431974990e-02 5.553294628190580395e-01
8.107226313551386454e+00 2.266103292164131991e-02 5.538680399455578884e-01
8.085510366986936148e+00 2.281854401896289339e-02 5.523844537850097769e-01
8.063481242756518341e+00 2.297605511628446340e-02 5.508794720085885555e-01
8.041149913976747499e+00 2.313356621360603688e-02 5.493538442757155416e-01
8.018527095657193016e+00 2.329107731092760689e-02 5.478083026125017962e-01
7.995623250144654470e+00 2.344858840824918036e-02 5.462435617836882695e-01
7.972448592472374251e+00 2.360609950557075037e-02 5.446603196580924733e-01
7.949013095614636981e+00 2.376361060289232385e-02 5.430592575675906586e-01
7.925326495647088798e+00 2.392112170021389733e-02 5.414410406596612546e-01
7.901398296813199273e+00 2.407863279753546734e-02 5.398063182435121066e-01
7.877237776497942434e+00 2.423614389485704082e-02 5.381557241298746685e-01
7.852853990108646265e+00 2.439365499217861083e-02 5.364898769644492749e-01
7.828255775864455757e+00 2.455116608950018431e-02 5.348093805551141777e-01
7.803451759495019679e+00 2.470867718682175432e-02 5.331148241929273279e-01
7.778450358849225310e+00 2.486618828414332780e-02 5.314067829669861798e-01
7.753259788415022058e+00 2.502369938146489781e-02 5.296858180732122445e-01
7.727888063751298553e+00 2.518121047878647129e-02 5.279524771171262287e-01
7.702343005833075296e+00 2.533872157610804476e-02 5.262072944107042405e-01
7.676632245310640812e+00 2.549623267342961477e-02 5.244507912633492586e-01
7.650763226684353491e+00 2.565374377075118825e-02 5.226834762671086487e-01
7.624743212395737046e+00 2.581125486807275826e-02 5.209058455761653716e-01
7.598579286836177005e+00 2.596876596539433174e-02 5.191183831807058002e-01
7.572278360274901310e+00 2.612627706271590175e-02 5.173215611752687293e-01
7.545847172706484862e+00 2.628378816003747523e-02 5.155158400216007797e-01
7.519292297619978527e+00 2.644129925735904524e-02 5.137016688061535330e-01
7.492620145690732869e+00 2.659881035468061872e-02 5.118794854923008897e-01
7.465836968395449524e+00 2.675632145200219220e-02 5.100497171673119556e-01
7.438948890809299108e+00 2.691383254932376221e-02 5.082127822829788366e-01
7.411963378346775322e+00 2.707134364664533568e-02 5.063691908601564151e-01
7.384889833203058807e+00 2.722885474396690569e-02 5.045195852363361100e-01
7.357737503272889334e+00 2.738636584128847917e-02 5.026645972075399760e-01
7.330515313520050036e+00 2.754387693861004918e-02 5.008048365078504593e-01
7.303231875410059359e+00 2.770138803593162266e-02 4.989408914538315254e-01
7.275895496110091898e+00 2.785889913325319267e-02 4.970733295730472290e-01
7.248514187459185187e+00 2.801641023057476615e-02 4.952026982168861724e-01
7.221095674712079138e+00 2.817392132789633963e-02 4.933295251579231100e-01
7.193647405060082711e+00 2.833143242521790964e-02 4.914543191720441295e-01
7.166176555932689318e+00 2.848894352253948312e-02 4.895775706055955911e-01
7.138690043083586900e+00 2.864645461986105313e-02 4.876997519278038484e-01
7.111194528464838349e+00 2.880396571718262660e-02 4.858213182687208254e-01
7.083696427893169556e+00 2.896147681450419661e-02 4.839427079429673983e-01
7.056201918512165605e+00 2.911898791182577009e-02 4.820643429595368734e-01
7.028716946054641923e+00 2.927649900914734010e-02 4.801866295179421651e-01
7.001247231908650726e+00 2.943401010646891358e-02 4.783099584909507596e-01
6.973798279991818561e+00 2.959152120379048706e-02 4.764347058942242641e-01
6.946375383437542794e+00 2.974903230111205707e-02 4.745612333431054042e-01
6.918983631097400000e+00 2.990654339843363055e-02 4.726898884968478987e-01
6.891627913863546340e+00 3.006405449575520056e-02 4.708210054905483943e-01
6.864312930815349212e+00 3.022156559307677404e-02 4.689549053550727820e-01
6.837043195194124401e+00 3.037907669039834405e-02 4.670918964252350758e-01
6.809823040210041256e+00 3.053658778771991752e-02 4.652322747365142397e-01
6.782656624685029279e+00 3.069409888504148753e-02 4.633763244105643109e-01
6.755547938535705121e+00 3.085160998236306101e-02 4.615243180297965431e-01
6.728500808100049468e+00 3.100912107968463102e-02 4.596765170012859225e-01
6.701518901311820819e+00 3.116663217700620450e-02 4.578331719102761710e-01
6.674605732726242024e+00 3.132414327432777451e-02 4.559945228635234882e-01
6.647764668400959920e+00 3.148165437164934799e-02 4.541607998227534249e-01
6.620998930635678015e+00 3.163916546897092147e-02 4.523322229284618134e-01
6.594311602574136622e+00 3.179667656629248801e-02 4.505090028143122205e-01
6.567705632672129035e+00 3.195418766361406149e-02 4.486913409123811647e-01
6.541183839034818703e+00 3.211169876093563497e-02 4.468794297494740331e-01
6.514748913626881688e+00 3.226920985825720151e-02 4.450734532347532801e-01
6.488403426358843262e+00 3.242672095557877499e-02 4.432735869389069494e-01
6.462149829052870942e+00 3.258423205290034846e-02 4.414799983650843918e-01
6.435990459291232035e+00 3.274174315022192194e-02 4.396928472118137865e-01
6.409927544150525236e+00 3.289925424754349542e-02 4.379122856281162934e-01
6.383963204155412186e+00 3.305676534486506196e-02 4.361384584836173195e-01
6.358099815974612490e+00 3.321427644218663544e-02 4.343715281471460798e-01
6.332340675065452729e+00 3.337178753950820892e-02 4.326117197571683337e-01
6.306689104083058162e+00 3.352929863682978240e-02 4.308592603102432417e-01
6.281148264866041941e+00 3.368680973415134894e-02 4.291143658162968055e-01
6.255721163853165123e+00 3.384432083147292242e-02 4.273772416686754672e-01
6.230410657341585612e+00 3.400183192879449590e-02 4.256480830033790852e-01
6.205219456591132499e+00 3.415934302611606938e-02 4.239270750477719396e-01
6.180150132777598948e+00 3.431685412343764285e-02 4.222143934589833170e-01
6.155205121799533607e+00 3.447436522075920939e-02 4.205102046522951609e-01
6.130386728941570773e+00 3.463187631808078287e-02 4.188146661197317266e-01
6.105697133398109600e+00 3.478938741540235635e-02 4.171279267391069800e-01
6.081138392661096681e+00 3.494689851272392983e-02 4.154501270737880336e-01
6.056712446774875858e+00 3.510440961004549637e-02 4.137813996633785685e-01
6.032421122462274354e+00 3.526192070736706985e-02 4.121218693056020177e-01
6.008266137124675943e+00 3.541943180468864333e-02 4.104716533295798553e-01
5.984249102719735980e+00 3.557694290201021681e-02 4.088308618607472966e-01
5.960371529519891354e+00 3.573445399933179029e-02 4.071995980776274004e-01
5.936634829755059961e+00 3.589196509665335683e-02 4.055779584606910571e-01
5.913040321142310596e+00 3.604947619397493030e-02 4.039660330334980953e-01
5.889589230306064849e+00 3.620698729129650378e-02 4.023639055963564859e-01
5.866282696091357884e+00 3.636449838861807726e-02 4.007716539526781641e-01
5.843121772773633538e+00 3.652200948593964380e-02 3.991893501282647860e-01
5.820107433167443389e+00 3.667952058326121728e-02 3.976170605836870653e-01
5.797240571637328976e+00 3.683703168058279076e-02 3.960548464199822316e-01
5.774522007013387359e+00 3.699454277790436424e-02 3.945027635778385333e-01
5.751952485414371097e+00 3.715205387522593772e-02 3.929608630304637362e-01
5.729532682980916114e+00 3.730956497254750426e-02 3.914291909703130901e-01
5.707263208521386133e+00 3.746707606986907774e-02 3.899077889898477922e-01
5.685144606073140316e+00 3.762458716719065122e-02 3.883966942565150182e-01
5.663177357381262489e+00 3.778209826451222469e-02 3.868959396820892405e-01
5.641361884297642959e+00 3.793960936183379123e-02 3.854055540865727325e-01
5.619698551102354500e+00 3.809712045915536471e-02 3.839255623567865428e-01
5.598187666749770308e+00 3.825463155647693819e-02 3.824559855998201363e-01
5.576829487041615963e+00 3.841214265379851167e-02 3.809968412914901958e-01
5.555624216729365905e+00 3.856965375112008515e-02 3.795481434199717286e-01
5.534572011547512105e+00 3.872716484844165169e-02 3.781099026247055073e-01
5.513672980180440497e+00 3.888467594576322517e-02 3.766821263307720824e-01
5.492927186164497044e+00 3.904218704308479865e-02 3.752648188788364481e-01
5.472334649727215172e+00 3.919969814040637213e-02 3.738579816507995313e-01
5.451895349565930360e+00 3.935720923772793867e-02 3.724616131913094375e-01
5.431609224567043093e+00 3.951472033504951215e-02 3.710757093252188832e-01
5.411476175468458827e+00 3.967223143237108562e-02 3.697002632711569037e-01
5.391496066466329395e+00 3.982974252969265910e-02 3.683352657513010442e-01
5.371668726767984126e+00 3.998725362701423258e-02 3.669807050974679408e-01
5.351993952093026863e+00 4.014476472433579912e-02 3.656365673536658978e-01
5.332471506123599880e+00 4.030227582165737260e-02 3.643028363751737997e-01
5.313101121905940971e+00 4.045978691897894608e-02 3.629794939242921292e-01
5.293882503204438983e+00 4.061729801630051956e-02 3.616665197628494144e-01
5.274815301985278815e+00 4.077480911362208610e-02 3.603638901139333828e-01
5.255898983710825867e+00 4.093232021094365958e-02 3.590715684590976564e-01
5.237132928847220370e+00 4.108983130826523306e-02 3.577895124731383381e-01
5.218516502410899705e+00 4.124734240558680654e-02 3.565176787753616683e-01
5.200049055038456380e+00 4.140485350290838001e-02 3.552560230026744481e-01
5.181729923799799131e+00 4.156236460022994655e-02 3.540044998651372676e-01
5.163558432982007673e+00 4.171987569755152003e-02 3.527630631995152255e-01
5.145533894844353640e+00 4.187738679487309351e-02 3.515316660208600563e-01
5.127655610345878578e+00 4.203489789219466699e-02 3.503102605722163698e-01
5.109922869845964222e+00 4.219240898951623353e-02 3.490987983724829213e-01
5.092334953779297457e+00 4.234992008683780701e-02 3.478972302625254476e-01
5.074891133305670543e+00 4.250743118415938049e-02 3.467055064495686567e-01
5.057590670935699251e+00 4.266494228148095397e-02 3.455235765499441447e-01
5.040432821133160601e+00 4.282245337880252745e-02 3.443513896302416999e-01
5.023416830894708696e+00 4.297996447612409399e-02 3.431888942469132897e-01
5.006541940307813299e+00 4.313747557344566746e-02 3.420360384843897372e-01
4.989807383087593529e+00 4.329498667076724094e-02 3.408927699917578269e-01
4.973212387093191467e+00 4.345249776808881442e-02 3.397590360180360869e-01
4.956756174824602290e+00 4.361000886541038096e-02 3.386347834461179707e-01
4.940437963900250473e+00 4.376751996273195444e-02 3.375199588253989247e-01
4.924256967516337014e+00 4.392503106005352792e-02 3.364145084031571753e-01
4.908212394888278318e+00 4.408254215737510140e-02 3.353183781547128817e-01
4.892303451675129367e+00 4.424005325469667488e-02 3.342315138124232199e-01
4.876529340387196321e+00 4.439756435201824142e-02 3.331538608935294410e-01
4.860889260777726761e+00 4.455507544933981490e-02 3.320853647269171316e-01
4.845382410219175817e+00 4.471258654666138838e-02 3.310259704788203750e-01
4.830007984064334181e+00 4.487009764398296185e-02 3.299756231774954585e-01
4.814765175993126256e+00 4.502760874130452839e-02 3.289342677369109791e-01
4.799653178345429261e+00 4.518511983862610187e-02 3.279018489794869873e-01
4.784671182440320081e+00 4.534263093594767535e-02 3.268783116579045411e-01
4.769818378882393795e+00 4.550014203326924883e-02 3.258636004760327998e-01
4.755093957855514475e+00 4.565765313059082231e-02 3.248576601089976368e-01
4.740497109404232745e+00 4.581516422791238885e-02 3.238604352224073168e-01
4.726027023703756491e+00 4.597267532523396233e-02 3.228718704907962977e-01
4.711682891318309530e+00 4.613018642255553581e-02 3.218919106152755005e-01
4.697463903448810818e+00 4.628769751987710929e-02 3.209205003404535517e-01
4.683369252169760522e+00 4.644520861719867583e-02 3.199575844706210037e-01
4.669398130656139401e+00 4.660271971452024931e-02 3.190031078852496593e-01
4.655549733400341950e+00 4.676023081184182278e-02 3.180570155538149923e-01
4.641823256419632671e+00 4.691774190916339626e-02 3.171192525499679782e-01
4.628217897454482532e+00 4.707525300648496974e-02 3.161897640650853658e-01
4.614732856158010321e+00 4.723276410380653628e-02 3.152684954212117696e-01
4.601367334276891263e+00 4.739027520112810976e-02 3.143553920834191717e-01
4.588120535824148583e+00 4.754778629844968324e-02 3.134503996716110352e-01
4.574991667243740956e+00 4.770529739577125672e-02 3.125534639717677532e-01
4.561979937567749666e+00 4.786280849309282326e-02 3.116645309466840597e-01
4.549084558566029557e+00 4.802031959041439674e-02 3.107835467461938506e-01
4.536304744888741247e+00 4.817783068773597022e-02 3.099104577169068397e-01
4.523639714202011497e+00 4.833534178505754370e-02 3.090452104114770893e-01
4.511088687317001522e+00 4.849285288237911717e-02 3.081877515974206783e-01
4.498650888312495155e+00 4.865036397970068371e-02 3.073380282654905593e-01
4.486325544651355024e+00 4.880787507702225719e-02 3.064959876376323611e-01
4.474111887291024381e+00 4.896538617434383067e-02 3.056615771745340715e-01
4.462009150788344591e+00 4.912289727166540415e-02 3.048347445827865321e-01
4.450016573398758446e+00 4.928040836898697069e-02 3.040154378216612940e-01
4.438133397170180849e+00 4.943791946630854417e-02 3.032036051095229334e-01
4.426358868031852190e+00 4.959543056363011765e-02 3.023991949299000837e-01
4.414692235878158399e+00 4.975294166095169113e-02 3.016021560372109112e-01
4.403132754647602454e+00 4.991045275827326461e-02 3.008124374621598540e-01
4.391679673680951801e+00 5.006796385559483115e-02 3.000299879213429999e-01
4.380331965415519058e+00 5.022547495291640463e-02 2.992547372139162665e-01
4.369088280894507292e+00 5.038298605023797810e-02 2.984865931820898655e-01
4.357947273776443531e+00 5.054049714755955158e-02 2.977254638467477510e-01
4.346907619961116076e+00 5.069800824488111812e-02 2.969712587482479793e-01
4.335968017142722175e+00 5.085551934220269160e-02 2.962238889158948507e-01
4.325127184373537936e+00 5.101303043952426508e-02 2.954832668381309202e-01
4.314383861637630879e+00 5.117054153684583856e-02 2.947493064334123503e-01
4.303736809434995259e+00 5.132805263416741204e-02 2.940219230217990254e-01
4.293184808374977735e+00 5.148556373148897858e-02 2.933010332971782153e-01
4.282726658779325568e+00 5.164307482881055206e-02 2.925865553001449904e-01
4.272361180294498517e+00 5.180058592613212554e-02 2.918784083915169081e-01
4.262087211512889162e+00 5.195809702345369901e-02 2.911765132264566014e-01
4.251903609602694090e+00 5.211560812077526555e-02 2.904807917291847841e-01
4.241809249946392413e+00 5.227311921809683903e-02 2.897911670682823959e-01
4.231803025787422179e+00 5.243063031541841251e-02 2.891075636325524112e-01
4.221883847778536314e+00 5.258814141273998599e-02 2.884299070001640208e-01
4.212050614327406350e+00 5.274565251006155947e-02 2.877581219127289258e-01
4.202302172470322006e+00 5.290316360738312601e-02 2.870921296022784230e-01
4.192637378518413449e+00 5.306067470470469949e-02 2.864318519344805636e-01
4.183055107831502362e+00 5.321818580202627297e-02 2.857772120763683033e-01
4.173554254435943633e+00 5.337569689934784645e-02 2.851281344702317200e-01
4.164133730651476739e+00 5.353320799666941299e-02 2.844845448081245731e-01
4.154792466726792810e+00 5.369071909399098647e-02 2.838463700069684403e-01
4.145529410483706378e+00 5.384823019131255994e-02 2.832135381842417199e-01
4.136343526969437079e+00 5.400574128863413342e-02 2.825859786342249103e-01
4.127233798117165620e+00 5.416325238595570690e-02 2.819636218048109377e-01
4.118199222414326677e+00 5.432076348327727344e-02 2.813463992748431730e-01
4.109238814578548116e+00 5.447827458059884692e-02 2.807342437319765294e-01
4.100351605241067787e+00 5.463578567792042040e-02 2.801270889510487083e-01
4.091536640637363220e+00 5.479329677524199388e-02 2.795248697729454390e-01
4.082792982304904505e+00 5.495080787256356042e-02 2.789275220839514402e-01
4.074119706787691975e+00 5.510831896988513390e-02 2.783349827955641231e-01
4.065515905289591281e+00 5.526583006720670738e-02 2.777471898208116463e-01
4.056980598347879940e+00 5.542334116452828086e-02 2.771640762449346651e-01
4.048512568692269831e+00 5.558085226184985433e-02 2.765855589066786857e-01
4.040110574218604533e+00 5.573836335917142087e-02 2.760115529481940722e-01
4.031773395944414418e+00 5.589587445649299435e-02 2.754419750912537879e-01
4.023499837521047340e+00 5.605338555381456783e-02 2.748767436039242784e-01
4.015288724758049099e+00 5.621089665113614131e-02 2.743157782680718526e-01
4.007138905159424169e+00 5.636840774845770785e-02 2.737590003476805811e-01
3.999049247471532009e+00 5.652591884577928133e-02 2.732063325579663360e-01
3.991018641242081610e+00 5.668342994310085481e-02 2.726576990352478358e-01
3.983045996390172760e+00 5.684094104042242829e-02 2.721130253075725869e-01
3.975130242786867552e+00 5.699845213774400177e-02 2.715722382660628043e-01
3.967270329846023458e+00 5.715596323506556831e-02 2.710352661369623273e-01
3.959465226125185033e+00 5.731347433238714179e-02 2.705020384543692091e-01
3.951713918936180292e+00 5.747098542970871526e-02 2.699724860336338850e-01
3.944015413965121120e+00 5.762849652703028874e-02 2.694465409453977167e-01
3.936368734901592337e+00 5.778600762435185528e-02 2.689241364902599796e-01
3.928772923076873536e+00 5.794351872167342876e-02 2.684052071740621881e-01
3.921227036962120938e+00 5.810102981899500224e-02 2.678896886736046867e-01
3.913730069540835910e+00 5.825854091631657572e-02 2.673775121917144615e-01
3.906280814217618413e+00 5.841605201363814920e-02 2.668685952964222063e-01
3.898878052072938694e+00 5.857356311095971574e-02 2.663628547138012226e-01
3.891520587919451213e+00 5.873107420828128922e-02 2.658602087912554368e-01
3.884207249819051633e+00 5.888858530560286270e-02 2.653605774645269033e-01
3.876936888612162679e+00 5.904609640292443618e-02 2.648638822255367509e-01
3.869708377458767057e+00 5.920360750024600272e-02 2.643700460910300976e-01
3.862520611391124348e+00 5.936111859756757619e-02 2.638789935720177726e-01
3.855372506877488892e+00 5.951862969488914967e-02 2.633906506439716022e-01
3.848263001396917016e+00 5.967614079221072315e-02 2.629049447177752019e-01
3.841191053024292312e+00 5.983365188953229663e-02 2.624218046113747094e-01
3.834155640025906475e+00 5.999116298685386317e-02 2.619411605221491635e-01
3.827155760464637790e+00 6.014867408417543665e-02 2.614629439999367477e-01
3.820190431815028376e+00 6.030618518149701013e-02 2.609870879207388805e-01
3.813258690587573607e+00 6.046369627881858361e-02 2.605135264610516921e-01
3.806359591962090505e+00 6.062120737614015015e-02 2.600421950728185050e-01
3.799492209429943923e+00 6.077871847346172363e-02 2.595730304589876636e-01
3.792655634444838331e+00 6.093622957078329710e-02 2.591059705496556176e-01
3.785848975166252295e+00 6.109374066810487058e-02 2.586409544162209806e-01
3.779071257217880841e+00 6.125125176542643712e-02 2.581779154914171093e-01
3.772321337920088613e+00 6.140876286274801060e-02 2.577167757098607903e-01
3.765598076965536833e+00 6.156627396006958408e-02 2.572574571682386124e-01
3.758900357158883487e+00 6.172378505739115756e-02 2.567998835421991810e-01
3.752227083984728040e+00 6.188129615471273104e-02 2.563439800568341198e-01
3.745577185186487412e+00 6.203880725203429758e-02 2.558896734579099719e-01
3.738949610355534414e+00 6.219631834935587106e-02 2.554368919837975427e-01
3.732343330530545344e+00 6.235382944667744454e-02 2.549855653381009057e-01
3.725757337806641978e+00 6.251134054399902495e-02 2.545356246629546515e-01
3.719190644954083691e+00 6.266885164132059149e-02 2.540870025129731147e-01
3.712642285046132695e+00 6.282636273864215803e-02 2.536396328298286540e-01
3.706111311095833472e+00 6.298387383596373845e-02 2.531934509174350589e-01
3.699596795701592722e+00 6.314138493328530499e-02 2.527483934177360836e-01
3.693097830700990070e+00 6.329889603060687153e-02 2.523043982870534219e-01
3.686613526832947407e+00 6.345640712792845195e-02 2.518614047730076688e-01
3.680143013407639607e+00 6.361391822525001849e-02 2.514193533919668044e-01
3.673685437984192337e+00 6.377142932257158503e-02 2.509781859070272514e-01
3.667239966055767741e+00 6.392894041989316545e-02 2.505378453064998068e-01
3.660805780741945625e+00 6.408645151721473199e-02 2.500982757828939529e-01
3.654382079791758109e+00 6.424396261453631241e-02 2.496594225281710822e-01
3.647967982999005265e+00 6.440147371185787895e-02 2.492212254085612588e-01
3.641562511264714974e+00 6.455898480917944549e-02 2.487836175341556766e-01
3.635164699236288932e+00 6.471649590650102590e-02 2.483465329541679201e-01
3.628773602457509462e+00 6.487400700382259244e-02 2.479099071454066716e-01
3.622388297024014214e+00 6.503151810114417286e-02 2.474736769887386501e-01
3.616007879246849299e+00 6.518902919846573940e-02 2.470377807461031638e-01
3.609631465323799304e+00 6.534654029578730594e-02 2.466021580380583778e-01
3.603258191018250844e+00 6.550405139310888636e-02 2.461667498218415850e-01
3.596887211345454638e+00 6.566156249043045290e-02 2.457314983699354638e-01
3.590517700265726031e+00 6.581907358775203332e-02 2.452963472491083430e-01
3.584148850384699880e+00 6.597658468507359986e-02 2.448612412999361387e-01
3.577779872660002525e+00 6.613409578239516640e-02 2.444261266167629121e-01
3.571409996114626839e+00 6.629160687971674681e-02 2.439909505281190050e-01
3.565038467556355339e+00 6.644911797703831335e-02 2.435556615775529288e-01
3.558664551303264201e+00 6.660662907435987989e-02 2.431202095048785317e-01
3.552287528915207382e+00 6.676414017168146031e-02 2.426845452278300064e-01
3.545906698930854084e+00 6.692165126900302685e-02 2.422486208240975103e-01
3.539521376610260450e+00 6.707916236632460727e-02 2.418123895137396784e-01
3.533130893682848495e+00 6.723667346364617381e-02 2.413758056419665066e-01
3.526734598100462748e+00 6.739418456096774035e-02 2.409388246622685970e-01
3.520331850783492200e+00 6.755169565828932077e-02 2.405014029141191723e-01
3.513921974743192678e+00 6.770920675561088731e-02 2.400634941471219141e-01
3.507504263523345323e+00 6.786671785293246772e-02 2.396250500977271380e-01
3.501078026603989812e+00 6.802422895025403426e-02 2.391860235911154597e-01
3.494642590692965900e+00 6.818174004757560080e-02 2.387463686294330756e-01
3.488197299478009050e+00 6.833925114489718122e-02 2.383060403748561706e-01
3.481741513383555642e+00 6.849676224221874776e-02 2.378649951329753487e-01
3.475274609332430931e+00 6.865427333954032818e-02 2.374231903365155161e-01
3.468795980512174637e+00 6.881178443686189472e-02 2.369805845293713187e-01
3.462305036145776338e+00 6.896929553418346126e-02 2.365371373509444208e-01
3.455801201266824663e+00 6.912680663150504168e-02 2.360928095207821542e-01
3.449283916498784741e+00 6.928431772882660822e-02 2.356475628234983855e-01
3.442752637838390584e+00 6.944182882614817476e-02 2.352013600939749371e-01
3.436206836442912138e+00 6.959933992346975518e-02 2.347541652028286019e-01
3.429645998421318787e+00 6.975685102079132172e-02 2.343059430421438327e-01
3.423069624629084817e+00 6.991436211811290213e-02 2.338566595114540403e-01
3.416477230466587578e+00 7.007187321543446867e-02 2.334062815039685823e-01
3.409868345680910906e+00 7.022938431275603521e-02 2.329547768930328167e-01
3.403242514171141320e+00 7.038689541007761563e-02 2.325021145188257976e-01
3.396599293796815466e+00 7.054440650739918217e-02 2.320482641752744102e-01
3.389938256189487298e+00 7.070191760472076259e-02 2.315931965971795292e-01
3.383258986567455828e+00 7.085942870204232913e-02 2.311368834475590883e-01
3.376561084943274782e+00 7.101693979936389567e-02 2.306792974001421193e-01
3.369844183096029067e+00 7.117445089668547609e-02 2.302204132988776852e-01
3.363107938645365280e+00 7.133196199400704263e-02 2.297602077530862263e-01
3.356352021671134001e+00 7.148947309132862304e-02 2.292986582233416670e-01
3.349576114258795201e+00 7.164698418865018958e-02 2.288357429904153140e-01
3.342779910338406157e+00 7.180449528597175612e-02 2.283714411442753223e-01
3.335963115525848899e+00 7.196200638329333654e-02 2.279057325732402328e-01
3.329125446966409108e+00 7.211951748061490308e-02 2.274385979532920765e-01
3.322266633180387174e+00 7.227702857793646962e-02 2.269700187375292832e-01
3.315386413910891505e+00 7.243453967525805004e-02 2.264999771457679167e-01
3.308484539973613803e+00 7.259205077257961658e-02 2.260284561542789949e-01
3.301560773108614733e+00 7.274956186990119700e-02 2.255554394856623679e-01
3.294614885834035611e+00 7.290707296722276354e-02 2.250809115988531006e-01
3.287646661301609985e+00 7.306458406454433008e-02 2.246048576792500362e-01
3.280655893154069691e+00 7.322209516186591050e-02 2.241272636289741715e-01
3.273642385384273990e+00 7.337960625918747704e-02 2.236481160572447446e-01
3.266605952196060869e+00 7.353711735650905745e-02 2.231674022708725336e-01
3.259546417866725054e+00 7.369462845383062399e-02 2.226851102648652048e-01
3.252463616611176001e+00 7.385213955115219053e-02 2.222012287131466535e-01
3.245357392447622225e+00 7.400965064847377095e-02 2.217157469593805663e-01
3.238227599064797513e+00 7.416716174579533749e-02 2.212286550079000658e-01
3.231074099690669943e+00 7.432467284311691791e-02 2.207399435147378575e-01
3.223896766962661697e+00 7.448218394043848445e-02 2.202496037787600447e-01
3.216695488236426925e+00 7.463969503776005099e-02 2.197576281043503166e-01
3.209470248659571201e+00 7.479720613508163141e-02 2.192640154768255578e-01
3.202221112548839788e+00 7.495471723240319795e-02 2.187687702901655595e-01
3.194948151654792401e+00 7.511222832972476449e-02 2.182718974462124484e-01
3.187651442923363998e+00 7.526973942704634490e-02 2.177734022017445426e-01
3.180331068410461981e+00 7.542725052436791144e-02 2.172732901626429347e-01
3.172987115197594576e+00 7.558476162168949186e-02 2.167715672781264924e-01
3.165619675307971281e+00 7.574227271901105840e-02 2.162682398350203317e-01
3.158228845623619385e+00 7.589978381633262494e-02 2.157633144520936241e-01
3.150814727803042281e+00 7.605729491365420536e-02 2.152567980744338472e-01
3.143377428199732204e+00 7.621480601097577190e-02 2.147486979678797925e-01
3.135917057781332229e+00 7.637231710829735232e-02 2.142390217134991504e-01
3.128433732049566540e+00 7.652982820561891886e-02 2.137277772021180244e-01
3.120927570960817299e+00 7.668733930294048540e-02 2.132149726288953273e-01
3.113398698847441803e+00 7.684485040026206581e-02 2.127006164879466088e-01
3.105847244339735358e+00 7.700236149758363235e-02 2.121847175670135421e-01
3.098273340288618005e+00 7.715987259490521277e-02 2.116672849421815383e-01
3.090677123688912786e+00 7.731738369222677931e-02 2.111483279726384110e-01
3.083058735603386058e+00 7.747489478954834585e-02 2.106278562954850830e-01
3.075418321087359796e+00 7.763240588686992627e-02 2.101058798205852896e-01
3.067756029113986926e+00 7.778991698419149281e-02 2.095824087254601342e-01
3.060072012500181682e+00 7.794742808151305935e-02 2.090574534502282200e-01
3.052366427833202334e+00 7.810493917883463977e-02 2.085310246925900224e-01
3.044639435397789473e+00 7.826245027615620631e-02 2.080031334028498713e-01
3.036891201043355082e+00 7.841996137347778673e-02 2.074737909114781065e-01
3.029121999789034625e+00 7.857747247079935327e-02 2.069430160071832059e-01
3.021332265098732428e+00 7.873498356812091981e-02 2.064108383032745020e-01
3.013522440811012615e+00 7.889249466544250022e-02 2.058772881218360051e-01
3.005692968001998810e+00 7.905000576276406676e-02 2.053423955962274394e-01
2.997844284979041873e+00 7.920751686008564718e-02 2.048061906706522273e-01
2.989976827274700710e+00 7.936502795740721372e-02 2.042687030997459574e-01
2.982091027641217362e+00 7.952253905472878026e-02 2.037299624481990756e-01
2.974187316045239449e+00 7.968005015205036068e-02 2.031899980903962566e-01
2.966266119663046208e+00 7.983756124937192722e-02 2.026488392100901648e-01
2.958327862876040548e+00 7.999507234669350764e-02 2.021065148000938116e-01
2.950372967266659430e+00 8.015258344401507418e-02 2.015630536620009461e-01
2.942401851614625308e+00 8.031009454133664072e-02 2.010184844059297871e-01
2.934414931893572387e+00 8.046760563865822113e-02 2.004728354502927357e-01
2.926412621267950431e+00 8.062511673597978767e-02 1.999261350215851274e-01
2.918395330090379769e+00 8.078262783330135421e-02 1.993784111542037385e-01
2.910363465899262536e+00 8.094013893062293463e-02 1.988296916902845823e-01
2.902317433416750969e+00 8.109765002794450117e-02 1.982800042795634099e-01
2.894257634547034552e+00 8.125516112526608159e-02 1.977293763792587478e-01
2.886184468374977552e+00 8.141267222258764813e-02 1.971778352539791945e-01
2.878098331165052315e+00 8.157018331990921467e-02 1.966254079756502848e-01
2.869999616360596306e+00 8.172769441723079509e-02 1.960721214234635579e-01
2.861888714583326276e+00 8.188520551455236163e-02 1.955180022838439169e-01
2.853766013633295184e+00 8.204271661187394205e-02 1.949630770504459376e-01
2.845631898488942380e+00 8.220022770919550859e-02 1.944073720241579484e-01
2.837486751307655375e+00 8.235773880651707513e-02 1.938509133131403050e-01
2.829330989466706026e+00 8.251524990383865554e-02 1.932937294316987853e-01
2.821165247609406901e+00 8.267276100116022208e-02 1.927358637372819372e-01
2.812990231171050848e+00 8.283027209848178862e-02 1.921773644236922096e-01
2.804806635178691998e+00 8.298778319580336904e-02 1.916182789736638192e-01
2.796615144229033678e+00 8.314529429312493558e-02 1.910586541573520702e-01
2.788416432578691317e+00 8.330280539044651600e-02 1.904985360385000326e-01
2.780211164234822174e+00 8.346031648776808254e-02 1.899379699806301447e-01
2.771999993046022404e+00 8.361782758508964908e-02 1.893770006532541350e-01
2.763783562793588722e+00 8.377533868241122950e-02 1.888156720381076736e-01
2.755562507283018547e+00 8.393284977973279604e-02 1.882540274354015941e-01
2.747337450435669570e+00 8.409036087705437645e-02 1.876921094700837456e-01
2.739109006380680889e+00 8.424787197437594299e-02 1.871299600981191358e-01
2.730877779546980300e+00 8.440538307169750953e-02 1.865676206127751813e-01
2.722644364755395952e+00 8.456289416901908995e-02 1.860051316509152286e-01
2.714409347310932308e+00 8.472040526634065649e-02 1.854425331993019010e-01
2.706173303094971949e+00 8.487791636366223691e-02 1.848798646008968094e-01
2.697936798657628366e+00 8.503542746098380345e-02 1.843171645611693665e-01
2.689700391309955751e+00 8.519293855830536999e-02 1.837544711543968867e-01
2.681464629216248063e+00 8.535044965562695041e-02 1.831918218299694590e-01
2.673230051486174208e+00 8.550796075294851695e-02 1.826292534186853833e-01
2.664997188266843064e+00 8.566547185027008349e-02 1.820668021390400015e-01
2.656766560834815660e+00 8.582298294759166390e-02 1.815045036035126402e-01
2.648538681687893082e+00 8.598049404491323044e-02 1.809423928248364011e-01
2.640314054636752505e+00 8.613800514223481086e-02 1.803805042222591803e-01
2.632093174896445564e+00 8.629551623955637740e-02 1.798188716277945021e-01
2.623876529177602723e+00 8.645302733687794394e-02 1.792575282924523672e-01
2.615664595832363659e+00 8.661053843419952436e-02 1.786965068962088898e-01
2.607457918331424374e+00 8.676804953152109090e-02 1.781358445677978519e-01
2.599257247476922217e+00 8.692556062884267132e-02 1.775755926003858565e-01
2.591063359141277722e+00 8.708307172616423786e-02 1.770158039998862287e-01
2.582877013507602015e+00 8.724058282348580440e-02 1.764565307003532202e-01
2.574698955262460398e+00 8.739809392080738482e-02 1.758978235771505583e-01
2.566529913788528017e+00 8.755560501812895136e-02 1.753397324601136398e-01
2.558370603356856066e+00 8.771311611545053177e-02 1.747823061466845795e-01
2.550221723318823575e+00 8.787062721277209831e-02 1.742255924150261925e-01
2.542083958297635782e+00 8.802813831009366485e-02 1.736696380371043347e-01
2.533957978379317133e+00 8.818564940741524527e-02 1.731144887917362707e-01
2.525844439303185140e+00 8.834316050473681181e-02 1.725601894776037093e-01
2.517743982651601709e+00 8.850067160205837835e-02 1.720067839262159060e-01
2.509657236039150696e+00 8.865818269937995877e-02 1.714543150148340189e-01
2.501584813300974375e+00 8.881569379670152531e-02 1.709028246793375394e-01
2.493527314680363371e+00 8.897320489402310573e-02 1.703523539270406784e-01
2.485485327015473089e+00 8.913071599134467227e-02 1.698029428494475801e-01
2.477459423925145732e+00 8.928822708866623881e-02 1.692546306349480834e-01
2.469450165993788637e+00 8.944573818598781922e-02 1.687074555814474242e-01
2.461458100955219663e+00 8.960324928330938576e-02 1.681614551089268272e-01
2.453483763875541790e+00 8.976076038063096618e-02 1.676166657719370956e-01
2.445527677334881744e+00 8.991827147795253272e-02 1.670731232720136794e-01
2.437590351607993977e+00 9.007578257527409926e-02 1.665308624700161666e-01
2.429672284843805041e+00 9.023329367259567968e-02 1.659899173983942766e-01
2.421773963243634586e+00 9.039080476991724622e-02 1.654503212733627326e-01
2.413895861238299023e+00 9.054831586723882664e-02 1.649121065070013603e-01
2.406038441663894023e+00 9.070582696456039318e-02 1.643753047192640926e-01
2.398202155936314028e+00 9.086333806188195972e-02 1.638399467499012663e-01
2.390387444224444380e+00 9.102084915920354014e-02 1.633060626702921847e-01
2.382594770865588796e+00 9.117836025652510668e-02 1.627736842029499365e-01
2.374824749741855534e+00 9.133587135384667322e-02 1.622428532869627238e-01
2.367078025524581797e+00 9.149338245116825363e-02 1.617136139648719939e-01
2.359355226742720912e+00 9.165089354848982017e-02 1.611860091764065472e-01
2.351656966034640472e+00 9.180840464581140059e-02 1.606600807756848603e-01
2.343983840402463326e+00 9.196591574313296713e-02 1.601358695485915196e-01
2.336336431464778762e+00 9.212342684045453367e-02 1.596134152300415221e-01
2.328715305707472538e+00 9.228093793777611409e-02 1.590927565211163464e-01
2.321121014732929755e+00 9.243844903509768063e-02 1.585739311060893608e-01
2.313554095507199371e+00 9.259596013241926105e-02 1.580569756693111227e-01
2.306015070605378803e+00 9.275347122974082759e-02 1.575419259119739956e-01
2.298504448454931293e+00 9.291098232706239413e-02 1.570288165687344362e-01
2.291022723577065268e+00 9.306849342438397454e-02 1.565176814242043857e-01
2.283570376826066006e+00 9.322600452170554108e-02 1.560085533293008309e-01
2.276147875626460593e+00 9.338351561902712150e-02 1.555014642174491479e-01
2.268755674208149831e+00 9.354102671634868804e-02 1.549964451206466975e-01
2.261394213839319711e+00 9.369853781367025458e-02 1.544935261853746800e-01
2.254063923057185725e+00 9.385604891099183500e-02 1.539927366883619975e-01
2.246765217896488753e+00 9.401356000831340154e-02 1.534941050521958228e-01
2.239498502115789602e+00 9.417107110563496808e-02 1.529976588607813714e-01
2.232264167421408096e+00 9.432858220295654850e-02 1.525034248746411636e-01
2.225062593689179025e+00 9.448609330027811504e-02 1.520114290460646556e-01
2.217894149183798458e+00 9.464360439759969545e-02 1.515216965340934474e-01
2.210759190775848371e+00 9.480111549492126199e-02 1.510342517193485889e-01
2.203658064156519103e+00 9.495862659224282853e-02 1.505491182186988464e-01
2.196591104049909760e+00 9.511613768956440895e-02 1.500663188997654607e-01
2.189558634423002914e+00 9.527364878688597549e-02 1.495858758952670342e-01
2.182560968693193715e+00 9.543115988420755591e-02 1.491078106171971340e-01
2.175598409933484856e+00 9.558867098152912245e-02 1.486321437708430226e-01
2.168671251768615971e+00 9.574618207885068899e-02 1.481588954160073524e-01
2.161779810936512725e+00 9.590369317617226941e-02 1.476880871915351168e-01
2.154924440391202900e+00 9.606120427349383595e-02 1.472197432104765669e-01
2.148105485284682370e+00 9.621871537081541637e-02 1.467538870528641848e-01
2.141323279574307126e+00 9.637622646813698291e-02 1.462905415339368909e-01
2.134578146248184094e+00 9.653373756545854945e-02 1.458297287195386704e-01
2.127870397547987569e+00 9.669124866278012986e-02 1.453714699413403977e-01
2.121200335189067143e+00 9.684875976010169640e-02 1.449157858118773901e-01
2.114568250577926189e+00 9.700627085742326294e-02 1.444626962394071901e-01
2.107974425026991394e+00 9.716378195474484336e-02 1.440122204425820507e-01
2.101419129966761723e+00 9.732129305206640990e-02 1.435643769649421753e-01
2.094902627155232899e+00 9.747880414938799032e-02 1.431191836892237168e-01
2.088425168884695093e+00 9.763631524670955686e-02 1.426766578514861716e-01
2.081986998185815896e+00 9.779382634403112340e-02 1.422368160550554483e-01
2.075588349029101387e+00 9.795133744135270382e-02 1.417996742842866920e-01
2.069229446523655369e+00 9.810884853867427036e-02 1.413652479181435329e-01
2.062910507113288716e+00 9.826635963599585077e-02 1.409335517435956198e-01
2.056631738770036577e+00 9.842387073331741731e-02 1.405045999688392666e-01
2.050393341184907570e+00 9.858138183063898385e-02 1.400784062363291393e-01
2.044195505956166503e+00 9.873889292796056427e-02 1.396549836356412999e-01
2.038038416774845984e+00 9.889640402528213081e-02 1.392343447161470682e-01
2.031922249607748920e+00 9.905391512260371123e-02 1.388165014995148550e-01
2.025847172877827784e+00 9.921142621992527777e-02 1.384014654920339982e-01
2.019813347641939760e+00 9.936893731724684431e-02 1.379892476967580217e-01
2.013820927766106106e+00 9.952644841456842473e-02 1.375798586254783351e-01
2.007870060098171816e+00 9.968395951188999127e-02 1.371733083105198814e-01
2.001960884637938864e+00 9.984147060921155781e-02 1.367696063163640618e-01
1.996093534704782124e+00 9.999898170653313823e-02 1.363687617511000205e-01
1.990268137102789936e+00 1.001564928038547048e-01 1.359707832777070358e-01
1.984484812283371813e+00 1.003140039011762852e-01 1.355756791251628290e-01
1.978743674505448968e+00 1.004715149984978517e-01 1.351834570993881157e-01
1.973044831680026645e+00 1.006290260958194183e-01 1.347941245726274884e-01
1.967388352944532626e+00 1.007865371931409987e-01 1.344076862681996554e-01
1.961774241248312123e+00 1.009440482904625652e-01 1.340241423875973004e-01
1.956202489238875630e+00 1.011015593877841456e-01 1.336434924285143655e-01
1.950673086172204140e+00 1.012590704851057122e-01 1.332657356569429685e-01
1.945186018015424789e+00 1.014165815824272787e-01 1.328908711141875976e-01
1.939741267547745673e+00 1.015740926797488591e-01 1.325188976237615113e-01
1.934338814459608091e+00 1.017316037770704257e-01 1.321498137981598209e-01
1.928978635450005363e+00 1.018891148743920061e-01 1.317836180455084216e-01
1.923660704322129877e+00 1.020466259717135726e-01 1.314203085760985990e-01
1.918384992077286633e+00 1.022041370690351392e-01 1.310598834088026188e-01
1.913151467007091711e+00 1.023616481663567196e-01 1.307023403773727721e-01
1.907960094784055149e+00 1.025191592636782861e-01 1.303476771366297859e-01
1.902810838550441197e+00 1.026766703609998527e-01 1.299958911685334118e-01
1.897703659005594456e+00 1.028341814583214331e-01 1.296469797881484587e-01
1.892638514491620016e+00 1.029916925556429996e-01 1.293009401494983335e-01
1.887615361077473963e+00 1.031492036529645800e-01 1.289577692513098339e-01
1.882634152641560199e+00 1.033067147502861466e-01 1.286174639426559962e-01
1.877694840952742306e+00 1.034642258476077131e-01 1.282800209284905568e-01
1.872797375749894577e+00 1.036217369449292935e-01 1.279454367750830213e-01
1.867941704819952031e+00 1.037792480422508601e-01 1.276137079153505383e-01
1.863127774074475163e+00 1.039367591395724405e-01 1.272848306540886876e-01
1.858355527624849790e+00 1.040942702368940070e-01 1.269588011731090649e-01
1.853624907855991877e+00 1.042517813342155736e-01 1.266356155362747260e-01
1.848935855498721192e+00 1.044092924315371540e-01 1.263152696944444542e-01
1.844288309700711892e+00 1.045668035288587205e-01 1.259977594903197717e-01
1.839682208096166560e+00 1.047243146261803010e-01 1.256830806632053266e-01
1.835117486874098258e+00 1.048818257235018675e-01 1.253712288536734942e-01
1.830594080845311389e+00 1.050393368208234340e-01 1.250621996081405229e-01
1.826111923508146218e+00 1.051968479181450145e-01 1.247559883833578021e-01
1.821670947112936867e+00 1.053543590154665810e-01 1.244525905508157698e-01
1.817271082725201214e+00 1.055118701127881475e-01 1.241520014010608491e-01
1.812912260287637523e+00 1.056693812101097280e-01 1.238542161479307263e-01
1.808594401227542114e+00 1.058268923074312945e-01 1.235592294235094840e-01
1.804317300697156012e+00 1.059844034047528749e-01 1.232670272330444600e-01
1.800080651330264736e+00 1.061419145020744415e-01 1.229775885779456207e-01
1.795884145978598800e+00 1.062994255993960080e-01 1.226908924745121615e-01
1.791727480890579871e+00 1.064569366967175884e-01 1.224069181710980420e-01
1.787610355672115903e+00 1.066144477940391549e-01 1.221256451454333508e-01
1.783532473247916528e+00 1.067719588913607354e-01 1.218470531019813646e-01
1.779493539823244541e+00 1.069294699886823019e-01 1.215711219693257766e-01
1.775493264846299102e+00 1.070869810860038684e-01 1.212978318976004194e-01
1.771531360970996172e+00 1.072444921833254489e-01 1.210271632559468680e-01
1.767607544020272758e+00 1.074020032806470154e-01 1.207590966300072788e-01
1.763721532949900528e+00 1.075595143779685958e-01 1.204936128194522837e-01
1.759873049812755719e+00 1.077170254752901624e-01 1.202306928355397347e-01
1.756061819723552464e+00 1.078745365726117289e-01 1.199703178987059360e-01
1.752287570824057505e+00 1.080320476699333093e-01 1.197124694361885178e-01
1.748550034248768092e+00 1.081895587672548759e-01 1.194571290796821311e-01
1.744848944091030418e+00 1.083470698645764424e-01 1.192042786630233969e-01
1.741184037369595039e+00 1.085045809618980228e-01 1.189539002199062889e-01
1.737555053995634369e+00 1.086620920592195894e-01 1.187059759816288251e-01
1.733961736740175397e+00 1.088196031565411698e-01 1.184604883748678061e-01
1.730403831201980491e+00 1.089771142538627363e-01 1.182174200194849728e-01
1.726881085775812563e+00 1.091346253511843029e-01 1.179767537263586297e-01
1.723393251621168965e+00 1.092921364485058833e-01 1.177384724952477008e-01
1.719940082631356892e+00 1.094496475458274498e-01 1.175025595126791694e-01
1.716521335403043302e+00 1.096071586431490302e-01 1.172689981498675343e-01
1.713136769206151655e+00 1.097646697404705968e-01 1.170377719606584543e-01
1.709786145954185876e+00 1.099221808377921633e-01 1.168088646795011204e-01
1.706469230174886498e+00 1.100796919351137437e-01 1.165822602194437618e-01
1.703185788981358639e+00 1.102372030324353103e-01 1.163579426701610714e-01
1.699935592043492649e+00 1.103947141297568907e-01 1.161358962960018087e-01
1.696718411559780870e+00 1.105522252270784572e-01 1.159161055340631324e-01
1.693534022229541414e+00 1.107097363244000238e-01 1.156985549922933676e-01
1.690382201225439474e+00 1.108672474217216042e-01 1.154832294476144106e-01
1.687262728166389225e+00 1.110247585190431707e-01 1.152701138440705431e-01
1.684175384718509472e+00 1.111822696163647373e-01 1.150591932655666561e-01
1.681119878128746636e+00 1.113397807136863177e-01 1.148504477118520162e-01
1.678095749374226786e+00 1.114972918110078842e-01 1.146438458234837199e-01
1.675102522846297237e+00 1.116548029083294646e-01 1.144393551079147114e-01
1.672139729354664706e+00 1.118123140056510312e-01 1.142369435110865000e-01
1.669206906016224679e+00 1.119698251029725977e-01 1.140365794098336105e-01
1.666303596146189392e+00 1.121273362002941781e-01 1.138382316044463105e-01
1.663429349151487768e+00 1.122848472976157447e-01 1.136418693113876166e-01
1.660583720426420884e+00 1.124423583949373251e-01 1.134474621561647190e-01
1.657766271250463275e+00 1.125998694922588916e-01 1.132549801663471634e-01
1.654976568688194760e+00 1.127573805895804582e-01 1.130643937647301395e-01
1.652214185491348131e+00 1.129148916869020386e-01 1.128756737626427920e-01
1.649478700002807052e+00 1.130724027842236051e-01 1.126887913533895502e-01
1.646769696062682975e+00 1.132299138815451855e-01 1.125037181058334418e-01
1.644086762916249667e+00 1.133874249788667521e-01 1.123204259581064013e-01
1.641429495123854609e+00 1.135449360761883186e-01 1.121388872114546104e-01
1.638797492472586548e+00 1.137024471735098990e-01 1.119590745242039220e-01
1.636190359889862833e+00 1.138599582708314656e-01 1.117809609058560694e-01
1.633607707358693650e+00 1.140174693681530321e-01 1.116045197113000459e-01
1.631049149834743917e+00 1.141749804654746125e-01 1.114297246351456938e-01
1.628514307165064734e+00 1.143324915627961791e-01 1.112565497061716591e-01
1.626002804008471081e+00 1.144900026601177595e-01 1.110849692818859230e-01
1.623514269757565520e+00 1.146475137574393260e-01 1.109149580431984528e-01
1.621048338462314220e+00 1.148050248547608926e-01 1.107464909892001970e-01
1.618604648755217257e+00 1.149625359520824730e-01 1.105795434320507586e-01
1.616182843777927758e+00 1.151200470494040395e-01 1.104140909919653496e-01
1.613782571109422248e+00 1.152775581467256200e-01 1.102501095923073826e-01
1.611403482695579648e+00 1.154350692440471865e-01 1.100875754547775559e-01
1.609045234780189348e+00 1.155925803413687530e-01 1.099264650947004429e-01
1.606707487837339521e+00 1.157500914386903335e-01 1.097667553164054233e-01
1.604389906505165442e+00 1.159076025360119000e-01 1.096084232087004701e-01
1.602092159520947412e+00 1.160651136333334804e-01 1.094514461404382244e-01
1.599813919657459005e+00 1.162226247306550470e-01 1.092958017561674738e-01
1.597554863660636038e+00 1.163801358279766135e-01 1.091414679718748365e-01
1.595314672188461014e+00 1.165376469252981939e-01 1.089884229708092261e-01
1.593093029751051048e+00 1.166951580226197605e-01 1.088366451993893064e-01
1.590889624639356903e+00 1.168526691199413270e-01 1.086861133623317210e-01
1.588704110807743319e+00 1.170101802172629074e-01 1.085368038185526851e-01
1.586536024788206545e+00 1.171676913145844739e-01 1.083886849049278261e-01
1.584384884647141778e+00 1.173252024119060544e-01 1.082417236968031549e-01
1.582250214455041215e+00 1.174827135092276209e-01 1.080958876797115387e-01
1.580131544193782211e+00 1.176402246065491874e-01 1.079511447430386989e-01
1.578028409666246024e+00 1.177977357038707679e-01 1.078074631738488581e-01
1.575940352408180534e+00 1.179552468011923344e-01 1.076648116508630432e-01
1.573866919602266101e+00 1.181127578985139148e-01 1.075231592385884616e-01
1.571807663994355009e+00 1.182702689958354814e-01 1.073824753815960376e-01
1.569762143811767263e+00 1.184277800931570479e-01 1.072427298989387517e-01
1.567729922683668953e+00 1.185852911904786283e-01 1.071038929787119232e-01
1.565710569563434795e+00 1.187428022878001949e-01 1.069659351727490076e-01
1.563703658652949580e+00 1.189003133851217753e-01 1.068288273914505537e-01
1.561708769328806978e+00 1.190578244824433418e-01 1.066925408987415974e-01
1.559725486070395073e+00 1.192153355797649084e-01 1.065570473071593277e-01
1.557753398389733590e+00 1.193728466770864888e-01 1.064223185730591437e-01
1.555792100763139008e+00 1.195303577744080553e-01 1.062883269919463608e-01
1.553841192564564544e+00 1.196878688717296219e-01 1.061550451939222844e-01
1.551900278000621913e+00 1.198453799690512023e-01 1.060224461392449136e-01
1.549968966047272634e+00 1.200028910663727688e-01 1.058905031140036784e-01
1.548046870388084528e+00 1.201604021636943492e-01 1.057591897259016755e-01
1.546133609354061633e+00 1.203179132610159158e-01 1.056284799001444424e-01
1.544228805864992005e+00 1.204754243583374823e-01 1.054983478754335097e-01
1.542332087372298544e+00 1.206329354556590627e-01 1.053687682000615800e-01
1.540443085803275602e+00 1.207904465529806293e-01 1.052397157281033530e-01
1.538561437506821061e+00 1.209479576503022097e-01 1.051111656157076857e-01
1.536686783200481132e+00 1.211054687476237762e-01 1.049830933174800279e-01
1.534818767918877169e+00 1.212629798449453428e-01 1.048554745829591017e-01
1.532957040963394801e+00 1.214204909422669232e-01 1.047282854531795260e-01
1.531101255853219545e+00 1.215780020395884897e-01 1.046015022573267977e-01
1.529251070277539704e+00 1.217355131369100563e-01 1.044751016094721541e-01
1.527406146049050006e+00 1.218930242342316367e-01 1.043490604053955578e-01
1.525566149058543264e+00 1.220505353315532032e-01 1.042233558194838039e-01
1.523730749230738812e+00 1.222080464288747836e-01 1.040979653017128498e-01
1.521899620481197868e+00 1.223655575261963502e-01 1.039728665747042258e-01
1.520072440674342662e+00 1.225230686235179167e-01 1.038480376308570374e-01
1.518248891582538507e+00 1.226805797208394971e-01 1.037234567295524656e-01
1.516428658840361710e+00 1.228380908181610637e-01 1.035991023940297240e-01
1.514611423456355688e+00 1.229956019154826441e-01 1.034749528314874156e-01
1.512796845073758334e+00 1.231531130128042106e-01 1.033509847894929501e-01
1.510984582811201848e+00 1.233106241101257772e-01 1.032271749797739752e-01
1.509174299979268330e+00 1.234681352074473576e-01 1.031035004004428740e-01
1.507365664041209197e+00 1.236256463047689241e-01 1.029799383333135504e-01
1.505558346574707773e+00 1.237831574020905046e-01 1.028564663412886993e-01
1.503752023234762758e+00 1.239406684994120711e-01 1.027330622658244597e-01
1.501946373717542693e+00 1.240981795967336376e-01 1.026097042244608210e-01
1.500141081725269165e+00 1.242556906940552180e-01 1.024863706084226944e-01
1.498335834932067456e+00 1.244132017913767846e-01 1.023630400802866269e-01
1.496530324950751778e+00 1.245707128886983511e-01 1.022396915717120186e-01
1.494724247300555531e+00 1.247282239860199315e-01 1.021163042812361921e-01
1.492917301375728423e+00 1.248857350833414981e-01 1.019928576721290947e-01
1.491109190415036423e+00 1.250432461806630924e-01 1.018693314703097846e-01
1.489299621472058188e+00 1.252007572779846589e-01 1.017457056623169154e-01
1.487488305386376108e+00 1.253582683753062255e-01 1.016219604933407406e-01
1.485674956755483667e+00 1.255157794726277920e-01 1.014980764653037326e-01
1.483859293907527022e+00 1.256732905699493585e-01 1.013740343349984890e-01
1.482041038874774008e+00 1.258308016672709251e-01 1.012498151122750434e-01
1.480219917367837645e+00 1.259883127645924916e-01 1.011254000582801488e-01
1.478395658750564889e+00 1.261458238619140859e-01 1.010007706837413172e-01
1.476567996015665019e+00 1.263033349592356525e-01 1.008759087473021787e-01
1.474736665760967735e+00 1.264608460565572190e-01 1.007507962539002377e-01
1.472901408166350068e+00 1.266183571538787855e-01 1.006254154531907863e-01
1.471061966971283885e+00 1.267758682512003521e-01 1.004997488380126869e-01
1.469218089452984044e+00 1.269333793485219464e-01 1.003737791428959830e-01
1.467369526405167157e+00 1.270908904458435129e-01 1.002474893426101576e-01
1.465516032117353484e+00 1.272484015431650795e-01 1.001208626507506527e-01
1.463657364354726820e+00 1.274059126404866460e-01 9.999388251836240082e-02
1.461793284338571031e+00 1.275634237378082125e-01 9.986653263260381053e-02
1.459923556727146465e+00 1.277209348351298068e-01 9.973879691543986736e-02
1.458047949597125248e+00 1.278784459324513734e-01 9.961065952237410648e-02
1.456166234425498196e+00 1.280359570297729399e-01 9.948210484121233765e-02
1.454278186071922496e+00 1.281934681270945064e-01 9.935311749085684596e-02
1.452383582761537673e+00 1.283509792244160730e-01 9.922368232013226153e-02
1.450482206068235191e+00 1.285084903217376673e-01 9.909378440664275145e-02
1.448573840898294218e+00 1.286660014190592338e-01 9.896340905565384483e-02
1.446658275474463684e+00 1.288235125163808004e-01 9.883254179900516356e-02
1.444735301320414056e+00 1.289810236137023669e-01 9.870116839404804998e-02
1.442804713331024891e+00 1.291385347110239334e-01 9.856927482844743404e-02
1.440866334897527912e+00 1.292960458083455277e-01 9.843684903667701547e-02
1.438920052448006137e+00 1.294535569056670943e-01 9.830388325975096542e-02
1.436965763330388945e+00 1.296110680029886608e-01 9.817037048470325655e-02
1.435003366928755630e+00 1.297685791003102274e-01 9.803630383767358847e-02
1.433032764653703106e+00 1.299260901976317939e-01 9.790167658324855360e-02
1.431053859932830852e+00 1.300836012949533882e-01 9.776648212381222613e-02
1.429066558201311565e+00 1.302411123922749547e-01 9.763071399890160817e-02
1.427070766892534870e+00 1.303986234895965213e-01 9.749436588456750208e-02
1.425066395428848720e+00 1.305561345869180878e-01 9.735743159274208580e-02
1.423053355212357873e+00 1.307136456842396544e-01 9.721990507061012421e-02
1.421031559615799855e+00 1.308711567815612486e-01 9.708178039998578701e-02
1.419000923973507522e+00 1.310286678788828152e-01 9.694305179669518435e-02
1.416961365572388942e+00 1.311861789762043817e-01 9.680371360995999874e-02
1.414912803643022299e+00 1.313436900735259483e-01 9.666376032178931876e-02
1.412855159350763223e+00 1.315012011708475148e-01 9.652318654637197237e-02
1.410788355786910087e+00 1.316587122681690813e-01 9.638198702947303742e-02
1.408712317959950999e+00 1.318162233654906756e-01 9.624015664783577839e-02
1.406626972786807483e+00 1.319737344628122422e-01 9.609769040858348599e-02
1.404532249084153861e+00 1.321312455601338087e-01 9.595458344862639599e-02
1.402428077559736863e+00 1.322887566574553753e-01 9.581083103406878854e-02
1.400314390803786280e+00 1.324462677547769418e-01 9.566642855962198544e-02
1.398191123280400294e+00 1.326037788520985361e-01 9.552137154801586261e-02
1.396058211318984110e+00 1.327612899494201026e-01 9.537565564941422047e-02
1.393915593105720552e+00 1.329188010467416692e-01 9.522927664083170873e-02
1.391763208675023122e+00 1.330763121440632357e-01 9.508223042555001558e-02
1.389600999901072331e+00 1.332338232413848023e-01 9.493451303253985785e-02
1.387428910489299172e+00 1.333913343387063966e-01 9.478612061587889104e-02
1.385246885967925667e+00 1.335488454360279631e-01 9.463704945417392156e-02
1.383054873679494090e+00 1.337063565333495296e-01 9.448729594998211967e-02
1.380852822772420163e+00 1.338638676306710962e-01 9.433685662923409210e-02
1.378640684192539823e+00 1.340213787279926627e-01 9.418572814065617749e-02
1.376418410674638215e+00 1.341788898253142570e-01 9.403390725519182591e-02
1.374185956734043756e+00 1.343364009226358236e-01 9.388139086542741929e-02
1.371943278658122489e+00 1.344939120199573901e-01 9.372817598501102798e-02
1.369690334497855488e+00 1.346514231172789566e-01 9.357425974807706548e-02
1.367427084059357867e+00 1.348089342146005232e-01 9.341963940866686300e-02
1.365153488895418654e+00 1.349664453119221175e-01 9.326431234015072902e-02
1.362869512296993157e+00 1.351239564092436840e-01 9.310827603464671975e-02
1.360575119284723300e+00 1.352814675065652505e-01 9.295152810244128316e-02
1.358270276600388904e+00 1.354389786038868171e-01 9.279406627140526775e-02
1.355954952698417371e+00 1.355964897012083836e-01 9.263588838641387269e-02
1.353629117998111475e+00 1.357540007985299779e-01 9.247699242657833607e-02
1.351292793132774950e+00 1.359115118958515445e-01 9.231737980152100731e-02
1.348946104573790272e+00 1.360690229931731110e-01 9.215705915149116634e-02
1.346589192010794633e+00 1.362265340904946775e-01 9.199604001978056722e-02
1.344222194482450838e+00 1.363840451878162441e-01 9.183433190520774725e-02
1.341845250373104426e+00 1.365415562851378384e-01 9.167194426188961243e-02
1.339458497409481419e+00 1.366990673824594049e-01 9.150888649901621485e-02
1.337062072657533740e+00 1.368565784797809715e-01 9.134516798063468945e-02
1.334656112519362336e+00 1.370140895771025380e-01 9.118079802543943568e-02
1.332240752730269318e+00 1.371716006744241045e-01 9.101578590657062595e-02
1.329816128355907567e+00 1.373291117717456711e-01 9.085014085141938922e-02
1.327382373789510517e+00 1.374866228690672654e-01 9.068387204143861513e-02
1.324939622749249590e+00 1.376441339663888319e-01 9.051698861196251500e-02
1.322488008275686910e+00 1.378016450637103985e-01 9.034949965203245559e-02
1.320027662729298612e+00 1.379591561610319650e-01 9.018141420422783050e-02
1.317558717788145151e+00 1.381166672583535315e-01 9.001274126450681257e-02
1.315081304445592458e+00 1.382741783556751258e-01 8.984348978205085323e-02
1.312595553008146121e+00 1.384316894529966924e-01 8.967366865911648166e-02
1.310101593093388583e+00 1.385892005503182589e-01 8.950328675089462560e-02
1.307599553627984301e+00 1.387467116476398254e-01 8.933235286537404007e-02
1.305089562845809015e+00 1.389042227449613920e-01 8.916087576321382602e-02
1.302571748286136089e+00 1.390617338422829863e-01 8.898886415761925184e-02
1.300046236791933874e+00 1.392192449396045528e-01 8.881632671422561021e-02
1.297513154508247668e+00 1.393767560369261194e-01 8.864327205098761209e-02
1.294972626880665612e+00 1.395342671342476859e-01 8.846970873807445679e-02
1.292424778653862738e+00 1.396917782315692524e-01 8.829564529777073068e-02
1.289869733870251611e+00 1.398492893288908467e-01 8.812109020438366191e-02
1.287307615868686472e+00 1.400068004262124133e-01 8.794605188415523245e-02
1.284738547283285737e+00 1.401643115235339798e-01 8.777053871518107619e-02
1.282162650042300456e+00 1.403218226208555464e-01 8.759455902733384591e-02
1.279580045367086694e+00 1.404793337181771129e-01 8.741812110219246423e-02
1.276990853771151180e+00 1.406368448154987072e-01 8.724123317297709235e-02
1.274395195059275565e+00 1.407943559128202737e-01 8.706390342448952491e-02
1.271793188326717727e+00 1.409518670101418403e-01 8.688613999305822011e-02
1.269184951958464813e+00 1.411093781074634068e-01 8.670795096648761802e-02
1.266570603628627945e+00 1.412668892047849734e-01 8.652934438401670147e-02
1.263950260299835149e+00 1.414244003021065677e-01 8.635032823627737664e-02
1.261324038222738420e+00 1.415819113994281342e-01 8.617091046526093034e-02
1.258692052935590278e+00 1.417394224967497007e-01 8.599109896428908106e-02
1.256054419263886945e+00 1.418969335940712673e-01 8.581090157798951235e-02
1.253411251320057707e+00 1.420544446913928338e-01 8.563032610227490349e-02
1.250762662503280165e+00 1.422119557887144281e-01 8.544938028432999544e-02
1.248108765499309936e+00 1.423694668860359946e-01 8.526807182260007223e-02
1.245449672280388054e+00 1.425269779833575612e-01 8.508640836678470210e-02
1.242785494129668766e+00 1.426844890806791277e-01 8.490439751950663860e-02
1.240116377222207689e+00 1.428420001780006943e-01 8.472204926712717521e-02
1.237442572961729770e+00 1.429995112753222608e-01 8.453938078500107534e-02
1.234764349699068564e+00 1.431570223726438551e-01 8.435641040627277210e-02
1.232081972617393717e+00 1.433145334699654216e-01 8.417315624767862658e-02
1.229395703745576496e+00 1.434720445672869882e-01 8.398963621046036387e-02
1.226705801972005405e+00 1.436295556646085547e-01 8.380586798130854054e-02
1.224012523058847668e+00 1.437870667619301213e-01 8.362186903333741761e-02
1.221316119656707722e+00 1.439445778592517156e-01 8.343765662708581277e-02
1.218616841319709820e+00 1.441020889565732821e-01 8.325324781154778975e-02
1.215914934520974322e+00 1.442596000538948486e-01 8.306865942523004864e-02
1.213210642668428152e+00 1.444171111512164152e-01 8.288390809723185371e-02
1.210504206121047366e+00 1.445746222485379817e-01 8.269901024835485392e-02
1.207795862205395698e+00 1.447321333458595760e-01 8.251398209223279046e-02
1.205085845232518382e+00 1.448896444431811426e-01 8.232883963648587877e-02
1.202374386515174143e+00 1.450471555405027091e-01 8.214359868389789487e-02
1.199661714385354738e+00 1.452046666378242756e-01 8.195827483361305121e-02
1.196948054212135570e+00 1.453621777351458422e-01 8.177288348235560445e-02
1.194233628419780313e+00 1.455196888324674365e-01 8.158743982566671327e-02
1.191518656506160845e+00 1.456771999297890030e-01 8.140195885916273744e-02
1.188803355061394562e+00 1.458347110271105695e-01 8.121645537980873297e-02
1.186087937786800328e+00 1.459922221244321361e-01 8.103094398721327751e-02
1.183372615514034720e+00 1.461497332217537026e-01 8.084543908493575792e-02
1.180657596224492067e+00 1.463072443190752969e-01 8.065995488181192108e-02
1.177943085068927198e+00 1.464647554163968635e-01 8.047450539329453756e-02
1.175229284387274920e+00 1.466222665137184300e-01 8.028910444280701331e-02
1.172516393728688211e+00 1.467797776110399965e-01 8.010376566311286362e-02
1.169804609871748280e+00 1.469372887083615631e-01 7.991850249769597014e-02
1.167094126844862245e+00 1.470947998056831574e-01 7.973332820215454919e-02
1.164385135946839123e+00 1.472523109030047239e-01 7.954825584560636098e-02
1.161677825767624794e+00 1.474098220003262905e-01 7.936329831210567343e-02
1.158972382209177754e+00 1.475673330976478570e-01 7.917846830206935749e-02
1.156268988506505391e+00 1.477248441949694235e-01 7.899377833371390434e-02
1.153567825248814627e+00 1.478823552922910178e-01 7.880924074450053329e-02
1.150869070400811323e+00 1.480398663896125844e-01 7.862486769259020847e-02
1.148172899324104712e+00 1.481973774869341509e-01 7.844067115830603842e-02
1.145479484798704650e+00 1.483548885842557175e-01 7.825666294560199021e-02
1.142788997044662969e+00 1.485123996815772840e-01 7.807285468354101254e-02
1.140101603743753467e+00 1.486699107788988505e-01 7.788925782777672557e-02
1.137417470061273583e+00 1.488274218762204448e-01 7.770588366204241038e-02
1.134736758667932222e+00 1.489849329735420114e-01 7.752274329964643773e-02
1.132059629761755781e+00 1.491424440708635779e-01 7.733984768496908468e-02
1.129386241090118315e+00 1.492999551681851444e-01 7.715720759496721981e-02
1.126716747971771904e+00 1.494574662655067110e-01 7.697483364067961298e-02
1.124051303318985173e+00 1.496149773628283053e-01 7.679273626873939218e-02
1.121390057659662043e+00 1.497724884601498718e-01 7.661092576288501543e-02
1.118733159159539747e+00 1.499299995574714384e-01 7.642941224547680767e-02
1.116080758593203992e+00 1.500875106547930049e-01 7.624820601710602386e-02
1.113433051138238650e+00 1.502450217521145714e-01 7.606732041188003779e-02
1.110790254613665207e+00 1.504025328494361657e-01 7.588677031071983103e-02
1.108152583622490139e+00 1.505600439467577323e-01 7.570657037483530249e-02
1.105520249312135439e+00 1.507175550440792988e-01 7.552673502935831895e-02
1.102893459409251875e+00 1.508750661414008654e-01 7.534727846572113197e-02
1.100272418254662377e+00 1.510325772387224319e-01 7.516821464404357944e-02
1.097657326838380687e+00 1.511900883360440262e-01 7.498955729552557459e-02
1.095048382834787004e+00 1.513475994333655927e-01 7.481131992485016979e-02
1.092445780637830488e+00 1.515051105306871593e-01 7.463351581258836909e-02
1.089849711396319254e+00 1.516626216280087258e-01 7.445615801761043540e-02
1.087260363049310730e+00 1.518201327253302924e-01 7.427925937950327628e-02
1.084677920361473813e+00 1.519776438226518867e-01 7.410283252098651130e-02
1.082102564958552726e+00 1.521351549199734532e-01 7.392688985033540883e-02
1.079534475362830204e+00 1.522926660172950197e-01 7.375144356380337884e-02
1.076973827028585795e+00 1.524501771146165863e-01 7.357650564804457671e-02
1.074420792377594580e+00 1.526076882119381528e-01 7.340208788253897720e-02
1.071875540834583251e+00 1.527651993092597471e-01 7.322820184201492277e-02
1.069338238862700852e+00 1.529227104065813136e-01 7.305485889887200490e-02
1.066809049998918901e+00 1.530802215039028802e-01 7.288207022559994863e-02
1.064288134889447512e+00 1.532377326012244467e-01 7.270984679719777466e-02
1.061775651325051806e+00 1.533952436985460133e-01 7.253819939358685520e-02
1.059271754276368549e+00 1.535527547958676076e-01 7.236713860202344251e-02
1.056776595929109108e+00 1.537102658931891741e-01 7.219667481950385601e-02
1.054290325719209775e+00 1.538677769905107406e-01 7.202681825516567271e-02
1.051813090367924586e+00 1.540252880878323072e-01 7.185757893268535090e-02
1.049345033916789793e+00 1.541827991851538737e-01 7.168896669266681954e-02
1.046886297762525286e+00 1.543403102824754403e-01 7.152099119502597357e-02
1.044437020691823204e+00 1.544978213797970346e-01 7.135366192136724517e-02
1.041997338916012206e+00 1.546553324771186011e-01 7.118698817735188977e-02
1.039567386105634927e+00 1.548128435744401676e-01 7.102097909506020768e-02
1.037147293424887096e+00 1.549703546717617342e-01 7.085564363534423149e-02
1.034737189565917204e+00 1.551278657690833007e-01 7.069099059017122655e-02
1.032337200783012943e+00 1.552853768664048950e-01 7.052702858495905891e-02
1.029947450926630648e+00 1.554428879637264616e-01 7.036376608090116891e-02
1.027568061477293515e+00 1.556003990610480281e-01 7.020121137728219107e-02
1.025199151579322843e+00 1.557579101583695946e-01 7.003937261378255508e-02
1.022840838074425385e+00 1.559154212556911612e-01 6.987825777277321959e-02
1.020493235535107290e+00 1.560729323530127555e-01 6.971787468159813816e-02
1.018156456297936385e+00 1.562304434503343220e-01 6.955823101484694126e-02
1.015830610496617492e+00 1.563879545476558885e-01 6.939933429661433728e-02
1.013515806094921201e+00 1.565454656449774551e-01 6.924119190274997948e-02
1.011212148919379050e+00 1.567029767422990216e-01 6.908381106309204045e-02
1.008919742691879229e+00 1.568604878396206159e-01 6.892719886369380600e-02
1.006638689061983616e+00 1.570179989369421825e-01 6.877136224903200590e-02
1.004369087639128022e+00 1.571755100342637490e-01 6.861630802420623509e-02
1.002111036024584401e+00 1.573330211315853155e-01 6.846204285712284565e-02
9.998646298432536383e-01 1.574905322289068821e-01 6.830857328066662626e-02
9.976299627752447385e-01 1.576480433262284764e-01 6.815590569485863170e-02
9.954071192546024571e-01 1.578055544235500429e-01 6.800404586804882634e-02
9.931961507177957671e-01 1.579630655208716095e-01 6.785299731426470971e-02
9.909970990104516320e-01 1.581205766181931760e-01 6.770276289230837963e-02
9.909970990104516320e-01 1.581205766181931760e-01 6.770276289230839351e-02
7.736463607331678372e-01 1.826842454521749870e-01 5.393410840329064537e-02
6.585951555921846223e-01 2.073525430377324841e-01 3.468110108347502440e-02
5.244373369950843244e-01 2.322407203492417860e-01 3.073027416318346167e-02
4.568909673988040820e-01 2.568837818198746459e-01 2.900959379889659143e-02
3.869796688463221224e-01 2.811184729179193598e-01 1.884142213036414659e-02
3.403918431913328657e-01 3.057758170190760794e-01 1.429554773890452483e-02
2.976312430756414273e-01 3.308749588216616799e-01 1.230475784359766171e-02
2.603110293066832615e-01 3.553458836143503774e-01 9.975584379862727225e-03
2.357801577632119838e-01 3.797183506574301481e-01 1.067431055920216483e-02
2.082501984452959087e-01 4.042043120935024936e-01 5.754949228267637953e-03
1.896793969525294721e-01 4.287407985369371399e-01 4.530726866999104131e-03
1.730727441178019632e-01 4.533371424922238990e-01 4.077738651245979042e-03
1.563654640689573216e-01 4.779959634912051558e-01 5.668669239926410648e-03
1.429750513354205443e-01 5.026629933946460405e-01 3.901232541478091235e-03
1.330135298838567848e-01 5.271487506500315279e-01 4.321742305428026565e-03
1.236623143696482519e-01 5.515427964227138657e-01 3.065038048201152235e-03
1.155838667148218341e-01 5.762240530263548210e-01 2.559445148554974781e-03
1.082014003411593678e-01 6.007285446297923048e-01 2.314218184818422550e-03
1.007798036422471039e-01 6.252568531449649303e-01 3.337300323629385085e-03
9.672051289148092534e-02 6.499965502683907603e-01 3.227570940738763283e-03
9.208907054264586778e-02 6.746857991314229031e-01 2.537594712709391291e-03
8.904916869334322804e-02 6.991270364754236244e-01 1.988871819293906284e-03
8.656328815900456164e-02 7.235756604093172006e-01 1.752041615706088299e-03
8.586273349531527155e-02 7.479714013051395050e-01 2.259616346670951809e-03
8.538295830967951305e-02 7.726132299420060967e-01 1.911959197963530952e-03
8.476186003974736649e-02 7.972349387995918413e-01 1.938645346523396040e-03
8.192765089915399201e-02 8.217736356692634248e-01 2.187753919366040942e-03
7.952797117605062138e-02 8.463200505719705724e-01 1.841982332563069135e-03
7.741757390794386240e-02 8.708218859006343626e-01 1.539787918087421551e-03
7.636333735792699695e-02 8.954790463233904818e-01 1.669690312409085947e-03
7.522154479757438283e-02 9.199626960429320155e-01 1.814701383677086574e-03
7.560599501080703111e-02 9.443606208269833546e-01 2.018416583539946706e-03
7.595234302517567260e-02 9.688687146412832130e-01 2.156603143167425823e-03
7.570023614321806649e-02 9.930926048855095445e-01 2.578782330675529009e-03
7.737669904614498384e-02 1.017620455362175491e+00 2.005481182487136877e-03
8.011194904287145813e-02 1.042409919186157552e+00 2.490875606315033804e-03
8.419518611860699053e-02 1.066789561870425063e+00 2.463089691874996868e-03
8.654644639197567324e-02 1.090909765172895618e+00 2.964925201509849371e-03
8.572745662768027630e-02 1.115651582439790346e+00 4.682440267564157849e-03
8.822740312417659547e-02 1.140641543091339027e+00 2.856062993088637723e-03
8.971187573359332146e-02 1.164692026865203012e+00 5.097119125574987690e-03
9.275191512001078331e-02 1.188605021497627590e+00 4.537758438322544302e-03
9.973038504430377371e-02 1.214006438167991364e+00 4.252316315194197040e-03
1.073488601348420307e-01 1.240498485730926914e+00 6.129399449570439688e-03
1.224596087626017710e-01 1.264816150349954427e+00 1.297273166485372713e-02
1.314337053453189796e-01 1.284554513240047102e+00 1.713849754341804921e-02
1.407030921372086907e-01 1.309527810458392949e+00 2.418046515231348642e-02
2.069634474137527769e-01 1.335814856768205550e+00 3.964781905820802949e-02
1.949810587023646236e-01 1.360349523175663267e+00 2.345671800681122521e-01
