1.948555037595244011e-01 7.669903939428205850e-04 1.337800617302143703e-02
2.322486134483600917e-01 9.245014912643925459e-04 1.594526879888534879e-02
2.689513344248352644e-01 1.082012588585964507e-03 1.846513207355032424e-02
3.049658835459074790e-01 1.239523685907536251e-03 2.093774819762393366e-02
3.402917566405860295e-01 1.397034783229108429e-03 2.336308255672531545e-02
3.749272100995077461e-01 1.554545880550680173e-03 2.574101544155000046e-02
4.088713016413340617e-01 1.712056977872252134e-03 2.807148215879795572e-02
4.421238859725736270e-01 1.869568075193824095e-03 3.035447273319425918e-02
4.746867666690034460e-01 2.027079172515396273e-03 3.259011099109955512e-02
5.065617446306347471e-01 2.184590269836968017e-03 3.477852057516694212e-02
5.377535268929074519e-01 2.342101367158539761e-03 3.692002465178365056e-02
5.682668864906941231e-01 2.499612464480111939e-03 3.901495091859617792e-02
5.981073885802737911e-01 2.657123561801683683e-03 4.106368145716556006e-02
6.272825481481777432e-01 2.814634659123255861e-03 4.306673221666573043e-02
6.558002601726775627e-01 2.972145756444827605e-03 4.502464523499664917e-02
6.836683164234075294e-01 3.129656853766399783e-03 4.693795546416255210e-02
7.108956015451269872e-01 3.287167951087971527e-03 4.880727288863986185e-02
7.374918974871417232e-01 3.444679048409543271e-03 5.063326909827673555e-02
7.634670136312834421e-01 3.602190145731115449e-03 5.241661756632991220e-02
7.888304877705915041e-01 3.759701243052687193e-03 5.415797311984656831e-02
8.135923445079117355e-01 3.917212340374259805e-03 5.585802400830473802e-02
8.377630228815871050e-01 4.074723437695831549e-03 5.751748693468018009e-02
8.613532459742053726e-01 4.232234535017403293e-03 5.913709810330018690e-02
8.843734723567703293e-01 4.389745632338975037e-03 6.071757555817550861e-02
9.068338080784226207e-01 4.547256729660546781e-03 6.225961314056387141e-02
9.287445022298121966e-01 4.704767826982118525e-03 6.376391451238563879e-02
9.501159164557870795e-01 4.862278924303691137e-03 6.523119106308616910e-02
9.709584719437167610e-01 5.019790021625262881e-03 6.666215827006417849e-02
9.912825984034456805e-01 5.177301118946834625e-03 6.805753219583778046e-02
1.011098372493177910e+00 5.334812216268406369e-03 6.941800466379946521e-02
1.030415381936001351e+00 5.492323313589978981e-03 7.074423392899556462e-02
1.049243177308718078e+00 5.649834410911550725e-03 7.203687569615567499e-02
1.067591283967900484e+00 5.807345508233122469e-03 7.329658393848856313e-02
1.085469178442222571e+00 5.964856605554694213e-03 7.452400927687302667e-02
1.102886268514172707e+00 6.122367702876265957e-03 7.571979761234738648e-02
1.119851876469213581e+00 6.279878800197838569e-03 7.688458897606322007e-02
1.136375129867054579e+00 6.437389897519410313e-03 7.801901003007416513e-02
1.152464509471686549e+00 6.594900994840982057e-03 7.912364303000465893e-02
1.168128238160947241e+00 6.752412092162553801e-03 8.019905252603860835e-02
1.183374478282999354e+00 6.909923189484126413e-03 8.124579891263231102e-02
1.198211320601131336e+00 7.067434286805698157e-03 8.226443766950863878e-02
1.212646774615193435e+00 7.224945384127269901e-03 8.325551869716503461e-02
1.226688760340610029e+00 7.382456481448841645e-03 8.421958575245300227e-02
1.240345101366276515e+00 7.539967578770413389e-03 8.515717597196109656e-02
1.253623519035748091e+00 7.697478676091986001e-03 8.606881947251820986e-02
1.266531581336823864e+00 7.854989773413558612e-03 8.695503584215505399e-02
1.279076226256032456e+00 8.012500870735128622e-03 8.781630141551376167e-02
1.291263993856668346e+00 8.170011968056702101e-03 8.865306520740477703e-02
1.303101369793143949e+00 8.327523065378272110e-03 8.946577249714079971e-02
1.314594784799575589e+00 8.485034162699845589e-03 9.025486479342455237e-02
1.325750609256386214e+00 8.642545260021415598e-03 9.102077946131374719e-02
1.336575148462693319e+00 8.800056357342989077e-03 9.176394939764158376e-02
1.347074638541831515e+00 8.957567454664562556e-03 9.248480274990632244e-02
1.357255242915117677e+00 9.115078551986132566e-03 9.318376267417408099e-02
1.367123049285698055e+00 9.272589649307706045e-03 9.386124712800152092e-02
1.376684067080587326e+00 9.430100746629276054e-03 9.451766869481678657e-02
1.385944218517871196e+00 9.587611843950849533e-03 9.515343397062848985e-02
1.394908974867541396e+00 9.745122941272419542e-03 9.576891859113745298e-02
1.403583205061736283e+00 9.902634038593993021e-03 9.636445683791627914e-02
1.411971712990278904e+00 1.006014513591556303e-02 9.694037852698991764e-02
1.420079280452834825e+00 1.021765623323713651e-02 9.749701195776083740e-02
1.427910663022324167e+00 1.037516733055870999e-02 9.803468362900710775e-02
1.435470586313958297e+00 1.053267842788028000e-02 9.855371798272935524e-02
1.442763742626096413e+00 1.069018952520185348e-02 9.905443717352528654e-02
1.449794787921899086e+00 1.084770062252342349e-02 9.953716086136178698e-02
1.456568339123575972e+00 1.100521171984499696e-02 1.000022060258091289e-01
1.463088971693589757e+00 1.116272281716656697e-02 1.004498867999755740e-01
1.469361217479193238e+00 1.132023391448814045e-02 1.008805143225219719e-01
1.475389562798869569e+00 1.147774501180971046e-02 1.012943966062847534e-01
1.481178446750947675e+00 1.163525610913128394e-02 1.016918384221514593e-01
1.486732248543553236e+00 1.179276720645285742e-02 1.020731404291859296e-01
1.492054902727177668e+00 1.195027830377442743e-02 1.024385727580220395e-01
1.497149831354156913e+00 1.210778940109600091e-02 1.027883703532028875e-01
1.502020430476111335e+00 1.226530049841757092e-02 1.031227663741653422e-01
1.506670098926904844e+00 1.242281159573914440e-02 1.034419941713641267e-01
1.511102234946086753e+00 1.258032269306071441e-02 1.037462870544507976e-01
1.515320233052081855e+00 1.273783379038228789e-02 1.040358780775991060e-01
1.519327481148134762e+00 1.289534488770385789e-02 1.043109998408107975e-01
1.523127357845244667e+00 1.305285598502543137e-02 1.045718843061189812e-01
1.526723229987599684e+00 1.321036708234700485e-02 1.048187626276940176e-01
1.530118450366941163e+00 1.336787817966857486e-02 1.050518649949212652e-01
1.533316355613573601e+00 1.352538927699014834e-02 1.052714204876056686e-01
1.536320264252144074e+00 1.368290037431171835e-02 1.054776569424895893e-01
1.539133474911700716e+00 1.384041147163329183e-02 1.056708008303625657e-01
1.541759264679845698e+00 1.399792256895486184e-02 1.058510771430637432e-01
1.544200887591732130e+00 1.415543366627643532e-02 1.060187092897426492e-01
1.546461573245237142e+00 1.431294476359800533e-02 1.061739190017822465e-01
1.548544523206410783e+00 1.447045586091957881e-02 1.063169260860115511e-01
1.550452694707520118e+00 1.462796695824115228e-02 1.064479335742707644e-01
1.552188642263065077e+00 1.478547805556272229e-02 1.065671168493954601e-01
1.553754886867658946e+00 1.494298915288429577e-02 1.066746489928783875e-01
1.555153956236624335e+00 1.510050025020586578e-02 1.067707035476299082e-01
1.556388382477233101e+00 1.525801134752743926e-02 1.068554543580939875e-01
1.557460699902372125e+00 1.541552244484900927e-02 1.069290754201434046e-01
1.558373442978694845e+00 1.557303354217058275e-02 1.069917407402079385e-01
1.559129144401596889e+00 1.573054463949215276e-02 1.070436242031098800e-01
1.559730333289949478e+00 1.588805573681372624e-02 1.070848994481214400e-01
1.560179533493957216e+00 1.604556683413529972e-02 1.071157397527892768e-01
1.560479262009831336e+00 1.620307793145686973e-02 1.071363179240917562e-01
1.560632027495585827e+00 1.636058902877844320e-02 1.071468061965398649e-01
1.560640328882282324e+00 1.651810012610001321e-02 1.071473761368306465e-01
1.560506654075658250e+00 1.667561122342158669e-02 1.071381985547059795e-01
1.560233478743250357e+00 1.683312232074316017e-02 1.071194434196815204e-01
1.559823265182441743e+00 1.699063341806473018e-02 1.070912797833310920e-01
1.559278461265107829e+00 1.714814451538630366e-02 1.070538757068305452e-01
1.558601499454754791e+00 1.730565561270787367e-02 1.070073981934779733e-01
1.557794795892381456e+00 1.746316671002944715e-02 1.069520131259330403e-01
1.556860749547352318e+00 1.762067780735101716e-02 1.068878852079189201e-01
1.555801741335985700e+00 1.777818890467259064e-02 1.068151779037083832e-01
1.554620112168793478e+00 1.793570000199416065e-02 1.067340519309340624e-01
1.553318137029906509e+00 1.809321109931573412e-02 1.066446634809847527e-01
1.551898068211755133e+00 1.825072219663730760e-02 1.065471671873271381e-01
1.550362141462099164e+00 1.840823329395887761e-02 1.064417165475363136e-01
1.548712575306846029e+00 1.856574439128045109e-02 1.063284638768033641e-01
1.546951570422655520e+00 1.872325548860202110e-02 1.062075602648607509e-01
1.545081309056878238e+00 1.888076658592359458e-02 1.060791555361577237e-01
1.543103954492285323e+00 1.903827768324516459e-02 1.059433982131106761e-01
1.541021650554425415e+00 1.919578878056673807e-02 1.058004354822803111e-01
1.538836521159421489e+00 1.935329987788830808e-02 1.056504131633249771e-01
1.536550669900080823e+00 1.951081097520988156e-02 1.054934756805848695e-01
1.534166179668455809e+00 1.966832207253145504e-02 1.053297660371685235e-01
1.531685112312964003e+00 1.982583316985302505e-02 1.051594257914117703e-01
1.529109508328255984e+00 1.998334426717459852e-02 1.049825950355856158e-01
1.526441386576232295e+00 2.014085536449616853e-02 1.047994123767421598e-01
1.523682744036589209e+00 2.029836646181774201e-02 1.046100149195882678e-01
1.520835555585308585e+00 2.045587755913931202e-02 1.044145382512771530e-01
1.517901773799765763e+00 2.061338865646088550e-02 1.042131164280284961e-01
1.514883328788962480e+00 2.077089975378245551e-02 1.040058819634721576e-01
1.511782128047661322e+00 2.092841085110402899e-02 1.037929658186343557e-01
1.508600056333118111e+00 2.108592194842560247e-02 1.035744973934741020e-01
1.505338975563253578e+00 2.124343304574717248e-02 1.033506045198921558e-01
1.502000724735135684e+00 2.140094414306874596e-02 1.031214134561346252e-01
1.498587119862659467e+00 2.155845524039031597e-02 1.028870488825139734e-01
1.495099953932448766e+00 2.171596633771188944e-02 1.026476338983815378e-01
1.491540998595465739e+00 2.187347743503345945e-02 1.024032901382667532e-01
1.487912190511900379e+00 2.203098853235503293e-02 1.021541505655782223e-01
1.484215785265275978e+00 2.218849962967660294e-02 1.019003700397360657e-01
1.480454026086902797e+00 2.234601072699817642e-02 1.016421025721062910e-01
1.476629104116715663e+00 2.250352182431974990e-02 1.013794985976677193e-01
1.472743159478594910e+00 2.266103292164131991e-02 1.011127050488390272e-01
1.468798282338439343e+00 2.281854401896289339e-02 1.008418654281222349e-01
1.464796513945046508e+00 2.297605511628446340e-02 1.005671198795649590e-01
1.460739847653703238e+00 2.313356621360603688e-02 1.002886052590364480e-01
1.456630229932466047e+00 2.329107731092760689e-02 1.000064552033145399e-01
1.452469561351158234e+00 2.344858840824918036e-02 9.972080019798644501e-02
1.448259697553096803e+00 2.360609950557075037e-02 9.943176764416365720e-02
1.444002450209634469e+00 2.376361060289232385e-02 9.913948192401686454e-02
1.439699587957571580e+00 2.392112170021389733e-02 9.884406446513513411e-02
1.435352837319520569e+00 2.407863279753546734e-02 9.854563380371438031e-02
1.430963883607415443e+00 2.423614389485704082e-02 9.824430564658871712e-02
1.426534371809157209e+00 2.439365499217861083e-02 9.794019293210409760e-02
1.422065907458659906e+00 2.455116608950018431e-02 9.763340588985225388e-02
1.417560057489401837e+00 2.470867718682175432e-02 9.732405209927195988e-02
1.413018351071643641e+00 2.486618828414332780e-02 9.701223654712923250e-02
1.408442280433486404e+00 2.502369938146489781e-02 9.669806168388801748e-02
1.403833301665962097e+00 2.518121047878647129e-02 9.638162747898429417e-02
1.399192835512369726e+00 2.533872157610804476e-02 9.606303147501886464e-02
1.394522268141983767e+00 2.549623267342961477e-02 9.574236884087719557e-02
1.389822951908439519e+00 2.565374377075118825e-02 9.541973242379693521e-02
1.385096206092914395e+00 2.581125486807275826e-02 9.509521280039213986e-02
1.380343317632338973e+00 2.596876596539433174e-02 9.476889832664889268e-02
1.375565541832948657e+00 2.612627706271590175e-02 9.444087518691537952e-02
1.370764103069210815e+00 2.628378816003747523e-02 9.411122744188715750e-02
1.365940195468519969e+00 2.644129925735904524e-02 9.378003707561570479e-02
1.361094983581846440e+00 2.659881035468061872e-02 9.344738404155246425e-02
1.356229603040440379e+00 2.675632145200219220e-02 9.311334630763579145e-02
1.351345166513691076e+00 2.691383254932376221e-02 9.277800026533344901e-02
1.346443030154456100e+00 2.707134364664533568e-02 9.244143902272276836e-02
1.341524901947451998e+00 2.722885474396690569e-02 9.210377984326119372e-02
1.336592461847473379e+00 2.738636584128847917e-02 9.176513806598293743e-02
1.331647331146297741e+00 2.754387693861004918e-02 9.142562500235211498e-02
1.326691074186209907e+00 2.770138803593162266e-02 9.108534805390641753e-02
1.321725200031242053e+00 2.785889913325319267e-02 9.074441082699809258e-02
1.316751164096684468e+00 2.801641023057476615e-02 9.040291324466923073e-02
1.311770369737474295e+00 2.817392132789633963e-02 9.006095165570487948e-02
1.306784169796080031e+00 2.833143242521790964e-02 8.971861894090395195e-02
1.301793868110556085e+00 2.848894352253948312e-02 8.937600461661691920e-02
1.296800720983434241e+00 2.864645461986105313e-02 8.903319493559362641e-02
1.291805938612129445e+00 2.880396571718262660e-02 8.869027298518938895e-02
1.286810686481584032e+00 2.896147681450419661e-02 8.834731878297859275e-02
1.281816086719837156e+00 2.911898791182577009e-02 8.800440936982245610e-02
1.276823219417290822e+00 2.927649900914734010e-02 8.766161890044481264e-02
1.271833123910308450e+00 2.943401010646891358e-02 8.731901873155883953e-02
1.266846800029994169e+00 2.959152120379048706e-02 8.697667750760321170e-02
1.261865209316794134e+00 2.974903230111205707e-02 8.663466124413186920e-02
1.256889276201710759e+00 2.990654339843363055e-02 8.629303340891156249e-02
1.251919889154818222e+00 3.006405449575520056e-02 8.595185500077424934e-02
1.246957901801848623e+00 3.022156559307677404e-02 8.561118462627767545e-02
1.242004134009549343e+00 3.037907669039834405e-02 8.527107857422136505e-02
1.237059372940557678e+00 3.053658778771991752e-02 8.493159088807050727e-02
1.232124374078475748e+00 3.069409888504148753e-02 8.459277343633318791e-02
1.227199862223893323e+00 3.085160998236306101e-02 8.425467598094377175e-02
1.222286532462017128e+00 3.100912107968463102e-02 8.391734624369605322e-02
1.217385051102648719e+00 3.116663217700620450e-02 8.358082997077873055e-02
1.212496056593138860e+00 3.132414327432777451e-02 8.324517099545514220e-02
1.207620160405054266e+00 3.148165437164934799e-02 8.291041129893811368e-02
1.202757947895169544e+00 3.163916546897092147e-02 8.257659106950263062e-02
1.197909979141454473e+00 3.179667656629248801e-02 8.224374875988092748e-02
1.193076789754724087e+00 3.195418766361406149e-02 8.191192114298764815e-02
1.188258891666550410e+00 3.211169876093563497e-02 8.158114336601439420e-02
1.183456773894064895e+00 3.226920985825720151e-02 8.125144900293823635e-02
1.178670903282277749e+00 3.242672095557877499e-02 8.092287010548615545e-02
1.173901725224493875e+00 3.258423205290034846e-02 8.059543725259631086e-02
1.169149664361418317e+00 3.274174315022192194e-02 8.026917959841552153e-02
1.164415125259507633e+00 3.289925424754349542e-02 7.994412491887237238e-02
1.159698493129199148e+00 3.305676534486506196e-02 7.962029966098786715e-02
1.155000199711567088e+00 3.321427644218663544e-02 7.929773346639212850e-02
1.150320843653059200e+00 3.337178753950820892e-02 7.897646743577625694e-02
1.145661028540823745e+00 3.352929863682978240e-02 7.865654300904019458e-02
1.141021328748389241e+00 3.368680973415134894e-02 7.833799962039281195e-02
1.136402290419646466e+00 3.384432083147292242e-02 7.802087476590781334e-02
1.131804432424050821e+00 3.400183192879449590e-02 7.770520406910434719e-02
1.127228247283854401e+00 3.415934302611606938e-02 7.739102134460719429e-02
1.122674202073913552e+00 3.431685412343764285e-02 7.707835865992369861e-02
1.118142739294879506e+00 3.447436522075920939e-02 7.676724639539382611e-02
1.113634277720330745e+00 3.463187631808078287e-02 7.645771330235079377e-02
1.109149213218535879e+00 3.478938741540235635e-02 7.614978655954009190e-02
1.104687919549530051e+00 3.494689851272392983e-02 7.584349182784351495e-02
1.100250749138042439e+00 3.510440961004549637e-02 7.553885330334543513e-02
1.095838033823032243e+00 3.526192070736706985e-02 7.523589376879287471e-02
1.091450085584336760e+00 3.541943180468864333e-02 7.493463464348427971e-02
1.087087197247087023e+00 3.557694290201021681e-02 7.463509603163183403e-02
1.082749643164472975e+00 3.573445399933179029e-02 7.433729676923765683e-02
1.078437679879468813e+00 3.589196509665335683e-02 7.404125446952510015e-02
1.074151546766026311e+00 3.604947619397493030e-02 7.374698556696029916e-02
1.069891466650381595e+00 3.620698729129650378e-02 7.345450535990905028e-02
1.065657646412936144e+00 3.636449838861807726e-02 7.316382805195932593e-02
1.061450277571342360e+00 3.652200948593964380e-02 7.287496679195364091e-02
1.057269536845222291e+00 3.667952058326121728e-02 7.258793371276042738e-02
1.053115586703121664e+00 3.683703168058279076e-02 7.230273996882581600e-02
1.048988575892142450e+00 3.699454277790436424e-02 7.201939577253591018e-02
1.044888639950783960e+00 3.715205387522593772e-02 7.173791042942659346e-02
1.040815901705455904e+00 3.730956497254750426e-02 7.145829237227210862e-02
1.036770471751115474e+00 3.746707606986907774e-02 7.118054919408356440e-02
1.032752448916545163e+00 3.762458716719065122e-02 7.090468768005336875e-02
1.028761920714630795e+00 3.778209826451222469e-02 7.063071383846915297e-02
1.024798963778176919e+00 3.793960936183379123e-02 7.035863293063537860e-02
1.020863644281601923e+00 3.809712045915536471e-02 7.008844949982521999e-02
1.016956018348962987e+00 3.825463155647693819e-02 6.982016739929385041e-02
1.013076132448711197e+00 3.841214265379851167e-02 6.955378981938088734e-02
1.009224023775605827e+00 3.856965375112008515e-02 6.928931931373094599e-02
1.005399720620075099e+00 3.872716484844165169e-02 6.902675782465267362e-02
1.001603242725516152e+00 3.888467594576322517e-02 6.876610670764947419e-02
9.978346016338199842e-01 3.904218704308479865e-02 6.850736675514169927e-02
9.940938010194804164e-01 3.919969814040637213e-02 6.825053821940561816e-02
9.903808370126973015e-01 3.935720923772793867e-02 6.799562083475606256e-02
9.866956985116911438e-01 3.951472033504951215e-02 6.774261383898884381e-02
9.830383674847004150e-01 3.967223143237108562e-02 6.749151599411479241e-02
9.794088192618590760e-01 3.982974252969265910e-02 6.724232560639871459e-02
9.758070228172988081e-01 3.998725362701423258e-02 6.699504054572748279e-02
9.722329410418346640e-01 4.014476472433579912e-02 6.674965826433164329e-02
9.686865310064191048e-01 4.030227582165737260e-02 6.650617581487310026e-02
9.651677442167442278e-01 4.045978691897894608e-02 6.626458986792486960e-02
9.616765268592177840e-01 4.061729801630051956e-02 6.602489672885919481e-02
9.582128157106858390e-01 4.077480911362208610e-02 6.578709205702497342e-02
9.547765136680682607e-01 4.093232021094365958e-02 6.555116918570982887e-02
9.513675081880338391e-01 4.108983130826523306e-02 6.531712038813494714e-02
9.479856839206887154e-01 4.124734240558680654e-02 6.508493774483406491e-02
9.446309229039232536e-01 4.140485350290838001e-02 6.485461315699643514e-02
9.413031047111306560e-01 4.156236460022994655e-02 6.462613835660890871e-02
9.380021065935997271e-01 4.171987569755152003e-02 6.439950491623167017e-02
9.347278036176707161e-01 4.187738679487309351e-02 6.417470425841508008e-02
9.314800687969059245e-01 4.203489789219466699e-02 6.395172766477395798e-02
9.282587732193536834e-01 4.219240898951623353e-02 6.373056628472485718e-02
9.250637861701616060e-01 4.234992008683780701e-02 6.351121114390434474e-02
9.218949752496171657e-01 4.250743118415938049e-02 6.329365315227328259e-02
9.187522064868156590e-01 4.266494228148095397e-02 6.307788311192059905e-02
9.156353444490786808e-01 4.282245337880252745e-02 6.286389172457564067e-02
9.125442523472651057e-01 4.297996447612409399e-02 6.265166959883843034e-02
9.094787921371240147e-01 4.313747557344566746e-02 6.244120725713814268e-02
9.064388246168161301e-01 4.329498667076724094e-02 6.223249514242849834e-02
9.034242095207162260e-01 4.345249776808881442e-02 6.202552362462791791e-02
9.004348056096669328e-01 4.361000886541038096e-02 6.182028300681591260e-02
8.974704707577340068e-01 4.376751996273195444e-02 6.161676353118950011e-02
8.945310620356504705e-01 4.392503106005352792e-02 6.141495538479196936e-02
8.916164357910084659e-01 4.408254215737510140e-02 6.121484870501867764e-02
8.887264477253570272e-01 4.424005325469667488e-02 6.101643358491019159e-02
8.858609529682505146e-01 4.439756435201824142e-02 6.081970007823625513e-02
8.830198061484010319e-01 4.455507544933981490e-02 6.062463820438065976e-02
8.802028614620304170e-01 4.471258654666138838e-02 6.043123795303422668e-02
8.774099727384719882e-01 4.487009764398296185e-02 6.023948928869863467e-02
8.746409935031702609e-01 4.502760874130452839e-02 6.004938215501175874e-02
8.718957770381381422e-01 4.518511983862610187e-02 5.986090647889842631e-02
8.691741764399527614e-01 4.534263093594767535e-02 5.967405217455221816e-02
8.664760446753996259e-01 4.550014203326924883e-02 5.948880914725560021e-02
8.638012346348346027e-01 4.565765313059082231e-02 5.930516729704386758e-02
8.611495991833069130e-01 4.581516422791238885e-02 5.912311652221475394e-02
8.585209912096004592e-01 4.597267532523396233e-02 5.894264672269552974e-02
8.559152636731663932e-01 4.613018642255553581e-02 5.876374780326524411e-02
8.533322696491176806e-01 4.628769751987710929e-02 5.858640967664371924e-02
8.507718623712599015e-01 4.644520861719867583e-02 5.841062226644613831e-02
8.482338952733097237e-01 4.660271971452024931e-02 5.823637551001269175e-02
8.457182220283027130e-01 4.676023081184182278e-02 5.806365936111426013e-02
8.432246965862795207e-01 4.691774190916339626e-02 5.789246379253983055e-02
8.407531732103152855e-01 4.707525300648496974e-02 5.772277879857003191e-02
8.383035065109325501e-01 4.723276410380653628e-02 5.755459439733992544e-02
8.358755514789658614e-01 4.739027520112810976e-02 5.738790063309524847e-02
8.334691635169499957e-01 4.754778629844968324e-02 5.722268757834742675e-02
8.310841984690187090e-01 4.770529739577125672e-02 5.705894533592641149e-02
8.287205126494591179e-01 4.786280849309282326e-02 5.689666404094088914e-02
8.263779628698975088e-01 4.802031959041439674e-02 5.673583386264498263e-02
8.240564064651900722e-01 4.817783068773597022e-02 5.657644500621562128e-02
8.217557013180684100e-01 4.833534178505754370e-02 5.641848771444479826e-02
8.194757058825847817e-01 4.849285288237911717e-02 5.626195226934899152e-02
8.172162792063814019e-01 4.865036397970068371e-02 5.610682899369832943e-02
8.149772809518456285e-01 4.880787507702225719e-02 5.595310825246881808e-02
8.127585714161841279e-01 4.896538617434383067e-02 5.580078045422068311e-02
8.105600115504627556e-01 4.912289727166540415e-02 5.564983605240549774e-02
8.083814629776286953e-01 4.928040836898697069e-02 5.550026554660358186e-02
8.062227880095619303e-01 4.943791946630854417e-02 5.535205948369460727e-02
8.040838496632165544e-01 4.959543056363011765e-02 5.520520845896587092e-02
8.019645116758477021e-01 4.975294166095169113e-02 5.505970311715766008e-02
7.998646385193569630e-01 4.991045275827326461e-02 5.491553415344820749e-02
7.977840938304300300e-01 5.006796385559483115e-02 5.477269220567308750e-02
7.957226909440024976e-01 5.022547495291640463e-02 5.463116445814921590e-02
7.936801848111741942e-01 5.038298605023797810e-02 5.449093408679092643e-02
7.916563308581391345e-01 5.054049714755955158e-02 5.435198430013048199e-02
7.896508885513962017e-01 5.069800824488111812e-02 5.421429858409160946e-02
7.876636213165748579e-01 5.085551934220269160e-02 5.407786069641616622e-02
7.856942964591721035e-01 5.101303043952426508e-02 5.394265466122235425e-02
7.837426850871135331e-01 5.117054153684583856e-02 5.380866476368802165e-02
7.818085620352095422e-01 5.132805263416741204e-02 5.367587554486417944e-02
7.798917057912958528e-01 5.148556373148897858e-02 5.354427179660403019e-02
7.779918984241256386e-01 5.164307482881055206e-02 5.341383855661242103e-02
7.761089255129423048e-01 5.180058592613212554e-02 5.328456110361044773e-02
7.742425760786703082e-01 5.195809702345369901e-02 5.315642495261149042e-02
7.723926425166794951e-01 5.211560812077526555e-02 5.302941585030494093e-02
7.705589205311116352e-01 5.227311921809683903e-02 5.290351977054725402e-02
7.687412090706949863e-01 5.243063031541841251e-02 5.277872290995543753e-02
7.669393102467015888e-01 5.258814141273998599e-02 5.265501168227416234e-02
7.651530239459846117e-01 5.274565251006155947e-02 5.253237234852835280e-02
7.633821407233715162e-01 5.290316360738312601e-02 5.241079052904298180e-02
7.616264528185389127e-01 5.306067470470469949e-02 5.229025195981819307e-02
7.598857559315119747e-01 5.321818580202627297e-02 5.217074261442784799e-02
7.581598491532431927e-01 5.337569689934784645e-02 5.205224869925349773e-02
7.564485348978252643e-01 5.353320799666941299e-02 5.193475664883025200e-02
7.547516188362906053e-01 5.369071909399098647e-02 5.181825312130185213e-02
7.530689098319709451e-01 5.384823019131255994e-02 5.170272499398258920e-02
7.514002198773319652e-01 5.400574128863413342e-02 5.158815935902075905e-02
7.497453640323110680e-01 5.416325238595570690e-02 5.147454351916502802e-02
7.481041603640593562e-01 5.432076348327727344e-02 5.136186498362745739e-02
7.464764298880736115e-01 5.447827458059884692e-02 5.125011146404186146e-02
7.448619965106864083e-01 5.463578567792042040e-02 5.113927087051532011e-02
7.432606869728667354e-01 5.479329677524199388e-02 5.102933130776985543e-02
7.416723307953141386e-01 5.495080787256356042e-02 5.092028107137274578e-02
7.400967602247853216e-01 5.510831896988513390e-02 5.081210864405152905e-02
7.385338101711206305e-01 5.526583006720670738e-02 5.070480269137053742e-02
7.369833027070024078e-01 5.542334116452828086e-02 5.059835099754571297e-02
7.354450167054491505e-01 5.558085226184985433e-02 5.049273838087540989e-02
7.339187265282051120e-01 5.573836335917142087e-02 5.038794934993178626e-02
7.324042107372564780e-01 5.589587445649299435e-02 5.028396870165892374e-02
7.309012520062051488e-01 5.605338555381456783e-02 5.018078151528818781e-02
7.294096370338689628e-01 5.621089665113614131e-02 5.007837314640620208e-02
7.279291564600384179e-01 5.636840774845770785e-02 4.997672922117131489e-02
7.264596047833506987e-01 5.652591884577928133e-02 4.987583563067481823e-02
7.250007802811753166e-01 5.668342994310085481e-02 4.977567852544086124e-02
7.235524849315099205e-01 5.684094104042242829e-02 4.967624431006407298e-02
7.221145243367873556e-01 5.699845213774400177e-02 4.957751963797831646e-02
7.206867076495465652e-01 5.715596323506556831e-02 4.947949140635380522e-02
7.192688474999326953e-01 5.731347433238714179e-02 4.938214675111930740e-02
7.178607599249573479e-01 5.747098542970871526e-02 4.928547304210556534e-02
7.164622642994699087e-01 5.762849652703028874e-02 4.918945787830602406e-02
7.150731832687954315e-01 5.778600762435185528e-02 4.909408908325198911e-02
7.136933426830153193e-01 5.794351872167342876e-02 4.899935470050070102e-02
7.123225715058087992e-01 5.810102981899500224e-02 4.890524298737659870e-02
7.109606868044928696e-01 5.825854091631657572e-02 4.881174138444709792e-02
7.096074693912649556e-01 5.841605201363814920e-02 4.871883484314690899e-02
7.082626978395444306e-01 5.857356311095971574e-02 4.862650816120509673e-02
7.069261550338938882e-01 5.873107420828128922e-02 4.853474643233665620e-02
7.055976280822884306e-01 5.888858530560286270e-02 4.844353504021949031e-02
7.042769082306066242e-01 5.904609640292443618e-02 4.835285965262336311e-02
7.029637907792555263e-01 5.920360750024600272e-02 4.826270621568602009e-02
7.016580750019174584e-01 5.936111859756757619e-02 4.817306094833449792e-02
7.003595640662972910e-01 5.951862969488914967e-02 4.808391033684393523e-02
6.990680649568811189e-01 5.967614079221072315e-02 4.799524112953457156e-02
6.977833883995534503e-01 5.983365188953229663e-02 4.790704033159625536e-02
6.965053487881317507e-01 5.999116298685386317e-02 4.781929520004447876e-02
6.952337641126428158e-01 6.014867408417543665e-02 4.773199323879628864e-02
6.939684558893992605e-01 6.030618518149701013e-02 4.764512219386950881e-02
6.927092490927485580e-01 6.046369627881858361e-02 4.755867004869688414e-02
6.914559720884708716e-01 6.062120737614015015e-02 4.747262501955351599e-02
6.902084565687874873e-01 6.077871847346172363e-02 4.738697555109477183e-02
6.889665374889232252e-01 6.093622957078329710e-02 4.730171031200086640e-02
6.877300528388421430e-01 6.109374066810487058e-02 4.721681817930522412e-02
6.864988256152165791e-01 6.125125176542643712e-02 4.713228700066125071e-02
6.852726482410583797e-01 6.140876286274801060e-02 4.704810252465615322e-02
6.840513135703271130e-01 6.156627396006958408e-02 4.696425052946420764e-02
6.828346186554625774e-01 6.172378505739115756e-02 4.688071708151075184e-02
6.816223646688999160e-01 6.188129615471273104e-02 4.679748853008364184e-02
6.804143568265673681e-01 6.203880725203429758e-02 4.671455150208093932e-02
6.792104043132517477e-01 6.219631834935587106e-02 4.663189289688680905e-02
6.780103202098153314e-01 6.235382944667744454e-02 4.654949988137450922e-02
6.768139214221939870e-01 6.251134054399902495e-02 4.646735988503164494e-02
6.756210286121293596e-01 6.266885164132059149e-02 4.638546059520459730e-02
6.744314661295676139e-01 6.282636273864215803e-02 4.630378995245722218e-02
6.732450619466773256e-01 6.298387383596373845e-02 4.622233614604075169e-02
6.720616475934663159e-01 6.314138493328530499e-02 4.614108760947372573e-02
6.708810580948939561e-01 6.329889603060687153e-02 4.606003301622394602e-02
6.697031319095008151e-01 6.345640712792845195e-02 4.597916127549547816e-02
6.685277108694458459e-01 6.361391822525001849e-02 4.589846152811160457e-02
6.673546401219569990e-01 6.377142932257158503e-02 4.581792314249501924e-02
6.661837680721250932e-01 6.392894041989316545e-02 4.573753571074046925e-02
6.650149463270221828e-01 6.408645151721473199e-02 4.565728904477794198e-02
6.638480291512783849e-01 6.424396261453631241e-02 4.557717313899489753e-02
6.626828566483262684e-01 6.440147371185787895e-02 4.549717701552708632e-02
6.615192509569270962e-01 6.455898480917944549e-02 4.541728846312719642e-02
6.603570367129820706e-01 6.471649590650102590e-02 4.533749544199160847e-02
6.591960423483892439e-01 6.487400700382259244e-02 4.525778617293481354e-02
6.580361000284563611e-01 6.503151810114417286e-02 4.517814913309239899e-02
6.568770455907839700e-01 6.518902919846573940e-02 4.509857305172502301e-02
6.557187184855595152e-01 6.534654029578730594e-02 4.501904690611922139e-02
6.545609617172196693e-01 6.550405139310888636e-02 4.493955991758222246e-02
6.534036217874579222e-01 6.566156249043045290e-02 4.486010154752896606e-02
6.522465486394919409e-01 6.581907358775203332e-02 4.478066149365586557e-02
6.510895956036122367e-01 6.597658468507359986e-02 4.470122968620229842e-02
6.499326193438967891e-01 6.613409578239516640e-02 4.462179628429226164e-02
6.487754798061432515e-01 6.629160687971674681e-02 4.454235167235965492e-02
6.476180401669004993e-01 6.644911797703831335e-02 4.446288645664880218e-02
6.464601667836031851e-01 6.660662907435987989e-02 4.438339146179126615e-02
6.453017291457944227e-01 6.676414017168146031e-02 4.430385772745656231e-02
6.441425998273558884e-01 6.692165126900302685e-02 4.422427650507271962e-02
6.429826544397451160e-01 6.707916236632460727e-02 4.414463925461571681e-02
6.418217715862125639e-01 6.723667346364617381e-02 4.406493764146611480e-02
6.406598328169423873e-01 6.739418456096774035e-02 4.398516353332924955e-02
6.394967220379603745e-01 6.755169565828932077e-02 4.390530895965331221e-02
6.383323162687916108e-01 6.770920675561088731e-02 4.382536547708653502e-02
6.371664871759560311e-01 6.786671785293246772e-02 4.374532427476108404e-02
6.359991093209245161e-01 6.802422895025403426e-02 4.366517674056501208e-02
6.348300603947359955e-01 6.818174004757560080e-02 4.358491447725006129e-02
6.336592211729656920e-01 6.833925114489718122e-02 4.350452929934003204e-02
6.324864754715449067e-01 6.849676224221874776e-02 4.342401323009750097e-02
6.313117101034708689e-01 6.865427333954032818e-02 4.334335849855168454e-02
6.301348148363579149e-01 6.881178443686189472e-02 4.326255753658415915e-02
6.289556823507886918e-01 6.896929553418346126e-02 4.318160297606929432e-02
6.277742081994696077e-01 6.912680663150504168e-02 4.310048764607012084e-02
6.265902907671337951e-01 6.928431772882660822e-02 4.301920457008533150e-02
6.254038312311929193e-01 6.944182882614817476e-02 4.293774696334794194e-02
6.242147335230924243e-01 6.959933992346975518e-02 4.285610823017198256e-02
6.230229042903747683e-01 6.975685102079132172e-02 4.277428196134786670e-02
6.218282528594041292e-01 6.991436211811290213e-02 4.269226193158335431e-02
6.206306911987438113e-01 7.007187321543446867e-02 4.261004209698911194e-02
6.194301338831528225e-01 7.022938431275603521e-02 4.252761659260682198e-02
6.182264980582146130e-01 7.038689541007761563e-02 4.244497972998083346e-02
6.170197034055424634e-01 7.054440650739918217e-02 4.236212599476922580e-02
6.158096721085470904e-01 7.070191760472076259e-02 4.227905004439354297e-02
6.145963288187811235e-01 7.085942870204232913e-02 4.219574670572823205e-02
6.133796008752939732e-01 7.101693979936389567e-02 4.211221099016050629e-02
6.121594213877810109e-01 7.117445089668547609e-02 4.202843830526736824e-02
6.109357281600851231e-01 7.133196199400704263e-02 4.194442438090727893e-02
6.097084612595456976e-01 7.148947309132862304e-02 4.186016510234142479e-02
6.084775629344180148e-01 7.164698418865018958e-02 4.177565650456406543e-02
6.072429775846239774e-01 7.180449528597175612e-02 4.169089477029431362e-02
6.060046517329104043e-01 7.196200638329333654e-02 4.160587622799598317e-02
6.047625339964333158e-01 7.211951748061490308e-02 4.152059734992683687e-02
6.035165750587115907e-01 7.227702857793646962e-02 4.143505475021285606e-02
6.022667276419786386e-01 7.243453967525805004e-02 4.134924518295000906e-02
6.010129464798912302e-01 7.259205077257961658e-02 4.126316554033070128e-02
5.997551882906067000e-01 7.274956186990119700e-02 4.117681285079526771e-02
5.984934117502076489e-01 7.290707296722276354e-02 4.109018427720740468e-02
5.972275774664541625e-01 7.306458406454433008e-02 4.100327711505213912e-02
5.959576479528817528e-01 7.322209516186591050e-02 4.091608879065745247e-02
5.946835876032092738e-01 7.337960625918747704e-02 4.082861685943730418e-02
5.934053626660631409e-01 7.353711735650905745e-02 4.074085900415623518e-02
5.921229412199940922e-01 7.369462845383062399e-02 4.065281303321409412e-02
5.908362931488010394e-01 7.385213955115219053e-02 4.056447687895194804e-02
5.895453901171314737e-01 7.400965064847377095e-02 4.047584859597690154e-02
5.882502055463615376e-01 7.416716174579533749e-02 4.038692635950598409e-02
5.869507145907469914e-01 7.432467284311691791e-02 4.029770846372895954e-02
5.856468941138464057e-01 7.448218394043848445e-02 4.020819332018948922e-02
5.843387236529040685e-01 7.463969503776005099e-02 4.011837952399593954e-02
5.830262005098629796e-01 7.479720613508163141e-02 4.002826688991040216e-02
5.817093363683792928e-01 7.495471723240319795e-02 3.993785622008635960e-02
5.803881442625218323e-01 7.511222832972476449e-02 3.984714840939129754e-02
5.790626381701414749e-01 7.526973942704634490e-02 3.975614441748904354e-02
5.777328329973567822e-01 7.542725052436791144e-02 3.966484526777458441e-02
5.763987445632270390e-01 7.558476162168949186e-02 3.957325204632176907e-02
5.750603895845117774e-01 7.574227271901105840e-02 3.948136590083702741e-02
5.737177856606141546e-01 7.589978381633262494e-02 3.938918803962562776e-02
5.723709512586223624e-01 7.605729491365420536e-02 3.929671973056456796e-02
5.710199056985078014e-01 7.621480601097577190e-02 3.920396230008648536e-02
5.696646691384392724e-01 7.637231710829735232e-02 3.911091713217131061e-02
5.683052625602379448e-01 7.652982820561891886e-02 3.901758566734768452e-02
5.669417077549500084e-01 7.668733930294048540e-02 3.892396940170242403e-02
5.655740273085525516e-01 7.684485040026206581e-02 3.883006988589909891e-02
5.642022445877781234e-01 7.700236149758363235e-02 3.873588872420500456e-02
5.628263837260693014e-01 7.715987259490521277e-02 3.864142757352651697e-02
5.614464696096428398e-01 7.731738369222677931e-02 3.854668814245264252e-02
5.600625278636897075e-01 7.747489478954834585e-02 3.845167219030733857e-02
5.586745848386813762e-01 7.763240588686992627e-02 3.835638152620950841e-02
5.572826675967943455e-01 7.778991698419149281e-02 3.826081800814085110e-02
5.558868038984556836e-01 7.794742808151305935e-02 3.816498354202221832e-02
5.544870221890061401e-01 7.810493917883463977e-02 3.806888008079790248e-02
5.530833515854639559e-01 7.826245027615620631e-02 3.797250962352689135e-02
5.516758222157142066e-01 7.841996137347778673e-02 3.787587423867034425e-02
5.502644840392053593e-01 7.857747247079935327e-02 3.777897735624582976e-02
5.488494157981573807e-01 7.873498356812091981e-02 3.768182438238192739e-02
5.474306981194311250e-01 7.889249466544250022e-02 3.758442085259917909e-02
5.460084111280683050e-01 7.905000576276406676e-02 3.748677226796517242e-02
5.445826344461401902e-01 7.920751686008564718e-02 3.738888409501562454e-02
5.431534471916548146e-01 7.936502795740721372e-02 3.729076176567919232e-02
5.417209279775533348e-01 7.952253905472878026e-02 3.719241067720865934e-02
5.402851549107509088e-01 7.968005015205036068e-02 3.709383619211510663e-02
5.388462055912702775e-01 7.983756124937192722e-02 3.699504363810836305e-02
5.374041571114214211e-01 7.999507234669350764e-02 3.689603830804068230e-02
5.359590860550603741e-01 8.015258344401507418e-02 3.679682545985595021e-02
5.345110684969069936e-01 8.031009454133664072e-02 3.669741031654276398e-02
5.330601800019325598e-01 8.046760563865822113e-02 3.659779806609233382e-02
5.316064956247974482e-01 8.062511673597978767e-02 3.649799386146008323e-02
5.301500899093706254e-01 8.078262783330135421e-02 3.639800282053238384e-02
5.286910368882952183e-01 8.094013893062293463e-02 3.629783002609698883e-02
5.272294100826201424e-01 8.109765002794450117e-02 3.619748052581749781e-02
5.257652825014882403e-01 8.125516112526608159e-02 3.609695933221217928e-02
5.242987266418895898e-01 8.141267222258764813e-02 3.599627142263685936e-02
5.228298144884671039e-01 8.157018331990921467e-02 3.589542173927167540e-02
5.213586175133815281e-01 8.172769441723079509e-02 3.579441518911172931e-02
5.198852066762238433e-01 8.188520551455236163e-02 3.569325664396118258e-02
5.184096524240064952e-01 8.204271661187394205e-02 3.559195094043252766e-02
5.169320246911734973e-01 8.220022770919550859e-02 3.549050287994733044e-02
5.154523928997019055e-01 8.235773880651707513e-02 3.538891722874327322e-02
5.139708328695448136e-01 8.251524990383865554e-02 3.528719919231764618e-02
5.124874598887877442e-01 8.267276100116022208e-02 3.518535668589325982e-02
5.110024021054506704e-01 8.283027209848178862e-02 3.508339850760489737e-02
5.095157857768134457e-01 8.298778319580336904e-02 3.498133332577681165e-02
5.080277352653981282e-01 8.314529429312493558e-02 3.487916967864652940e-02
5.065383730553663089e-01 8.330280539044651600e-02 3.477691597549085328e-02
5.050478197689827198e-01 8.346031648776808254e-02 3.467458049775620776e-02
5.035561941831274702e-01 8.361782758508964908e-02 3.457217140019212820e-02
5.020636132458741185e-01 8.377533868241122950e-02 3.446969671198957946e-02
5.005701920931121540e-01 8.393284977973279604e-02 3.436716433792213338e-02
4.990760440651970109e-01 8.409036087705437645e-02 3.426458205948917229e-02
4.975812807236480451e-01 8.424787197437594299e-02 3.416195753606217356e-02
4.960860118678636077e-01 8.440538307169750953e-02 3.405929830603242336e-02
4.945903455518527725e-01 8.456289416901908995e-02 3.395661178795970209e-02
4.930943881009982599e-01 8.472040526634065649e-02 3.385390528172311370e-02
4.915982441288059834e-01 8.487791636366223691e-02 3.375118596967115886e-02
4.901020165536811302e-01 8.503542746098380345e-02 3.364846091777339010e-02
4.886058066156795388e-01 8.519293855830536999e-02 3.354573707677054734e-02
4.871097138932736215e-01 8.535044965562695041e-02 3.344302128332567181e-02
4.856138363200906416e-01 8.550796075294851695e-02 3.334032026117324937e-02
4.841182702016358919e-01 8.566547185027008349e-02 3.323764062226739618e-02
4.826231102320081012e-01 8.582298294759166390e-02 3.313498886792937137e-02
4.811284495105733194e-01 8.598049404491323044e-02 3.303237138999245981e-02
4.796343795586117675e-01 8.613800514223481086e-02 3.292979447194484266e-02
4.781409903359381541e-01 8.629551623955637740e-02 3.282726429007064989e-02
4.766483702574708659e-01 8.645302733687794394e-02 3.272478691458757111e-02
4.751566062197408180e-01 8.661053843419952436e-02 3.262236831146680255e-02
4.736657969485906228e-01 8.676804953152109090e-02 3.252001525883319033e-02
4.721760788332943770e-01 8.692556062884267132e-02 3.241773712063346358e-02
4.706875928173458457e-01 8.708307172616423786e-02 3.231554357348895290e-02
4.692004769941485187e-01 8.724058282348580440e-02 3.221344409834513145e-02
4.677148666420336554e-01 8.739809392080738482e-02 3.211144798287576818e-02
4.662308942592570116e-01 8.755560501812895136e-02 3.200956432388567252e-02
4.647486895989255684e-01 8.771311611545053177e-02 3.190780202970861651e-02
4.632683797038676943e-01 8.787062721277209831e-02 3.180616982260140585e-02
4.617900889414197074e-01 8.802813831009366485e-02 3.170467624113215699e-02
4.603139390381215668e-01 8.818564940741524527e-02 3.160332964256239163e-02
4.588400491143184712e-01 8.834316050473681181e-02 3.150213820522260177e-02
4.573685357186295097e-01 8.850067160205837835e-02 3.140110993087884272e-02
4.558995128623147264e-01 8.865818269937995877e-02 3.130025264709207500e-02
4.544330920534867535e-01 8.881569379670152531e-02 3.119957400956709787e-02
4.529693823311890521e-01 8.897320489402310573e-02 3.109908150449229580e-02
4.515084902993136695e-01 8.913071599134467227e-02 3.099878245086809189e-02
4.500505201603574035e-01 8.928822708866623881e-02 3.089868400282472921e-02
4.485955737490071593e-01 8.944573818598781922e-02 3.079879315192794731e-02
4.471437505655361244e-01 8.960324928330938576e-02 3.069911672947195011e-02
4.456951478090248608e-01 8.976076038063096618e-02 3.059966140876014401e-02
4.442498604103751192e-01 8.991827147795253272e-02 3.050043370737179349e-02
4.428079810651189274e-01 9.007578257527409926e-02 3.040143998941453526e-02
4.413696002660332796e-01 9.023329367259567968e-02 3.030268646776358363e-02
4.399348063355159599e-01 9.039080476991724622e-02 3.020417920628451144e-02
4.385036854577580301e-01 9.054831586723882664e-02 3.010592412204213947e-02
4.370763217106752863e-01 9.070582696456039318e-02 3.000792698749270293e-02
4.356527970976121766e-01 9.086333806188195972e-02 2.991019343266065195e-02
4.342331915788029684e-01 9.102084915920354014e-02 2.981272894729861123e-02
4.328175895048701483e-01 9.117836025652510668e-02 2.971553932258579403e-02
4.314061023924585236e-01 9.133587135384667322e-02 2.961863221481280881e-02
4.299988473513248755e-01 9.149338245116825363e-02 2.952201566427115759e-02
4.285959385588314907e-01 9.165089354848982017e-02 2.942569750992574118e-02
4.271974873056873512e-01 9.180840464581140059e-02 2.932968539255531581e-02
4.258036020421515633e-01 9.196591574313296713e-02 2.923398675792461196e-02
4.244143884239398035e-01 9.212342684045453367e-02 2.913860885993607361e-02
4.230299493577899805e-01 9.228093793777611409e-02 2.904355876375823778e-02
4.216503850467316350e-01 9.243844903509768063e-02 2.894884334893374142e-02
4.202757930349860227e-01 9.259596013241926105e-02 2.885446931246201177e-02
4.189062682525415693e-01 9.275347122974082759e-02 2.876044317185959959e-02
4.175419030593544023e-01 9.291098232706239413e-02 2.866677126819481766e-02
4.161827872891976643e-01 9.306849342438397454e-02 2.857345976909830138e-02
4.148290082931369027e-01 9.322600452170554108e-02 2.848051467174780860e-02
4.134806509826139953e-01 9.338351561902712150e-02 2.838794180582622159e-02
4.121377978721602053e-01 9.354102671634868804e-02 2.829574683645403807e-02
4.108005291217067256e-01 9.369853781367025458e-02 2.820393526709423504e-02
4.094689225785007047e-01 9.385604891099183500e-02 2.811251244243011607e-02
4.081430538186140988e-01 9.401356000831340154e-02 2.802148355121506645e-02
4.068229961880517886e-01 9.417107110563496808e-02 2.793085362909493441e-02
4.055088208434310948e-01 9.432858220295654850e-02 2.784062756140086997e-02
4.042005967922666643e-01 9.448609330027811504e-02 2.775081008591518544e-02
4.028983909328158197e-01 9.464360439759969545e-02 2.766140579560691717e-02
4.016022680935028566e-01 9.480111549492126199e-02 2.757241914133862562e-02
4.003122910719255079e-01 9.495862659224282853e-02 2.748385443454432614e-02
3.990285206734206502e-01 9.511613768956440895e-02 2.739571584987732580e-02
3.977510157492079590e-01 9.527364878688597549e-02 2.730800742782897583e-02
3.964798332340896403e-01 9.543115988420755591e-02 2.722073307731703862e-02
3.952150281837249479e-01 9.558867098152912245e-02 2.713389657824473097e-02
3.939566539374201870e-01 9.574618207885068899e-02 2.704750159267731158e-02
3.927047680331786084e-01 9.590369317617226941e-02 2.696155207094590861e-02
3.914594345879509052e-01 9.606120427349383595e-02 2.687605241506610745e-02
3.902207163013856062e-01 9.621871537081541637e-02 2.679100692974710832e-02
3.889886738395344490e-01 9.637622646813698291e-02 2.670641978007947878e-02
3.877633658757966839e-01 9.653373756545854945e-02 2.662229499434611360e-02
3.865448491313950852e-01 9.669124866278012986e-02 2.653863646680125477e-02
3.853331784153604667e-01 9.684875976010169640e-02 2.645544796041559427e-02
3.841284066640384687e-01 9.700627085742326294e-02 2.637273310958870506e-02
3.829305849801041828e-01 9.716378195474484336e-02 2.629049542282761026e-02
3.817397626711007685e-01 9.732129305206640990e-02 2.620873828539267703e-02
3.805559872874826888e-01 9.747880414938799032e-02 2.612746496190955850e-02
3.793793046601829921e-01 9.763631524670955686e-02 2.604667859894837720e-02
3.782097589376859359e-01 9.779382634403112340e-02 2.596638222756895986e-02
3.770473926226241557e-01 9.795133744135270382e-02 2.588657876583355319e-02
3.758922466078850055e-01 9.810884853867427036e-02 2.580727102128561185e-02
3.747443602122355610e-01 9.826635963599585077e-02 2.572846169339575856e-02
3.736037712154761103e-01 9.842387073331741731e-02 2.565015337597527367e-02
3.724705158930917692e-01 9.858138183063898385e-02 2.557234855955511921e-02
3.713446290504552882e-01 9.873889292796056427e-02 2.549504963373415770e-02
3.702261440565268735e-01 9.889640402528213081e-02 2.541825888949285697e-02
3.691150928770976503e-01 9.905391512260371123e-02 2.534197852147569360e-02
3.680115061075580063e-01 9.921142621992527777e-02 2.526621063024083250e-02
3.669154130051870966e-01 9.936893731724684431e-02 2.519095722447703758e-02
3.658268415209908753e-01 9.952644841456842473e-02 2.511622022318952749e-02
3.647458183310667845e-01 9.968395951188999127e-02 2.504200145785339185e-02
3.636723688675096988e-01 9.984147060921155781e-02 2.496830267453539060e-02
3.626065173488614568e-01 9.999898170653313823e-02 2.489512553598456635e-02
3.615482868101090319e-01 1.001564928038547048e-01 2.482247162369179486e-02
3.604976991322242363e-01 1.003140039011762852e-01 2.475034243991780861e-02
3.594547750712630552e-01 1.004715149984978517e-01 2.467873940969110558e-02
3.584195342301316201e-01 1.006290260958194183e-01 2.460766387886949985e-02
3.573919891682020844e-01 1.007865371931409987e-01 2.453711670972966510e-02
3.563721404212469301e-01 1.009440482904625652e-01 2.446709793905562161e-02
3.553599866536268914e-01 1.011015593877841456e-01 2.439760747514765904e-02
3.543555259136043079e-01 1.012590704851057122e-01 2.432864518400722556e-02
3.533587556519943718e-01 1.014165815824272787e-01 2.426021089061741048e-02
3.523696727405011275e-01 1.015740926797488591e-01 2.419230438020177412e-02
3.513882734897291193e-01 1.017316037770704257e-01 2.412492539946110501e-02
3.504145536668621941e-01 1.018891148743920061e-01 2.405807365778701509e-02
3.494485085130386581e-01 1.020466259717135726e-01 2.399174882845493337e-02
3.484901327604112420e-01 1.022041370690351392e-01 2.392595054979534258e-02
3.475394206488958693e-01 1.023616481663567196e-01 2.386067842634372049e-02
3.465963659426266608e-01 1.025191592636782861e-01 2.379593202997025425e-02
3.456609619460981331e-01 1.026766703609998527e-01 2.373171090098807889e-02
3.447332015200286204e-01 1.028341814583214331e-01 2.366801454924242348e-02
3.438130770969251016e-01 1.029916925556429996e-01 2.360484245517923199e-02
3.429005806963584257e-01 1.031492036529645800e-01 2.354219407089388691e-02
3.419957039399680321e-01 1.033067147502861466e-01 2.348006882116138172e-02
3.410984380661783999e-01 1.034642258476077131e-01 2.341846610444667590e-02
3.402087739446498782e-01 1.036217369449292935e-01 2.335738529389686999e-02
3.393267020904574549e-01 1.037792480422508601e-01 2.329682573831460060e-02
3.384522126779990203e-01 1.039367591395724405e-01 2.323678676311301955e-02
3.375852955546563838e-01 1.040942702368940070e-01 2.317726767125360271e-02
3.367259402541840085e-01 1.042517813342155736e-01 2.311826774416544938e-02
3.358741360098564388e-01 1.044092924315371540e-01 2.305978624264787280e-02
3.350298717673569904e-01 1.045668035288587205e-01 2.300182240775534501e-02
3.341931361974348480e-01 1.047243146261803010e-01 2.294437546166640599e-02
3.333639177083085881e-01 1.048818257235018675e-01 2.288744460853532961e-02
3.325422044578341119e-01 1.050393368208234340e-01 2.283102903532747280e-02
3.317279843654478699e-01 1.051968479181450145e-01 2.277512791263920991e-02
3.309212451238753849e-01 1.053543590154665810e-01 2.271974039550192503e-02
3.301219742106112354e-01 1.055118701127881475e-01 2.266486562417003789e-02
3.293301588991806028e-01 1.056693812101097280e-01 2.261050272489424987e-02
3.285457849162168875e-01 1.058268923074312945e-01 2.255665071772182048e-02
3.277688150494698638e-01 1.059844034047528749e-01 2.250330704780721322e-02
3.269991934633832420e-01 1.061419145020744415e-01 2.245046788170254604e-02
3.262368643619924513e-01 1.062994255993960080e-01 2.239812938867815836e-02
3.254817725663692318e-01 1.064569366967175884e-01 2.234628778036767266e-02
3.247338635074997759e-01 1.066144477940391549e-01 2.229493931027897238e-02
3.239930832192575716e-01 1.067719588913607354e-01 2.224408027331182744e-02
3.232593783314548497e-01 1.069294699886823019e-01 2.219370700528079665e-02
3.225326960630097162e-01 1.070869810860038684e-01 2.214381588244609261e-02
3.218129842151843945e-01 1.072444921833254489e-01 2.209440332104937663e-02
3.211001911649195018e-01 1.074020032806470154e-01 2.204546577685613171e-02
3.203942658582603076e-01 1.075595143779685958e-01 2.199699974470425978e-02
3.196951578038663699e-01 1.077170254752901624e-01 2.194900175805854919e-02
3.190028170666044938e-01 1.078745365726117289e-01 2.190146838857079739e-02
3.183171942612302852e-01 1.080320476699333093e-01 2.185439624564596353e-02
3.176382405461529168e-01 1.081895587672548759e-01 2.180778197601408383e-02
3.169659076172804402e-01 1.083470698645764424e-01 2.176162226330778660e-02
3.163001477019442564e-01 1.085045809618980228e-01 2.171591382764507736e-02
3.156409135529076315e-01 1.086620920592195894e-01 2.167065342521804286e-02
3.149881584424492065e-01 1.088196031565411698e-01 2.162583784788663435e-02
3.143418361565289421e-01 1.089771142538627363e-01 2.158146392277814421e-02
3.137019009890227306e-01 1.091346253511843029e-01 2.153752851189133510e-02
3.130683077360428279e-01 1.092921364485058833e-01 2.149402851170652620e-02
3.124410116903201251e-01 1.094496475458274498e-01 2.145096085279992251e-02
3.118199686356728506e-01 1.096071586431490302e-01 2.140832249946381105e-02
3.112051348415375562e-01 1.097646697404705968e-01 2.136611044933113893e-02
3.105964670575785957e-01 1.099221808377921633e-01 2.132432173300537193e-02
3.099939225083578331e-01 1.100796919351137437e-01 2.128295341369454419e-02
3.093974588880891718e-01 1.102372030324353103e-01 2.124200258685115736e-02
3.088070343554472630e-01 1.103947141297568907e-01 2.120146637981573309e-02
3.082226075284478783e-01 1.105522252270784572e-01 2.116134195146535460e-02
3.076441374794018913e-01 1.107097363244000238e-01 2.112162649186717298e-02
3.070715837299237139e-01 1.108672474217216042e-01 2.108231722193574728e-02
3.065049062460086238e-01 1.110247585190431707e-01 2.104341139309509265e-02
3.059440653655429720e-01 1.111822696163647373e-01 2.100490628230176557e-02
3.053890079075696207e-01 1.113397807136863177e-01 2.096679823836210960e-02
3.048396504868747803e-01 1.114972918110078842e-01 2.092908153637806912e-02
3.042959067053043198e-01 1.116548029083294646e-01 2.089175024459494906e-02
3.037576913306506698e-01 1.118123140056510312e-01 2.085479851130740692e-02
3.032249202764583096e-01 1.119698251029725977e-01 2.081822056347284663e-02
3.026975105822459766e-01 1.121273362002941781e-01 2.078201070535362974e-02
3.021753803941416572e-01 1.122848472976157447e-01 2.074616331718745141e-02
3.016584489459281926e-01 1.124423583949373251e-01 2.071067285388617993e-02
3.011466365404777412e-01 1.125998694922588916e-01 2.067553384376103962e-02
3.006398645315733753e-01 1.127573805895804582e-01 2.064074088727465769e-02
3.001380553061155920e-01 1.129148916869020386e-01 2.060628865581940958e-02
2.996411322666824306e-01 1.130724027842236051e-01 2.057217189052003639e-02
2.991490198144681201e-01 1.132299138815451855e-01 2.053838540106234581e-02
2.986616433325579578e-01 1.133874249788667521e-01 2.050492406454487715e-02
2.981789291695635113e-01 1.135449360761883186e-01 2.047178282435534874e-02
2.977008046235760097e-01 1.137024471735098990e-01 2.043895668906903565e-02
2.972271979264690667e-01 1.138599582708314656e-01 2.040644073137096517e-02
2.967580382285052720e-01 1.140174693681530321e-01 2.037423008699913371e-02
2.962932555832704651e-01 1.141749804654746125e-01 2.034231995371011889e-02
2.958327809329102109e-01 1.143324915627961791e-01 2.031070559026548761e-02
2.953765460936657039e-01 1.144900026601177595e-01 2.027938231543876049e-02
2.949244837417089871e-01 1.146475137574393260e-01 2.024834550704287042e-02
2.944765273992598908e-01 1.148050248547608926e-01 2.021759060097708463e-02
2.940326114209924069e-01 1.149625359520824730e-01 2.018711309029360898e-02
2.935926709807049617e-01 1.151200470494040395e-01 2.015690852428251439e-02
2.931566420582711330e-01 1.152775581467256200e-01 2.012697250757583198e-02
2.927244614268478817e-01 1.154350692440471865e-01 2.009730069926922436e-02
2.922960666403424113e-01 1.155925803413687530e-01 2.006788881206160099e-02
2.918713960211296032e-01 1.157500914386903335e-01 2.003873261141180320e-02
2.914503886480173667e-01 1.159076025360119000e-01 2.000982791471236574e-02
2.910329843444562914e-01 1.160651136333334804e-01 1.998117059048007058e-02
2.906191236669770639e-01 1.162226247306550470e-01 1.995275655756201943e-02
2.902087478938672471e-01 1.163801358279766135e-01 1.992458178435828342e-02
2.898017990140693279e-01 1.165376469252981939e-01 1.989664228805973489e-02
2.893982197162972003e-01 1.166951580226197605e-01 1.986893413390073207e-02
2.889979533760836383e-01 1.168526691199413270e-01 1.984145343426990671e-02
2.886009371314434135e-01 1.170101802172629074e-01 1.981419587331262333e-02
2.882070867896691091e-01 1.171676913145844739e-01 1.978715567069147530e-02
2.878163148036277930e-01 1.173252024119060544e-01 1.976032681576749689e-02
2.874285347168792915e-01 1.174827135092276209e-01 1.973370337278433986e-02
2.870436611468342170e-01 1.176402246065491874e-01 1.970727947971201086e-02
2.866616097683356013e-01 1.177977357038707679e-01 1.968104934711964113e-02
2.862822972976481473e-01 1.179552468011923344e-01 1.965500725707622354e-02
2.859056414768472720e-01 1.181127578985139148e-01 1.962914756207885872e-02
2.855315610586036668e-01 1.182702689958354814e-01 1.960346468400811504e-02
2.851599757913407807e-01 1.184277800931570479e-01 1.957795311310898262e-02
2.847908064047712240e-01 1.185852911904786283e-01 1.955260740699788641e-02
2.844239745957928833e-01 1.187428022878001949e-01 1.952742218969435659e-02
2.840594030147381432e-01 1.189003133851217753e-01 1.950239215067694348e-02
2.836970152519669441e-01 1.190578244824433418e-01 1.947751204396278024e-02
2.833367358248030099e-01 1.192153355797649084e-01 1.945277668721062322e-02
2.829784901647883211e-01 1.193728466770864888e-01 1.942818096084588178e-02
2.826222046052696002e-01 1.195303577744080553e-01 1.940371980720824105e-02
2.822678063692886097e-01 1.196878688717296219e-01 1.937938822972038594e-02
2.819152235577787602e-01 1.198453799690512023e-01 1.935518129207750015e-02
2.815643851380642548e-01 1.200028910663727688e-01 1.933109411745774844e-02
2.812152209326440611e-01 1.201604021636943492e-01 1.930712188775222590e-02
2.808676616082614319e-01 1.203179132610159158e-01 1.928325984281445069e-02
2.805216386652497063e-01 1.204754243583374823e-01 1.925950327972895948e-02
2.801770844271495031e-01 1.206329354556590627e-01 1.923584755209842984e-02
2.798339320305804900e-01 1.207904465529806293e-01 1.921228806934831626e-02
2.794921154153818255e-01 1.209479576503022097e-01 1.918882029604994030e-02
2.791515693149930200e-01 1.211054687476237762e-01 1.916543975126008478e-02
2.788122292470852637e-01 1.212629798449453428e-01 1.914214200787775488e-02
2.784740315044220149e-01 1.214204909422669232e-01 1.911892269201673211e-02
2.781369131459638377e-01 1.215780020395884897e-01 1.909577748239485104e-02
2.778008119881864579e-01 1.217355131369100563e-01 1.907270210973791708e-02
2.774656665966333535e-01 1.218930242342316367e-01 1.904969235619977455e-02
2.771314162776678525e-01 1.220505353315532032e-01 1.902674405479601663e-02
2.767980010704484961e-01 1.222080464288747836e-01 1.900385308885305102e-02
2.764653617391024110e-01 1.223655575261963502e-01 1.898101539147073469e-02
2.761334397650994088e-01 1.225230686235179167e-01 1.895822694499886552e-02
2.758021773398184884e-01 1.226805797208394971e-01 1.893548378052675382e-02
2.754715173562407582e-01 1.228380908181610637e-01 1.891278197731296323e-02
2.751414018669909312e-01 1.229956019154826441e-01 1.889011755692049030e-02
2.748117690435132876e-01 1.231531130128042106e-01 1.886748627444587156e-02
2.744825569619534500e-01 1.233106241101257772e-01 1.884488387844284255e-02
2.741537044599583473e-01 1.234681352074473576e-01 1.882230616974680387e-02
2.738251511295410889e-01 1.236256463047689241e-01 1.879974900098490068e-02
2.734968373101344663e-01 1.237831574020905046e-01 1.877720827609919221e-02
2.731687040818484569e-01 1.239406684994120711e-01 1.875467994988366804e-02
2.728406932589043654e-01 1.240981795967336376e-01 1.873216002753352524e-02
2.725127473832553715e-01 1.242556906940552180e-01 1.870964456420710215e-02
2.721848097183829362e-01 1.244132017913767846e-01 1.868712966460003150e-02
2.718568242432632953e-01 1.245707128886983511e-01 1.866461148253099542e-02
2.715287356465051483e-01 1.247282239860199315e-01 1.864208622053918976e-02
2.712004893206453326e-01 1.248857350833414981e-01 1.861955012949274499e-02
2.708720313566082005e-01 1.250432461806630924e-01 1.859699950820832559e-02
2.705433085383094904e-01 1.252007572779846589e-01 1.857443070308060010e-02
2.702142683374231802e-01 1.253582683753062255e-01 1.855184010772301800e-02
2.698848589082781246e-01 1.255157794726277920e-01 1.852922416261739563e-02
2.695550290829064610e-01 1.256732905699493585e-01 1.850657935477396585e-02
2.692247283662237978e-01 1.258308016672709251e-01 1.848390221740048300e-02
2.688939069313469599e-01 1.259883127645924916e-01 1.846118932958074402e-02
2.685625156150323600e-01 1.261458238619140859e-01 1.843843731596138749e-02
2.682305059132483183e-01 1.263033349592356525e-01 1.841564284644796323e-02
2.678978299768626226e-01 1.264608460565572190e-01 1.839280263590879413e-02
2.675644406074507153e-01 1.266183571538787855e-01 1.836991344388720984e-02
2.672302912532174557e-01 1.267758682512003521e-01 1.834697207432158320e-02
2.668953360050268508e-01 1.269333793485219464e-01 1.832397537527268375e-02
2.665595295925443642e-01 1.270908904458435129e-01 1.830092023865886527e-02
2.662228273804762013e-01 1.272484015431650795e-01 1.827780359999785914e-02
2.658851853649108476e-01 1.274059126404866460e-01 1.825462243815559674e-02
2.655465601697654110e-01 1.275634237378082125e-01 1.823137377510224144e-02
2.652069090433116227e-01 1.277209348351298068e-01 1.820805467567367109e-02
2.648661898548031468e-01 1.278784459324513734e-01 1.818466224733991665e-02
2.645243610911890420e-01 1.280359570297729399e-01 1.816119363997950945e-02
2.641813818539072156e-01 1.281934681270945064e-01 1.813764604565938285e-02
2.638372118557623103e-01 1.283509792244160730e-01 1.811401669842044315e-02
2.634918114178872450e-01 1.285084903217376673e-01 1.809030287406904192e-02
2.631451414667696498e-01 1.286660014190592338e-01 1.806650188997276779e-02
2.627971635313610110e-01 1.288235125163808004e-01 1.804261110486198375e-02
2.624478397402517094e-01 1.289810236137023669e-01 1.801862791863589192e-02
2.620971328344396389e-01 1.291385347110239334e-01 1.799454977323915877e-02
2.617450107315149599e-01 1.292960458083455277e-01 1.797037446602075747e-02
2.613914528002216353e-01 1.294535569056670943e-01 1.794610058052046112e-02
2.610364403929815169e-01 1.296110680029886608e-01 1.792172683646948289e-02
2.606799552320998026e-01 1.297685791003102274e-01 1.789725197899380560e-02
2.603219794080148808e-01 1.299260901976317939e-01 1.787267477849393757e-02
2.599624953775699354e-01 1.300836012949533882e-01 1.784799403052630615e-02
2.596014859623001492e-01 1.302411123922749547e-01 1.782320855568562609e-02
2.592389343467328411e-01 1.303986234895965213e-01 1.779831719948824983e-02
2.588748240767058117e-01 1.305561345869180878e-01 1.777331883225663489e-02
2.585091390576954584e-01 1.307136456842396544e-01 1.774821234900461620e-02
2.581418635531597117e-01 1.308711567815612486e-01 1.772299666932362558e-02
2.577729821828961820e-01 1.310286678788828152e-01 1.769767073726995210e-02
2.574024799214034709e-01 1.311861789762043817e-01 1.767223352125224869e-02
2.570303420962634089e-01 1.313436900735259483e-01 1.764668401392049252e-02
2.566565543865260701e-01 1.315012011708475148e-01 1.762102123205502857e-02
2.562811028211043340e-01 1.316587122681690813e-01 1.759524421645642517e-02
2.559039737771843792e-01 1.318162233654906756e-01 1.756935203183630778e-02
2.555251539786344006e-01 1.319737344628122422e-01 1.754334376670812004e-02
2.551446304944281485e-01 1.321312455601338087e-01 1.751721853327887699e-02
2.547623907370681895e-01 1.322887566574553753e-01 1.749097546734091832e-02
2.543784224610248779e-01 1.324462677547769418e-01 1.746461372816474067e-02
2.539927137611723840e-01 1.326037788520985361e-01 1.743813249839160431e-02
2.536052530712327724e-01 1.327612899494201026e-01 1.741153098392675749e-02
2.532160291622265746e-01 1.329188010467416692e-01 1.738480841383297643e-02
2.528250311409206974e-01 1.330763121440632357e-01 1.735796404022407757e-02
2.524322484482902640e-01 1.332338232413848023e-01 1.733099713815931114e-02
2.520376708579720737e-01 1.333913343387063966e-01 1.730390700553709540e-02
2.516412884747277201e-01 1.335488454360279631e-01 1.727669296298962875e-02
2.512430917329043778e-01 1.337063565333495296e-01 1.724935435377712017e-02
2.508430713949009738e-01 1.338638676306710962e-01 1.722189054368249150e-02
2.504412185496323051e-01 1.340213787279926627e-01 1.719430092090599993e-02
2.500375246109902694e-01 1.341788898253142570e-01 1.716658489595947537e-02
2.496319813163167534e-01 1.343364009226358236e-01 1.713874190156161256e-02
2.492245807248586742e-01 1.344939120199573901e-01 1.711077139253177823e-02
2.488153152162377590e-01 1.346514231172789566e-01 1.708267284568502561e-02
2.484041774889100829e-01 1.348089342146005232e-01 1.705444575972629023e-02
2.479911605586292145e-01 1.349664453119221175e-01 1.702608965514492215e-02
2.475762577569006195e-01 1.351239564092436840e-01 1.699760407410853477e-02
2.471594627294412538e-01 1.352814675065652505e-01 1.696898858035724225e-02
2.467407694346267499e-01 1.354389786038868171e-01 1.694024275909707111e-02
2.463201721419489565e-01 1.355964897012083836e-01 1.691136621689406580e-02
2.458976654778352589e-01 1.357540007985299779e-01 1.688235858482003623e-02
2.454732531904919857e-01 1.359115118958515445e-01 1.685322012021197441e-02
2.450469582544674563e-01 1.360690229931731110e-01 1.682395240041124201e-02
2.446188060455130042e-01 1.362265340904946775e-01 1.679455716761630441e-02
2.441888218211249184e-01 1.363840451878162441e-01 1.676503615590670127e-02
2.437570307199376507e-01 1.365415562851378384e-01 1.673539109120138202e-02
2.433234577611236293e-01 1.366990673824594049e-01 1.670562369121750268e-02
2.428881278438204949e-01 1.368565784797809715e-01 1.667573566543112742e-02
2.424510657465718810e-01 1.370140895771025380e-01 1.664572871503879406e-02
2.420122961267919814e-01 1.371716006744241045e-01 1.661560453292077952e-02
2.415718435202479086e-01 1.373291117717456711e-01 1.658536480360554843e-02
2.411297323405563464e-01 1.374866228690672654e-01 1.655501120323522174e-02
2.406859868787033507e-01 1.376441339663888319e-01 1.652454539953257182e-02
2.402406313025819695e-01 1.378016450637103985e-01 1.649396905176928052e-02
2.397936896565419918e-01 1.379591561610319650e-01 1.646328381073507499e-02
2.393451858609670080e-01 1.381166672583535315e-01 1.643249131870862245e-02
2.388951437118602694e-01 1.382741783556751258e-01 1.640159320942913973e-02
2.384435868804512526e-01 1.384316894529966924e-01 1.637059110806938361e-02
2.379905389128210147e-01 1.385892005503182589e-01 1.633948663120988673e-02
2.375360232295397611e-01 1.387467116476398254e-01 1.630828138681415101e-02
2.370800631253270063e-01 1.389042227449613920e-01 1.627697697420521158e-02
2.366226817687222539e-01 1.390617338422829863e-01 1.624557498404313738e-02
2.361639022017754386e-01 1.392192449396045528e-01 1.621407699830369059e-02
2.357037473397532445e-01 1.393767560369261194e-01 1.618248459025820735e-02
2.352422399708601342e-01 1.395342671342476859e-01 1.615079932445444288e-02
2.347794027559742813e-01 1.396917782315692524e-01 1.611902275669843329e-02
2.343152582284020180e-01 1.398492893288908467e-01 1.608715643403761664e-02
2.338498287936426612e-01 1.400068004262124133e-01 1.605520189474474169e-02
2.333831367291747672e-01 1.401643115235339798e-01 1.602316066830313662e-02
2.329152041842499909e-01 1.403218226208555464e-01 1.599103427539258840e-02
2.324460531797072071e-01 1.404793337181771129e-01 1.595882422787657171e-02
2.319757056077984547e-01 1.406368448154987072e-01 1.592653202879027938e-02
2.315041832320303139e-01 1.407943559128202737e-01 1.589415917232979425e-02
2.310315076870184947e-01 1.409518670101418403e-01 1.586170714384201388e-02
2.305577004783524731e-01 1.411093781074634068e-01 1.582917741981543919e-02
2.300827829824851345e-01 1.412668892047849734e-01 1.579657146787256244e-02
2.296067764466228622e-01 1.414244003021065677e-01 1.576389074676229698e-02
2.291297019886358310e-01 1.415819113994281342e-01 1.573113670635388484e-02
2.286515805969810133e-01 1.417394224967497007e-01 1.569831078763154336e-02
2.281724331306375086e-01 1.418969335940712673e-01 1.566541442269005213e-02
2.276922803190500333e-01 1.420544446913928338e-01 1.563244903473088795e-02
2.272111427620953639e-01 1.422119557887144281e-01 1.559941603805990382e-02
2.267290409300514731e-01 1.423694668860359946e-01 1.556631683808519864e-02
2.262459951635804600e-01 1.425269779833575612e-01 1.553315283131597412e-02
2.257620256781665002e-01 1.426844890806791277e-01 1.549992540566721456e-02
2.252771590276892999e-01 1.428420001780006943e-01 1.546663638422298738e-02
2.247914408816667486e-01 1.429995112753222608e-01 1.543328890247128854e-02
2.243049199881957390e-01 1.431570223726438551e-01 1.539988630726314700e-02
2.238176445199414888e-01 1.433145334699654216e-01 1.536643190594270438e-02
2.233296620765654883e-01 1.434720445672869882e-01 1.533292896651397216e-02
2.228410196872350757e-01 1.436295556646085547e-01 1.529938071781307939e-02
2.223517638132143093e-01 1.437870667619301213e-01 1.526579034968617195e-02
2.218619403505265875e-01 1.439445778592517156e-01 1.523216101317221433e-02
2.213715946326949013e-01 1.441020889565732821e-01 1.519849582069110298e-02
2.208807714335527805e-01 1.442596000538948486e-01 1.516479784623671681e-02
2.203895149701167178e-01 1.444171111512164152e-01 1.513107012557404936e-02
2.198978689055365865e-01 1.445746222485379817e-01 1.509731565644182802e-02
2.194058763521001543e-01 1.447321333458595760e-01 1.506353739875876049e-02
2.189135798743017114e-01 1.448896444431811426e-01 1.502973827483423432e-02
2.184210214919727888e-01 1.450471555405027091e-01 1.499592116958324214e-02
2.179282426834643904e-01 1.452046666378242756e-01 1.496208893074489794e-02
2.174352843888898990e-01 1.453621777351458422e-01 1.492824436910501415e-02
2.169421870134137231e-01 1.455196888324674365e-01 1.489439025872195572e-02
2.164489904305976764e-01 1.456771999297890030e-01 1.486052933715636092e-02
2.159557339857865188e-01 1.458347110271105695e-01 1.482666430570356991e-02
2.154624564995513414e-01 1.459922221244321361e-01 1.479279782963004164e-02
2.149691962711657578e-01 1.461497332217537026e-01 1.475893253841202915e-02
2.144759910821306126e-01 1.463072443190752969e-01 1.472507102597755621e-02
2.139828781997377138e-01 1.464647554163968635e-01 1.469121585095109830e-02
2.134898943806711191e-01 1.466222665137184300e-01 1.465736953690080155e-02
2.129970758746466686e-01 1.467797776110399965e-01 1.462353457258842165e-02
2.125044584280832982e-01 1.469372887083615631e-01 1.458971341222132373e-02
2.120120772878088811e-01 1.470947998056831574e-01 1.455590847570692979e-02
2.115199672047975432e-01 1.472523109030047239e-01 1.452212214890932600e-02
2.110281624379366783e-01 1.474098220003262905e-01 1.448835678390785267e-02
2.105366967578188864e-01 1.475673330976478570e-01 1.445461469925748456e-02
2.100456034505636949e-01 1.477248441949694235e-01 1.442089818025118347e-02
2.095549153216595129e-01 1.478823552922910178e-01 1.438720947918370116e-02
2.090646646998330915e-01 1.480398663896125844e-01 1.435355081561721230e-02
2.085748834409373309e-01 1.481973774869341509e-01 1.431992437664823641e-02
2.080856029318570999e-01 1.483548885842557175e-01 1.428633231717583822e-02
2.075968540944399809e-01 1.485123996815772840e-01 1.425277676017144141e-02
2.071086673894348695e-01 1.486699107788988505e-01 1.421925979694927539e-02
2.066210728204525282e-01 1.488274218762204448e-01 1.418578348743826378e-02
2.061340999379414618e-01 1.489849329735420114e-01 1.415234986045502477e-02
2.056477778431674008e-01 1.491424440708635779e-01 1.411896091397705881e-02
2.051621351922153225e-01 1.492999551681851444e-01 1.408561861541751670e-02
2.046772001999913604e-01 1.494574662655067110e-01 1.405232490189997109e-02
2.041930006442445322e-01 1.496149773628283053e-01 1.401908168053451857e-02
2.037095638695847755e-01 1.497724884601498718e-01 1.398589082869362843e-02
2.032269167915152219e-01 1.499299995574714384e-01 1.395275419428901841e-02
2.027450867994575190e-01 1.500875106547930049e-01 1.391967365776976967e-02
2.022641093489967457e-01 1.502450217521145714e-01 1.388665165337573011e-02
2.017840240087178383e-01 1.504025328494361657e-01 1.385369089772905613e-02
2.013048697629908068e-01 1.505600439467577323e-01 1.382079406734197831e-02
2.008266849684506861e-01 1.507175550440792988e-01 1.378796379562895538e-02
2.003495073603219212e-01 1.508750661414008654e-01 1.375520267334085986e-02
1.998733740587658181e-01 1.510325772387224319e-01 1.372251324900076314e-02
1.993983215752422877e-01 1.511900883360440262e-01 1.368989802934071284e-02
1.989243858188994851e-01 1.513475994333655927e-01 1.365735947974041839e-02
1.984516021029688049e-01 1.515051105306871593e-01 1.362490002466631121e-02
1.979800051511756420e-01 1.516626216280087258e-01 1.359252204811167535e-02
1.975096291041680829e-01 1.518201327253302924e-01 1.356022789403802872e-02
1.970405075259409333e-01 1.519776438226518867e-01 1.352801986681614714e-02
1.965726734102782314e-01 1.521351549199734532e-01 1.349590023166840486e-02
1.961061591871947063e-01 1.522926660172950197e-01 1.346387121511100592e-02
1.956409967293778751e-01 1.524501771146165863e-01 1.343193500539629180e-02
1.951772173586362180e-01 1.526076882119381528e-01 1.340009375295540817e-02
1.947148518523401373e-01 1.527651993092597471e-01 1.336834957084056738e-02
1.942539304498654973e-01 1.529227104065813136e-01 1.333670453516739782e-02
1.937944828590244806e-01 1.530802215039028802e-01 1.330516068555647607e-02
1.933365382624989415e-01 1.532377326012244467e-01 1.327372002557501186e-02
1.928801253242563019e-01 1.533952436985460133e-01 1.324238452317733593e-02
1.924252721959646695e-01 1.535527547958676076e-01 1.321115611114534114e-02
1.919720065233880835e-01 1.537102658931891741e-01 1.318003668752756874e-02
1.915203554527717400e-01 1.538677769905107406e-01 1.314902811607754698e-02
1.910703456372167541e-01 1.540252880878323072e-01 1.311813222669150694e-02
1.906220032430319400e-01 1.541827991851538737e-01 1.308735081584444862e-02
1.901753539560738226e-01 1.543403102824754403e-01 1.305668564702543340e-02
1.897304229880663606e-01 1.544978213797970346e-01 1.302613845117143142e-02
1.892872350828977979e-01 1.546553324771186011e-01 1.299571092709969101e-02
1.888458145229021945e-01 1.548128435744401676e-01 1.296540474193898229e-02
1.884061851351153671e-01 1.549703546717617342e-01 1.293522153155908343e-02
1.879683702975058768e-01 1.551278657690833007e-01 1.290516290099862767e-02
1.875323929451850891e-01 1.552853768664048950e-01 1.287523042489139083e-02
1.870982755765889793e-01 1.554428879637264616e-01 1.284542564789078328e-02
1.866660402596360679e-01 1.556003990610480281e-01 1.281575008509256222e-02
1.862357086378549353e-01 1.557579101583695946e-01 1.278620522245558534e-02
1.858073019364855361e-01 1.559154212556911612e-01 1.275679251722064769e-02
1.853808409685492875e-01 1.560729323530127555e-01 1.272751339832727500e-02
1.849563461408913756e-01 1.562304434503343220e-01 1.269836926682851863e-02
1.845338374601889486e-01 1.563879545476558885e-01 1.266936149630350748e-02
1.841133345389332487e-01 1.565454656449774551e-01 1.264049143326811259e-02
1.836948566013687778e-01 1.567029767422990216e-01 1.261176039758270945e-02
1.832784224894144776e-01 1.568604878396206159e-01 1.258316968285875560e-02
1.828640506685344502e-01 1.570179989369421825e-01 1.255472055686178250e-02
1.824517592335875571e-01 1.571755100342637490e-01 1.252641426191303600e-02
1.820415659146333021e-01 1.573330211315853155e-01 1.249825201528810027e-02
1.816334880827076004e-01 1.574905322289068821e-01 1.247023500961340695e-02
1.812275427555590235e-01 1.576480433262284764e-01 1.244236441326009371e-02
1.808237452713139515e-01 1.578055544235500429e-01 1.241464127928309201e-02
1.804221049738226057e-01 1.579630655208716095e-01 1.238706624919410672e-02
1.800226294646811720e-01 1.581205766181931760e-01 1.235963984488858483e-02
1.800226294646811720e-01 1.581205766181931760e-01 1.235963984488858657e-02
1.410064428375600032e-01 1.826842454521749870e-01 1.007559957975751562e-02
1.203262756546143036e-01 2.073525430377324841e-01 6.180535067542379697e-03
9.629208425112527336e-02 2.322407203492417860e-01 5.757580082926984713e-03
8.402104851220877635e-02 2.568837818198746459e-01 5.550867821673017947e-03
7.144512191456187100e-02 2.811184729179193598e-01 3.659427028513489565e-03
6.310701816308671164e-02 3.057758170190760794e-01 2.803535766624035315e-03
5.535074858938442144e-02 3.308749588216616799e-01 2.419916984926651343e-03
4.858361171946714435e-02 3.553458836143503774e-01 1.963169161745513102e-03
4.412973988680284759e-02 3.797183506574301481e-01 2.130710068848956119e-03
3.906999450120725303e-02 4.042043120935024936e-01 1.137029483462298094e-03
3.567734052030865910e-02 4.287407985369371399e-01 9.408870526382934153e-04
3.263705381569032699e-02 4.533371424922238990e-01 8.779460247880166912e-04
2.956999746414483085e-02 4.779959634912051558e-01 1.157070424558465918e-03
2.710454800113125395e-02 5.026629933946460405e-01 8.281707271042732009e-04
2.529639987277152932e-02 5.271487506500315279e-01 9.259897219905252001e-04
2.353774723444140154e-02 5.515427964227138657e-01 6.581614522457548315e-04
2.206254572768777053e-02 5.762240530263548210e-01 5.461511274786680662e-04
2.072245124598165802e-02 6.007285446297923048e-01 5.303060012849741085e-04
1.933920176874488056e-02 6.252568531449649303e-01 7.230502772420525958e-04
1.859996961961045414e-02 6.499965502683907603e-01 7.002080876416472100e-04
1.777059376852103620e-02 6.746857991314229031e-01 5.692628614690333280e-04
1.720974235350537090e-02 6.991270364754236244e-01 4.529679745085873530e-04
1.677259498938168253e-02 7.235756604093172006e-01 4.068220860792355251e-04
1.666263611897865829e-02 7.479714013051395050e-01 5.191960109854895167e-04
1.658970036303566292e-02 7.726132299420060967e-01 4.472893170936673699e-04
1.650460362539596035e-02 7.972349387995918413e-01 4.352939476853876378e-04
1.598283278237111818e-02 8.217736356692634248e-01 4.801795742472855311e-04
1.554496648051518180e-02 8.463200505719705724e-01 4.247659098472379323e-04
1.516133683176114355e-02 8.708218859006343626e-01 3.480032826347544085e-04
1.496743063488807819e-02 8.954790463233904818e-01 3.999007409729478922e-04
1.478504136625681184e-02 9.199626960429320155e-01 4.334525254375716768e-04
1.489464473491512383e-02 9.443606208269833546e-01 4.388814319262454361e-04
1.498259459823856991e-02 9.688687146412832130e-01 4.922288880241602188e-04
1.495347021595566823e-02 9.930926048855095445e-01 5.713236508084848942e-04
1.530696645242154118e-02 1.017620455362175491e+00 4.657464132780196175e-04
1.587613366695709433e-02 1.042409919186157552e+00 5.488820186280256568e-04
1.671840526869993251e-02 1.066789561870425063e+00 5.671427743379494181e-04
1.722126432256932196e-02 1.090909765172895618e+00 6.595960778822646886e-04
1.710690743585728535e-02 1.115651582439790346e+00 9.896903943029894488e-04
1.762145199421216724e-02 1.140641543091339027e+00 6.093530247282783223e-04
1.796987737076860894e-02 1.164692026865203012e+00 1.080213024938837460e-03
1.853330441659285441e-02 1.188605021497627590e+00 9.654960316401645960e-04
1.994198823190743153e-02 1.214006438167991364e+00 1.004182181025750978e-03
2.151237275803923391e-02 1.240498485730926914e+00 1.435348327397489897e-03
2.464037054738404259e-02 1.264816150349954427e+00 2.913212444398518078e-03
2.671741589997696578e-02 1.284554513240047102e+00 3.529173214572747189e-03
2.855396560035218870e-02 1.309527810458392949e+00 4.944597153923386418e-03
4.195882101860386876e-02 1.335814856768205550e+00 9.171872455964331580e-03
3.854319420723895107e-02 1.360349523175663267e+00 4.671611464299554178e-02
