2.620509071812978732e+02 7.669903939428205850e-04 1.770955268024724205e+01
3.123389315235931463e+02 9.245014912643925459e-04 2.110804660593052873e+01
3.616984884380190124e+02 1.082012588585964507e-03 2.444379416296883534e+01
4.101325592587724032e+02 1.239523685907536251e-03 2.771699683166073669e+01
4.576404659528343473e+02 1.397034783229108429e-03 3.092760879014055320e+01
5.042198636317794467e+02 1.554545880550680173e-03 3.407547156948502476e+01
5.498694850710497803e+02 1.712056977872252134e-03 3.716049952992172223e+01
5.945891348730790469e+02 1.869568075193824095e-03 4.018267946636945709e+01
6.383812385719652411e+02 2.027079172515396273e-03 4.314217529783294225e+01
6.812482181033100233e+02 2.184590269836968017e-03 4.603915070012839550e+01
7.231964037112338701e+02 2.342101367158539761e-03 4.887403347483429883e+01
7.642322143990206769e+02 2.499612464480111939e-03 5.164725742192499069e+01
8.043631344523247435e+02 2.657123561801683683e-03 5.435932833377680851e+01
8.435992703808417446e+02 2.814634659123255861e-03 5.701092921419155601e+01
8.819512397251507991e+02 2.972145756444827605e-03 5.960277760273527292e+01
9.194295212259690970e+02 3.129656853766399783e-03 6.213558165879865669e+01
9.560460633742259233e+02 3.287167951087971527e-03 6.461014886834630033e+01
9.918140213984887623e+02 3.444679048409543271e-03 6.702736826937402270e+01
1.026746587419884463e+03 3.602190145731115449e-03 6.938813139309837652e+01
1.060856588314073633e+03 3.759701243052687193e-03 7.169330508723483319e+01
1.094157505641593161e+03 3.917212340374259805e-03 7.394380044348352499e+01
1.126663378315458658e+03 4.074723437695831549e-03 7.614056621974913242e+01
1.158388627244834424e+03 4.232234535017403293e-03 7.828457698945820198e+01
1.189347317611182916e+03 4.389745632338975037e-03 8.037678328575236719e+01
1.219553040507875039e+03 4.547256729660546781e-03 8.241810360262435609e+01
1.249019579397274356e+03 4.704767826982118525e-03 8.440946943447529804e+01
1.277760869109961277e+03 4.862278924303691137e-03 8.635182250525832615e+01
1.305790924552116394e+03 5.019790021625262881e-03 8.824610995048236362e+01
1.333123772091348428e+03 5.177301118946834625e-03 9.009327968022617483e+01
1.359772963294705278e+03 5.334812216268406369e-03 9.189424751727061391e+01
1.385751392186140492e+03 5.492323313589978981e-03 9.364988484725176932e+01
1.411071902833523836e+03 5.649834410911550725e-03 9.536105967974481246e+01
1.435747305387366168e+03 5.807345508233122469e-03 9.702863773216972731e+01
1.459790344332108134e+03 5.964856605554694213e-03 9.865348028419555249e+01
1.483213671699066481e+03 6.122367702876265957e-03 1.002364423674553393e+02
1.506029824539108404e+03 6.279878800197838569e-03 1.017783712431365331e+02
1.528251078026689811e+03 6.437389897519410313e-03 1.032800964746663936e+02
1.549888837494758945e+03 6.594900994840982057e-03 1.047423888410774282e+02
1.570954161458757426e+03 6.752412092162553801e-03 1.061659956832732234e+02
1.591458027030952735e+03 6.909923189484126413e-03 1.075516588408835759e+02
1.611411315052883992e+03 7.067434286805698157e-03 1.089001136475066005e+02
1.630824797079172640e+03 7.224945384127269901e-03 1.102120880510667718e+02
1.649709124321545232e+03 7.382456481448841645e-03 1.114883018666459407e+02
1.668074818312768684e+03 7.539967578770413389e-03 1.127294661455463540e+02
1.685932263081233941e+03 7.697478676091986001e-03 1.139362826464445959e+02
1.703291636415250878e+03 7.854989773413558612e-03 1.151094391901926173e+02
1.720162268847593623e+03 8.012500870735128622e-03 1.162495663396207419e+02
1.736552955765029083e+03 8.170011968056702101e-03 1.173572584920807742e+02
1.752472419382683256e+03 8.327523065378272110e-03 1.184331050999426367e+02
1.767929308056269747e+03 8.485034162699845589e-03 1.194776906241141887e+02
1.782932188974996052e+03 8.642545260021415598e-03 1.204915940402234611e+02
1.797489541803648990e+03 8.800056357342989077e-03 1.214753884089474809e+02
1.811609753176147251e+03 8.957567454664562556e-03 1.224296405038829221e+02
1.825301111953295276e+03 9.115078551986132566e-03 1.233549104910625971e+02
1.838571805166514423e+03 9.272589649307706045e-03 1.242517516548304570e+02
1.851429914577780437e+03 9.430100746629276054e-03 1.251207101653601228e+02
1.863883404666371007e+03 9.587611843950849533e-03 1.259623242667920948e+02
1.875939633455215244e+03 9.745122941272419542e-03 1.267770912185944781e+02
1.887605148914780557e+03 9.902634038593993021e-03 1.275654535364188007e+02
1.898886411543548775e+03 1.006014513591556303e-02 1.283278478245089218e+02
1.909789852132110582e+03 1.021765623323713651e-02 1.290647086794324707e+02
1.920321866200089971e+03 1.037516733055870999e-02 1.297764683141241449e+02
1.930488808978563611e+03 1.053267842788028000e-02 1.304635562187955315e+02
1.940296990892529493e+03 1.069018952520185348e-02 1.311263988556373477e+02
1.949752673501688605e+03 1.084770062252342349e-02 1.317654193844949475e+02
1.958862065861624160e+03 1.100521171984499696e-02 1.323810374169549675e+02
1.967631321270888066e+03 1.116272281716656697e-02 1.329736687965114470e+02
1.976066534372232809e+03 1.132023391448814045e-02 1.335437254026656433e+02
1.984173738579165956e+03 1.147774501180971046e-02 1.340916149770102948e+02
1.991958903801296174e+03 1.163525610913128394e-02 1.346177409695081906e+02
1.999427919405051171e+03 1.179276720645285742e-02 1.351225013869670022e+02
2.006586076760218475e+03 1.195027830377442743e-02 1.356062538232337147e+02
2.013437978004802062e+03 1.210778940109600091e-02 1.360693092934704111e+02
2.019988190309812353e+03 1.226530049841757092e-02 1.365119764497498807e+02
2.026241284587952123e+03 1.242281159573914440e-02 1.369345641970101326e+02
2.032201830952661567e+03 1.258032269306071441e-02 1.373373813861750534e+02
2.037874394513037714e+03 1.273783379038228789e-02 1.377207365299717310e+02
2.043263531481769178e+03 1.289534488770385789e-02 1.380849375399029668e+02
2.048373785574892281e+03 1.305285598502543137e-02 1.384302914829404187e+02
2.053209684683880369e+03 1.321036708234700485e-02 1.387571043566227331e+02
2.057775737801809100e+03 1.336787817966857486e-02 1.390656808813237717e+02
2.062076432187091541e+03 1.352538927699014834e-02 1.393563243085763190e+02
2.066116230748791622e+03 1.368290037431171835e-02 1.396293362443698527e+02
2.069899569639433594e+03 1.384041147163329183e-02 1.398850164864714145e+02
2.073430856041581592e+03 1.399792256895486184e-02 1.401236628748413011e+02
2.076714466135777911e+03 1.415543366627643532e-02 1.403455711543052189e+02
2.079754743238157516e+03 1.431294476359800533e-02 1.405510348486930923e+02
2.082555992966327722e+03 1.447045586091957881e-02 1.407403449341462078e+02
2.085122192346255360e+03 1.462796695824115228e-02 1.409137701803919924e+02
2.087456776809987332e+03 1.478547805556272229e-02 1.410715427559256909e+02
2.089563136710440631e+03 1.494298915288429577e-02 1.412138917827689113e+02
2.091444671438859132e+03 1.510050025020586578e-02 1.413410469937585106e+02
2.093104786292987683e+03 1.525801134752743926e-02 1.414532385208960363e+02
2.094546889536788058e+03 1.541552244484900927e-02 1.415506966966418929e+02
2.095774389641013840e+03 1.557303354217058275e-02 1.416336518674315244e+02
2.096790692694347854e+03 1.573054463949215276e-02 1.417023342187185051e+02
2.097599199975591546e+03 1.588805573681372624e-02 1.417569736109021790e+02
2.098203305677997378e+03 1.604556683413529972e-02 1.417977994255359135e+02
2.098606394777240894e+03 1.620307793145686973e-02 1.418250404212441538e+02
2.098811841035394082e+03 1.636058902877844320e-02 1.418389245988296068e+02
2.098823005133264815e+03 1.651810012610001321e-02 1.418396790750551872e+02
2.098643232924283438e+03 1.667561122342158669e-02 1.418275299646413714e+02
2.098275853803365408e+03 1.683312232074316017e-02 1.418027022700323130e+02
2.097724179184614968e+03 1.699063341806473018e-02 1.417654197785187762e+02
2.096991501082027298e+03 1.714814451538630366e-02 1.417159049663205792e+02
2.096081090787694393e+03 1.730565561270787367e-02 1.416543789092595205e+02
2.094996197642427433e+03 1.746316671002944715e-02 1.415810611996770660e+02
2.093740047893810242e+03 1.762067780735101716e-02 1.414961698692607968e+02
2.092315843510835293e+03 1.777818890467259064e-02 1.413999213089370244e+02
2.090726732660793459e+03 1.793570000199416065e-02 1.412925282736817962e+02
2.088975774850056496e+03 1.809321109931573412e-02 1.411741975267149201e+02
2.087065999068122437e+03 1.825072219663730760e-02 1.410451337689076468e+02
2.085000412054434037e+03 1.840823329395887761e-02 1.409055401974598851e+02
2.082781997387670799e+03 1.856574439128045109e-02 1.407556184443537859e+02
2.080413714641999832e+03 1.872325548860202110e-02 1.405955685193322893e+02
2.077898498606978592e+03 1.888076658592359458e-02 1.404255887571801793e+02
2.075239258567702564e+03 1.903827768324516459e-02 1.402458757690759512e+02
2.072438877642271564e+03 1.919578878056673807e-02 1.400566243978171883e+02
2.069500212173648379e+03 1.935329987788830808e-02 1.398580276767220028e+02
2.066426091173037548e+03 1.951081097520988156e-02 1.396502767920127326e+02
2.063219315812289096e+03 1.966832207253145504e-02 1.394335610485117911e+02
2.059882658962776077e+03 1.982583316985302505e-02 1.392080678384789110e+02
2.056418864778314855e+03 1.998334426717459852e-02 1.389739826134244538e+02
2.052830648319975353e+03 2.014085536449616853e-02 1.387314888587543749e+02
2.049120695220603011e+03 2.029836646181774201e-02 1.384807680710979412e+02
2.045291661386921760e+03 2.045587755913931202e-02 1.382219997381758674e+02
2.041346172737433790e+03 2.061338865646088550e-02 1.379553613210873095e+02
2.037286824974108640e+03 2.077089975378245551e-02 1.376810282388808844e+02
2.033116183386215653e+03 2.092841085110402899e-02 1.373991738552968798e+02
2.028836782684549462e+03 2.108592194842560247e-02 1.371099694675645537e+02
2.024451126864485559e+03 2.124343304574717248e-02 1.368135842971475427e+02
2.019961689096350256e+03 2.140094414306874596e-02 1.365101854823345775e+02
2.015370911641612565e+03 2.155845524039031597e-02 1.361999380725756623e+02
2.010681205793574463e+03 2.171596633771188944e-02 1.358830050244743006e+02
2.005894954152331820e+03 2.187347743503345945e-02 1.355595473555303840e+02
2.001014761230203248e+03 2.203098853235503293e-02 1.352297410802007391e+02
1.996043660442702731e+03 2.218849962967660294e-02 1.348937911984697848e+02
1.990984668593507877e+03 2.234601072699817642e-02 1.345519015876841138e+02
1.985840732431344350e+03 2.250352182431974990e-02 1.342042713908359417e+02
1.980614730096134053e+03 2.266103292164131991e-02 1.338510951142948500e+02
1.975309472541939840e+03 2.281854401896289339e-02 1.334925627239709058e+02
1.969927704936790860e+03 2.297605511628446340e-02 1.331288597399156117e+02
1.964472108039254408e+03 2.313356621360603688e-02 1.327601673293517308e+02
1.958945299551732433e+03 2.329107731092760689e-02 1.323866623981297721e+02
1.953349835450507726e+03 2.344858840824918036e-02 1.320085176806130391e+02
1.947688211292572078e+03 2.360609950557075037e-02 1.316259018279941699e+02
1.941962863499335981e+03 2.376361060289232385e-02 1.312389794950487385e+02
1.936176170617307889e+03 2.392112170021389733e-02 1.308479114253329385e+02
1.930330454555841470e+03 2.407863279753546734e-02 1.304528545348307489e+02
1.924427981802219392e+03 2.423614389485704082e-02 1.300539619940708178e+02
1.918470964614055674e+03 2.439365499217861083e-02 1.296513833087089722e+02
1.912461562189373353e+03 2.455116608950018431e-02 1.292452643986031262e+02
1.906401881814504350e+03 2.470867718682175432e-02 1.288357476753888591e+02
1.900293979990014577e+03 2.486618828414332780e-02 1.284229721185702147e+02
1.894139863534906908e+03 2.502369938146489781e-02 1.280070733501424343e+02
1.887941490669341192e+03 2.518121047878647129e-02 1.275881837077623402e+02
1.881700772076174417e+03 2.533872157610804476e-02 1.271664323164884962e+02
1.875419571941476079e+03 2.549623267342961477e-02 1.267419451590993873e+02
1.869099708974444866e+03 2.565374377075118825e-02 1.263148451450202856e+02
1.862742957406870801e+03 2.581125486807275826e-02 1.258852521778670877e+02
1.856351047972470951e+03 2.596876596539433174e-02 1.254532832216308549e+02
1.849925668866503884e+03 2.612627706271590175e-02 1.250190523655286512e+02
1.843468466685724025e+03 2.628378816003747523e-02 1.245826708875267315e+02
1.836981047349189339e+03 2.644129925735904524e-02 1.241442473165686806e+02
1.830464977000181761e+03 2.659881035468061872e-02 1.237038874935282280e+02
1.823921782889374072e+03 2.675632145200219220e-02 1.232616946308938424e+02
1.817352961387243340e+03 2.691383254932376221e-02 1.228177698542525036e+02
1.810760336312360096e+03 2.707134364664533568e-02 1.223722364183235669e+02
1.804146204643439887e+03 2.722885474396690569e-02 1.219252495542644112e+02
1.797512825663229250e+03 2.738636584128847917e-02 1.214769619457166243e+02
1.790862379761672628e+03 2.754387693861004918e-02 1.210275209447004841e+02
1.784196970740342294e+03 2.770138803593162266e-02 1.205770687273494985e+02
1.777518628059996900e+03 2.785889913325319267e-02 1.201257424458018477e+02
1.770829309032027140e+03 2.801641023057476615e-02 1.196736743762994593e+02
1.764130900954597337e+03 2.817392132789633963e-02 1.192209920635495450e+02
1.757425223194310320e+03 2.833143242521790964e-02 1.187678184614050849e+02
1.750714029214315360e+03 2.848894352253948312e-02 1.183142720699253232e+02
1.743999008549737027e+03 2.864645461986105313e-02 1.178604670688763321e+02
1.737281788731358574e+03 2.880396571718262660e-02 1.174065134477348096e+02
1.730563937158512090e+03 2.896147681450419661e-02 1.169525171322589898e+02
1.723846962922112880e+03 2.911898791182577009e-02 1.164985801076904153e+02
1.717132318578872628e+03 2.927649900914734010e-02 1.160448005386562045e+02
1.710421401877541712e+03 2.943401010646891358e-02 1.155912728858298379e+02
1.703715557438327551e+03 2.959152120379048706e-02 1.151380880194265757e+02
1.697016078386347317e+03 2.974903230111205707e-02 1.146853333295938455e+02
1.690324207940181850e+03 2.990654339843363055e-02 1.142330928337661788e+02
1.683641140956452546e+03 3.006405449575520056e-02 1.137814472810488269e+02
1.676968025431460319e+03 3.022156559307677404e-02 1.133304742536993928e+02
1.670305963960825693e+03 3.037907669039834405e-02 1.128802482657709021e+02
1.663656015158131140e+03 3.053658778771991752e-02 1.124308408589849080e+02
1.657019195033495635e+03 3.069409888504148753e-02 1.119823206958959929e+02
1.650396478333068217e+03 3.085160998236306101e-02 1.115347536504156949e+02
1.643788799840345064e+03 3.100912107968463102e-02 1.110882028957561687e+02
1.637197055640294820e+03 3.116663217700620450e-02 1.106427289898607000e+02
1.630622104347143249e+03 3.132414327432777451e-02 1.101983899583778879e+02
1.624064768296803777e+03 3.148165437164934799e-02 1.097552413752469249e+02
1.617525834704781346e+03 3.163916546897092147e-02 1.093133364409493993e+02
1.611006056790447929e+03 3.179667656629248801e-02 1.088727260584884249e+02
1.604506154868587373e+03 3.195418766361406149e-02 1.084334589071559094e+02
1.598026817409014711e+03 3.211169876093563497e-02 1.079955815141422875e+02
1.591568702065122352e+03 3.226920985825720151e-02 1.075591383240462022e+02
1.585132436672183303e+03 3.242672095557877499e-02 1.071241717663405382e+02
1.578718620216201998e+03 3.258423205290034846e-02 1.066907223208476552e+02
1.572327823774103081e+03 3.274174315022192194e-02 1.062588285812782374e+02
1.565960591426013252e+03 3.289925424754349542e-02 1.058285273168836085e+02
1.559617441221166246e+03 3.305676534486506196e-02 1.053998535377322270e+02
1.553298953785400045e+03 3.321427644218663544e-02 1.049728464828557861e+02
1.547005934206802294e+03 3.337178753950820892e-02 1.045475605605753913e+02
1.540739194217946533e+03 3.352929863682978240e-02 1.041240506282503873e+02
1.534499506263548938e+03 3.368680973415134894e-02 1.037023688881438517e+02
1.528287604823772199e+03 3.384432083147292242e-02 1.032825649768522283e+02
1.522104187698826081e+03 3.400183192879449590e-02 1.028646860521194526e+02
1.515949917255954915e+03 3.415934302611606938e-02 1.024487768771089691e+02
1.509825421639539400e+03 3.431685412343764285e-02 1.020348799021833628e+02
1.503731295945406373e+03 3.447436522075920939e-02 1.016230353442645793e+02
1.497668103360091436e+03 3.463187631808078287e-02 1.012132812638262038e+02
1.491636376265985518e+03 3.478938741540235635e-02 1.008056536395797451e+02
1.485636617313280112e+03 3.494689851272392983e-02 1.004001864409174090e+02
1.479669300459436499e+03 3.510440961004549637e-02 9.999691169816001945e+01
1.473734871977199646e+03 3.526192070736706985e-02 9.959585957067922379e+01
1.467833751431824339e+03 3.541943180468864333e-02 9.919705841293887261e+01
1.461966332628412147e+03 3.557694290201021681e-02 9.880053483851671103e+01
1.456132984530122030e+03 3.573445399933179029e-02 9.840631378215752534e+01
1.450334052148092724e+03 3.589196509665335683e-02 9.801441855991475904e+01
1.444569857403747392e+03 3.604947619397493030e-02 9.762487092742530592e+01
1.438840699964358691e+03 3.620698729129650378e-02 9.723769113637770545e+01
1.433146858052485641e+03 3.636449838861807726e-02 9.685289798921428428e+01
1.427488589230134721e+03 3.652200948593964380e-02 9.647050889212526670e+01
1.421866131158221151e+03 3.667952058326121728e-02 9.609053990637339382e+01
1.416279702332136821e+03 3.683703168058279076e-02 9.571300579800434605e+01
1.410729502794027667e+03 3.699454277790436424e-02 9.533792008598268808e+01
1.405215714822485097e+03 3.715205387522593772e-02 9.496529508880148285e+01
1.399738503600279273e+03 3.730956497254750426e-02 9.459514196960856225e+01
1.394298017860746086e+03 3.746707606986907774e-02 9.422747077988917397e+01
1.388894390513510189e+03 3.762458716719065122e-02 9.386229050175303712e+01
1.383527739250044760e+03 3.778209826451222469e-02 9.349960908885827848e+01
1.378198167129773992e+03 3.793960936183379123e-02 9.313943350602080784e+01
1.372905763147187599e+03 3.809712045915536471e-02 9.278176976753996996e+01
1.367650602780576037e+03 3.825463155647693819e-02 9.242662297428243789e+01
1.362432748522912107e+03 3.841214265379851167e-02 9.207399734955976101e+01
1.357252250395468764e+03 3.856965375112008515e-02 9.172389627383857658e+01
1.352109146444553971e+03 3.872716484844165169e-02 9.137632231831058505e+01
1.347003463222022674e+03 3.888467594576322517e-02 9.103127727736544728e+01
1.341935216249956056e+03 3.904218704308479865e-02 9.068876219999457078e+01
1.336904410469987852e+03 3.919969814040637213e-02 9.034877742015633828e+01
1.331911040677827259e+03 3.935720923772793867e-02 9.001132258614178738e+01
1.326955091943275875e+03 3.951472033504951215e-02 8.967639668895948546e+01
1.322036540016367098e+03 3.967223143237108562e-02 8.934399808978245972e+01
1.317155351719896771e+03 3.982974252969265910e-02 8.901412454647609707e+01
1.312311485328807748e+03 3.998725362701423258e-02 8.868677323923668609e+01
1.307504890936912489e+03 4.014476472433579912e-02 8.836194079537511925e+01
1.302735510811194217e+03 4.030227582165737260e-02 8.803962331326046353e+01
1.298003279734211446e+03 4.045978691897894608e-02 8.771981638546020577e+01
1.293308125334898705e+03 4.061729801630051956e-02 8.740251512109553289e+01
1.288649962587764094e+03 4.077480911362208610e-02 8.708771377409442493e+01
1.284028660903988111e+03 4.093232021094365958e-02 8.677540351918835881e+01
1.279444068929970854e+03 4.108983130826523306e-02 8.646557412781316998e+01
1.274896031537713043e+03 4.124734240558680654e-02 8.615821511632844931e+01
1.270384390086185022e+03 4.140485350290838001e-02 8.585331576368113815e+01
1.265908982619984272e+03 4.156236460022994655e-02 8.555086512483090644e+01
1.261469644060831797e+03 4.171987569755152003e-02 8.525085204369176495e+01
1.257066206392026743e+03 4.187738679487309351e-02 8.495326516559740071e+01
1.252698498836195995e+03 4.203489789219466699e-02 8.465809294931355566e+01
1.248366348026443120e+03 4.219240898951623353e-02 8.436532367860456816e+01
1.244069578171245212e+03 4.234992008683780701e-02 8.407494547337712731e+01
1.239808011213200871e+03 4.250743118415938049e-02 8.378694630040851621e+01
1.235581466981893982e+03 4.266494228148095397e-02 8.350131398367726376e+01
1.231389763341046773e+03 4.282245337880252745e-02 8.321803621430778719e+01
1.227232716330145649e+03 4.297996447612409399e-02 8.293710056014160159e+01
1.223110140300745798e+03 4.313747557344566746e-02 8.265849447494886704e+01
1.219021848047623280e+03 4.329498667076724094e-02 8.238220530729174129e+01
1.214967650934923995e+03 4.345249776808881442e-02 8.210822030904941471e+01
1.210947359017542112e+03 4.361000886541038096e-02 8.183652664362136875e+01
1.206960781157792098e+03 4.376751996273195444e-02 8.156711139381148712e+01
1.203007725137628540e+03 4.392503106005352792e-02 8.129996156941261631e+01
1.199087997766491753e+03 4.408254215737510140e-02 8.103506411449431823e+01
1.195201404984992678e+03 4.424005325469667488e-02 8.077240591441028528e+01
1.191347751964497547e+03 4.439756435201824142e-02 8.051197380252814639e+01
1.187526843202815144e+03 4.455507544933981490e-02 8.025375456669615915e+01
1.183738482616121019e+03 4.471258654666138838e-02 7.999773495545544222e+01
1.179982473627183026e+03 4.487009764398296185e-02 7.974390168400235268e+01
1.176258619250082575e+03 4.502760874130452839e-02 7.949224143991398250e+01
1.172566722171524816e+03 4.518511983862610187e-02 7.924274088864309817e+01
1.168906584828831001e+03 4.534263093594767535e-02 7.899538667878901776e+01
1.165278009484772838e+03 4.550014203326924883e-02 7.875016544715489886e+01
1.161680798299335720e+03 4.565765313059082231e-02 7.850706382359740587e+01
1.158114753398471976e+03 4.581516422791238885e-02 7.826606843567350325e+01
1.154579676940052423e+03 4.597267532523396233e-02 7.802716591309693683e+01
1.151075371176985527e+03 4.613018642255553581e-02 7.779034289200438934e+01
1.147601638517726542e+03 4.628769751987710929e-02 7.755558601904428428e+01
1.144158281584148199e+03 4.644520861719867583e-02 7.732288195528802532e+01
1.140745103266973501e+03 4.660271971452024931e-02 7.709221737997606283e+01
1.137361906778772891e+03 4.676023081184182278e-02 7.686357899409952665e+01
1.134008495704645611e+03 4.691774190916339626e-02 7.663695352382518422e+01
1.130684674050675312e+03 4.707525300648496974e-02 7.641232772377021831e+01
1.127390246290208779e+03 4.723276410380653628e-02 7.618968838012968092e+01
1.124125017408054646e+03 4.739027520112810976e-02 7.596902231366351543e+01
1.120888792942695773e+03 4.754778629844968324e-02 7.575031638254947097e+01
1.117681379026497780e+03 4.770529739577125672e-02 7.553355748509993361e+01
1.114502582424111097e+03 4.786280849309282326e-02 7.531873256235768110e+01
1.111352210569030831e+03 4.802031959041439674e-02 7.510582860056636889e+01
1.108230071598417453e+03 4.817783068773597022e-02 7.489483263352363451e+01
1.105135974386239241e+03 4.833534178505754370e-02 7.468573174482126831e+01
1.102069728574804003e+03 4.849285288237911717e-02 7.447851306997563370e+01
1.099031144604707833e+03 4.865036397970068371e-02 7.427316379845206029e+01
1.096020033743284557e+03 4.880787507702225719e-02 7.406967117558720304e+01
1.093036208111602946e+03 4.896538617434383067e-02 7.386802250441363071e+01
1.090079480710073085e+03 4.912289727166540415e-02 7.366820514739035275e+01
1.087149665442682817e+03 4.928040836898697069e-02 7.347020652804062024e+01
1.084246577139929059e+03 4.943791946630854417e-02 7.327401413250176176e+01
1.081370031580526074e+03 4.959543056363011765e-02 7.307961551099218411e+01
1.078519845511883432e+03 4.975294166095169113e-02 7.288699827919525376e+01
1.075695836669397067e+03 4.991045275827326461e-02 7.269615011956310013e+01
1.072897821665225138e+03 5.006796385559483115e-02 7.250705863863863954e+01
1.070125549463352399e+03 5.022547495291640463e-02 7.231970687126205632e+01
1.067378690510414799e+03 5.038298605023797810e-02 7.213407254602542196e+01
1.064656915891978542e+03 5.054049714755955158e-02 7.195013343469992151e+01
1.061959902127202668e+03 5.069800824488111812e-02 7.176786767626239794e+01
1.059287331059673306e+03 5.085551934220269160e-02 7.158725376951726105e+01
1.056638889750804765e+03 5.101303043952426508e-02 7.140827056589301947e+01
1.054014270375698970e+03 5.117054153684583856e-02 7.123089726240401376e+01
1.051413170121547410e+03 5.132805263416741204e-02 7.105511339478461252e+01
1.048835291088304302e+03 5.148556373148897858e-02 7.088089883077650200e+01
1.046280340191710366e+03 5.164307482881055206e-02 7.070823376357498091e+01
1.043748029068579854e+03 5.180058592613212554e-02 7.053709870542833471e+01
1.041238073984263337e+03 5.195809702345369901e-02 7.036747448138395100e+01
1.038750195742224605e+03 5.211560812077526555e-02 7.019934222317753836e+01
1.036284119595720767e+03 5.227311921809683903e-02 7.003268336326448207e+01
1.033839575161482799e+03 5.243063031541841251e-02 6.986747962898628828e+01
1.031416296309379277e+03 5.258814141273998599e-02 6.970371303511387850e+01
1.029014013917776538e+03 5.274565251006155947e-02 6.954136539425077501e+01
1.026632446314889648e+03 5.290316360738312601e-02 6.938041767085398703e+01
1.024271314094798754e+03 5.306067470470469949e-02 6.922085098250897772e+01
1.021930342505225326e+03 5.321818580202627297e-02 6.906264676129696056e+01
1.019609261354169575e+03 5.337569689934784645e-02 6.890578674748557830e+01
1.017307804918748957e+03 5.353320799666941299e-02 6.875025298336782953e+01
1.015025711856166026e+03 5.369071909399098647e-02 6.859602780724556226e+01
1.012762725116780530e+03 5.384823019131255994e-02 6.844309384755455028e+01
1.010518591859158278e+03 5.400574128863413342e-02 6.829143401712374839e+01
1.008293063367147170e+03 5.416325238595570690e-02 6.814103150757094340e+01
1.006085894968838147e+03 5.432076348327727344e-02 6.799186978382620339e+01
1.003896845957396749e+03 5.447827458059884692e-02 6.784393257878174666e+01
1.001725679513721616e+03 5.463578567792042040e-02 6.769720388806499045e+01
9.995721626308646819e+02 5.479329677524199388e-02 6.755166796493089976e+01
9.974360660401913492e+02 5.495080787256356042e-02 6.740730931527183145e+01
9.953171641391971889e+02 5.510831896988513390e-02 6.726411269273936000e+01
9.932152349068189778e+02 5.526583006720670738e-02 6.712206309302094098e+01
9.911300390579762052e+02 5.542334116452828086e-02 6.698114434509167836e+01
9.890612792106339839e+02 5.558085226184985433e-02 6.684133635170074683e+01
9.870086519157832754e+02 5.573836335917142087e-02 6.670261860558770195e+01
9.849718593730984821e+02 5.589587445649299435e-02 6.656497098123337253e+01
9.829506093117500996e+02 5.605338555381456783e-02 6.642837372680507713e+01
9.809446148742084688e+02 5.621089665113614131e-02 6.629280745630425997e+01
9.789535945029525692e+02 5.636840774845770785e-02 6.615825314190989559e+01
9.769772718300191627e+02 5.652591884577928133e-02 6.602469210651429421e+01
9.750153755692639379e+02 5.668342994310085481e-02 6.589210601644221299e+01
9.730676394113228298e+02 5.684094104042242829e-02 6.576047687435180933e+01
9.711338019211432311e+02 5.699845213774400177e-02 6.562978701231031664e+01
9.692136064380235894e+02 5.715596323506556831e-02 6.550001908503823245e+01
9.673068009781117098e+02 5.731347433238714179e-02 6.537115606332038453e+01
9.654131381392710409e+02 5.747098542970871526e-02 6.524318122757645710e+01
9.635323750082467313e+02 5.762849652703028874e-02 6.511607816158743844e+01
9.616642730700749553e+02 5.778600762435185528e-02 6.498983074637341417e+01
9.598085981197001502e+02 5.794351872167342876e-02 6.486442315422056026e+01
9.579651201393796782e+02 5.810102981899500224e-02 6.473983984039610107e+01
9.561335931125802290e+02 5.825854091631657572e-02 6.461606417895957577e+01
9.543137222651674847e+02 5.841605201363814920e-02 6.449307624890366242e+01
9.525052098121914241e+02 5.857356311095971574e-02 6.437085592574827331e+01
9.507077637665331622e+02 5.873107420828128922e-02 6.424938347683411166e+01
9.489210978209171117e+02 5.888858530560286270e-02 6.412863955334904631e+01
9.471449312329170880e+02 5.904609640292443618e-02 6.400860518255666420e+01
9.453789887128288001e+02 5.920360750024600272e-02 6.388926176021868031e+01
9.436230003143966769e+02 5.936111859756757619e-02 6.377059104321013905e+01
9.418767013282307516e+02 5.951862969488914967e-02 6.365257514231662839e+01
9.401398321779294065e+02 5.967614079221072315e-02 6.353519651521393286e+01
9.384121383187006131e+02 5.983365188953229663e-02 6.341843795961699470e+01
9.366933701385622726e+02 5.999116298685386317e-02 6.330228260660295092e+01
9.349832828618850726e+02 6.014867408417543665e-02 6.318671391409244364e+01
9.332816364553552830e+02 6.030618518149701013e-02 6.307171566049453304e+01
9.315881955361890050e+02 6.046369627881858361e-02 6.295727193850385817e+01
9.299027292825605855e+02 6.062120737614015015e-02 6.284336714904721788e+01
9.282250113462006311e+02 6.077871847346172363e-02 6.272998599537692854e+01
9.265548197670814261e+02 6.093622957078329710e-02 6.261711347730526001e+01
9.248919366664358677e+02 6.109374066810487058e-02 6.250473487045846355e+01
9.232361240018083208e+02 6.125125176542643712e-02 6.239283408778895534e+01
9.215871026138373736e+02 6.140876286274801060e-02 6.228139226354474545e+01
9.199445939227197186e+02 6.156627396006958408e-02 6.217039057114083533e+01
9.183083249949680749e+02 6.172378505739115756e-02 6.205981056557335052e+01
9.166780284378588703e+02 6.188129615471273104e-02 6.194963417628661517e+01
9.150534422965506565e+02 6.203880725203429758e-02 6.183984370022009358e+01
9.134343099537101125e+02 6.219631834935587106e-02 6.173042179502520099e+01
9.118203800316306342e+02 6.235382944667744454e-02 6.162135147245037103e+01
9.102114062967461905e+02 6.251134054399902495e-02 6.151261609188801316e+01
9.086071475664756463e+02 6.266885164132059149e-02 6.140419935407906138e+01
9.070073676183103544e+02 6.282636273864215803e-02 6.129608529496901070e+01
9.054118351010774859e+02 6.298387383596373845e-02 6.118825827971110698e+01
9.038203234483554525e+02 6.314138493328530499e-02 6.108070299681485693e+01
9.022326107938984023e+02 6.329889603060687153e-02 6.097340445243030160e+01
9.006484798891032142e+02 6.345640712792845195e-02 6.086634796477056142e+01
8.990677180223686946e+02 6.361391822525001849e-02 6.075951915866193076e+01
8.974901169403551648e+02 6.377142932257158503e-02 6.065290396022264474e+01
8.959154727710515544e+02 6.392894041989316545e-02 6.054648859166359642e+01
8.943435859486221489e+02 6.408645151721473199e-02 6.044025956620961892e+01
8.927742604812415266e+02 6.424396261453631241e-02 6.033420363861918645e+01
8.912072813324352865e+02 6.440147371185787895e-02 6.022830627660229652e+01
8.896424093059885081e+02 6.455898480917944549e-02 6.012255131513968109e+01
8.880794085639582818e+02 6.471649590650102590e-02 6.001692281616598734e+01
8.865180483734379777e+02 6.487400700382259244e-02 5.991140518661728009e+01
8.849581030223866946e+02 6.503151810114417286e-02 5.980598317274256459e+01
8.833993517374377689e+02 6.518902919846573940e-02 5.970064185454936023e+01
8.818415786036011923e+02 6.534654029578730594e-02 5.959536664037706544e+01
8.802845724858107133e+02 6.550405139310888636e-02 5.949014326159517196e+01
8.787281269522758294e+02 6.566156249043045290e-02 5.938495776742320942e+01
8.771720401995310112e+02 6.581907358775203332e-02 5.927979651986568399e+01
8.756161149792068272e+02 6.597658468507359986e-02 5.917464618876305593e+01
8.740601585263686957e+02 6.613409578239516640e-02 5.906949374694897870e+01
8.725039824894943195e+02 6.629160687971674681e-02 5.896432646551805590e+01
8.709474028619283672e+02 6.644911797703831335e-02 5.885913190919351479e+01
8.693902399148215636e+02 6.660662907435987989e-02 5.875389793179522968e+01
8.678323181315322472e+02 6.676414017168146031e-02 5.864861267180649662e+01
8.662734661433836436e+02 6.692165126900302685e-02 5.854326454803249646e+01
8.647135166667742396e+02 6.707916236632460727e-02 5.843784225535015509e+01
8.631523064416072657e+02 6.723667346364617381e-02 5.833233476054722644e+01
8.615896761709624343e+02 6.739418456096774035e-02 5.822673129824519833e+01
8.600254697261667616e+02 6.755169565828932077e-02 5.812102131717755782e+01
8.584595217172543471e+02 6.770920675561088731e-02 5.801519364019425495e+01
8.568916595552857416e+02 6.786671785293246772e-02 5.790923660363441172e+01
8.553217145445875076e+02 6.802422895025403426e-02 5.780313880694631479e+01
8.537495221982778730e+02 6.818174004757560080e-02 5.769688913401087405e+01
8.521749221777056391e+02 6.833925114489718122e-02 5.759047674904876857e+01
8.505977582330343694e+02 6.849676224221874776e-02 5.748389109260522645e+01
8.490178781450235874e+02 6.865427333954032818e-02 5.737712187761547256e+01
8.474351336679419546e+02 6.881178443686189472e-02 5.727015908554679413e+01
8.458493804735559252e+02 6.896929553418346126e-02 5.716299296261319540e+01
8.442604780962000177e+02 6.912680663150504168e-02 5.705561401606338023e+01
8.426682898788519651e+02 6.928431772882660822e-02 5.694801301053625764e+01
8.410726829202160388e+02 6.944182882614817476e-02 5.684018096448507151e+01
8.394735280227515659e+02 6.959933992346975518e-02 5.673210914666483973e+01
8.378706996416538004e+02 6.975685102079132172e-02 5.662378907268467998e+01
8.362640758347243946e+02 6.991436211811290213e-02 5.651521250161992782e+01
8.346535382131190772e+02 7.007187321543446867e-02 5.640637143268362763e+01
8.330389718929289984e+02 7.022938431275603521e-02 5.629725810195441227e+01
8.314202654476125645e+02 7.038689541007761563e-02 5.618786497916184430e+01
8.297973108611997759e+02 7.054440650739918217e-02 5.607818476452386136e+01
8.281700034822573571e+02 7.070191760472076259e-02 5.596821038563572870e+01
8.265382419786260471e+02 7.085942870204232913e-02 5.585793499441121668e+01
8.249019286324187306e+02 7.101693979936389567e-02 5.574735198701868200e+01
8.232609734863871154e+02 7.117445089668547609e-02 5.563645528409497842e+01
8.216152928961942052e+02 7.133196199400704263e-02 5.552523923290718955e+01
8.199648062615602839e+02 7.148947309132862304e-02 5.541369838644151713e+01
8.183094359152049719e+02 7.164698418865018958e-02 5.530182749589805269e+01
8.166491070835105575e+02 7.180449528597175612e-02 5.518962150803218236e+01
8.149837478477352306e+02 7.196200638329333654e-02 5.507707556253352266e+01
8.133132891057973666e+02 7.211951748061490308e-02 5.496418498944323261e+01
8.116376645345582119e+02 7.227702857793646962e-02 5.485094530660502699e+01
8.099568105526390127e+02 7.243453967525805004e-02 5.473735221715232768e+01
8.082706662837181284e+02 7.259205077257961658e-02 5.462340160702796510e+01
8.065791735203241615e+02 7.274956186990119700e-02 5.450908954253716843e+01
8.048822766880966810e+02 7.290707296722276354e-02 5.439441226793231721e+01
8.031799228104860049e+02 7.306458406454433008e-02 5.427936620302742909e+01
8.014720614739201210e+02 7.322209516186591050e-02 5.416394794084393993e+01
7.997586447933863383e+02 7.337960625918747704e-02 5.404815424528487000e+01
7.980396273784392633e+02 7.353711735650905745e-02 5.393198204883753988e+01
7.963149662996027018e+02 7.369462845383062399e-02 5.381542845030295297e+01
7.945846210551833337e+02 7.385213955115219053e-02 5.369849071255319473e+01
7.928485535384579634e+02 7.400965064847377095e-02 5.358116626031367247e+01
7.911067280052342312e+02 7.416716174579533749e-02 5.346345267797113365e+01
7.893591110417794425e+02 7.432467284311691791e-02 5.334534770740604870e+01
7.876056715331114901e+02 7.448218394043848445e-02 5.322684924584989830e+01
7.858463819599478484e+02 7.463969503776005099e-02 5.310795543353349046e+01
7.840812386938132477e+02 7.479720613508163141e-02 5.298866602524243774e+01
7.823102574474421544e+02 7.495471723240319795e-02 5.286898208285240486e+01
7.805334557496671550e+02 7.511222832972476449e-02 5.274890479097214779e+01
7.787508523985640068e+02 7.526973942704634490e-02 5.262843541998649499e+01
7.769624674405868063e+02 7.542725052436791144e-02 5.250757532464651689e+01
7.751683221499552019e+02 7.558476162168949186e-02 5.238632594267635056e+01
7.733684390081592710e+02 7.574227271901105840e-02 5.226468879338813878e+01
7.715628416837091663e+02 7.589978381633262494e-02 5.214266547631355309e+01
7.697515550120200487e+02 7.605729491365420536e-02 5.202025766984442612e+01
7.679346049755037029e+02 7.621480601097577190e-02 5.189746712988724653e+01
7.661120186838198833e+02 7.637231710829735232e-02 5.177429568852856079e+01
7.642838243543154704e+02 7.652982820561891886e-02 5.165074525271309369e+01
7.624500512926211968e+02 7.668733930294048540e-02 5.152681780293241331e+01
7.606107298734278857e+02 7.684485040026206581e-02 5.140251539192578178e+01
7.587658915214242370e+02 7.700236149758363235e-02 5.127784014339191998e+01
7.569155686924062820e+02 7.715987259490521277e-02 5.115279425071243224e+01
7.550597948545365625e+02 7.731738369222677931e-02 5.102737997568517159e+01
7.531986044697854368e+02 7.747489478954834585e-02 5.090159964727015307e+01
7.513320329755141529e+02 7.763240588686992627e-02 5.077545566034482505e+01
7.494601167662193575e+02 7.778991698419149281e-02 5.064895047447045329e+01
7.475828931754373343e+02 7.794742808151305935e-02 5.052208661266914191e+01
7.457004004578093372e+02 7.810493917883463977e-02 5.039486666021178252e+01
7.438126777712799367e+02 7.826245027615620631e-02 5.026729326341502002e+01
7.419197656332557926e+02 7.841996137347778673e-02 5.013936916046876746e+01
7.400217312315680829e+02 7.857747247079935327e-02 5.001109889196574443e+01
7.381186804624827573e+02 7.873498356812091981e-02 4.988248961443711949e+01
7.362107217568196802e+02 7.889249466544250022e-02 4.975354865570082552e+01
7.342979628705284085e+02 7.905000576276406676e-02 4.962428329796653514e+01
7.323805108831402322e+02 7.920751686008564718e-02 4.949470077773125354e+01
7.304584721962986578e+02 7.936502795740721372e-02 4.936480828567989931e+01
7.285319525324085816e+02 7.952253905472878026e-02 4.923461296659409925e+01
7.266010569333477633e+02 7.968005015205036068e-02 4.910412191926501890e+01
7.246658897593007396e+02 7.983756124937192722e-02 4.897334219641459185e+01
7.227265546876562894e+02 7.999507234669350764e-02 4.884228080462106192e+01
7.207831547120097184e+02 8.015258344401507418e-02 4.871094470425145317e+01
7.188357921412462019e+02 8.031009454133664072e-02 4.857934080939978827e+01
7.168845685987171237e+02 8.046760563865822113e-02 4.844747598783116871e+01
7.149295850214831489e+02 8.062511673597978767e-02 4.831535706093086446e+01
7.129709416596684832e+02 8.078262783330135421e-02 4.818299080366056586e+01
7.110087380758770905e+02 8.094013893062293463e-02 4.805038394451893424e+01
7.090430731446963364e+02 8.109765002794450117e-02 4.791754316550811410e+01
7.070740450522785068e+02 8.125516112526608159e-02 4.778447510210532556e+01
7.051017512960078193e+02 8.141267222258764813e-02 4.765118634324047520e+01
7.031262886842405351e+02 8.157018331990921467e-02 4.751768343127861272e+01
7.011477533361226051e+02 8.172769441723079509e-02 4.738397286200748226e+01
6.991662406814713222e+02 8.188520551455236163e-02 4.725006108462964960e+01
6.971818454607648619e+02 8.204271661187394205e-02 4.711595450176169209e+01
6.951946617251542193e+02 8.220022770919550859e-02 4.698165946943510107e+01
6.932047828366013391e+02 8.235773880651707513e-02 4.684718229710551185e+01
6.912123107613688262e+02 8.251524990383865554e-02 4.671252987571230619e+01
6.892174005443325768e+02 8.267276100116022208e-02 4.657771268327829262e+01
6.872202245250172155e+02 8.283027209848178862e-02 4.644274236660880462e+01
6.852209525001907195e+02 8.298778319580336904e-02 4.630763040066808855e+01
6.832197517184605431e+02 8.314529429312493558e-02 4.617238808821431917e+01
6.812167869023265894e+02 8.330280539044651600e-02 4.603702656128984927e+01
6.792122202703214953e+02 8.346031648776808254e-02 4.590155678271739959e+01
6.772062115592171949e+02 8.361782758508964908e-02 4.576598954760090976e+01
6.751989180463203866e+02 8.377533868241122950e-02 4.563033548483221580e+01
6.731904945718262070e+02 8.393284977973279604e-02 4.549460505860175630e+01
6.711810935612111280e+02 8.409036087705437645e-02 4.535880856991182952e+01
6.691708650476882667e+02 8.424787197437594299e-02 4.522295615809422742e+01
6.671599566946872528e+02 8.440538307169750953e-02 4.508705780232939020e+01
6.651485138183553545e+02 8.456289416901908995e-02 4.495112332316706727e+01
6.631366794101014648e+02 8.472040526634065649e-02 4.481516238404978481e+01
6.611245941591214432e+02 8.487791636366223691e-02 4.467918449283521198e+01
6.591123964749594961e+02 8.503542746098380345e-02 4.454319900332080095e+01
6.571002225100359055e+02 8.519293855830536999e-02 4.440721511676634492e+01
6.550882061821951083e+02 8.535044965562695041e-02 4.427124188341759492e+01
6.530764791972159173e+02 8.550796075294851695e-02 4.413528820402769526e+01
6.510651710713013927e+02 8.566547185027008349e-02 4.399936283137689941e+01
6.490544091535591633e+02 8.582298294759166390e-02 4.386347437179202302e+01
6.470443186484245643e+02 8.598049404491323044e-02 4.372763128666152710e+01
6.450350226380485310e+02 8.613800514223481086e-02 4.359184189394880349e+01
6.430266421046489995e+02 8.629551623955637740e-02 4.345611436970247610e+01
6.410192959527944367e+02 8.645302733687794394e-02 4.332045674956241044e+01
6.390131010450536451e+02 8.661053843419952436e-02 4.318487693116897219e+01
6.370081901526144748e+02 8.676804953152109090e-02 4.304938388727619980e+01
6.350047466982301785e+02 8.692556062884267132e-02 4.291399001370044886e+01
6.330029602293841435e+02 8.708307172616423786e-02 4.277870812017085456e+01
6.310030164606237122e+02 8.724058282348580440e-02 4.264355075738451717e+01
6.290050973206539311e+02 8.739809392080738482e-02 4.250853022018908689e+01
6.270093809994021967e+02 8.755560501812895136e-02 4.237365855076347287e+01
6.250160419949901325e+02 8.771311611545053177e-02 4.223894754179222133e+01
6.230252511606286134e+02 8.787062721277209831e-02 4.210440873963464981e+01
6.210371757513995590e+02 8.802813831009366485e-02 4.197005344748640709e+01
6.190519794709175585e+02 8.818564940741524527e-02 4.183589272853306085e+01
6.170698225178625762e+02 8.834316050473681181e-02 4.170193740909444102e+01
6.150908616323358729e+02 8.850067160205837835e-02 4.156819808175779940e+01
6.131152501420776844e+02 8.865818269937995877e-02 4.143468510850095754e+01
6.111431380084776492e+02 8.881569379670152531e-02 4.130140862380181233e+01
6.091746718724039056e+02 8.897320489402310573e-02 4.116837853773551359e+01
6.072099950998180020e+02 8.913071599134467227e-02 4.103560453905709693e+01
6.052492478271710752e+02 8.928822708866623881e-02 4.090309609826940829e+01
6.032925670065716304e+02 8.944573818598781922e-02 4.077086247067558844e+01
6.013400864506979815e+02 8.960324928330938576e-02 4.063891269941423445e+01
5.993919368774758141e+02 8.976076038063096618e-02 4.050725561847875156e+01
5.974482459544764197e+02 8.991827147795253272e-02 4.037589985571789697e+01
5.955091383430400356e+02 9.007578257527409926e-02 4.024485383581750142e+01
5.935747357421378183e+02 9.023329367259567968e-02 4.011412578326478240e+01
5.916451569319118562e+02 9.039080476991724622e-02 3.998372372529080110e+01
5.897205178169427882e+02 9.054831586723882664e-02 3.985365549479455893e+01
5.878009314691928466e+02 9.070582696456039318e-02 3.972392873324498197e+01
5.858865081706420597e+02 9.086333806188195972e-02 3.959455089356237778e+01
5.839773554555991950e+02 9.102084915920354014e-02 3.946552924297792231e+01
5.820735867627753350e+02 9.117836025652510668e-02 3.933687144774560807e+01
5.801753520650340761e+02 9.133587135384667322e-02 3.920858764311881117e+01
5.782828088571211538e+02 9.149338245116825363e-02 3.908068847268400248e+01
5.763961106901593894e+02 9.165089354848982017e-02 3.895318431351534372e+01
5.745154072331633870e+02 9.180840464581140059e-02 3.882608528033188122e+01
5.726408443351762116e+02 9.196591574313296713e-02 3.869940122969673268e+01
5.707725640870067991e+02 9.212342684045453367e-02 3.857314176418940121e+01
5.689107048825087531e+02 9.228093793777611409e-02 3.844731623654698893e+01
5.670554014794603290e+02 9.243844903509768063e-02 3.832193375377848810e+01
5.652067850599484018e+02 9.259596013241926105e-02 3.819700318124562699e+01
5.633649832903163315e+02 9.275347122974082759e-02 3.807253314671409328e+01
5.615301203806060357e+02 9.291098232706239413e-02 3.794853204437077920e+01
5.597023171435286031e+02 9.306849342438397454e-02 3.782500803880894580e+01
5.578816910529333200e+02 9.322600452170554108e-02 3.770196906897960787e+01
5.560683563017469169e+02 9.338351561902712150e-02 3.757942285210717870e+01
5.542624238594181634e+02 9.354102671634868804e-02 3.745737688757151318e+01
5.524640015288176755e+02 9.369853781367025458e-02 3.733583846075327983e+01
5.506731940026091934e+02 9.385604891099183500e-02 3.721481464684362095e+01
5.488901029190727741e+02 9.401356000831340154e-02 3.709431231461653056e+01
5.471148269173880863e+02 9.417107110563496808e-02 3.697433813016517945e+01
5.453474616923433587e+02 9.432858220295654850e-02 3.685489856059896852e+01
5.435881000485115919e+02 9.448609330027811504e-02 3.673599987770492703e+01
5.418368319538365085e+02 9.464360439759969545e-02 3.661764816156899371e+01
5.400937445926525697e+02 9.480111549492126199e-02 3.649984930415918427e+01
5.383589224181423560e+02 9.495862659224282853e-02 3.638260901287070936e+01
5.366324472042019806e+02 9.511613768956440895e-02 3.626593281403096114e+01
5.349143980967378411e+02 9.527364878688597549e-02 3.614982605636636492e+01
5.332048516643678795e+02 9.543115988420755591e-02 3.603429391442860918e+01
5.315038819485490649e+02 9.558867098152912245e-02 3.591934139198244225e+01
5.298115606825062969e+02 9.574618207885068899e-02 3.580497333680088445e+01
5.281279652460701755e+02 9.590369317617226941e-02 3.569119497825789722e+01
5.264531818667519474e+02 9.606120427349383595e-02 3.557801214365882458e+01
5.247872948660075281e+02 9.621871537081541637e-02 3.546543053149666491e+01
5.231303858304155483e+02 9.637622646813698291e-02 3.535345565543988755e+01
5.214825336667414604e+02 9.653373756545854945e-02 3.524209284805355935e+01
5.198438146563710234e+02 9.669124866278012986e-02 3.513134726447808021e+01
5.182143025090839501e+02 9.684875976010169640e-02 3.502122388606321124e+01
5.165940684161842000e+02 9.700627085742326294e-02 3.491172752395868883e+01
5.149831811029687287e+02 9.716378195474484336e-02 3.480286282266006026e+01
5.133817068805562940e+02 9.732129305206640990e-02 3.469463426351124014e+01
5.117897096970493749e+02 9.747880414938799032e-02 3.458704616816221034e+01
5.102072511880564889e+02 9.763631524670955686e-02 3.448010270198322047e+01
5.086343907265496114e+02 9.779382634403112340e-02 3.437380787743425969e+01
5.070711854720814245e+02 9.795133744135270382e-02 3.426816555739111436e+01
5.055176904193431255e+02 9.810884853867427036e-02 3.416317945842699544e+01
5.039739584460741639e+02 9.826635963599585077e-02 3.405885315405028280e+01
5.024400403603387417e+02 9.842387073331741731e-02 3.395519007789950905e+01
5.009159849471267307e+02 9.858138183063898385e-02 3.385219352689264127e+01
4.994018390143513670e+02 9.873889292796056427e-02 3.374986666433566995e+01
4.978976474381701109e+02 9.889640402528213081e-02 3.364821252298544607e+01
4.964034532076927348e+02 9.905391512260371123e-02 3.354723400807095146e+01
4.949192974690483311e+02 9.921142621992527777e-02 3.344693390027154578e+01
4.934452195688113534e+02 9.936893731724684431e-02 3.334731485865162881e+01
4.919812570968179557e+02 9.952644841456842473e-02 3.324837942355414810e+01
4.905274459283468786e+02 9.968395951188999127e-02 3.315013001945130355e+01
4.890838202656838121e+02 9.984147060921155781e-02 3.305256895775345782e+01
4.876504126790702003e+02 9.999898170653313823e-02 3.295569843957647294e+01
4.862272541470470060e+02 1.001564928038547048e-01 3.285952055846817643e+01
4.848143740961813819e+02 1.003140039011762852e-01 3.276403730309305473e+01
4.834118004402000679e+02 1.004715149984978517e-01 3.266925055987698556e+01
4.820195595420192376e+02 1.006290260958194183e-01 3.257516211044120524e+01
4.806376682920774215e+02 1.007865371931409987e-01 3.248177309625135223e+01
4.792661274109066198e+02 1.009440482904625652e-01 3.238908356600141758e+01
4.779049351022761130e+02 1.011015593877841456e-01 3.229709339830104398e+01
4.765540887413965265e+02 1.012590704851057122e-01 3.220580241576549696e+01
4.752135849000034682e+02 1.014165815824272787e-01 3.211521038671061490e+01
4.738834193710164300e+02 1.015740926797488591e-01 3.202531702681950065e+01
4.725635871927616449e+02 1.017316037770704257e-01 3.193612200077930297e+01
4.712540826727478134e+02 1.018891148743920061e-01 3.184762492388820121e+01
4.699548994110320450e+02 1.020466259717135726e-01 3.175982536363432729e+01
4.686660303231641933e+02 1.022041370690351392e-01 3.167272284124638304e+01
4.673874676627104350e+02 1.023616481663567196e-01 3.158631683321589634e+01
4.661192030433828677e+02 1.025191592636782861e-01 3.150060677279264354e+01
4.648612274607489212e+02 1.026766703609998527e-01 3.141559205145184563e+01
4.636135313135646925e+02 1.028341814583214331e-01 3.133127202033586300e+01
4.623761044247069094e+02 1.029916925556429996e-01 3.124764599166876522e+01
4.611489360617168813e+02 1.031492036529645800e-01 3.116471324014478128e+01
4.599320149569786622e+02 1.033067147502861466e-01 3.108247300429183468e+01
4.587253293275104511e+02 1.034642258476077131e-01 3.100092448780920051e+01
4.575288668943995276e+02 1.036217369449292935e-01 3.092006686088079448e+01
4.563426149018692968e+02 1.037792480422508601e-01 3.083989926146382032e+01
4.551665601359850370e+02 1.039367591395724405e-01 3.076042079655291062e+01
4.540006889430249544e+02 1.040942702368940070e-01 3.068163054342157281e+01
4.528449872474867561e+02 1.042517813342155736e-01 3.060352755083920684e+01
4.516994405697680577e+02 1.044092924315371540e-01 3.052611084026584365e+01
4.505640340435005555e+02 1.045668035288587205e-01 3.044937940702368451e+01
4.494387524325712775e+02 1.047243146261803010e-01 3.037333222144734179e+01
4.483235801478036251e+02 1.048818257235018675e-01 3.029796823001120032e+01
4.472185012633217980e+02 1.050393368208234340e-01 3.022328635643530959e+01
4.461234995326117314e+02 1.051968479181450145e-01 3.014928550277081243e+01
4.450385584042680875e+02 1.053543590154665810e-01 3.007596455046411066e+01
4.439636610374327574e+02 1.055118701127881475e-01 3.000332236140021536e+01
4.428987903169397100e+02 1.056693812101097280e-01 2.993135777892625526e+01
4.418439270472898102e+02 1.058268923074312945e-01 2.986006950579923114e+01
4.407990211836871026e+02 1.059844034047528749e-01 2.978945415996275159e+01
4.397639976358318563e+02 1.061419145020744415e-01 2.971950666677069464e+01
4.387387813666691159e+02 1.062994255993960080e-01 2.965022195517522974e+01
4.377232981689637086e+02 1.064569366967175884e-01 2.958159501020827165e+01
4.367174746557222988e+02 1.066144477940391549e-01 2.951362087233416176e+01
4.357212382507425446e+02 1.067719588913607354e-01 2.944629463681090797e+01
4.347345171792692895e+02 1.069294699886823019e-01 2.937961145305884259e+01
4.337572404588045174e+02 1.070869810860038684e-01 2.931356652403947649e+01
4.327893378900143944e+02 1.072444921833254489e-01 2.924815510564100762e+01
4.318307400477642659e+02 1.074020032806470154e-01 2.918337250607245892e+01
4.308813782722787096e+02 1.075595143779685958e-01 2.911921408526630373e+01
4.299411846604124321e+02 1.077170254752901624e-01 2.905567525428847730e+01
4.290100920570341714e+02 1.078745365726117289e-01 2.899275147475617231e+01
4.280880340465289464e+02 1.080320476699333093e-01 2.893043825826350712e+01
4.271749449444129709e+02 1.081895587672548759e-01 2.886873116581487864e+01
4.262707597890563989e+02 1.083470698645764424e-01 2.880762580726557331e+01
4.253754143335125946e+02 1.085045809618980228e-01 2.874711784076957244e+01
4.244888450374605213e+02 1.086620920592195894e-01 2.868720297223503835e+01
4.236109890592483112e+02 1.088196031565411698e-01 2.862787695478657923e+01
4.227417842480466561e+02 1.089771142538627363e-01 2.856913558823504218e+01
4.218811691360959912e+02 1.091346253511843029e-01 2.851097471855347720e+01
4.210290829310676486e+02 1.092921364485058833e-01 2.845339023736097417e+01
4.201854655085095942e+02 1.094496475458274498e-01 2.839637808141208808e+01
4.193502574044068183e+02 1.096071586431490302e-01 2.833993423209412654e+01
4.185233998078273885e+02 1.097646697404705968e-01 2.828405471493009671e+01
4.177048345536721285e+02 1.099221808377921633e-01 2.822873559908878605e+01
4.168945041155063791e+02 1.100796919351137437e-01 2.817397299690029655e+01
4.160923515985061840e+02 1.102372030324353103e-01 2.811976306337932030e+01
4.152983207324761565e+02 1.103947141297568907e-01 2.806610199575336750e+01
4.145123558649644337e+02 1.105522252270784572e-01 2.801298603299733969e+01
4.137344019544771641e+02 1.107097363244000238e-01 2.796041145537510886e+01
4.129644045637646173e+02 1.108672474217216042e-01 2.790837458398567605e+01
4.122023098532018253e+02 1.110247585190431707e-01 2.785687178031588118e+01
4.114480644833007545e+02 1.111822696163647373e-01 2.780589943965211575e+01
4.107015969337919046e+02 1.113397807136863177e-01 2.775545272861296198e+01
4.099627950642922087e+02 1.114972918110078842e-01 2.770552406868614526e+01
4.092315426824729343e+02 1.116548029083294646e-01 2.765610560752651992e+01
4.085077251640262261e+02 1.118123140056510312e-01 2.760718959875670464e+01
4.077912294255053780e+02 1.119698251029725977e-01 2.755876840013162976e+01
4.070819438977271147e+02 1.121273362002941781e-01 2.751083447174100272e+01
4.063797584997291779e+02 1.122848472976157447e-01 2.746338037424939671e+01
4.056845646132784964e+02 1.124423583949373251e-01 2.741639876717345103e+01
4.049962550579043636e+02 1.125998694922588916e-01 2.736988240719465537e+01
4.043147240664504238e+02 1.127573805895804582e-01 2.732382414650707148e+01
4.036398672611459233e+02 1.129148916869020386e-01 2.727821693120026580e+01
4.029715816301510927e+02 1.130724027842236051e-01 2.723305379967418460e+01
4.023097655046126420e+02 1.132299138815451855e-01 2.718832788108863241e+01
4.016543185361707629e+02 1.133874249788667521e-01 2.714403239384310851e+01
4.010051416749512896e+02 1.135449360761883186e-01 2.710016064408949532e+01
4.003621371479849813e+02 1.137024471735098990e-01 2.705670602427370852e+01
3.997252084380975248e+02 1.138599582708314656e-01 2.701366201170896630e+01
3.990942602632077296e+02 1.140174693681530321e-01 2.697102216717682666e+01
3.984691985560659759e+02 1.141749804654746125e-01 2.692878013355785427e+01
3.978499304443998312e+02 1.143324915627961791e-01 2.688692963448990270e+01
3.972363642314624599e+02 1.144900026601177595e-01 2.684546447305347527e+01
3.966284093769823471e+02 1.146475137574393260e-01 2.680437853048438512e+01
3.960259764784932486e+02 1.148050248547608926e-01 2.676366576491198757e+01
3.954289772530527216e+02 1.149625359520824730e-01 2.672332021012369196e+01
3.948373245193155299e+02 1.151200470494040395e-01 2.668333597435348992e+01
3.942509321799845452e+02 1.152775581467256200e-01 2.664370723909599903e+01
3.936697152046077122e+02 1.154350692440471865e-01 2.660442825794379473e+01
3.930935896127227238e+02 1.155925803413687530e-01 2.656549335544843160e+01
3.925224724573391768e+02 1.157500914386903335e-01 2.652689692600405991e+01
3.919562818087535447e+02 1.159076025360119000e-01 2.648863343275366944e+01
3.913949367386931613e+02 1.160651136333334804e-01 2.645069740651753420e+01
3.908383573047657933e+02 1.162226247306550470e-01 2.641308344474232328e+01
3.902864645352324828e+02 1.163801358279766135e-01 2.637578621047197558e+01
3.897391804140763725e+02 1.165376469252981939e-01 2.633880043133871141e+01
3.891964278663664913e+02 1.166951580226197605e-01 2.630212089857390723e+01
3.886581307408383736e+02 1.168526691199413270e-01 2.626574246583078320e+01
3.881242044977177557e+02 1.170101802172629074e-01 2.622965941986228700e+01
3.875945359106656838e+02 1.171676913145844739e-01 2.619386410876655447e+01
3.870690072421527930e+02 1.173252024119060544e-01 2.615834857577292638e+01
3.865475022214647538e+02 1.174827135092276209e-01 2.612310496323890163e+01
3.860299060220527849e+02 1.176402246065491874e-01 2.608812551111953582e+01
3.855161052394535659e+02 1.177977357038707679e-01 2.605340255547528372e+01
3.850059878697563818e+02 1.179552468011923344e-01 2.601892852701671899e+01
3.844994432886097115e+02 1.181127578985139148e-01 2.598469594968584317e+01
3.839963622307583933e+02 1.182702689958354814e-01 2.595069743927316708e+01
3.834966367700826595e+02 1.184277800931570479e-01 2.591692570206878443e+01
3.830001603001466037e+02 1.185852911904786283e-01 2.588337353354776482e+01
3.825068275152315209e+02 1.187428022878001949e-01 2.585003381708838432e+01
3.820165343918419012e+02 1.189003133851217753e-01 2.581689952272233768e+01
3.815291781706761753e+02 1.190578244824433418e-01 2.578396370591630671e+01
3.810446573390572667e+02 1.192153355797649084e-01 2.575121950638450841e+01
3.805628716137925949e+02 1.193728466770864888e-01 2.571866014693048896e+01
3.800837219244786525e+02 1.195303577744080553e-01 2.568627893231878900e+01
3.796071103972165588e+02 1.196878688717296219e-01 2.565406924817439815e+01
3.791329403387370576e+02 1.198453799690512023e-01 2.562202455990996341e+01
3.786611162209348436e+02 1.200028910663727688e-01 2.559013841168057368e+01
3.781915436657837972e+02 1.201604021636943492e-01 2.555840442536435120e+01
3.777241294306377313e+02 1.203179132610159158e-01 2.552681629956903464e+01
3.772587813939012449e+02 1.204754243583374823e-01 2.549536780866365859e+01
3.767954085410680705e+02 1.206329354556590627e-01 2.546405280183498121e+01
3.763339209510981505e+02 1.207904465529806293e-01 2.543286520216680202e+01
3.758742297831596488e+02 1.209479576503022097e-01 2.540179900574406346e+01
3.754162472636920143e+02 1.211054687476237762e-01 2.537084828077850673e+01
3.749598866738062384e+02 1.212629798449453428e-01 2.534000716675717868e+01
3.745050623369942855e+02 1.214204909422669232e-01 2.530926987361184644e+01
3.740516896071665087e+02 1.215780020395884897e-01 2.527863068091056675e+01
3.735996848569750455e+02 1.217355131369100563e-01 2.524808393706854304e+01
3.731489654664542286e+02 1.218930242342316367e-01 2.521762405858044787e+01
3.726994498119277637e+02 1.220505353315532032e-01 2.518724552927078264e+01
3.722510572552170629e+02 1.222080464288747836e-01 2.515694289956454810e+01
3.718037081331158333e+02 1.223655575261963502e-01 2.512671078577593775e+01
3.713573237471338757e+02 1.225230686235179167e-01 2.509654386941522475e+01
3.709118263535007713e+02 1.226805797208394971e-01 2.506643689651319562e+01
3.704671391519935923e+02 1.228380908181610637e-01 2.503638467686613467e+01
3.700231842122384478e+02 1.229956019154826441e-01 2.500638194389406266e+01
3.695798783842662942e+02 1.231531130128042106e-01 2.497642307827372576e+01
3.691371383899457896e+02 1.233106241101257772e-01 2.494650245202056382e+01
3.686948819752488475e+02 1.234681352074473576e-01 2.491661450635955788e+01
3.682530279006545015e+02 1.236256463047689241e-01 2.488675375107663257e+01
3.678114959318072579e+02 1.237831574020905046e-01 2.485691476388738153e+01
3.673702068304494901e+02 1.239406684994120711e-01 2.482709218982429178e+01
3.669290823455908708e+02 1.240981795967336376e-01 2.479728074063992693e+01
3.664880452049297332e+02 1.242556906940552180e-01 2.476747519422722377e+01
3.660470191065096515e+02 1.244132017913767846e-01 2.473767039405558421e+01
3.656059287106054967e+02 1.245707128886983511e-01 2.470786124862259570e+01
3.651646996318394258e+02 1.247282239860199315e-01 2.467804273092114542e+01
3.647232584315095778e+02 1.248857350833414981e-01 2.464820987792109008e+01
3.642815326101384699e+02 1.250432461806630924e-01 2.461835779006555569e+01
3.638394506002164803e+02 1.252007572779846589e-01 2.458848163078065596e+01
3.633969417591637239e+02 1.253582683753062255e-01 2.455857662599974489e+01
3.629539363624669477e+02 1.255157794726277920e-01 2.452863806369968813e+01
3.625103655970203818e+02 1.256732905699493585e-01 2.449866129345076260e+01
3.620661615546437133e+02 1.258308016672709251e-01 2.446864172597868148e+01
3.616212572257853139e+02 1.259883127645924916e-01 2.443857483273896847e+01
3.611755864933875273e+02 1.261458238619140859e-01 2.440845614550244491e+01
3.607290841269320936e+02 1.263033349592356525e-01 2.437828125595272866e+01
3.602816857766404155e+02 1.264608460565572190e-01 2.434804581529438394e+01
3.598333279678366239e+02 1.266183571538787855e-01 2.431774553387189286e+01
3.593839480954623014e+02 1.267758682512003521e-01 2.428737618079902560e+01
3.589334844187380327e+02 1.269333793485219464e-01 2.425693358359798424e+01
3.584818760559743396e+02 1.270908904458435129e-01 2.422641362784881736e+01
3.580290629795148902e+02 1.272484015431650795e-01 2.419581225684758508e+01
3.575749860108159055e+02 1.274059126404866460e-01 2.416512547127390675e+01
3.571195868156676738e+02 1.275634237378082125e-01 2.413434932886796602e+01
3.566628078995216242e+02 1.277209348351298068e-01 2.410347994411472072e+01
3.562045926029554721e+02 1.278784459324513734e-01 2.407251348793748136e+01
3.557448850972527339e+02 1.280359570297729399e-01 2.404144618739913497e+01
3.552836303800906990e+02 1.281934681270945064e-01 2.401027432541072670e+01
3.548207742713418043e+02 1.283509792244160730e-01 2.397899424044771877e+01
3.543562634089865924e+02 1.285084903217376673e-01 2.394760232627383090e+01
3.538900452451159140e+02 1.286660014190592338e-01 2.391609503167078543e+01
3.534220680420422127e+02 1.288235125163808004e-01 2.388446886017559123e+01
3.529522808685006794e+02 1.289810236137023669e-01 2.385272036982373578e+01
3.524806336168211942e+02 1.291385347110239334e-01 2.382084617430975726e+01
3.520070831410600363e+02 1.292960458083455277e-01 2.378884335780568904e+01
3.515316016953272538e+02 1.294535569056670943e-01 2.375671004522815721e+01
3.510541642014770218e+02 1.296110680029886608e-01 2.372444454178146245e+01
3.505747460787997056e+02 1.297685791003102274e-01 2.369204518628697542e+01
3.500933232416690544e+02 1.299260901976317939e-01 2.365951035102406408e+01
3.496098720972171918e+02 1.300836012949533882e-01 2.362683844157300328e+01
3.491243695430313210e+02 1.302411123922749547e-01 2.359402789665929845e+01
3.486367929648674817e+02 1.303986234895965213e-01 2.356107718799919937e+01
3.481471202343893765e+02 1.305561345869180878e-01 2.352798482014685888e+01
3.476553297069196447e+02 1.307136456842396544e-01 2.349474933034240109e+01
3.471614002192114867e+02 1.308711567815612486e-01 2.346136928836131119e+01
3.466653110872404682e+02 1.310286678788828152e-01 2.342784329636517882e+01
3.461670421040008705e+02 1.311861789762043817e-01 2.339416998875281450e+01
3.456665735373302368e+02 1.313436900735259483e-01 2.336034803201320997e+01
3.451638861277368164e+02 1.315012011708475148e-01 2.332637612457870091e+01
3.446589610862413338e+02 1.316587122681690813e-01 2.329225299667916005e+01
3.441517800922386527e+02 1.318162233654906756e-01 2.325797741019741594e+01
3.436423252913582473e+02 1.319737344628122422e-01 2.322354815852474985e+01
3.431305792933437715e+02 1.321312455601338087e-01 2.318896406641750829e+01
3.426165251699326291e+02 1.322887566574553753e-01 2.315422398985386465e+01
3.421001464527568601e+02 1.324462677547769418e-01 2.311932681589195582e+01
3.415814271312394794e+02 1.326037788520985361e-01 2.308427146252766349e+01
3.410603516505022981e+02 1.327612899494201026e-01 2.304905687855327301e+01
3.405369049092822706e+02 1.329188010467416692e-01 2.301368204341666512e+01
3.400110722578435229e+02 1.330763121440632357e-01 2.297814596708014179e+01
3.394828394959096158e+02 1.332338232413848023e-01 2.294244768988077965e+01
3.389521928705830760e+02 1.333913343387063966e-01 2.290658628238977812e+01
3.384191190742787967e+02 1.335488454360279631e-01 2.287056084527278799e+01
3.378836052426540846e+02 1.337063565333495296e-01 2.283437050915005528e+01
3.373456389525454142e+02 1.338638676306710962e-01 2.279801443445695597e+01
3.368052082199036477e+02 1.340213787279926627e-01 2.276149181130448440e+01
3.362623014977240814e+02 1.341788898253142570e-01 2.272480185933936170e+01
3.357169076739927505e+02 1.343364009226358236e-01 2.268794382760521700e+01
3.351690160696091425e+02 1.344939120199573901e-01 2.265091699440221973e+01
3.346186164363276134e+02 1.346514231172789566e-01 2.261372066714796958e+01
3.340656989546862974e+02 1.348089342146005232e-01 2.257635418223753021e+01
3.335102542319398253e+02 1.349664453119221175e-01 2.253881690490370815e+01
3.329522732999810160e+02 1.351239564092436840e-01 2.250110822907659625e+01
3.323917476132691604e+02 1.352814675065652505e-01 2.246322757724360386e+01
3.318286690467418794e+02 1.354389786038868171e-01 2.242517440030828624e+01
3.312630298937404518e+02 1.355964897012083836e-01 2.238694817745015087e+01
3.306948229276299003e+02 1.357540007985299779e-01 2.234854842028899213e+01
3.301240531891756405e+02 1.359115118958515445e-01 2.230997546948271548e+01
3.295507515756380599e+02 1.360690229931731110e-01 2.227123141308611309e+01
3.289749522135288657e+02 1.362265340904946775e-01 2.223231855738869100e+01
3.283966890703250670e+02 1.363840451878162441e-01 2.219323919793229649e+01
3.278159959536524184e+02 1.365415562851378384e-01 2.215399561945592311e+01
3.272329065104786423e+02 1.366990673824594049e-01 2.211459009584124047e+01
3.266474542263428020e+02 1.368565784797809715e-01 2.207502489006044399e+01
3.260596724246036615e+02 1.370140895771025380e-01 2.203530225412547594e+01
3.254695942657192518e+02 1.371716006744241045e-01 2.199542442903938166e+01
3.248772527465508801e+02 1.373291117717456711e-01 2.195539364474924326e+01
3.242826806996860682e+02 1.374866228690672654e-01 2.191521212010040642e+01
3.236859107927930381e+02 1.376441339663888319e-01 2.187488206279289216e+01
3.230869755279986748e+02 1.378016450637103985e-01 2.183440566933932914e+01
3.224859072412829164e+02 1.379591561610319650e-01 2.179378512502404419e+01
3.218827381019101495e+02 1.381166672583535315e-01 2.175302260386462194e+01
3.212775001118722003e+02 1.382741783556751258e-01 2.171212026857429223e+01
3.206702251053592363e+02 1.384316894529966924e-01 2.167108027052614361e+01
3.200609447482559631e+02 1.385892005503182589e-01 2.162990474971904575e+01
3.194496905376539644e+02 1.387467116476398254e-01 2.158859583474479393e+01
3.188364938013950223e+02 1.389042227449613920e-01 2.154715564275713646e+01
3.182213856976280226e+02 1.390617338422829863e-01 2.150558627944189283e+01
3.176043972143926339e+02 1.392192449396045528e-01 2.146388983898880198e+01
3.169855591692244730e+02 1.393767560369261194e-01 2.142206840406484147e+01
3.163649022087798244e+02 1.395342671342476859e-01 2.138012404578887526e+01
3.157424568084806538e+02 1.396917782315692524e-01 2.133805882370760543e+01
3.151182532721840630e+02 1.398492893288908467e-01 2.129587478577336057e+01
3.144923217318664115e+02 1.400068004262124133e-01 2.125357396832259482e+01
3.138646921473356315e+02 1.401643115235339798e-01 2.121115839605655395e+01
3.132353943059540597e+02 1.403218226208555464e-01 2.116863008202250995e+01
3.126044578223883832e+02 1.404793337181771129e-01 2.112599102759685366e+01
3.119719121383756715e+02 1.406368448154987072e-01 2.108324322246929228e+01
3.113377865225099868e+02 1.407943559128202737e-01 2.104038864462843961e+01
3.107021100700469560e+02 1.409518670101418403e-01 2.099742926034857149e+01
3.100649117027213038e+02 1.411093781074634068e-01 2.095436702417737251e+01
3.094262201685992295e+02 1.412668892047849734e-01 2.091120387892582855e+01
3.087860640419297056e+02 1.414244003021065677e-01 2.086794175565834308e+01
3.081444717230244805e+02 1.415819113994281342e-01 2.082458257368445942e+01
3.075014714381541125e+02 1.417394224967497007e-01 2.078112824055196839e+01
3.068570912394613401e+02 1.418969335940712673e-01 2.073758065204100376e+01
3.062113590048849687e+02 1.420544446913928338e-01 2.069394169215886237e+01
3.055643024381145096e+02 1.422119557887144281e-01 2.065021323313698076e+01
3.049159490685490255e+02 1.423694668860359946e-01 2.060639713542818185e+01
3.042663262512739379e+02 1.425269779833575612e-01 2.056249524770502646e+01
3.036154611730295869e+02 1.426844890806791277e-01 2.051850940726324879e+01
3.029633895447304894e+02 1.428420001780006943e-01 2.047444202746719810e+01
3.023101727849067402e+02 1.429995112753222608e-01 2.043029725901686078e+01
3.016558764523069271e+02 1.431570223726438551e-01 2.038607953241059434e+01
3.010005653318122540e+02 1.433145334699654216e-01 2.034179322584831695e+01
3.003443034377010008e+02 1.434720445672869882e-01 2.029744266545220199e+01
2.996871540170241133e+02 1.436295556646085547e-01 2.025303212549471255e+01
2.990291795530892500e+02 1.437870667619301213e-01 2.020856582863411433e+01
2.983704417690418609e+02 1.439445778592517156e-01 2.016404794615647589e+01
2.977110016315498342e+02 1.441020889565732821e-01 2.011948259822464280e+01
2.970509193545844369e+02 1.442596000538948486e-01 2.007487385413383052e+01
2.963902544032830519e+02 1.444171111512164152e-01 2.003022573257259609e+01
2.957290654979169062e+02 1.445746222485379817e-01 1.998554220189098274e+01
2.950674106179316709e+02 1.447321333458595760e-01 1.994082718037367741e+01
2.944053470060746918e+02 1.448896444431811426e-01 1.989608453651882058e+01
2.937429311726048695e+02 1.450471555405027091e-01 1.985131808932256448e+01
2.930802188995725146e+02 1.452046666378242756e-01 1.980653160856829231e+01
2.924172652451803742e+02 1.453621777351458422e-01 1.976172881512139057e+01
2.917541245482067325e+02 1.455196888324674365e-01 1.971691338122805348e+01
2.910908504325052490e+02 1.456771999297890030e-01 1.967208893081951615e+01
2.904274958115585150e+02 1.458347110271105695e-01 1.962725903981970177e+01
2.897641128931085177e+02 1.459922221244321361e-01 1.958242723645814465e+01
2.891007531838317846e+02 1.461497332217537026e-01 1.953759700158603252e+01
2.884374674940793284e+02 1.463072443190752969e-01 1.949277176899640907e+01
2.877743059426698551e+02 1.464647554163968635e-01 1.944795492574817430e+01
2.871113179617323112e+02 1.466222665137184300e-01 1.940314981249336412e+01
2.864485523016007278e+02 1.467797776110399965e-01 1.935835972380789016e+01
2.857860570357520373e+02 1.469372887083615631e-01 1.931358790852527818e+01
2.851238795657889113e+02 1.470947998056831574e-01 1.926883757007339781e+01
2.844620666264667079e+02 1.472523109030047239e-01 1.922411186681419082e+01
2.838006642907594141e+02 1.474098220003262905e-01 1.917941391238604254e+01
2.831397179749587849e+02 1.475673330976478570e-01 1.913474677604832408e+01
2.824792724438142386e+02 1.477248441949694235e-01 1.909011348302886901e+01
2.818193718156999807e+02 1.478823552922910178e-01 1.904551701487303106e+01
2.811600595678182799e+02 1.480398663896125844e-01 1.900096030979544182e+01
2.805013785414284371e+02 1.481973774869341509e-01 1.895644626303330682e+01
2.798433709470992881e+02 1.483548885842557175e-01 1.891197772720139625e+01
2.791860783699954709e+02 1.485123996815772840e-01 1.886755751264932712e+01
2.785295417751743230e+02 1.486699107788988505e-01 1.882318838781950632e+01
2.778738015129121663e+02 1.488274218762204448e-01 1.877887307960706664e+01
2.772188973240512269e+02 1.489849329735420114e-01 1.873461427372121335e+01
2.765648683453516128e+02 1.491424440708635779e-01 1.869041461504697565e+01
2.759117531148730222e+02 1.492999551681851444e-01 1.864627670800881276e+01
2.752595895773571328e+02 1.494574662655067110e-01 1.860220311693446149e+01
2.746084150896360825e+02 1.496149773628283053e-01 1.855819636642032577e+01
2.739582664260359479e+02 1.497724884601498718e-01 1.851425894169676667e+01
2.733091797837996637e+02 1.499299995574714384e-01 1.847039328899449728e+01
2.726611919975182445e+02 1.500875106547930049e-01 1.842660189761660661e+01
2.720143507495413360e+02 1.502450217521145714e-01 1.838288798996400430e+01
2.713687092535752186e+02 1.504025328494361657e-01 1.833925516224990560e+01
2.707243199376464986e+02 1.505600439467577323e-01 1.829570695759083065e+01
2.700812343855740778e+02 1.507175550440792988e-01 1.825224686205124769e+01
2.694395033454744066e+02 1.508750661414008654e-01 1.820887830521838424e+01
2.687991767382978878e+02 1.510325772387224319e-01 1.816560466077909908e+01
2.681603036663845501e+02 1.511900883360440262e-01 1.812242924709807212e+01
2.675229324220569538e+02 1.513475994333655927e-01 1.807935532779854881e+01
2.668871104962207710e+02 1.515051105306871593e-01 1.803638611234354627e+01
2.662528845869856582e+02 1.516626216280087258e-01 1.799352475661847706e+01
2.656203006083118794e+02 1.518201327253302924e-01 1.795077436351544620e+01
2.649894036986486867e+02 1.519776438226518867e-01 1.790813798351712904e+01
2.643602382295990196e+02 1.521351549199734532e-01 1.786561861528225137e+01
2.637328478145821009e+02 1.522926660172950197e-01 1.782321920623102685e+01
2.631072753174972263e+02 1.524501771146165863e-01 1.778094265313069755e+01
2.624835628613953418e+02 1.526076882119381528e-01 1.773879180268154343e+01
2.618617518371414121e+02 1.527651993092597471e-01 1.769676945210229135e+01
2.612418829120798023e+02 1.529227104065813136e-01 1.765487834971571957e+01
2.606239960386828329e+02 1.530802215039028802e-01 1.761312119553312883e+01
2.600081304632029742e+02 1.532377326012244467e-01 1.757150064183909421e+01
2.593943247343004828e+02 1.533952436985460133e-01 1.753001929377447610e+01
2.587826167116717784e+02 1.535527547958676076e-01 1.748867970991957677e+01
2.581730435746490571e+02 1.537102658931891741e-01 1.744748440287528979e+01
2.575656418307881950e+02 1.538677769905107406e-01 1.740643583984346421e+01
2.569604473244415885e+02 1.540252880878323072e-01 1.736553644320628109e+01
2.563574952453000151e+02 1.541827991851538737e-01 1.732478859110350200e+01
2.557568201369197709e+02 1.543403102824754403e-01 1.728419461800875112e+01
2.551584559052206487e+02 1.544978213797970346e-01 1.724375681530379723e+01
2.545624358269552090e+02 1.546553324771186011e-01 1.720347743185092781e+01
2.539687925581560251e+02 1.548128435744401676e-01 1.716335867456382402e+01
2.533775581425488781e+02 1.549703546717617342e-01 1.712340270897609074e+01
2.527887640199328416e+02 1.551278657690833007e-01 1.708361165980763730e+01
2.522024410345314607e+02 1.552853768664048950e-01 1.704398761152902608e+01
2.516186194433068124e+02 1.554428879637264616e-01 1.700453260892334129e+01
2.510373289242404837e+02 1.556003990610480281e-01 1.696524865764585144e+01
2.504585985845744176e+02 1.557579101583695946e-01 1.692613772478087242e+01
2.498824569690163173e+02 1.559154212556911612e-01 1.688720173939636382e+01
2.493089320679028447e+02 1.560729323530127555e-01 1.684844259309554459e+01
2.487380513253254435e+02 1.562304434503343220e-01 1.680986214056607508e+01
2.481698416472109159e+02 1.563879545476558885e-01 1.677146220012612332e+01
2.476043294093660450e+02 1.565454656449774551e-01 1.673324455426806878e+01
2.470415404654650047e+02 1.567029767422990216e-01 1.669521095019822710e+01
2.464815001550124975e+02 1.568604878396206159e-01 1.665736310037506129e+01
2.459242333112389645e+02 1.570179989369421825e-01 1.661970268304274256e+01
2.453697642689672307e+02 1.571755100342637490e-01 1.658223134276272148e+01
2.448181168724208590e+02 1.573330211315853155e-01 1.654495069094150850e+01
2.442693144829914615e+02 1.574905322289068821e-01 1.650786230635553054e+01
2.437233799869528923e+02 1.576480433262284764e-01 1.647096773567247041e+01
2.431803340117438097e+02 1.578055544235500429e-01 1.643426837290663656e+01
2.426401891234163770e+02 1.579630655208716095e-01 1.639776506727914551e+01
2.421029555449570410e+02 1.581205766181931760e-01 1.636145850966536130e+01
2.421029555449570410e+02 1.581205766181931760e-01 1.636145850966536130e+01
1.858405444916177487e+02 1.826842454521749870e-01 1.230009409215198879e+01
1.553106954025066955e+02 2.073525430377324841e-01 8.531458335513223190e+00
1.209840074288969873e+02 2.322407203492417860e-01 6.572650266664520124e+00
1.036206350384017867e+02 2.568837818198746459e-01 5.795473648258979260e+00
8.590377672214290783e+01 2.811184729179193598e-01 3.551633882272005049e+00
7.346453466121000986e+01 3.057758170190760794e-01 2.510761410694763107e+00
6.287262611177052207e+01 3.308749588216616799e-01 2.175574039106991098e+00
5.381742825492491988e+01 3.553458836143503774e-01 1.671364313594396966e+00
4.767214345633009742e+01 3.797183506574301481e-01 1.629735809060835150e+00
4.134122391546685549e+01 4.042043120935024936e-01 1.029338539774529604e+00
3.683542465355554896e+01 4.287407985369371399e-01 6.849435264676411173e-01
3.290411877490107173e+01 4.533371424922238990e-01 5.021827421420285154e-01
2.916117971388563390e+01 4.779959634912051558e-01 6.846452057271810165e-01
2.622672935853486464e+01 5.026629933946460405e-01 5.093275269496330138e-01
2.383568555263587641e+01 5.271487506500315279e-01 5.308166639860076863e-01
2.188966611608285362e+01 5.515427964227138657e-01 3.710608432669178502e-01
2.007254437356530374e+01 5.762240530263548210e-01 3.159784989077333850e-01
1.834419905099408155e+01 6.007285446297923048e-01 2.180221587220846635e-01
1.686312203621054451e+01 6.252568531449649303e-01 3.447358025364092859e-01
1.588947924625701980e+01 6.499965502683907603e-01 2.345145716743400055e-01
1.489387180767040952e+01 6.746857991314229031e-01 2.788051530491051921e-01
1.418544956456800321e+01 6.991270364754236244e-01 1.299174955759699046e-01
1.360203322655540426e+01 7.235756604093172006e-01 1.929123108196003078e-01
1.333839047054271099e+01 7.479714013051395050e-01 1.663046203235601372e-01
1.317930160740249335e+01 7.726132299420060967e-01 2.026291390068222509e-01
1.293812664606059215e+01 7.972349387995918413e-01 1.361145050635533260e-01
1.231422085895625074e+01 8.217736356692634248e-01 2.059719811070010176e-01
1.182943869951853699e+01 8.463200505719705724e-01 1.442939658132080805e-01
1.145071079973271821e+01 8.708218859006343626e-01 2.036213337454273742e-01
1.124416442715772924e+01 8.954790463233904818e-01 1.110976939461910951e-01
1.094998969418147539e+01 9.199626960429320155e-01 1.213665912496392219e-01
1.096083709219865021e+01 9.443606208269833546e-01 1.816630597147189663e-01
1.096084952925092537e+01 9.688687146412832130e-01 1.558210823150257551e-01
1.114349078060301501e+01 9.930926048855095445e-01 1.491762248341134134e-01
1.144119154923686565e+01 1.017620455362175491e+00 1.512871979473008055e-01
1.190679531646448552e+01 1.042409919186157552e+00 2.504601926979518889e-01
1.252214948093575053e+01 1.066789561870425063e+00 3.007395087054635097e-01
1.294781171018370003e+01 1.090909765172895618e+00 3.556185423319603300e-01
1.316485951971457702e+01 1.115651582439790346e+00 4.081711730405499505e-01
1.382730440665093852e+01 1.140641543091339027e+00 3.633800050718012375e-01
1.458138532011668254e+01 1.164692026865203012e+00 7.889459039369116633e-01
1.589609015552141891e+01 1.188605021497627590e+00 6.353736036267142451e-01
1.758558969791902982e+01 1.214006438167991364e+00 8.099432244085986721e-01
1.949818582612553186e+01 1.240498485730926914e+00 1.350161017639558425e+00
2.250638683386890548e+01 1.264816150349954427e+00 1.755726125389342807e+00
2.553370106511970761e+01 1.284554513240047102e+00 4.122953511417834171e+00
2.876732894763352988e+01 1.309527810458392949e+00 3.381242221750349053e+00
3.400322711712123436e+01 1.335814856768205550e+00 1.015685684358736296e+01
2.475823356564573174e+01 1.360349523175663267e+00 3.139466416046865049e+01
