3.114061681622611877e-01 7.669903939428205850e-04 2.134087032859155117e-02
3.711655528304105278e-01 9.245014912643925459e-04 2.543622041958551461e-02
4.298216004138450397e-01 1.082012588585964507e-03 2.945595809162007347e-02
4.873778537579923076e-01 1.239523685907536251e-03 3.340032613823176733e-02
5.438335071275599564e-01 1.397034783229108429e-03 3.726926934184897344e-02
5.991857739925287030e-01 1.554545880550680173e-03 4.106259673972947194e-02
6.534331484563998815e-01 1.712056977872252134e-03 4.478020513179189338e-02
7.065753983199867250e-01 1.869568075193824095e-03 4.842207860527264485e-02
7.586154059479696121e-01 2.027079172515396273e-03 5.198841469052646602e-02
8.095560494287825648e-01 2.184590269836968017e-03 5.547941062485423763e-02
8.594048512590523048e-01 2.342101367158539761e-03 5.889558192991693752e-02
9.081694394116691660e-01 2.499612464480111939e-03 6.223745135573354598e-02
9.558587077795878129e-01 2.657123561801683683e-03 6.550562840666102060e-02
1.002484666355414999e+00 2.814634659123255861e-03 6.870093613542294086e-02
1.048059932411353756e+00 2.972145756444827605e-03 7.182423921201470940e-02
1.092596958277865848e+00 3.129656853766399783e-03 7.487639100286530569e-02
1.136109942851705856e+00 3.287167951087971527e-03 7.785836456774491987e-02
1.178614519046965237e+00 3.444679048409543271e-03 8.077123124057884740e-02
1.220126363618722287e+00 3.602190145731115449e-03 8.361606535974411281e-02
1.260660719285432219e+00 3.759701243052687193e-03 8.639391151880135289e-02
1.300233606755257343e+00 3.917212340374259805e-03 8.910586762745954792e-02
1.338861709061866412e+00 4.074723437695831549e-03 9.175307698503196163e-02
1.376562163181094922e+00 4.232234535017403293e-03 9.433671399978835193e-02
1.413351683362517930e+00 4.389745632338975037e-03 9.685792411028862348e-02
1.449246420476792752e+00 4.547256729660546781e-03 9.931781414636356442e-02
1.484262753994782580e+00 4.704767826982118525e-03 1.017175066039669173e-01
1.518417243264598815e+00 4.862278924303691137e-03 1.040581363061590381e-01
1.551726542791573404e+00 5.019790021625262881e-03 1.063408445971874561e-01
1.584207320701137789e+00 5.177301118946834625e-03 1.085667737546940903e-01
1.615875680893149369e+00 5.334812216268406369e-03 1.107370273895697393e-01
1.646746945881217838e+00 5.492323313589978981e-03 1.128526555637897055e-01
1.676836378814026585e+00 5.649834410911550725e-03 1.149147042710116362e-01
1.706159202534828001e+00 5.807345508233122469e-03 1.169242167427354262e-01
1.734730561853108366e+00 5.964856605554694213e-03 1.188822308627553309e-01
1.762565491712398069e+00 6.122367702876265957e-03 1.207897769856793591e-01
1.789678890420101975e+00 6.279878800197838569e-03 1.226478761023513525e-01
1.816085345084815339e+00 6.437389897519410313e-03 1.244575278769553955e-01
1.841798409145709581e+00 6.594900994840982057e-03 1.262196611356273257e-01
1.866831223904053205e+00 6.752412092162553801e-03 1.279351764604204633e-01
1.891196833926284571e+00 6.909923189484126413e-03 1.296049678040862296e-01
1.914908169376265512e+00 7.067434286805698157e-03 1.312299212792920333e-01
1.937978030547595099e+00 7.224945384127269901e-03 1.328109140986102332e-01
1.960419074725323396e+00 7.382456481448841645e-03 1.343488136741432804e-01
1.982243805091514544e+00 7.539967578770413389e-03 1.358444768572138195e-01
2.003464561425968959e+00 7.697478676091986001e-03 1.372987493010796589e-01
2.024093438424682923e+00 7.854989773413558612e-03 1.387124598632437089e-01
2.044141523954091433e+00 8.012500870735128622e-03 1.400863684025140943e-01
2.063619269944013013e+00 8.170011968056702101e-03 1.414211911965429225e-01
2.082537041371312458e+00 8.327523065378272110e-03 1.427176385640387402e-01
2.100905115442592841e+00 8.485034162699845589e-03 1.439764148087562534e-01
2.118733672910866783e+00 8.642545260021415598e-03 1.451982176244218381e-01
2.136032790520181912e+00 8.800056357342989077e-03 1.463837375769588278e-01
2.152812434462069824e+00 8.957567454664562556e-03 1.475336576560537238e-01
2.169082454740140165e+00 9.115078551986132566e-03 1.486486528889578163e-01
2.184852580349842199e+00 9.272589649307706045e-03 1.497293900101533959e-01
2.200132415190495294e+00 9.430100746629276054e-03 1.507765271812025742e-01
2.214931423789429754e+00 9.587611843950849533e-03 1.517907130124125925e-01
2.229258349996267707e+00 9.745122941272419542e-03 1.527725467255717506e-01
2.243120975041055676e+00 9.902634038593993021e-03 1.537225615735132167e-01
2.256526976207182233e+00 1.006014513591556303e-02 1.546412836855369788e-01
2.269483995474891547e+00 1.021765623323713651e-02 1.555292367715952473e-01
2.281999632910451048e+00 1.037516733055870999e-02 1.563869416692476588e-01
2.294081440703541475e+00 1.053267842788028000e-02 1.572149159350397785e-01
2.305736917798888452e+00 1.069018952520185348e-02 1.580136734766054707e-01
2.316973505072519313e+00 1.084770062252342349e-02 1.587837242220919709e-01
2.327798581007598955e+00 1.100521171984499696e-02 1.595255738238227916e-01
2.338219457828856207e+00 1.116272281716656697e-02 1.602397233933869625e-01
2.348243378057854436e+00 1.132023391448814045e-02 1.609266692655692277e-01
2.357877511454856023e+00 1.147774501180971046e-02 1.615869027887750220e-01
2.367128952315758816e+00 1.163525610913128394e-02 1.622209101397863451e-01
2.376004699223592809e+00 1.179276720645285742e-02 1.628291709361196771e-01
2.384511040136707560e+00 1.195027830377442743e-02 1.634121160957126839e-01
2.392653443970195859e+00 1.210778940109600091e-02 1.639701204069277662e-01
2.400437338086392813e+00 1.226530049841757092e-02 1.645035558104895046e-01
2.407868154294045215e+00 1.242281159573914440e-02 1.650127945518378991e-01
2.414951323452103615e+00 1.258032269306071441e-02 1.654982088113230443e-01
2.421692270472643571e+00 1.273783379038228789e-02 1.659601703617516744e-01
2.428096409695764457e+00 1.289534488770385789e-02 1.663990502514256231e-01
2.434169140611265547e+00 1.305285598502543137e-02 1.668152185109464947e-01
2.439915843903948112e+00 1.321036708234700485e-02 1.672090438821964287e-01
2.445341877800850661e+00 1.336787817966857486e-02 1.675808935680125067e-01
2.450452574700789476e+00 1.352538927699014834e-02 1.679311330012067949e-01
2.455253238067224952e+00 1.368290037431171835e-02 1.682601256316319238e-01
2.459749139567687592e+00 1.384041147163329183e-02 1.685682327301447625e-01
2.463945516443481587e+00 1.399792256895486184e-02 1.688558132083502195e-01
2.467847569094896887e+00 1.415543366627643532e-02 1.691232234531139522e-01
2.471460458868060428e+00 1.431294476359800533e-02 1.693708171748941060e-01
2.474789302310344219e+00 1.447045586091957881e-02 1.695989450140605315e-01
2.477838825489788288e+00 1.462796695824115228e-02 1.698079308511767638e-01
2.480613110875486083e+00 1.478547805556272229e-02 1.699980544605453892e-01
2.483116187367096828e+00 1.494298915288429577e-02 1.701695919453206363e-01
2.485352094604905915e+00 1.510050025020586578e-02 1.703228201447181955e-01
2.487324879248141940e+00 1.525801134752743926e-02 1.704580163789675695e-01
2.489038591480916551e+00 1.541552244484900927e-02 1.705754582098598926e-01
2.490497281733079493e+00 1.557303354217058275e-02 1.706754232160276330e-01
2.491704997603763960e+00 1.573054463949215276e-02 1.707581887821117694e-01
2.492665780976322409e+00 1.588805573681372624e-02 1.708240319010475849e-01
2.493383665314043984e+00 1.604556683413529972e-02 1.708732289887374411e-01
2.493862673126584717e+00 1.620307793145686973e-02 1.709060557104241929e-01
2.494106813598003125e+00 1.636058902877844320e-02 1.709227868181387444e-01
2.494120080367335124e+00 1.651810012610001321e-02 1.709236959986011883e-01
2.493906449453620056e+00 1.667561122342158669e-02 1.709090557310218583e-01
2.493469877317548100e+00 1.683312232074316017e-02 1.708791371542641713e-01
2.492814299052449556e+00 1.699063341806473018e-02 1.708342099428723782e-01
2.491943626697686653e+00 1.714814451538630366e-02 1.707745421914873551e-01
2.490861747667909132e+00 1.730565561270787367e-02 1.707004003072017384e-01
2.489572523292129969e+00 1.746316671002944715e-02 1.706120489094426207e-01
2.488079787456705994e+00 1.762067780735101716e-02 1.705097507369734422e-01
2.486387345196716669e+00 1.777818890467259064e-02 1.703937665513607369e-01
2.484498937612406255e+00 1.793570000199416065e-02 1.702643527326746509e-01
2.482418200444501011e+00 1.809321109931573412e-02 1.701217584406276573e-01
2.480148733169237563e+00 1.825072219663730760e-02 1.699662303497032068e-01
2.477694108822169561e+00 1.840823329395887761e-02 1.697980133223870314e-01
2.475057872915939150e+00 1.856574439128045109e-02 1.696173503350016099e-01
2.472243542437608799e+00 1.872325548860202110e-02 1.694244824089926327e-01
2.469254604921646834e+00 1.888076658592359458e-02 1.692196485474000978e-01
2.466094517594485502e+00 1.903827768324516459e-02 1.690030856762342881e-01
2.462766706587215193e+00 1.919578878056673807e-02 1.687750285905210701e-01
2.459274566212896307e+00 1.935329987788830808e-02 1.685357099047757046e-01
2.455621458305107030e+00 1.951081097520988156e-02 1.682853600076733291e-01
2.451810711614743621e+00 1.966832207253145504e-02 1.680242070207107474e-01
2.447845621262050297e+00 1.982583316985302505e-02 1.677524767606540235e-01
2.443729448240982816e+00 1.998334426717459852e-02 1.674703927055723462e-01
2.439465418973359778e+00 2.014085536449616853e-02 1.671781759642834153e-01
2.435056724910195314e+00 2.029836646181774201e-02 1.668760452490324897e-01
2.430506522177695139e+00 2.045587755913931202e-02 1.665642168512324328e-01
2.425817931265797700e+00 2.061338865646088550e-02 1.662429046201192584e-01
2.420994036756855206e+00 2.077089975378245551e-02 1.659123199441583374e-01
2.416037887092525871e+00 2.092841085110402899e-02 1.655726717350694266e-01
2.410952494376771060e+00 2.108592194842560247e-02 1.652241664143259681e-01
2.405740834213122348e+00 2.124343304574717248e-02 1.648670079020027046e-01
2.400405845574404839e+00 2.140094414306874596e-02 1.645013976078480156e-01
2.394950430703138622e+00 2.155845524039031597e-02 1.641275344244582934e-01
2.389377455041064913e+00 2.171596633771188944e-02 1.637456147224478908e-01
2.383689749932574209e+00 2.187347743503345945e-02 1.633558325357176988e-01
2.377890410429730039e+00 2.203098853235503293e-02 1.629583999702291786e-01
2.371983041268390657e+00 2.218849962967660294e-02 1.625535640609109544e-01
2.365971227443865121e+00 2.234601072699817642e-02 1.621415704898588050e-01
2.359858470702204780e+00 2.250352182431974990e-02 1.617226592340418878e-01
2.353648191258718825e+00 2.266103292164131991e-02 1.612970646830736987e-01
2.347343729488920339e+00 2.281854401896289339e-02 1.608650157550937654e-01
2.340948347591998324e+00 2.297605511628446340e-02 1.604267360107667628e-01
2.334465231226656723e+00 2.313356621360603688e-02 1.599824437653869780e-01
2.327897491119292006e+00 2.329107731092760689e-02 1.595323521990884008e-01
2.321248164644546197e+00 2.344858840824918036e-02 1.590766694651610802e-01
2.314520217378262412e+00 2.360609950557075037e-02 1.586155987964755210e-01
2.307716544622974375e+00 2.376361060289232385e-02 1.581493386100263354e-01
2.300839972906023156e+00 2.392112170021389733e-02 1.576780826095985077e-01
2.293893261450426380e+00 2.407863279753546734e-02 1.572020198865673180e-01
2.286879103618811637e+00 2.423614389485704082e-02 1.567213350188521315e-01
2.279800128330397690e+00 2.439365499217861083e-02 1.562362081680229720e-01
2.272658901451451552e+00 2.455116608950018431e-02 1.557468151745892426e-01
2.265457927159381768e+00 2.470867718682175432e-02 1.552533276514824201e-01
2.258199649280725918e+00 2.486618828414332780e-02 1.547559130757487633e-01
2.250886452603320542e+00 2.502369938146489781e-02 1.542547348784733818e-01
2.243520664162942158e+00 2.518121047878647129e-02 1.537499525329546202e-01
2.236104554504781294e+00 2.533872157610804476e-02 1.532417216411536554e-01
2.228640338919931185e+00 2.549623267342961477e-02 1.527301940184318807e-01
2.221130178657397813e+00 2.565374377075118825e-02 1.522155177766107703e-01
2.213576182111802737e+00 2.581125486807275826e-02 1.516978374053659095e-01
2.205980405987167270e+00 2.596876596539433174e-02 1.511772938519820031e-01
2.198344856437267403e+00 2.612627706271590175e-02 1.506540245995019456e-01
2.190671490182616754e+00 2.628378816003747523e-02 1.501281637432745342e-01
2.182962215604702383e+00 2.644129925735904524e-02 1.495998420659433170e-01
2.175218893817778110e+00 2.659881035468061872e-02 1.490691871108970057e-01
2.167443339718365447e+00 2.675632145200219220e-02 1.485363232541924705e-01
2.159637331506742530e+00 2.691383254932376221e-02 1.480013723570690054e-01
2.151803036503598499e+00 2.707134364664533568e-02 1.474644829474447139e-01
2.143943184305818761e+00 2.722885474396690569e-02 1.469258420863961967e-01
2.136060459714575810e+00 2.738636584128847917e-02 1.463856337651208706e-01
2.128157453779392139e+00 2.754387693861004918e-02 1.458440355499533436e-01
2.120236666536588821e+00 2.770138803593162266e-02 1.453012187700334357e-01
2.112300509680157479e+00 2.785889913325319267e-02 1.447573487003429860e-01
2.104351309165946926e+00 2.801641023057476615e-02 1.442125847401719840e-01
2.096391307750128163e+00 2.817392132789633963e-02 1.436670805870818579e-01
2.088422667462929816e+00 2.833143242521790964e-02 1.431209844064317283e-01
2.080447472018717825e+00 2.848894352253948312e-02 1.425744389965431236e-01
2.072467729163486982e+00 2.864645461986105313e-02 1.420275819495746272e-01
2.064485372960851883e+00 2.880396571718262660e-02 1.414805458081829226e-01
2.056502266017682157e+00 2.896147681450419661e-02 1.409334582180466477e-01
2.048520201650492201e+00 2.911898791182577009e-02 1.403864420763306364e-01
2.040540905993811549e+00 2.927649900914734010e-02 1.398396156761741449e-01
2.032566040051555056e+00 2.943401010646891358e-02 1.392930928472719820e-01
2.024597201692742932e+00 2.959152120379048706e-02 1.387469830926434666e-01
2.016635927592603572e+00 2.974903230111205707e-02 1.382013917216564358e-01
2.008683695120319079e+00 2.990654339843363055e-02 1.376564199793967047e-01
2.000741924174511688e+00 3.006405449575520056e-02 1.371121651724541979e-01
1.992811978967704345e+00 3.022156559307677404e-02 1.365687207912139878e-01
1.984895169760871436e+00 3.037907669039834405e-02 1.360261766287259311e-01
1.976992754549274478e+00 3.053658778771991752e-02 1.354846188962358366e-01
1.969105940700677237e+00 3.069409888504148753e-02 1.349441303354538824e-01
1.961235886547124885e+00 3.085160998236306101e-02 1.344047903276398559e-01
1.953383702931352994e+00 3.100912107968463102e-02 1.338666749995800764e-01
1.945550454709001897e+00 3.116663217700620450e-02 1.333298573265346287e-01
1.937737162207643360e+00 3.132414327432777451e-02 1.327944072322257418e-01
1.929944802643798196e+00 3.148165437164934799e-02 1.322603916859468598e-01
1.922174311498921151e+00 3.163916546897092147e-02 1.317278747968597952e-01
1.914426583855426189e+00 3.179667656629248801e-02 1.311969179055534618e-01
1.906702475693813570e+00 3.195418766361406149e-02 1.306675796729366013e-01
1.899002805151861040e+00 3.211169876093563497e-02 1.301399161665314774e-01
1.891328353746890567e+00 3.226920985825720151e-02 1.296139809442361235e-01
1.883679867562090049e+00 3.242672095557877499e-02 1.290898251356242254e-01
1.876058058397844786e+00 3.258423205290034846e-02 1.285674975208458970e-01
1.868463604888999763e+00 3.274174315022192194e-02 1.280470446071954593e-01
1.860897153588964015e+00 3.289925424754349542e-02 1.275285107034047349e-01
1.853359320117536901e+00 3.305676534486506196e-02 1.270119379983053465e-01
1.845850794456940669e+00 3.321427644218663544e-02 1.264973737768342599e-01
1.838372533327374825e+00 3.337178753950820892e-02 1.259848836036587816e-01
1.830925501344964790e+00 3.352929863682978240e-02 1.254745335845587062e-01
1.823510616438411391e+00 3.368680973415134894e-02 1.249663866257940958e-01
1.816128751421534515e+00 3.384432083147292242e-02 1.244605025418723671e-01
1.808780735519814442e+00 3.400183192879449590e-02 1.239569381601632464e-01
1.801467355852241381e+00 3.415934302611606938e-02 1.234557474224508289e-01
1.794189358869330508e+00 3.431685412343764285e-02 1.229569814834818864e-01
1.786947451748603699e+00 3.447436522075920939e-02 1.224606888065988552e-01
1.779742303748423460e+00 3.463187631808078287e-02 1.219669152565192594e-01
1.772574547521285071e+00 3.478938741540235635e-02 1.214757041893364253e-01
1.765444780387654955e+00 3.494689851272392983e-02 1.209870965398162218e-01
1.758353565571215027e+00 3.510440961004549637e-02 1.205011309060495250e-01
1.751301433396729168e+00 3.526192070736706985e-02 1.200178436315425534e-01
1.744288882451322742e+00 3.541943180468864333e-02 1.195372688848002490e-01
1.737316380710240526e+00 3.557694290201021681e-02 1.190594387364752177e-01
1.730384366627998105e+00 3.573445399933179029e-02 1.185843832341448023e-01
1.723493250195913040e+00 3.589196509665335683e-02 1.181121304747848044e-01
1.716643413966818299e+00 3.604947619397493030e-02 1.176427066749934497e-01
1.709835214047998431e+00 3.620698729129650378e-02 1.171761362390380951e-01
1.703068981063079246e+00 3.636449838861807726e-02 1.167124418247740408e-01
1.696345021083878635e+00 3.652200948593964380e-02 1.162516444075051975e-01
1.689663616532906198e+00 3.667952058326121728e-02 1.157937633418325701e-01
1.683025027057470702e+00 3.683703168058279076e-02 1.153388164215576883e-01
1.676429490376108333e+00 3.699454277790436424e-02 1.148868199376888305e-01
1.669877223098173102e+00 3.715205387522593772e-02 1.144377887346079703e-01
1.663368421517332107e+00 3.730956497254750426e-02 1.139917362644498472e-01
1.656903262379694208e+00 3.746707606986907774e-02 1.135486746397419006e-01
1.650481903627383673e+00 3.762458716719065122e-02 1.131086146843622853e-01
1.644104485118152548e+00 3.778209826451222469e-02 1.126715659828551042e-01
1.637771129321869079e+00 3.793960936183379123e-02 1.122375369281611301e-01
1.631481941994447515e+00 3.809712045915536471e-02 1.118065347678032367e-01
1.625237012829930494e+00 3.825463155647693819e-02 1.113785656485731940e-01
1.619036416091357955e+00 3.841214265379851167e-02 1.109536346597662787e-01
1.612880211221123350e+00 3.856965375112008515e-02 1.105317458750089132e-01
1.606768443431262350e+00 3.872716484844165169e-02 1.101129023927117784e-01
1.600701144274465859e+00 3.888467594576322517e-02 1.096971063752016362e-01
1.594678332196279413e+00 3.904218704308479865e-02 1.092843590865638509e-01
1.588700013069055172e+00 3.919969814040637213e-02 1.088746609292346040e-01
1.582766180708314208e+00 3.935720923772793867e-02 1.084680114793875466e-01
1.576876817371870798e+00 3.951472033504951215e-02 1.080644095211388822e-01
1.571031894242464810e+00 3.967223143237108562e-02 1.076638530796228121e-01
1.565231371894222123e+00 3.982974252969265910e-02 1.072663394529580760e-01
1.559475200743494883e+00 3.998725362701423258e-02 1.068718652431445842e-01
1.553763321484649795e+00 4.014476472433579912e-02 1.064804263859281536e-01
1.548095665511104224e+00 4.030227582165737260e-02 1.060920181796543293e-01
1.542472155322215821e+00 4.045978691897894608e-02 1.057066353131529968e-01
1.536892704916387853e+00 4.061729801630051956e-02 1.053242718926778038e-01
1.531357213254235905e+00 4.077480911362208610e-02 1.049449209939331690e-01
1.525865525151546720e+00 4.093232021094365958e-02 1.045685719820424048e-01
1.520417460748440197e+00 4.108983130826523306e-02 1.041952125310891819e-01
1.515012835699759197e+00 4.124734240558680654e-02 1.038248300077781600e-01
1.509651461485662649e+00 4.140485350290838001e-02 1.034574114927201000e-01
1.504333145647701597e+00 4.156236460022994655e-02 1.030929437966105061e-01
1.499057692016380283e+00 4.171987569755152003e-02 1.027314134758241931e-01
1.493824900930351918e+00 4.187738679487309351e-02 1.023728068474373670e-01
1.488634569447646605e+00 4.203489789219466699e-02 1.020171100037026712e-01
1.483486491549053987e+00 4.219240898951623353e-02 1.016643088259876898e-01
1.478380458334078051e+00 4.234992008683780701e-02 1.013143889982034834e-01
1.473316258209583562e+00 4.250743118415938049e-02 1.009673360197327341e-01
1.468293677071449643e+00 4.266494228148095397e-02 1.006231352178787314e-01
1.463312498479440782e+00 4.282245337880252745e-02 1.002817717598491198e-01
1.458372503825503097e+00 4.297996447612409399e-02 9.994323066428967284e-02
1.453473472495743879e+00 4.313747557344566746e-02 9.960749681238464937e-02
1.448615182026283366e+00 4.329498667076724094e-02 9.927455495853750034e-02
1.443797408253164161e+00 4.345249776808881442e-02 9.894438974064410919e-02
1.439019925456588966e+00 4.361000886541038096e-02 9.861698568997784298e-02
1.434282506499567900e+00 4.376751996273195444e-02 9.829232724069075777e-02
1.429584922961273596e+00 4.392503106005352792e-02 9.797039873895269091e-02
1.424926945265199585e+00 4.408254215737510140e-02 9.765118445173408268e-02
1.420308342802372170e+00 4.424005325469667488e-02 9.733466857524974980e-02
1.415728884049691549e+00 4.439756435201824142e-02 9.702083524306866213e-02
1.411188336683641298e+00 4.455507544933981490e-02 9.670966853390698670e-02
1.406686467689525877e+00 4.471258654666138838e-02 9.640115247911369700e-02
1.402223043466311436e+00 4.487009764398296185e-02 9.609527106985568667e-02
1.397797829927307056e+00 4.502760874130452839e-02 9.579200826401744473e-02
1.393410592596784126e+00 4.518511983862610187e-02 9.549134799282246733e-02
1.389061096702662867e+00 4.534263093594767535e-02 9.519327416718520452e-02
1.384749107265436985e+00 4.550014203326924883e-02 9.489777068380476910e-02
1.380474389183456108e+00 4.565765313059082231e-02 9.460482143100992780e-02
1.376236707314626440e+00 4.581516422791238885e-02 9.431441029435767842e-02
1.372035826554784510e+00 4.597267532523396233e-02 9.402652116200449495e-02
1.367871511912703841e+00 4.613018642255553581e-02 9.374113792984643811e-02
1.363743528582000986e+00 4.628769751987710929e-02 9.345824450644701908e-02
1.359651642009905625e+00 4.644520861719867583e-02 9.317782481775001291e-02
1.355595617963133215e+00 4.660271971452024931e-02 9.289986281159373638e-02
1.351575222590863934e+00 4.676023081184182278e-02 9.262434246202712329e-02
1.347590222484971179e+00 4.691774190916339626e-02 9.235124777343711733e-02
1.343640384737599502e+00 4.707525300648496974e-02 9.208056278449461285e-02
1.339725476996163955e+00 4.723276410380653628e-02 9.181227157192349553e-02
1.335845267515870738e+00 4.739027520112810976e-02 9.154635825410005479e-02
1.331999525209879742e+00 4.754778629844968324e-02 9.128280699449059510e-02
1.328188019697088329e+00 4.770529739577125672e-02 9.102160200492588615e-02
1.324410521347763270e+00 4.786280849309282326e-02 9.076272754872884152e-02
1.320666801326988660e+00 4.802031959041439674e-02 9.050616794369149842e-02
1.316956631636043484e+00 4.817783068773597022e-02 9.025190756491098532e-02
1.313279785151786339e+00 4.833534178505754370e-02 8.999993084748839078e-02
1.309636035664126785e+00 4.849285288237911717e-02 8.975022228909687594e-02
1.306025157911613110e+00 4.865036397970068371e-02 8.950276645242047358e-02
1.302446927615241945e+00 4.880787507702225719e-02 8.925754796747088771e-02
1.298901121510539491e+00 4.896538617434383067e-02 8.901455153378641516e-02
1.295387517377989184e+00 4.912289727166540415e-02 8.877376192251679177e-02
1.291905894071834870e+00 4.928040836898697069e-02 8.853516397839727992e-02
1.288456031547330127e+00 4.943791946630854417e-02 8.829874262161621634e-02
1.285037710886535622e+00 4.959543056363011765e-02 8.806448284958257045e-02
1.281650714322652318e+00 4.975294166095169113e-02 8.783236973859386010e-02
1.278294825262949130e+00 4.991045275827326461e-02 8.760238844540717273e-02
1.274969825779902699e+00 5.006796385559483115e-02 8.737452403530546197e-02
1.271675417556806131e+00 5.022547495291640463e-02 8.714875606444780209e-02
1.268411208971469417e+00 5.038298605023797810e-02 8.692505769470693089e-02
1.265176809160969418e+00 5.054049714755955158e-02 8.670340213998867229e-02
1.261971833719351510e+00 5.069800824488111812e-02 8.648376305669908115e-02
1.258795904567902912e+00 5.085551934220269160e-02 8.626611453485429071e-02
1.255648649828476460e+00 5.101303043952426508e-02 8.605043108939938734e-02
1.252529703699735375e+00 5.117054153684583856e-02 8.583668765172718096e-02
1.249438706336422289e+00 5.132805263416741204e-02 8.562485956140464260e-02
1.246375303731322104e+00 5.148556373148897858e-02 8.541492255808344480e-02
1.243339147600022843e+00 5.164307482881055206e-02 8.520685277360295906e-02
1.240329895268363458e+00 5.180058592613212554e-02 8.500062672427662058e-02
1.237347209562468908e+00 5.195809702345369901e-02 8.479622130335615071e-02
1.234390758701294777e+00 5.211560812077526555e-02 8.459361377366750312e-02
1.231460216191675450e+00 5.227311921809683903e-02 8.439278176041843660e-02
1.228555260725744613e+00 5.243063031541841251e-02 8.419370324416863838e-02
1.225675576049819915e+00 5.258814141273998599e-02 8.399635655184455041e-02
1.222820842355289539e+00 5.274565251006155947e-02 8.380071976675081136e-02
1.219990724919667313e+00 5.290316360738312601e-02 8.360676995013435753e-02
1.217184891713090300e+00 5.306067470470469949e-02 8.341448434776953247e-02
1.214403016235813482e+00 5.321818580202627297e-02 8.322384058441308075e-02
1.211644777407264728e+00 5.337569689934784645e-02 8.303481665620150720e-02
1.208909859457711677e+00 5.353320799666941299e-02 8.284739092322652987e-02
1.206197951822463921e+00 5.369071909399098647e-02 8.266154210228472687e-02
1.203508749038569192e+00 5.384823019131255994e-02 8.247724925979847688e-02
1.200841950643866118e+00 5.400574128863413342e-02 8.229449180489731286e-02
1.198197261078438824e+00 5.416325238595570690e-02 8.211324948266511548e-02
1.195574389588317299e+00 5.432076348327727344e-02 8.193350236754029514e-02
1.192973050131397317e+00 5.447827458059884692e-02 8.175523085686853264e-02
1.190392961285532181e+00 5.463578567792042040e-02 8.157841566460441451e-02
1.187833846158717455e+00 5.479329677524199388e-02 8.140303781515592640e-02
1.185295432301344931e+00 5.495080787256356042e-02 8.122907863737156842e-02
1.182777451620423914e+00 5.510831896988513390e-02 8.105651975866164094e-02
1.180279640278941500e+00 5.526583006720670738e-02 8.088534309810146983e-02
1.177801713924323979e+00 5.542334116452828086e-02 8.071552916882138162e-02
1.175343319164930733e+00 5.558085226184985433e-02 8.054705375265887313e-02
1.172904095399479374e+00 5.573836335917142087e-02 8.037989213736995708e-02
1.170483688739256900e+00 5.589587445649299435e-02 8.021402007072764295e-02
1.168081751866484330e+00 5.605338555381456783e-02 8.004941375081493782e-02
1.165697943896235822e+00 5.621089665113614131e-02 7.988604981656287352e-02
1.163331930241809475e+00 5.636840774845770785e-02 7.972390533852392880e-02
1.160983382483473880e+00 5.652591884577928133e-02 7.956295780987689137e-02
1.158651978240438973e+00 5.668342994310085481e-02 7.940318513765351471e-02
1.156337401046031887e+00 5.684094104042242829e-02 7.924456563418363908e-02
1.154039340225930355e+00 5.699845213774400177e-02 7.908707800875079685e-02
1.151757490779375726e+00 5.715596323506556831e-02 7.893070135945172427e-02
1.149491553263306987e+00 5.731347433238714179e-02 7.877541516525557452e-02
1.147241233679308303e+00 5.747098542970871526e-02 7.862119927825692023e-02
1.145006243363293486e+00 5.762849652703028874e-02 7.846803391611520406e-02
1.142786298877850104e+00 5.778600762435185528e-02 7.831589965467745940e-02
1.140581121907212392e+00 5.794351872167342876e-02 7.816477742078049851e-02
1.138390439111575558e+00 5.810102981899500224e-02 7.801464848226699611e-02
1.136213958139095315e+00 5.825854091631657572e-02 7.786549280407198403e-02
1.134051328697210037e+00 5.841605201363814920e-02 7.771728638041500159e-02
1.131902196915478331e+00 5.857356311095971574e-02 7.757000496032091796e-02
1.129766215813265751e+00 5.873107420828128922e-02 7.742362476497779977e-02
1.127643045159537172e+00 5.888858530560286270e-02 7.727812247812813895e-02
1.125532351336202108e+00 5.904609640292443618e-02 7.713347523670395500e-02
1.123433807204870183e+00 5.920360750024600272e-02 7.698966062169526614e-02
1.121347091976997445e+00 5.936111859756757619e-02 7.684665664925138806e-02
1.119271891087227688e+00 5.951862969488914967e-02 7.670444176200071074e-02
1.117207896069952744e+00 5.967614079221072315e-02 7.656299482059149286e-02
1.115154804438838188e+00 5.983365188953229663e-02 7.642229509543543853e-02
1.113112319569416142e+00 5.999116298685386317e-02 7.628232225866191096e-02
1.111080150584461190e+00 6.014867408417543665e-02 7.614305637626259116e-02
1.109058012242242652e+00 6.030618518149701013e-02 7.600447790043333984e-02
1.107045624827449393e+00 6.046369627881858361e-02 7.586656766209912139e-02
1.105042714044751628e+00 6.062120737614015015e-02 7.572930686361996344e-02
1.103049010914933792e+00 6.077871847346172363e-02 7.559267707167253991e-02
1.101064251673514516e+00 6.093622957078329710e-02 7.545666021030283943e-02
1.099088177405946443e+00 6.109374066810487058e-02 7.532123853592588569e-02
1.097120505236319321e+00 6.125125176542643712e-02 7.518639266286882006e-02
1.095160903427765398e+00 6.140876286274801060e-02 7.505209985698510500e-02
1.093209040932130893e+00 6.156627396006958408e-02 7.491833743132604584e-02
1.091264593411017669e+00 6.172378505739115756e-02 7.478508315876708501e-02
1.089327243110351784e+00 6.188129615471273104e-02 7.465231526341176149e-02
1.087396678738123512e+00 6.203880725203429758e-02 7.452001241221309358e-02
1.085472595345110314e+00 6.219631834935587106e-02 7.438815370679947858e-02
1.083554694208559654e+00 6.235382944667744454e-02 7.425671867550341643e-02
1.081642682718717774e+00 6.251134054399902495e-02 7.412568726558534105e-02
1.079736274268130902e+00 6.266885164132059149e-02 7.399503983564711951e-02
1.077835188143607903e+00 6.282636273864215803e-02 7.386475714822844651e-02
1.075939149420772845e+00 6.298387383596373845e-02 7.373482036258030559e-02
1.074047888861171751e+00 6.314138493328530499e-02 7.360521102761366508e-02
1.072161142811766998e+00 6.329889603060687153e-02 7.347591107501169616e-02
1.070278653106862654e+00 6.345640712792845195e-02 7.334690281250889898e-02
1.068400166972272469e+00 6.361391822525001849e-02 7.321816891732332855e-02
1.066525436931751836e+00 6.377142932257158503e-02 7.308969242974448777e-02
1.064654220715573585e+00 6.392894041989316545e-02 7.296145674686807525e-02
1.062786281171220537e+00 6.408645151721473199e-02 7.283344561647545068e-02
1.060921385393323924e+00 6.424396261453631241e-02 7.270564307740791377e-02
1.059059277844952351e+00 6.440147371185787895e-02 7.257803161755081722e-02
1.057199674279134527e+00 6.455898480917944549e-02 7.245059175727151801e-02
1.055342294439675976e+00 6.471649590650102590e-02 7.232330429042801989e-02
1.053486864136911505e+00 6.487400700382259244e-02 7.219615042662140547e-02
1.051633115147684316e+00 6.503151810114417286e-02 7.206911178434172172e-02
1.049780785117671700e+00 6.518902919846573940e-02 7.194217038427394573e-02
1.047929617465966023e+00 6.534654029578730594e-02 7.181530864275910420e-02
1.046079361291844645e+00 6.550405139310888636e-02 7.168850936540493990e-02
1.044229771283686103e+00 6.566156249043045290e-02 7.156175574084409907e-02
1.042380607629904254e+00 6.581907358775203332e-02 7.143503133463023624e-02
1.040531635931924104e+00 6.597658468507359986e-02 7.130832008327421534e-02
1.038682627119027924e+00 6.613409578239516640e-02 7.118160628840841664e-02
1.036833357365140929e+00 6.629160687971674681e-02 7.105487461108429825e-02
1.034983608007378431e+00 6.644911797703831335e-02 7.092811006618983394e-02
1.033133165466352033e+00 6.660662907435987989e-02 7.080129801698864522e-02
1.031281821168219315e+00 6.676414017168146031e-02 7.067442416977752495e-02
1.029429371468338683e+00 6.692165126900302685e-02 7.054747456865465005e-02
1.027575617576536038e+00 6.707916236632460727e-02 7.042043559039826151e-02
1.025720365483939300e+00 6.723667346364617381e-02 7.029329393945210613e-02
1.023863425891285317e+00 6.739418456096774035e-02 7.016603664301282461e-02
1.022004613264273498e+00 6.755169565828932077e-02 7.003865098629215302e-02
1.020143731063017034e+00 6.770920675561088731e-02 6.991112350028197420e-02
1.018280574192785615e+00 6.786671785293246772e-02 6.978344012970497112e-02
1.016414942185380310e+00 6.802422895025403426e-02 6.965558713634303900e-02
1.014546639574088083e+00 6.818174004757560080e-02 6.952755112473335553e-02
1.012675475821713134e+00 6.833925114489718122e-02 6.939931903723599305e-02
1.010801265249971159e+00 6.849676224221874776e-02 6.927087814919558051e-02
1.008923826970305582e+00 6.865427333954032818e-02 6.914221606419988786e-02
1.007042984816048037e+00 6.881178443686189472e-02 6.901332070943080876e-02
1.005158567275859616e+00 6.896929553418346126e-02 6.888418033110298155e-02
1.003270407428452415e+00 6.912680663150504168e-02 6.875478348999039535e-02
1.001378342878511907e+00 6.928431772882660822e-02 6.862511905703490289e-02
9.994822156938114599e-01 6.944182882614817476e-02 6.849517620903669557e-02
9.975818723434531909e-01 6.959933992346975518e-02 6.836494442442202224e-02
9.956771636372397927e-01 6.975685102079132172e-02 6.823441347908808241e-02
9.937679446661029647e-01 6.991436211811290213e-02 6.810357344232076393e-02
9.918540747435755645e-01 7.007187321543446867e-02 6.797241467278357374e-02
9.899354173482537433e-01 7.022938431275603521e-02 6.784092781457459753e-02
9.880118400672682766e-01 7.038689541007761563e-02 6.770910379335244589e-02
9.860832145406774885e-01 7.054440650739918217e-02 6.757693381252553866e-02
9.841494164067596806e-01 7.070191760472076259e-02 6.744440934950297895e-02
9.822103252482277114e-01 7.085942870204232913e-02 6.731152215200859878e-02
9.802658249427864678e-01 7.101693979936389567e-02 6.717826426210482538e-02
9.783158085904359869e-01 7.117445089668547609e-02 6.704462835386403030e-02
9.763601767930750741e-01 7.133196199400704263e-02 6.691060761546875624e-02
9.743988337699852620e-01 7.148947309132862304e-02 6.677619548300312013e-02
9.724316872258549349e-01 7.164698418865018958e-02 6.664138563140840910e-02
9.704586483040336109e-01 7.180449528597175612e-02 6.650617197127978164e-02
9.684796315404411438e-01 7.196200638329333654e-02 6.637054864570733625e-02
9.664945548181530510e-01 7.211951748061490308e-02 6.623451002716404523e-02
9.645033393225811436e-01 7.227702857793646962e-02 6.609805071443412838e-02
9.625059094972852058e-01 7.243453967525805004e-02 6.596116552958483648e-02
9.605021930003598829e-01 7.259205077257961658e-02 6.582384951497763370e-02
9.584921206614068767e-01 7.274956186990119700e-02 6.568609793031944533e-02
9.564756264390645857e-01 7.290707296722276354e-02 6.554790624975215252e-02
9.544526473790603260e-01 7.306458406454433008e-02 6.540927015897790575e-02
9.524231235728155553e-01 7.322209516186591050e-02 6.527018555242222742e-02
9.503869981165460334e-01 7.337960625918747704e-02 6.513064853043122604e-02
9.483442170708674679e-01 7.353711735650905745e-02 6.499065539650326906e-02
9.462947294208684523e-01 7.369462845383062399e-02 6.485020265455278266e-02
9.442384870366755667e-01 7.385213955115219053e-02 6.470928700620778851e-02
9.421754446344584588e-01 7.400965064847377095e-02 6.456790534813749982e-02
9.401055597378834561e-01 7.416716174579533749e-02 6.442605476941067055e-02
9.380287926399992759e-01 7.432467284311691791e-02 6.428373254888375410e-02
9.359451063655577219e-01 7.448218394043848445e-02 6.414093615261856618e-02
9.338544682122325025e-01 7.463969503776005099e-02 6.399766333950308861e-02
9.317568738681529794e-01 7.479720613508163141e-02 6.385391381404195710e-02
9.296523420054256803e-01 7.495471723240319795e-02 6.370968885584701868e-02
9.275408934543030171e-01 7.511222832972476449e-02 6.356498989242916065e-02
9.254225505533333340e-01 7.526973942704634490e-02 6.341981845466392043e-02
9.232973371245644101e-01 7.542725052436791144e-02 6.327417617509191461e-02
9.211652784490512724e-01 7.558476162168949186e-02 6.312806478624050088e-02
9.190264012424987916e-01 7.574227271901105840e-02 6.298148611895466875e-02
9.168807336311974865e-01 7.589978381633262494e-02 6.283444210074760894e-02
9.147283051281209776e-01 7.605729491365420536e-02 6.268693475416292626e-02
9.125691466092671345e-01 7.621480601097577190e-02 6.253896619515313116e-02
9.104032902901909585e-01 7.637231710829735232e-02 6.239053863147146078e-02
9.082307697027575122e-01 7.652982820561891886e-02 6.224165436107880617e-02
9.060516196720869164e-01 7.668733930294048540e-02 6.209231577056361501e-02
9.038658762937078484e-01 7.684485040026206581e-02 6.194252533357633844e-02
9.016735769109058829e-01 7.700236149758363235e-02 6.179228560927695069e-02
8.994747600922753383e-01 7.715987259490521277e-02 6.164159924079667258e-02
8.972694656094480914e-01 7.731738369222677931e-02 6.149046895371176880e-02
8.950577344150401071e-01 7.747489478954834585e-02 6.133889755453198617e-02
8.928396086207652793e-01 7.763240588686992627e-02 6.118688792920096847e-02
8.906151314757424498e-01 7.778991698419149281e-02 6.103444304160927231e-02
8.883843473449902772e-01 7.794742808151305935e-02 6.088156593212104561e-02
8.861473016881160625e-01 7.810493917883463977e-02 6.072825971611306439e-02
8.839040410381600044e-01 7.826245027615620631e-02 6.057452758252540592e-02
8.816546135436689191e-01 7.841996137347778673e-02 6.042037283100973322e-02
8.793990990467821511e-01 7.857747247079935327e-02 6.026580093320058756e-02
8.771376233885083140e-01 7.873498356812091981e-02 6.011082051306534252e-02
8.748703154217729594e-01 7.889249466544250022e-02 5.995544040098013672e-02
8.725973031975254868e-01 7.905000576276406676e-02 5.979966937236102370e-02
8.703187139628980606e-01 7.920751686008564718e-02 5.964351614753801711e-02
8.680346741594605620e-01 7.936502795740721372e-02 5.948698939163543642e-02
8.657453094216150946e-01 7.952253905472878026e-02 5.933009771446173114e-02
8.634507445750645438e-01 7.968005015205036068e-02 5.917284967040478683e-02
8.611511036354266846e-01 7.983756124937192722e-02 5.901525375833679282e-02
8.588465098069242298e-01 7.999507234669350764e-02 5.885731842152447379e-02
8.565370854811994450e-01 8.015258344401507418e-02 5.869905204754786304e-02
8.542229522362245753e-01 8.031009454133664072e-02 5.854046296822570938e-02
8.519042308353229620e-01 8.046760563865822113e-02 5.838155945954830173e-02
8.495810412262696509e-01 8.062511673597978767e-02 5.822234974161584475e-02
8.472535025405242282e-01 8.078262783330135421e-02 5.806284197858596619e-02
8.449217330925368197e-01 8.094013893062293463e-02 5.790304427862601883e-02
8.425858503791583409e-01 8.109765002794450117e-02 5.774296469387277947e-02
8.402459710791432279e-01 8.125516112526608159e-02 5.758261122039835811e-02
8.379022110527537537e-01 8.141267222258764813e-02 5.742199179818303217e-02
8.355546853414511643e-01 8.157018331990921467e-02 5.726111431109408983e-02
8.332035081676789634e-01 8.172769441723079509e-02 5.709998658687098078e-02
8.308487929347221357e-01 8.188520551455236163e-02 5.693861639711577521e-02
8.284906522266947126e-01 8.204271661187394205e-02 5.677701145729208143e-02
8.261291978085547605e-01 8.220022770919550859e-02 5.661517942672630171e-02
8.237645406262670278e-01 8.235773880651707513e-02 5.645312790861869989e-02
8.213968018506513369e-01 8.251524990383865554e-02 5.629086520688548340e-02
8.190261657280858421e-01 8.267276100116022208e-02 5.612840394805267141e-02
8.166528370569119399e-01 8.283027209848178862e-02 5.596575816708578704e-02
8.142770176138045546e-01 8.298778319580336904e-02 5.580294169187362957e-02
8.118989061473528279e-01 8.314529429312493558e-02 5.563996814278827224e-02
8.095186984042651579e-01 8.330280539044651600e-02 5.547685093448082722e-02
8.071365871556794858e-01 8.346031648776808254e-02 5.531360327768471835e-02
8.047527622235531863e-01 8.361782758508964908e-02 5.515023818102400555e-02
8.023674105071566531e-01 8.377533868241122950e-02 5.498676845282909204e-02
7.999807160096380487e-01 8.393284977973279604e-02 5.482320670295724035e-02
7.975928598646329082e-01 8.409036087705437645e-02 5.465956534461608590e-02
7.952040203629494597e-01 8.424787197437594299e-02 5.449585659619245875e-02
7.928143729792818117e-01 8.440538307169750953e-02 5.433209248308298878e-02
7.904240903989493416e-01 8.456289416901908995e-02 5.416828483952666751e-02
7.880333425446864881e-01 8.472040526634065649e-02 5.400444531044065744e-02
7.856422966034106725e-01 8.487791636366223691e-02 5.384058535325483147e-02
7.832511170530328526e-01 8.503542746098380345e-02 5.367671623974901857e-02
7.808599656892284413e-01 8.519293855830536999e-02 5.351284905788768892e-02
7.784690016522319844e-01 8.535044965562695041e-02 5.334899471365617957e-02
7.760783814535864300e-01 8.550796075294851695e-02 5.318516393289392241e-02
7.736882590028698603e-01 8.566547185027008349e-02 5.302136726312589587e-02
7.712987856344091231e-01 8.582298294759166390e-02 5.285761507539348675e-02
7.689101101339261835e-01 8.598049404491323044e-02 5.269391756608040461e-02
7.665223787651427312e-01 8.613800514223481086e-02 5.253028475873613989e-02
7.641357352963417116e-01 8.629551623955637740e-02 5.236672650589598021e-02
7.617503210268470326e-01 8.645302733687794394e-02 5.220325249089595443e-02
7.593662748293883435e-01 8.661053843419952436e-02 5.203987223077592011e-02
7.569837544815791741e-01 8.676804953152109090e-02 5.187659653813986999e-02
7.546029779524295877e-01 8.692556062884267132e-02 5.171344035054805527e-02
7.522241704892249636e-01 8.708307172616423786e-02 5.155041910434560865e-02
7.498475527844110644e-01 8.724058282348580440e-02 5.138754792373162461e-02
7.474733410315563820e-01 8.739809392080738482e-02 5.122484162459407797e-02
7.451017469812830640e-01 8.755560501812895136e-02 5.106231471834287577e-02
7.427329779970838208e-01 8.771311611545053177e-02 5.089998141573520707e-02
7.403672371110499029e-01 8.787062721277209831e-02 5.073785563069425908e-02
7.380047230794640756e-01 8.802813831009366485e-02 5.057595098411938467e-02
7.356456304382500422e-01 8.818564940741524527e-02 5.041428080768585451e-02
7.332901495582696549e-01 8.834316050473681181e-02 5.025285814763454789e-02
7.309384667004097391e-01 8.850067160205837835e-02 5.009169576854699546e-02
7.285907640705043820e-01 8.865818269937995877e-02 4.993080615710938225e-02
7.262472198740105300e-01 8.881569379670152531e-02 4.977020152585932139e-02
7.239080083704694246e-01 8.897320489402310573e-02 4.960989381691822964e-02
7.215732999277121307e-01 8.913071599134467227e-02 4.944989470570603646e-02
7.192432610758063838e-01 8.928822708866623881e-02 4.929021560463831692e-02
7.169180545607305444e-01 8.944573818598781922e-02 4.913086766680434259e-02
7.145978393977459042e-01 8.960324928330938576e-02 4.897186178962502356e-02
7.122827709244879957e-01 8.976076038063096618e-02 4.881320861849110931e-02
7.099730008537274983e-01 8.991827147795253272e-02 4.865491855037890750e-02
7.076686773258035190e-01 9.007578257527409926e-02 4.849700173744369430e-02
7.053699449607468974e-01 9.023329367259567968e-02 4.833946809059171124e-02
7.030769449100208179e-01 9.039080476991724622e-02 4.818232728302585671e-02
7.007898149079366812e-01 9.054831586723882664e-02 4.802558875376951308e-02
6.985086893226860605e-01 9.070582696456039318e-02 4.786926171116353407e-02
6.962336992070066177e-01 9.086333806188195972e-02 4.771335513633858522e-02
6.939649723484625499e-01 9.102084915920354014e-02 4.755787778666081128e-02
6.917026435510681415e-01 9.117836025652510668e-02 4.740283890033829967e-02
6.894468910339157652e-01 9.133587135384667322e-02 4.724825069084320067e-02
6.871979019546682332e-01 9.149338245116825363e-02 4.709412598421362783e-02
6.849558587846139579e-01 9.165089354848982017e-02 4.694047728532754066e-02
6.827209393817689209e-01 9.180840464581140059e-02 4.678731678291218193e-02
6.804933170647148311e-01 9.196591574313296713e-02 4.663465635460445347e-02
6.782731606859653262e-01 9.212342684045453367e-02 4.648250757197853328e-02
6.760606347047853903e-01 9.228093793777611409e-02 4.633088170553648077e-02
6.738558992595384822e-01 9.243844903509768063e-02 4.617978972966610418e-02
6.716591102394426915e-01 9.259596013241926105e-02 4.602924232755841588e-02
6.694704193558090877e-01 9.275347122974082759e-02 4.587924989608973408e-02
6.672899742126803257e-01 9.291098232706239413e-02 4.572982255066262991e-02
6.651179183769070358e-01 9.306849342438397454e-02 4.558097013000812076e-02
6.629543914476286881e-01 9.322600452170554108e-02 4.543270220094741685e-02
6.607995291251268499e-01 9.338351561902712150e-02 4.528502806311043155e-02
6.586534632790871369e-01 9.354102671634868804e-02 4.513795675361381710e-02
6.565163220162167912e-01 9.369853781367025458e-02 4.499149705169475794e-02
6.543882297472330967e-01 9.385604891099183500e-02 4.484565748330189561e-02
6.522693072531993153e-01 9.401356000831340154e-02 4.470044632564124792e-02
6.501596717512220236e-01 9.417107110563496808e-02 4.455587161167850335e-02
6.480594369594621096e-01 9.432858220295654850e-02 4.441194113459435988e-02
6.459687131615160505e-01 9.448609330027811504e-02 4.426866245219645418e-02
6.438876072700935316e-01 9.464360439759969545e-02 4.412604289128339158e-02
6.418162228900241573e-01 9.480111549492126199e-02 4.398408955196257686e-02
6.397546603805939203e-01 9.495862659224282853e-02 4.384280931192213043e-02
6.377030169171795659e-01 9.511613768956440895e-02 4.370220883065482897e-02
6.356613865522068307e-01 9.527364878688597549e-02 4.356229455363543751e-02
6.336298602754002474e-01 9.543115988420755591e-02 4.342307271644991334e-02
6.316085260733526052e-01 9.558867098152912245e-02 4.328454934887755040e-02
6.295974691896865094e-01 9.574618207885068899e-02 4.314673029272005772e-02
6.275967815781251513e-01 9.590369317617226941e-02 4.300962184962686674e-02
6.256065657064643348e-01 9.606120427349383595e-02 4.287323104178360905e-02
6.236269217774538243e-01 9.621871537081541637e-02 4.273756473615094448e-02
6.216579467438733131e-01 9.637622646813698291e-02 4.260262957696690084e-02
6.196997343739667485e-01 9.653373756545854945e-02 4.246843199023108556e-02
6.177523753161289211e-01 9.669124866278012986e-02 4.233497818813789643e-02
6.158159571628063489e-01 9.684875976010169640e-02 4.220227417345550486e-02
6.138905645136342182e-01 9.700627085742326294e-02 4.207032574385282525e-02
6.119762790377875072e-01 9.716378195474484336e-02 4.193913849617227074e-02
6.100731795355709419e-01 9.732129305206640990e-02 4.180871783065080727e-02
6.081813419992176950e-01 9.747880414938799032e-02 4.167906895508634302e-02
6.063008396729261396e-01 9.763631524670955686e-02 4.155019688895213170e-02
6.044317431121081219e-01 9.779382634403112340e-02 4.142210646745717040e-02
6.025741202418760656e-01 9.795133744135270382e-02 4.129480234555427121e-02
6.007280364147455920e-01 9.810884853867427036e-02 4.116828900189445362e-02
5.988935544675693112e-01 9.826635963599585077e-02 4.104257074272871231e-02
5.970707347777174379e-01 9.842387073331741731e-02 4.091765170575812488e-02
5.952596353184547162e-01 9.858138183063898385e-02 4.079353586392876763e-02
5.934603117136033612e-01 9.873889292796056427e-02 4.067022702917796190e-02
5.916728172913976458e-01 9.889640402528213081e-02 4.054772885612475258e-02
5.898972031376132907e-01 9.905391512260371123e-02 4.042604484571113432e-02
5.881335181479347973e-01 9.921142621992527777e-02 4.030517834879061845e-02
5.863818090795593907e-01 9.936893731724684431e-02 4.018513256966482761e-02
5.846421206020780970e-01 9.952644841456842473e-02 4.006591056957032465e-02
5.829144953476009805e-01 9.968395951188999127e-02 3.994751527011373288e-02
5.811989739601493010e-01 9.984147060921155781e-02 3.982994945665672276e-02
5.794955951443176989e-01 9.999898170653313823e-02 3.971321578165065702e-02
5.778043957132158459e-01 1.001564928038547048e-01 3.959731676792229565e-02
5.761254106356767934e-01 1.003140039011762852e-01 3.948225481190886094e-02
5.744586730827618837e-01 1.004715149984978517e-01 3.936803218684506445e-02
5.728042143826387322e-01 1.006290260958194183e-01 3.925465103967092778e-02
5.711620546069291482e-01 1.007865371931409987e-01 3.914211274590796014e-02
5.695321946118716561e-01 1.009440482904625652e-01 3.903041736423473740e-02
5.679146322629297083e-01 1.011015593877841456e-01 3.891956474837006408e-02
5.663093644409549210e-01 1.012590704851057122e-01 3.880955468455662971e-02
5.647163870719958956e-01 1.014165815824272787e-01 3.870038689360388168e-02
5.631356951566007796e-01 1.015740926797488591e-01 3.859206103289605089e-02
5.615672827986034621e-01 1.017316037770704257e-01 3.848457669836502504e-02
5.600111432333756412e-01 1.018891148743920061e-01 3.837793342642631389e-02
5.584672688555947229e-01 1.020466259717135726e-01 3.827213069588215888e-02
5.569356512465092335e-01 1.022041370690351392e-01 3.816716792978998296e-02
5.554162812007042982e-01 1.023616481663567196e-01 3.806304449729658312e-02
5.539091487523998270e-01 1.025191592636782861e-01 3.795975971544050809e-02
5.524142432012478787e-01 1.026766703609998527e-01 3.785731285091981091e-02
5.509315531376844932e-01 1.028341814583214331e-01 3.775570312182957577e-02
5.494610664678042378e-01 1.029916925556429996e-01 3.765492969936645035e-02
5.480027704377726794e-01 1.031492036529645800e-01 3.755499170950174492e-02
5.465566516578053147e-01 1.033067147502861466e-01 3.745588823462470823e-02
5.451226961256874226e-01 1.034642258476077131e-01 3.735761831515432146e-02
5.437008892498675916e-01 1.036217369449292935e-01 3.726018095112188649e-02
5.422912158721177045e-01 1.037792480422508601e-01 3.716357510372403361e-02
5.408936602897604917e-01 1.039367591395724405e-01 3.706779969684596832e-02
5.395082062775015119e-01 1.040942702368940070e-01 3.697285361855748992e-02
5.381348371088262583e-01 1.042517813342155736e-01 3.687873572257954757e-02
5.367735355770113514e-01 1.044092924315371540e-01 3.678544482972403301e-02
5.354242840157229510e-01 1.045668035288587205e-01 3.669297972930540136e-02
5.340870643192442424e-01 1.047243146261803010e-01 3.660133918052691643e-02
5.327618579622978023e-01 1.048818257235018675e-01 3.651052191383910572e-02
5.314486460194922657e-01 1.050393368208234340e-01 3.642052663227241666e-02
5.301474091844083913e-01 1.051968479181450145e-01 3.633135201274516335e-02
5.288581277883116494e-01 1.053543590154665810e-01 3.624299670734597301e-02
5.275807818184984344e-01 1.055118701127881475e-01 3.615545934459108574e-02
5.263153509362938909e-01 1.056693812101097280e-01 3.606873853065763885e-02
5.250618123308750107e-01 1.058268923074312945e-01 3.598283270230492187e-02
5.238201065318957017e-01 1.059844034047528749e-01 3.589773778399080878e-02
5.225901443063794005e-01 1.061419145020744415e-01 3.581344766052051154e-02
5.213718364846220421e-01 1.062994255993960080e-01 3.572995622103532914e-02
5.201650948830298660e-01 1.064569366967175884e-01 3.564725742225533650e-02
5.189698322927374097e-01 1.066144477940391549e-01 3.556534528769943887e-02
5.177859624683759376e-01 1.067719588913607354e-01 3.548421390691552241e-02
5.166134001169705448e-01 1.069294699886823019e-01 3.540385743471972241e-02
5.154520608870186704e-01 1.070869810860038684e-01 3.532427009044786237e-02
5.143018613576851861e-01 1.072444921833254489e-01 3.524544615721503238e-02
5.131627190281483619e-01 1.074020032806470154e-01 3.516737998118544400e-02
5.120345523070954918e-01 1.075595143779685958e-01 3.509006597085256168e-02
5.109172805023488584e-01 1.077170254752901624e-01 3.501349859632816447e-02
5.098108238106281442e-01 1.078745365726117289e-01 3.493767238864073366e-02
5.087151033074508444e-01 1.080320476699333093e-01 3.486258193904340219e-02
5.076300409371690137e-01 1.081895587672548759e-01 3.478822189833107731e-02
5.065555595031323577e-01 1.083470698645764424e-01 3.471458697616631311e-02
5.054915826579786664e-01 1.085045809618980228e-01 3.464167194041396780e-02
5.044380348940593617e-01 1.086620920592195894e-01 3.456947161648506184e-02
5.033948415339833948e-01 1.088196031565411698e-01 3.449798088668864365e-02
5.023619287212938156e-01 1.089771142538627363e-01 3.442719468959293261e-02
5.013392234112538093e-01 1.091346253511843029e-01 3.435710801939394210e-02
5.003266533617701795e-01 1.092921364485058833e-01 3.428771592529324813e-02
4.993241471244154184e-01 1.094496475458274498e-01 3.421901351088300208e-02
4.983316340355873342e-01 1.096071586431490302e-01 3.415099593353985302e-02
4.973490442077699858e-01 1.097646697404705968e-01 3.408365840382619749e-02
4.963763085209176862e-01 1.099221808377921633e-01 3.401699618489965882e-02
4.954133586139370382e-01 1.100796919351137437e-01 3.395100459192935266e-02
4.944601268763039736e-01 1.102372030324353103e-01 3.388567899152145069e-02
4.935165464397673341e-01 1.103947141297568907e-01 3.382101480115052433e-02
4.925825511701663051e-01 1.105522252270784572e-01 3.375700748859886136e-02
4.916580756593675883e-01 1.107097363244000238e-01 3.369365257140392866e-02
4.907430552172866167e-01 1.108672474217216042e-01 3.363094561631149032e-02
4.898374258640217360e-01 1.110247585190431707e-01 3.356888223873664284e-02
4.889411242140048186e-01 1.111822696163647373e-01 3.350745809482454096e-02
4.880540652766771625e-01 1.113397807136863177e-01 3.344666736011608216e-02
4.871761157908818252e-01 1.114972918110078842e-01 3.338650090213620553e-02
4.863071376803640433e-01 1.116548029083294646e-01 3.332694925842796807e-02
4.854469947322143653e-01 1.118123140056510312e-01 3.326800309423078028e-02
4.845955525645938011e-01 1.119698251029725977e-01 3.320965320026842554e-02
4.837526785951266617e-01 1.121273362002941781e-01 3.315189049058320930e-02
4.829182420099530360e-01 1.122848472976157447e-01 3.309470600041491961e-02
4.820921137334359119e-01 1.124423583949373251e-01 3.303809088412490436e-02
4.812741663984921314e-01 1.125998694922588916e-01 3.298203641316285045e-02
4.804642743175398523e-01 1.127573805895804582e-01 3.292653397407582089e-02
4.796623134540626276e-01 1.129148916869020386e-01 3.287157506655939698e-02
4.788681613947377569e-01 1.130724027842236051e-01 3.281715130154775478e-02
4.780816973221697630e-01 1.132299138815451855e-01 3.276325439934502093e-02
4.773028019881619399e-01 1.133874249788667521e-01 3.270987618779352957e-02
4.765313576875623292e-01 1.135449360761883186e-01 3.265700860048148524e-02
4.757672482326195662e-01 1.137024471735098990e-01 3.260464367498557003e-02
4.750103589278961702e-01 1.138599582708314656e-01 3.255277355115171467e-02
4.742605765456681111e-01 1.140174693681530321e-01 3.250139046940924564e-02
4.735177893018471806e-01 1.141749804654746125e-01 3.245048676912078156e-02
4.727818868323868107e-01 1.143324915627961791e-01 3.240005488696531821e-02
4.720527601701674514e-01 1.144900026601177595e-01 3.235008735535420399e-02
4.713303017223579028e-01 1.146475137574393260e-01 3.230057680087967953e-02
4.706144052482289508e-01 1.148050248547608926e-01 3.225151594279442729e-02
4.699049658374291338e-01 1.149625359520824730e-01 3.220289759152278330e-02
4.692018798886811171e-01 1.151200470494040395e-01 3.215471464720078693e-02
4.685050450889281515e-01 1.152775581467256200e-01 3.210696009824711566e-02
4.678143603928902605e-01 1.154350692440471865e-01 3.205962701996202535e-02
4.671297260030348730e-01 1.155925803413687530e-01 3.201270857315469121e-02
4.664510433499476916e-01 1.157500914386903335e-01 3.196619800279806162e-02
4.657782150730992443e-01 1.159076025360119000e-01 3.192008863671078750e-02
4.651111450020029570e-01 1.160651136333334804e-01 3.187437388426587331e-02
4.644497381377354350e-01 1.162226247306550470e-01 3.182904723512443301e-02
4.637939006348416604e-01 1.163801358279766135e-01 3.178410225799543215e-02
4.631435397835916845e-01 1.165376469252981939e-01 3.173953259941985489e-02
4.624985639925873748e-01 1.166951580226197605e-01 3.169533198257872691e-02
4.618588827680628617e-01 1.168526691199413270e-01 3.165149420587451412e-02
4.612243956478316309e-01 1.170101802172629074e-01 3.160801238456723700e-02
4.605949680802495783e-01 1.171676913145844739e-01 3.156487729774386242e-02
4.599704601528345482e-01 1.173252024119060544e-01 3.152207935710964193e-02
4.593507336961827336e-01 1.174827135092276209e-01 3.147960909382406525e-02
4.587356522570534834e-01 1.176402246065491874e-01 3.143745715665646062e-02
4.581250810721297917e-01 1.177977357038707679e-01 3.139561431018771803e-02
4.575188870424311549e-01 1.179552468011923344e-01 3.135407143305684458e-02
4.569169387083652500e-01 1.181127578985139148e-01 3.131281951625115162e-02
4.563191062254114416e-01 1.182702689958354814e-01 3.127184966143987943e-02
4.557252613404002006e-01 1.184277800931570479e-01 3.123115307934867801e-02
4.551352773683984831e-01 1.185852911904786283e-01 3.119072108817541947e-02
4.545490291701697605e-01 1.187428022878001949e-01 3.115054511204558979e-02
4.539663931301981536e-01 1.189003133851217753e-01 3.111061667950625748e-02
4.533872471352626832e-01 1.190578244824433418e-01 3.107092742205775845e-02
4.528114705535589146e-01 1.192153355797649084e-01 3.103146907272289270e-02
4.522389442143305849e-01 1.193728466770864888e-01 3.099223346465103737e-02
4.516695503880304718e-01 1.195303577744080553e-01 3.095321252975857459e-02
4.511031727669677638e-01 1.196878688717296219e-01 3.091439829740265030e-02
4.505396964464442600e-01 1.198453799690512023e-01 3.087578289308843399e-02
4.499790079063749060e-01 1.200028910663727688e-01 3.083735853720955336e-02
4.494209949933626880e-01 1.201604021636943492e-01 3.079911754381963254e-02
4.488655469032301060e-01 1.203179132610159158e-01 3.076105231943523921e-02
4.483125541639923495e-01 1.204754243583374823e-01 3.072315536186893611e-02
4.477619086192647924e-01 1.206329354556590627e-01 3.068541925909231208e-02
4.472135034120752195e-01 1.207904465529806293e-01 3.064783668812647716e-02
4.466672329691085408e-01 1.209479576503022097e-01 3.061040041396244360e-02
4.461229929853329224e-01 1.211054687476237762e-01 3.057310328850751033e-02
4.455806804090277629e-01 1.212629798449453428e-01 3.053593824955919481e-02
4.450401934271774884e-01 1.214204909422669232e-01 3.049889831980434965e-02
4.445014314512563125e-01 1.215780020395884897e-01 3.046197660584484823e-02
4.439642951033524465e-01 1.217355131369100563e-01 3.042516629724679664e-02
4.434286862026688425e-01 1.218930242342316367e-01 3.038846066561533624e-02
4.428945077523412377e-01 1.220505353315532032e-01 3.035185306369131072e-02
4.423616639266140793e-01 1.222080464288747836e-01 3.031533692447242051e-02
4.418300600583324189e-01 1.223655575261963502e-01 3.027890576035602646e-02
4.412996026267542726e-01 1.225230686235179167e-01 3.024255316230392912e-02
4.407701992456716233e-01 1.226805797208394971e-01 3.020627279902829768e-02
4.402417586501336522e-01 1.228380908181610637e-01 3.017005841608176239e-02
4.397141882321835005e-01 1.229956019154826441e-01 3.013390366697990888e-02
4.391873891811987618e-01 1.231531130128042106e-01 3.009780178016555063e-02
4.386612625342563021e-01 1.233106241101257772e-01 3.006174597364418347e-02
4.381357105454181666e-01 1.234681352074473576e-01 3.002572954882216233e-02
4.376106366743283127e-01 1.236256463047689241e-01 2.998974588972514940e-02
4.370859455751109901e-01 1.237831574020905046e-01 2.995378846223729560e-02
4.365615430855956935e-01 1.239406684994120711e-01 2.991785081336290758e-02
4.360373362168236677e-01 1.240981795967336376e-01 2.988192657050721401e-02
4.355132331428530623e-01 1.242556906940552180e-01 2.984600944077779941e-02
4.349891431908440853e-01 1.244132017913767846e-01 2.981009321030508516e-02
4.344649768314173821e-01 1.245707128886983511e-01 2.977417174358158031e-02
4.339406456692846414e-01 1.247282239860199315e-01 2.973823898281981182e-02
4.334160624341326651e-01 1.248857350833414981e-01 2.970228894732758126e-02
4.328911409717683956e-01 1.250432461806630924e-01 2.966631573290115509e-02
4.323657962354952589e-01 1.252007572779846589e-01 2.963031351123427554e-02
4.318399442777502428e-01 1.253582683753062255e-01 2.959427652934500108e-02
4.313135022419471998e-01 1.255157794726277920e-01 2.955819910901677158e-02
4.307863883545643979e-01 1.256732905699493585e-01 2.952207564625615802e-02
4.302585219174411280e-01 1.258308016672709251e-01 2.948590061076490978e-02
4.297298233002951884e-01 1.259883127645924916e-01 2.944966854542720863e-02
4.292002139334326616e-01 1.261458238619140859e-01 2.941337406581005440e-02
4.286696163006716298e-01 1.263033349592356525e-01 2.937701185967832307e-02
4.281379539324507433e-01 1.264608460565572190e-01 2.934057668652246403e-02
4.276051513991298014e-01 1.266183571538787855e-01 2.930406337709944020e-02
4.270711343044722996e-01 1.267758682512003521e-01 2.926746683298603671e-02
4.265358292793004491e-01 1.269333793485219464e-01 2.923078202614404209e-02
4.259991639753297199e-01 1.270908904458435129e-01 2.919400399849775979e-02
4.254610670591589261e-01 1.272484015431650795e-01 2.915712786152210856e-02
4.249214682064236248e-01 1.274059126404866460e-01 2.912014879584194638e-02
4.243802980961168259e-01 1.275634237378082125e-01 2.908306205084288526e-02
4.238374884050366553e-01 1.277209348351298068e-01 2.904586294429080048e-02
4.232929718023970000e-01 1.278784459324513734e-01 2.900854686196244897e-02
4.227466819445745427e-01 1.280359570297729399e-01 2.897110925728553152e-02
4.221985534699845832e-01 1.281934681270945064e-01 2.893354565098748415e-02
4.216485219940916962e-01 1.283509792244160730e-01 2.889585163075357108e-02
4.210965241045530605e-01 1.285084903217376673e-01 2.885802285089407102e-02
4.205424973564672042e-01 1.286660014190592338e-01 2.882005503201864882e-02
4.199863802677533675e-01 1.288235125163808004e-01 2.878194396071973027e-02
4.194281123146371137e-01 1.289810236137023669e-01 2.874368548926306902e-02
4.188676339520563396e-01 1.291385347110239334e-01 2.870527553698626333e-02
4.183048939078626849e-01 1.292960458083455277e-01 2.866671059017510820e-02
4.177398592104424324e-01 1.294535569056670943e-01 2.862798838926315648e-02
4.171725000583749177e-01 1.296110680029886608e-01 2.858910689193936219e-02
4.166027872413641253e-01 1.297685791003102274e-01 2.855006409640286485e-02
4.160306921374424816e-01 1.299260901976317939e-01 2.851085804117131639e-02
4.154561867102078421e-01 1.300836012949533882e-01 2.847148680489157077e-02
4.148792435060867367e-01 1.302411123922749547e-01 2.843194850615211530e-02
4.142998356516174319e-01 1.303986234895965213e-01 2.839224130329684806e-02
4.137179368507625243e-01 1.305561345869180878e-01 2.835236339424100291e-02
4.131335213822371899e-01 1.307136456842396544e-01 2.831231301628790720e-02
4.125465640968608017e-01 1.308711567815612486e-01 2.827208844594762682e-02
4.119570404149329734e-01 1.310286678788828152e-01 2.823168799875706847e-02
4.113649263236148768e-01 1.311861789762043817e-01 2.819111002910051553e-02
4.107701983743436980e-01 1.313436900735259483e-01 2.815035293003248160e-02
4.101728336802517583e-01 1.315012011708475148e-01 2.810941513310080686e-02
4.095728099136005662e-01 1.316587122681690813e-01 2.806829510817085427e-02
4.089701053032408495e-01 1.318162233654906756e-01 2.802699136325135718e-02
4.083646986320696448e-01 1.319737344628122422e-01 2.798550244432026005e-02
4.077565692345102022e-01 1.321312455601338087e-01 2.794382693515192612e-02
4.071456969939927228e-01 1.322887566574553753e-01 2.790196345714456017e-02
4.065320623404595768e-01 1.324462677547769418e-01 2.785991066914916825e-02
4.059156462478653582e-01 1.326037788520985361e-01 2.781766726729834396e-02
4.052964302316910961e-01 1.327612899494201026e-01 2.777523198483573125e-02
4.046743963464674576e-01 1.329188010467416692e-01 2.773260359194651761e-02
4.040495271832942881e-01 1.330763121440632357e-01 2.768978089558725084e-02
4.034218058673829654e-01 1.332338232413848023e-01 2.764676273931753608e-02
4.027912160555841559e-01 1.333913343387063966e-01 2.760354800313056384e-02
4.021577419339319448e-01 1.335488454360279631e-01 2.756013560328480008e-02
4.015213682151843044e-01 1.337063565333495296e-01 2.751652449213544058e-02
4.008820801363710551e-01 1.338638676306710962e-01 2.747271365796641329e-02
4.002398634563401059e-01 1.340213787279926627e-01 2.742870212482216227e-02
3.995947044532975334e-01 1.341788898253142570e-01 2.738448895233908109e-02
3.989465899223677559e-01 1.343364009226358236e-01 2.734007323557833061e-02
3.982955071731241192e-01 1.344939120199573901e-01 2.729545410485656812e-02
3.976414440271433537e-01 1.346514231172789566e-01 2.725063072557844593e-02
3.969843888155438760e-01 1.348089342146005232e-01 2.720560229806776725e-02
3.963243303765293102e-01 1.349664453119221175e-01 2.716036805739928742e-02
3.956612580529190182e-01 1.351239564092436840e-01 2.711492727322936322e-02
3.949951616896856810e-01 1.352814675065652505e-01 2.706927924962726495e-02
3.943260316314743941e-01 1.354389786038868171e-01 2.702342332490515267e-02
3.936538587201366957e-01 1.355964897012083836e-01 2.697735887144905170e-02
3.929786343679569915e-01 1.357540007985299779e-01 2.693108530073717519e-02
3.923003645650898208e-01 1.359115118958515445e-01 2.688460302327872267e-02
3.916190860280555630e-01 1.360690229931731110e-01 2.683791455528113795e-02
3.909348393108303399e-01 1.362265340904946775e-01 2.679102267593512846e-02
3.902476647784026698e-01 1.363840451878162441e-01 2.674393015148002206e-02
3.895576026058029662e-01 1.365415562851378384e-01 2.669663973513720576e-02
3.888646927771452488e-01 1.366990673824594049e-01 2.664915416704438655e-02
3.881689750847105436e-01 1.368565784797809715e-01 2.660147617419287777e-02
3.874704891280545960e-01 1.370140895771025380e-01 2.655360847036637023e-02
3.867692743131511124e-01 1.371716006744241045e-01 2.650555375608228473e-02
3.860653698515648102e-01 1.373291117717456711e-01 2.645731471853501535e-02
3.853588147596472280e-01 1.374866228690672654e-01 2.640889403154089710e-02
3.846496478577691724e-01 1.376441339663888319e-01 2.636029435548560909e-02
3.839379077695815323e-01 1.378016450637103985e-01 2.631151833727340267e-02
3.832236329212959647e-01 1.379591561610319650e-01 2.626256861027797748e-02
3.825068615410089912e-01 1.381166672583535315e-01 2.621344779429599786e-02
3.817876316580399165e-01 1.382741783556751258e-01 2.616415849550185468e-02
3.810659811023023313e-01 1.384316894529966924e-01 2.611470330640447771e-02
3.803419475037054243e-01 1.385892005503182589e-01 2.606508480580642037e-02
3.796155682915741680e-01 1.387467116476398254e-01 2.601530555876401668e-02
3.788868806941071421e-01 1.389042227449613920e-01 2.596536811655030322e-02
3.781559217378493987e-01 1.390617338422829863e-01 2.591527501661886057e-02
3.774227282471981915e-01 1.392192449396045528e-01 2.586502878256995153e-02
3.766873368439335179e-01 1.393767560369261194e-01 2.581463192411834542e-02
3.759497839467722535e-01 1.395342671342476859e-01 2.576408693706273498e-02
3.752101057709462673e-01 1.396917782315692524e-01 2.571339630325690517e-02
3.744683383278098465e-01 1.398492893288908467e-01 2.566256249058271668e-02
3.737245174244639423e-01 1.400068004262124133e-01 2.561158795292445972e-02
3.729786786634143314e-01 1.401643115235339798e-01 2.556047513014536240e-02
3.722308574422428795e-01 1.403218226208555464e-01 2.550922644806507406e-02
3.714810889533093907e-01 1.404793337181771129e-01 2.545784431843924056e-02
3.707294081834745514e-01 1.406368448154987072e-01 2.540633113894056466e-02
3.699758499138454670e-01 1.407943559128202737e-01 2.535468929314124362e-02
3.692204487195441254e-01 1.409518670101418403e-01 2.530292115049724219e-02
3.684632389694903476e-01 1.411093781074634068e-01 2.525102906633330813e-02
3.677042548262260402e-01 1.412668892047849734e-01 2.519901538183100947e-02
3.669435302457389469e-01 1.414244003021065677e-01 2.514688242401661236e-02
3.661810989773198188e-01 1.415819113994281342e-01 2.509463250575127632e-02
3.654169945634389016e-01 1.417394224967497007e-01 2.504226792572267213e-02
3.646512503396430738e-01 1.418969335940712673e-01 2.498979096843781042e-02
3.638838994344650302e-01 1.420544446913928338e-01 2.493720390421690428e-02
3.631149747693700469e-01 1.422119557887144281e-01 2.488450898918973669e-02
3.623445090587064654e-01 1.423694668860359946e-01 2.483170846529218073e-02
3.615725348096784364e-01 1.425269779833575612e-01 2.477880456026440928e-02
3.607990843294383576e-01 1.426844890806791277e-01 2.472579948813689518e-02
3.600242000547754229e-01 1.428420001780006943e-01 2.467269615713085784e-02
3.592479549719245768e-01 1.429995112753222608e-01 2.461949956904113321e-02
3.584704269871176185e-01 1.431570223726438551e-01 2.456621506283324791e-02
3.576916930869667444e-01 1.433145334699654216e-01 2.451284791445055775e-02
3.569118293423443888e-01 1.434720445672869882e-01 2.445940333708020165e-02
3.561309109123941830e-01 1.436295556646085547e-01 2.440588648142790265e-02
3.553490120486714754e-01 1.437870667619301213e-01 2.435230243600178257e-02
3.545662060993984843e-01 1.439445778592517156e-01 2.429865622740395859e-02
3.537825655138434056e-01 1.441020889565732821e-01 2.424495282063058102e-02
3.529981618468132076e-01 1.442596000538948486e-01 2.419119711937986125e-02
3.522130657632436823e-01 1.444171111512164152e-01 2.413739396636648341e-02
3.514273470429148949e-01 1.445746222485379817e-01 2.408354814364487007e-02
3.506410745852526767e-01 1.447321333458595760e-01 2.402966437293815871e-02
3.498543164142328687e-01 1.448896444431811426e-01 2.397574731597432174e-02
3.490671396833843754e-01 1.450471555405027091e-01 2.392180157482905190e-02
3.482796106808752068e-01 1.452046666378242756e-01 2.386783169227426477e-02
3.474917948346946672e-01 1.453621777351458422e-01 2.381384215213328340e-02
3.467037567179093727e-01 1.455196888324674365e-01 2.375983737964097731e-02
3.459155600540111952e-01 1.456771999297890030e-01 2.370582174181033730e-02
3.451272677223274910e-01 1.458347110271105695e-01 2.365179954780318589e-02
3.443389417635248084e-01 1.459922221244321361e-01 2.359777504930736167e-02
3.435506433851636121e-01 1.461497332217537026e-01 2.354375244091741481e-02
3.427624329673314985e-01 1.463072443190752969e-01 2.348973586052060386e-02
3.419743700683387511e-01 1.464647554163968635e-01 2.343572938968725011e-02
3.411865134304734593e-01 1.466222665137184300e-01 2.338173705406517561e-02
3.403989209858180320e-01 1.467797776110399965e-01 2.332776282377821767e-02
3.396116498621165603e-01 1.469372887083615631e-01 2.327381061382840025e-02
3.388247563886971903e-01 1.470947998056831574e-01 2.321988428450178638e-02
3.380382961024447352e-01 1.472523109030047239e-01 2.316598764177774800e-02
3.372523237538213037e-01 1.474098220003262905e-01 2.311212443774163239e-02
3.364668933129259520e-01 1.475673330976478570e-01 2.305829837099994048e-02
3.356820579756022993e-01 1.477248441949694235e-01 2.300451308709895726e-02
3.348978701695789484e-01 1.478823552922910178e-01 2.295077217894557833e-02
3.341143815606528733e-01 1.480398663896125844e-01 2.289707918723095023e-02
3.333316430589031709e-01 1.481973774869341509e-01 2.284343760085642133e-02
3.325497048249326792e-01 1.483548885842557175e-01 2.278985085736123448e-02
3.317686162761500634e-01 1.485123996815772840e-01 2.273632234335301941e-02
3.309884260930643363e-01 1.486699107788988505e-01 2.268285539493922198e-02
3.302091822256142395e-01 1.488274218762204448e-01 2.262945329816077461e-02
3.294309318995220504e-01 1.489849329735420114e-01 2.257611928942764717e-02
3.286537216226538827e-01 1.491424440708635779e-01 2.252285655595458180e-02
3.278775971914148490e-01 1.492999551681851444e-01 2.246966823619949566e-02
3.271026036971452222e-01 1.494574662655067110e-01 2.241655742030167556e-02
3.263287855325473497e-01 1.496149773628283053e-01 2.236352715052234916e-02
3.255561863981071835e-01 1.497724884601498718e-01 2.231058042168465594e-02
3.247848493085382371e-01 1.499299995574714384e-01 2.225772018161533902e-02
3.240148180359420094e-01 1.500875106547930049e-01 2.220494943004540714e-02
3.232461492432693873e-01 1.502450217521145714e-01 2.215227205012429423e-02
3.224789061666168966e-01 1.504025328494361657e-01 2.209969237546345264e-02
3.217131511084242446e-01 1.505600439467577323e-01 2.204721467569021806e-02
3.209489453679235105e-01 1.507175550440792988e-01 2.199484315168143828e-02
3.201863492512461717e-01 1.508750661414008654e-01 2.194258193625613085e-02
3.194254220815675449e-01 1.510325772387224319e-01 2.189043509487066663e-02
3.186662222092734309e-01 1.511900883360440262e-01 2.183840662631551105e-02
3.179088070221718354e-01 1.513475994333655927e-01 2.178650046341504970e-02
3.171532329557129604e-01 1.515051105306871593e-01 2.173472047372792051e-02
3.163995555032343421e-01 1.516626216280087258e-01 2.168307046024922288e-02
3.156478292262351881e-01 1.518201327253302924e-01 2.163155416211451701e-02
3.148981077646426652e-01 1.519776438226518867e-01 2.158017525530342776e-02
3.141504438471076077e-01 1.521351549199734532e-01 2.152893735334520872e-02
3.134048893012996162e-01 1.522926660172950197e-01 2.147784400802428204e-02
3.126614950642014890e-01 1.524501771146165863e-01 2.142689871008571917e-02
3.119203111924151450e-01 1.526076882119381528e-01 2.137610488994149197e-02
3.111813868724546128e-01 1.527651993092597471e-01 2.132546591837589448e-02
3.104447704310440703e-01 1.529227104065813136e-01 2.127498510725125969e-02
3.097105093453948466e-01 1.530802215039028802e-01 2.122466571021218440e-02
3.089786502534873636e-01 1.532377326012244467e-01 2.117451092339028840e-02
3.082492389643239905e-01 1.533952436985460133e-01 2.112452388610677051e-02
3.075223204681817313e-01 1.535527547958676076e-01 2.107470768157500285e-02
3.067979389468326601e-01 1.537102658931891741e-01 2.102506533760099480e-02
3.060761377837482589e-01 1.538677769905107406e-01 2.097559982728269823e-02
3.053569595742873788e-01 1.540252880878323072e-01 2.092631406970818161e-02
3.046404461358468430e-01 1.541827991851538737e-01 2.087721093065127154e-02
3.039266385179943963e-01 1.543403102824754403e-01 2.082829322326593124e-02
3.032155770125676275e-01 1.544978213797970346e-01 2.077956370877841186e-02
3.025073011637379738e-01 1.546553324771186011e-01 2.073102509717689515e-02
3.018018497780490805e-01 1.548128435744401676e-01 2.068268004789942938e-02
3.010992609344146365e-01 1.549703546717617342e-01 2.063453117051910687e-02
3.003995719940765197e-01 1.551278657690833007e-01 2.058658102542652857e-02
2.997028196105292475e-01 1.552853768664048950e-01 2.053883212450985721e-02
2.990090397393995181e-01 1.554428879637264616e-01 2.049128693183194586e-02
2.983182676482872830e-01 1.556003990610480281e-01 2.044394786430468736e-02
2.976305379265581919e-01 1.557579101583695946e-01 2.039681729236016497e-02
2.969458844950947918e-01 1.559154212556911612e-01 2.034989754061886438e-02
2.962643406159971571e-01 1.560729323530127555e-01 2.030319088855444057e-02
2.955859389022391093e-01 1.562304434503343220e-01 2.025669957115554601e-02
2.949107113272704805e-01 1.563879545476558885e-01 2.021042577958381825e-02
2.942386892345772442e-01 1.565454656449774551e-01 2.016437166182901211e-02
2.935699033471730890e-01 1.567029767422990216e-01 2.011853932335956954e-02
2.929043837770624048e-01 1.568604878396206159e-01 2.007293082777103152e-02
2.922421600346223336e-01 1.570179989369421825e-01 2.002754819742903064e-02
2.915832610379515133e-01 1.571755100342637490e-01 1.998239341410995226e-02
2.909277151221484892e-01 1.573330211315853155e-01 1.993746841963681474e-02
2.902755500485421081e-01 1.574905322289068821e-01 1.989277511651180858e-02
2.896267930138589075e-01 1.576480433262284764e-01 1.984831536854458900e-02
2.889814685305561737e-01 1.578055544235500429e-01 1.980409085559001192e-02
2.883395915314045932e-01 1.579630655208716095e-01 1.976010260100069874e-02
2.877011741648111687e-01 1.581205766181931760e-01 1.971635143731504530e-02
2.877011741648111687e-01 1.581205766181931760e-01 1.971635143731504530e-02
2.251391631807425631e-01 1.826842454521749870e-01 1.596900337339387382e-02
1.919949855451738852e-01 2.073525430377324841e-01 9.934596288658045782e-03
1.534327360788530492e-01 2.322407203492417860e-01 9.120803689611926834e-03
1.338192367343177813e-01 2.568837818198746459e-01 8.737708082358323566e-03
1.136666812182320213e-01 2.811184729179193598e-01 5.736710069630541683e-03
1.002834399174955954e-01 3.057758170190760794e-01 4.380609840888003044e-03
8.788536210237123114e-02 3.308749588216616799e-01 3.780542323901868885e-03
7.706043920954597226e-02 3.553458836143503774e-01 3.064992688318269026e-03
6.994171212752990641e-02 3.797183506574301481e-01 3.314574361545645671e-03
6.188245284014801811e-02 4.042043120935024936e-01 1.772590498646438480e-03
5.646825207038781713e-02 4.287407985369371399e-01 1.444736239337036151e-03
5.162152187395303155e-02 4.533371424922238990e-01 1.336285338603840703e-03
4.673213729882778888e-02 4.779959634912051558e-01 1.789791385756737746e-03
4.280631216219831642e-02 5.026629933946460405e-01 1.265895769758621165e-03
3.991650255485598708e-02 5.271487506500315279e-01 1.412341582897134757e-03
3.713205254017570844e-02 5.515427964227138657e-01 1.002516780268425996e-03
3.477761160888069580e-02 5.762240530263548210e-01 8.324191396369011496e-04
3.263651550253076489e-02 6.007285446297923048e-01 7.942017236372964821e-04
3.043969623018752749e-02 6.252568531449649303e-01 1.099036975937360723e-03
2.925911716822231570e-02 6.499965502683907603e-01 1.063774706843304777e-03
2.792840125960791703e-02 6.746857991314229031e-01 8.573517488484419264e-04
2.703593455910952015e-02 6.991270364754236244e-01 6.783702036387761689e-04
2.633070575123899748e-02 7.235756604093172006e-01 6.063109004607764594e-04
2.614673057462480604e-02 7.479714013051395050e-01 7.770596704161615792e-04
2.602329750007841350e-02 7.726132299420060967e-01 6.658983440628769845e-04
2.587388580194135285e-02 7.972349387995918413e-01 6.550487748676007277e-04
2.504308563272967386e-02 8.217736356692634248e-01 7.258321086658420978e-04
2.434394075160722232e-02 8.463200505719705724e-01 6.342625821780219567e-04
2.373012112343781191e-02 8.708218859006343626e-01 5.207810540709316514e-04
2.342135975862618541e-02 8.954790463233904818e-01 5.912190876911573197e-04
2.311732659033357423e-02 9.199626960429320155e-01 6.421659855437405725e-04
2.327368180238757397e-02 9.443606208269833546e-01 6.651686982972283618e-04
2.340435791286269232e-02 9.688687146412832130e-01 7.369943499692116354e-04
2.334911156184639458e-02 9.930926048855095445e-01 8.640733056734218286e-04
2.389066518129425234e-02 1.017620455362175491e+00 6.944548885049004611e-04
2.476759063794526858e-02 1.042409919186157552e+00 8.294475073126518234e-04
2.606438876414923778e-02 1.066789561870425063e+00 8.509219868979325503e-04
2.683568040962010237e-02 1.090909765172895618e+00 9.939348398636520688e-04
2.663867176896152211e-02 1.115651582439790346e+00 1.516945132273972603e-03
2.743015633860967917e-02 1.140641543091339027e+00 9.238360707176204896e-04
2.795148283974810757e-02 1.164692026865203012e+00 1.644870386547563155e-03
2.884763926932154901e-02 1.188605021497627590e+00 1.474196850228882191e-03
3.104146860899140506e-02 1.214006438167991364e+00 1.491156143536892650e-03
3.345116188389465894e-02 1.240498485730926914e+00 2.136006521052960950e-03
3.827513155686879803e-02 1.264816150349954427e+00 4.394657967175019490e-03
4.139193484667434003e-02 1.284554513240047102e+00 5.458607907882357703e-03
4.422548269198386256e-02 1.309527810458392949e+00 7.650365864544682488e-03
6.511101427845740475e-02 1.335814856768205550e+00 1.373814146326990046e-02
6.017016507169960227e-02 1.360349523175663267e+00 7.287787920011830345e-02
