2.828468750062201664e+01 7.669903939428205850e-04 1.916713389942245049e+00
3.371256817024104180e+01 9.245014912643925459e-04 2.284534019328327670e+00
3.904023391851416847e+01 1.082012588585964507e-03 2.645563579107879981e+00
4.426800653828312448e+01 1.239523685907536251e-03 2.999823875590358124e+00
4.939581284547744389e+01 1.397034783229108429e-03 3.347309949453238342e+00
5.442339974257094326e+01 1.554545880550680173e-03 3.688004649528867418e+00
5.935063045060341125e+01 1.712056977872252134e-03 4.021898706983549232e+00
6.417748387917235675e+01 1.869568075193824095e-03 4.348990692625013921e+00
6.890422183036321258e+01 2.027079172515396273e-03 4.669298347485844047e+00
7.353110571785458660e+01 2.184590269836968017e-03 4.982839386278220317e+00
7.805881880192856670e+01 2.342101367158539761e-03 5.289660110172392571e+00
8.248805392316293705e+01 2.499612464480111939e-03 5.589807469547872998e+00
8.681961890429404605e+01 2.657123561801683683e-03 5.883336206556417203e+00
9.105460460003996559e+01 2.814634659123255861e-03 6.170320243027441975e+00
9.519415702367160748e+01 2.972145756444827605e-03 6.450837238612709967e+00
9.923940720697892459e+01 3.129656853766399783e-03 6.724963837743103134e+00
1.031916448204906658e+02 3.287167951087971527e-03 6.992787435012286501e+00
1.070522897849887585e+02 3.444679048409543271e-03 7.254404251429431127e+00
1.108227660032849400e+02 3.602190145731115449e-03 7.509910777846179997e+00
1.145044579551109081e+02 3.759701243052687193e-03 7.759400833606996173e+00
1.180988207841672164e+02 3.917212340374259805e-03 8.002973026604053075e+00
1.216073697924681198e+02 4.074723437695831549e-03 8.240730041360924574e+00
1.250316615131070250e+02 4.232234535017403293e-03 8.472777356427517503e+00
1.283732140834054007e+02 4.389745632338975037e-03 8.699217848462156510e+00
1.316334944695833258e+02 4.547256729660546781e-03 8.920150926510686418e+00
1.348139904013717683e+02 4.704767826982118525e-03 9.135677406659414856e+00
1.379162059465588186e+02 4.862278924303691137e-03 9.345899212143967461e+00
1.409416538159606205e+02 5.019790021625262881e-03 9.550918851895231043e+00
1.438918479574923026e+02 5.177301118946834625e-03 9.750838918676187461e+00
1.467682510710666861e+02 5.334812216268406369e-03 9.945758532426150822e+00
1.495722548841235664e+02 5.492323313589978981e-03 1.013577200363091713e+01
1.523052457320503663e+02 5.649834410911550725e-03 1.032097327738356718e+01
1.549686062893356109e+02 5.807345508233122469e-03 1.050145605069617183e+01
1.575637121427445777e+02 5.964856605554694213e-03 1.067731354028084567e+01
1.600919289000360095e+02 6.122367702876265957e-03 1.084863828662179230e+01
1.625546097584561664e+02 6.279878800197838569e-03 1.101552198920413872e+01
1.649530796493980347e+02 6.437389897519410313e-03 1.117805443207593896e+01
1.672885696171719019e+02 6.594900994840982057e-03 1.133631903702197086e+01
1.695622732720455019e+02 6.752412092162553801e-03 1.149039668910708123e+01
1.717753754379657778e+02 6.909923189484126413e-03 1.164036767799059824e+01
1.739290505478167859e+02 7.067434286805698157e-03 1.178631158918091337e+01
1.760244612385060634e+02 7.224945384127269901e-03 1.192830720883143947e+01
1.780627571576285391e+02 7.382456481448841645e-03 1.206643244287409544e+01
1.800450739557704196e+02 7.539967578770413389e-03 1.220076424873273879e+01
1.819725324418660932e+02 7.697478676091986001e-03 1.233137857808589821e+01
1.838462311641514191e+02 7.854989773413558612e-03 1.245834987411463857e+01
1.856671772216154750e+02 8.012500870735128622e-03 1.258174638293684922e+01
1.874363199518081728e+02 8.170011968056702101e-03 1.270163243646332774e+01
1.891546007944360497e+02 8.327523065378272110e-03 1.281807183140709938e+01
1.908229532171270648e+02 8.485034162699845589e-03 1.293112782425284557e+01
1.924423019267334212e+02 8.642545260021415598e-03 1.304086307781079590e+01
1.940135621830846162e+02 8.800056357342989077e-03 1.314733961471317869e+01
1.955376392046441651e+02 8.957567454664562556e-03 1.325061877713851288e+01
1.970154276566513261e+02 9.115078551986132566e-03 1.335076119212548029e+01
1.984478112133044760e+02 9.272589649307706045e-03 1.344782674190430605e+01
1.998356621864546980e+02 9.430100746629276054e-03 1.354187453873511870e+01
2.011798402289454089e+02 9.587611843950849533e-03 1.363296283703969181e+01
2.024811395352383556e+02 9.745122941272419542e-03 1.372114545544901532e+01
2.037402668660940037e+02 9.902634038593993021e-03 1.380647028764453133e+01
2.049579195409095576e+02 1.006014513591556303e-02 1.388898458751320142e+01
2.061347916725359255e+02 1.021765623323713651e-02 1.396873539165019729e+01
2.072715735668220418e+02 1.037516733055870999e-02 1.404576947866898351e+01
2.083689511810383408e+02 1.053267842788028000e-02 1.412013333250137848e+01
2.094276056362730571e+02 1.069018952520185348e-02 1.419187310935504698e+01
2.104482127792969663e+02 1.084770062252342349e-02 1.426103460802324463e+01
2.114314427898042936e+02 1.100521171984499696e-02 1.432766324326947149e+01
2.123779598293067465e+02 1.116272281716656697e-02 1.439180402203476206e+01
2.132884217282523025e+02 1.132023391448814045e-02 1.445350152223528184e+01
2.141634797082584214e+02 1.147774501180971046e-02 1.451279987393941973e+01
2.150037781365951446e+02 1.163525610913128394e-02 1.456974274273035341e+01
2.158099526870359171e+02 1.179276720645285742e-02 1.462437320507597782e+01
2.165825744880782509e+02 1.195027830377442743e-02 1.467672996353005388e+01
2.173221402754009546e+02 1.210778940109600091e-02 1.472684667941293313e+01
2.180291430104907988e+02 1.226530049841757092e-02 1.477475675828661927e+01
2.187040760586970976e+02 1.242281159573914440e-02 1.482049363308090761e+01
2.193474326991003522e+02 1.258032269306071441e-02 1.486409073087956934e+01
2.199597056706327578e+02 1.273783379038228789e-02 1.490558144216320180e+01
2.205413867519852147e+02 1.289534488770385789e-02 1.494499909234157897e+01
2.210929663730119614e+02 1.305285598502543137e-02 1.498237691542051309e+01
2.216149332555292517e+02 1.321036708234700485e-02 1.501774802966051681e+01
2.221077740815391337e+02 1.336787817966857486e-02 1.505114541509397874e+01
2.225719731870939881e+02 1.352538927699014834e-02 1.508260189277989127e+01
2.230080122800786739e+02 1.368290037431171835e-02 1.511215010567931216e+01
2.234163701803881281e+02 1.384041147163329183e-02 1.513982250104852589e+01
2.237975225810201891e+02 1.399792256895486184e-02 1.516565131424945001e+01
2.241519418287428209e+02 1.415543366627643532e-02 1.518966855388656256e+01
2.244800967230764286e+02 1.431294476359800533e-02 1.521190598818489903e+01
2.247824519945186807e+02 1.447045586091957881e-02 1.523239510963198384e+01
2.250594369067492551e+02 1.462796695824115228e-02 1.525116500730444713e+01
2.253114222660473160e+02 1.478547805556272229e-02 1.526824080891001501e+01
2.255387740130380223e+02 1.494298915288429577e-02 1.528364731243508778e+01
2.257418590639058777e+02 1.510050025020586578e-02 1.529740938197490152e+01
2.259210449723586862e+02 1.525801134752743926e-02 1.530955192482650418e+01
2.260766996122654007e+02 1.541552244484900927e-02 1.532009986998266982e+01
2.262091908798151394e+02 1.557303354217058275e-02 1.532907814794869950e+01
2.263188864140862222e+02 1.573054463949215276e-02 1.533651167180677888e+01
2.264061533349984359e+02 1.588805573681372624e-02 1.534242531945828247e+01
2.264713579976866242e+02 1.604556683413529972e-02 1.534684391697888017e+01
2.265148657623787471e+02 1.620307793145686973e-02 1.534979222302433577e+01
2.265370407789529565e+02 1.636058902877844320e-02 1.535129491423098358e+01
2.265382457853499716e+02 1.651810012610001321e-02 1.535137657155514823e+01
2.265188419191049434e+02 1.667561122342158669e-02 1.535006166750158130e+01
2.264791885412892611e+02 1.683312232074316017e-02 1.534737455419286434e+01
2.264196430721999604e+02 1.699063341806473018e-02 1.534333945223491646e+01
2.263405608381670504e+02 1.714814451538630366e-02 1.533798044033583885e+01
2.262422949288842631e+02 1.730565561270787367e-02 1.533132144563797716e+01
2.261251960647150554e+02 1.746316671002944715e-02 1.532338623472588068e+01
2.259896124734357841e+02 1.762067780735101716e-02 1.531419840527379073e+01
2.258358897622925099e+02 1.777818890467259064e-02 1.530378137737556621e+01
2.256643677313987837e+02 1.793570000199416065e-02 1.529215817760442775e+01
2.254753766111764435e+02 1.809321109931573412e-02 1.527935118404289661e+01
2.252692433381827470e+02 1.825072219663730760e-02 1.526538255156459556e+01
2.250462924473960982e+02 1.840823329395887761e-02 1.525027427230003418e+01
2.248068459739184277e+02 1.856574439128045109e-02 1.523404816897543235e+01
2.245512233619039932e+02 1.872325548860202110e-02 1.521672588874132082e+01
2.242797413803594395e+02 1.888076658592359458e-02 1.519832889746669657e+01
2.239927140454453820e+02 1.903827768324516459e-02 1.517887847447379279e+01
2.236904525489655384e+02 1.919578878056673807e-02 1.515839570769214895e+01
2.233732651927265067e+02 1.935329987788830808e-02 1.513690148921049072e+01
2.230414573284582787e+02 1.951081097520988156e-02 1.511441651120544805e+01
2.226953313030264781e+02 1.966832207253145504e-02 1.509096126222884315e+01
2.223351864086606327e+02 1.982583316985302505e-02 1.506655602383491654e+01
2.219613188379363748e+02 1.998334426717459852e-02 1.504122086752970056e+01
2.215740216432790248e+02 2.014085536449616853e-02 1.501497565202677364e+01
2.211735847007535654e+02 2.029836646181774201e-02 1.498784002079347033e+01
2.207602946779105935e+02 2.045587755913931202e-02 1.495983339987197880e+01
2.203344350054965730e+02 2.061338865646088550e-02 1.493097499596229305e+01
2.198962858528108768e+02 2.077089975378245551e-02 1.490128379475223142e+01
2.194461241065322099e+02 2.092841085110402899e-02 1.487077855948268557e+01
2.189842233528254951e+02 2.108592194842560247e-02 1.483947782973502250e+01
2.185108538625608503e+02 2.124343304574717248e-02 1.480739992042948927e+01
2.180262825794805508e+02 2.140094414306874596e-02 1.477456292102332469e+01
2.175307731111529677e+02 2.155845524039031597e-02 1.474098469489776164e+01
2.170245857225711461e+02 2.171596633771188944e-02 1.470668287892425496e+01
2.165079775817024768e+02 2.187347743503345945e-02 1.467167490010410802e+01
2.159812298087987301e+02 2.203098853235503293e-02 1.463597980856651581e+01
2.154446698181429269e+02 2.218849962967660294e-02 1.459961979155821332e+01
2.148986232310052458e+02 2.234601072699817642e-02 1.456261691482230525e+01
2.143434081072152821e+02 2.250352182431974990e-02 1.452499273170049143e+01
2.137793351012527978e+02 2.266103292164131991e-02 1.448676829371052399e+01
2.132067076158349437e+02 2.281854401896289339e-02 1.444796416095405256e+01
2.126258219530072040e+02 2.297605511628446340e-02 1.440860041235534794e+01
2.120369674627252152e+02 2.313356621360603688e-02 1.436869665572992361e+01
2.114404266889236226e+02 2.329107731092760689e-02 1.432827203768289870e+01
2.108364755130759534e+02 2.344858840824918036e-02 1.428734525333737260e+01
2.102253832952482639e+02 2.360609950557075037e-02 1.424593455589289448e+01
2.096074130126572754e+02 2.376361060289232385e-02 1.420405776601489301e+01
2.089828213957428886e+02 2.392112170021389733e-02 1.416173228105561144e+01
2.083518590617657082e+02 2.407863279753546734e-02 1.411897508410737956e+01
2.077147706459579126e+02 2.423614389485704082e-02 1.407580275289003424e+01
2.070717949302261900e+02 2.439365499217861083e-02 1.403223146847249936e+01
2.064231649694452244e+02 2.455116608950018431e-02 1.398827702383106697e+01
2.057691082153571926e+02 2.470867718682175432e-02 1.394395483224541188e+01
2.051098466380993841e+02 2.486618828414332780e-02 1.389927993553401819e+01
2.044455968453874561e+02 2.502369938146489781e-02 1.385426701213051714e+01
2.037765701993794494e+02 2.518121047878647129e-02 1.380893038500308911e+01
2.031029729312542997e+02 2.533872157610804476e-02 1.376328402941878970e+01
2.024250062535205927e+02 2.549623267342961477e-02 1.371734158055424935e+01
2.017428664701022569e+02 2.565374377075118825e-02 1.367111634095556205e+01
2.010567450842162316e+02 2.581125486807275826e-02 1.362462128784866877e+01
2.003668289040780053e+02 2.596876596539433174e-02 1.357786908030245421e+01
1.996733001464783683e+02 2.612627706271590175e-02 1.353087206624769756e+01
1.989763365382381721e+02 2.628378816003747523e-02 1.348364228935208509e+01
1.982761114155965174e+02 2.644129925735904524e-02 1.343619149575531679e+01
1.975727938215603103e+02 2.659881035468061872e-02 1.338853114066595573e+01
1.968665486012297094e+02 2.675632145200219220e-02 1.334067239482120470e+01
1.961575372666244164e+02 2.691383254932376221e-02 1.329262620309188492e+01
1.954459566731528639e+02 2.707134364664533568e-02 1.324440590539547280e+01
1.947320547471657903e+02 2.722885474396690569e-02 1.319602830247464631e+01
1.940160753462677405e+02 2.738636584128847917e-02 1.314750991935324365e+01
1.932982538127014323e+02 2.754387693861004918e-02 1.309886670401119879e+01
1.925788172220785270e+02 2.770138803593162266e-02 1.305011404423968635e+01
1.918579846259717101e+02 2.785889913325319267e-02 1.300126678408047454e+01
1.911359672884504448e+02 2.801641023057476615e-02 1.295233923985475322e+01
1.904129689166467756e+02 2.817392132789633963e-02 1.290334521578741800e+01
1.896891858854422139e+02 2.833143242521790964e-02 1.285429801923301874e+01
1.889648074563727107e+02 2.848894352253948312e-02 1.280521047550985436e+01
1.882400159908487751e+02 2.864645461986105313e-02 1.275609494234884167e+01
1.875149871577893634e+02 2.880396571718262660e-02 1.270696332396386019e+01
1.867898901357742147e+02 2.896147681450419661e-02 1.265782708475056317e+01
1.860648878098145644e+02 2.911898791182577009e-02 1.260869726262063928e+01
1.853401369628541886e+02 2.927649900914734010e-02 1.255958448197880450e+01
1.846157884620931213e+02 2.943401010646891358e-02 1.251049896634908976e+01
1.838919874402568553e+02 2.959152120379048706e-02 1.246145055065855445e+01
1.831688734719043623e+02 2.974903230111205707e-02 1.241244869318478905e+01
1.824465807448904968e+02 2.990654339843363055e-02 1.236350248717509359e+01
1.817252382270806947e+02 3.006405449575520056e-02 1.231462067214389045e+01
1.810049698284318254e+02 3.022156559307677404e-02 1.226581164485616959e+01
1.802858945585398089e+02 3.037907669039834405e-02 1.221708347000368278e+01
1.795681266797619173e+02 3.053658778771991752e-02 1.216844389058128684e+01
1.788517758560142283e+02 3.069409888504148753e-02 1.211990033797024502e+01
1.781369472973512131e+02 3.085160998236306101e-02 1.207145994173562187e+01
1.774237419004244316e+02 3.100912107968463102e-02 1.202312953914451654e+01
1.767122563849270307e+02 3.116663217700620450e-02 1.197491568441220977e+01
1.760025834261154500e+02 3.132414327432777451e-02 1.192682465768249500e+01
1.752948117835158826e+02 3.148165437164934799e-02 1.187886247374949811e+01
1.745890264259032278e+02 3.163916546897092147e-02 1.183103489052689561e+01
1.738853086526509060e+02 3.179667656629248801e-02 1.178334741727114654e+01
1.731837362115475685e+02 3.195418766361406149e-02 1.173580532256539399e+01
1.724843834131682172e+02 3.211169876093563497e-02 1.168841364206979705e+01
1.717873212418909930e+02 3.226920985825720151e-02 1.164117718604461515e+01
1.710926174636499013e+02 3.242672095557877499e-02 1.159410054665205081e+01
1.704003367305087409e+02 3.258423205290034846e-02 1.154718810504273208e+01
1.697105406821409588e+02 3.274174315022192194e-02 1.150044403823249439e+01
1.690232880442976580e+02 3.289925424754349542e-02 1.145387232577506076e+01
1.683386347330634294e+02 3.305676534486506196e-02 1.140747675682694329e+01
1.676566434187818970e+02 3.321427644218663544e-02 1.136126157824740623e+01
1.669774009993202526e+02 3.337178753950820892e-02 1.131523267867514626e+01
1.663009950897242106e+02 3.352929863682978240e-02 1.126939599534851588e+01
1.656275090644710133e+02 3.368680973415134894e-02 1.122375717814349905e+01
1.649570222003015374e+02 3.384432083147292242e-02 1.117832159925277580e+01
1.642896098148748649e+02 3.400183192879449590e-02 1.113309436258161078e+01
1.636253434013627270e+02 3.415934302611606938e-02 1.108808031286867823e+01
1.629642907590629761e+02 3.431685412343764285e-02 1.104328404453710633e+01
1.623065161201497233e+02 3.447436522075920939e-02 1.099870991028365630e+01
1.616520802726406316e+02 3.463187631808078287e-02 1.095436202941167814e+01
1.610010406796817506e+02 3.478938741540235635e-02 1.091024429591437439e+01
1.603534515952489130e+02 3.494689851272392983e-02 1.086636038631538881e+01
1.597093641763437404e+02 3.510440961004549637e-02 1.082271376727172196e+01
1.590688265917943909e+02 3.526192070736706985e-02 1.077930770294663176e+01
1.584318841277335537e+02 3.541943180468864333e-02 1.073614526215737719e+01
1.577985792898496413e+02 3.557694290201021681e-02 1.069322932530424630e+01
1.571689519024949675e+02 3.573445399933179029e-02 1.065056259108663639e+01
1.565430392047401540e+02 3.589196509665335683e-02 1.060814758301221339e+01
1.559208759434478111e+02 3.604947619397493030e-02 1.056598665570400186e+01
1.553024944634598228e+02 3.620698729129650378e-02 1.052408200101198155e+01
1.546879247949646015e+02 3.636449838861807726e-02 1.048243565393350885e+01
1.540771947381364555e+02 3.652200948593964380e-02 1.044104949834889950e+01
1.534703299451082614e+02 3.667952058326121728e-02 1.039992527257634336e+01
1.528673539993660029e+02 3.683703168058279076e-02 1.035906457475206288e+01
1.522682884926287841e+02 3.699454277790436424e-02 1.031846886804006225e+01
1.516731530992913406e+02 3.715205387522593772e-02 1.027813948567678537e+01
1.510819656484964639e+02 3.730956497254750426e-02 1.023807763585506159e+01
1.504947421939032779e+02 3.746707606986907774e-02 1.019828440645197354e+01
1.499114970812250647e+02 3.762458716719065122e-02 1.015876076960556595e+01
1.493322430135911247e+02 3.778209826451222469e-02 1.011950758614408485e+01
1.487569911148079598e+02 3.793960936183379123e-02 1.008052560987289148e+01
1.481857509905715631e+02 3.809712045915536471e-02 1.004181549172249355e+01
1.476185307876953914e+02 3.825463155647693819e-02 1.000337778376214715e+01
1.470553372514115722e+02 3.841214265379851167e-02 9.965212943082878638e+00
1.464961757808087839e+02 3.856965375112008515e-02 9.927321335554227133e+00
1.459410504824475936e+02 3.872716484844165169e-02 9.889703239457494632e+00
1.453899642222250463e+02 3.888467594576322517e-02 9.852358849000340868e+00
1.448429186755301714e+02 3.904218704308479865e-02 9.815288277715602305e+00
1.442999143757424463e+02 3.919969814040637213e-02 9.778491561747765459e+00
1.437609507611322783e+02 3.935720923772793867e-02 9.741968663031199682e+00
1.432260262201959904e+02 3.951472033504951215e-02 9.705719472362268618e+00
1.426951381354928685e+02 3.967223143237108562e-02 9.669743812369944180e+00
1.421682829260131200e+02 3.982974252969265910e-02 9.634041440386932109e+00
1.416454560881272755e+02 3.998725362701423258e-02 9.598612051224508335e+00
1.411266522351684785e+02 4.014476472433579912e-02 9.563455279854917279e+00
1.406118651356745488e+02 4.030227582165737260e-02 9.528570704002776282e+00
1.401010877503454424e+02 4.045978691897894608e-02 9.493957846649538013e+00
1.395943122677486201e+02 4.061729801630051956e-02 9.459616178453048363e+00
1.390915295105853602e+02 4.077480911362208610e-02 9.425545077513159953e+00
1.385927253836404134e+02 4.093232021094365958e-02 9.391743588666839671e+00
1.380978835504342044e+02 4.108983130826523306e-02 9.358210604871667115e+00
1.376069872670942971e+02 4.124734240558680654e-02 9.324944991478211875e+00
1.371200194105661865e+02 4.140485350290838001e-02 9.291945588141745205e+00
1.366369625000558017e+02 4.156236460022994655e-02 9.259211210275312354e+00
1.361577987176987392e+02 4.171987569755152003e-02 9.226740650450349079e+00
1.356825099284695284e+02 4.187738679487309351e-02 9.194532679745886838e+00
1.352110776993671664e+02 4.203489789219466699e-02 9.162586049048586645e+00
1.347434833178882343e+02 4.219240898951623353e-02 9.130899490304647870e+00
1.342797078098252825e+02 4.234992008683780701e-02 9.099471717725863940e+00
1.338197319564012560e+02 4.250743118415938049e-02 9.068301428950759302e+00
1.333635363107690637e+02 4.266494228148095397e-02 9.037387306162685263e+00
1.329111012138947103e+02 4.282245337880252745e-02 9.006728017166130584e+00
1.324624068098437419e+02 4.297996447612409399e-02 8.976322216422609301e+00
1.320174330604933459e+02 4.313747557344566746e-02 8.946168546047641001e+00
1.315761597596885508e+02 4.329498667076724094e-02 8.916265636770033254e+00
1.311385665468579873e+02 4.345249776808881442e-02 8.886612108854558656e+00
1.307046329201151877e+02 4.361000886541038096e-02 8.857206572989761995e+00
1.302743382488515067e+02 4.376751996273195444e-02 8.828047631141323848e+00
1.298476617858487430e+02 4.392503106005352792e-02 8.799133877372872448e+00
1.294245826789195917e+02 4.408254215737510140e-02 8.770463898634794475e+00
1.290050799820988630e+02 4.424005325469667488e-02 8.742036275522629296e+00
1.285891326663922882e+02 4.439756435201824142e-02 8.713849583005419674e+00
1.281767196301046283e+02 4.455507544933981490e-02 8.685902391125644328e+00
1.277678197087615644e+02 4.471258654666138838e-02 8.658193265671551231e+00
1.273624116846323346e+02 4.487009764398296185e-02 8.630720768822454758e+00
1.269604742958743486e+02 4.502760874130452839e-02 8.603483459768433761e+00
1.265619862453093418e+02 4.518511983862610187e-02 8.576479895305041623e+00
1.261669262088416019e+02 4.534263093594767535e-02 8.549708630403774379e+00
1.257752728435352054e+02 4.550014203326924883e-02 8.523168218759410664e+00
1.253870047953599851e+02 4.565765313059082231e-02 8.496857213314932267e+00
1.250021007066123246e+02 4.581516422791238885e-02 8.470774166764392987e+00
1.246205392230337310e+02 4.597267532523396233e-02 8.444917632035300770e+00
1.242422990006238308e+02 4.613018642255553581e-02 8.419286162750312386e+00
1.238673587121711250e+02 4.628769751987710929e-02 8.393878313669764779e+00
1.234956970534996685e+02 4.644520861719867583e-02 8.368692641115028863e+00
1.231272927494520104e+02 4.660271971452024931e-02 8.343727703373893689e+00
1.227621245596095889e+02 4.676023081184182278e-02 8.318982061088243896e+00
1.224001712837631146e+02 4.691774190916339626e-02 8.294454277624728533e+00
1.220414117671425061e+02 4.707525300648496974e-02 8.270142919429206430e+00
1.216858249054122325e+02 4.723276410380653628e-02 8.246046556365238089e+00
1.213333896494417701e+02 4.739027520112810976e-02 8.222163762037338230e+00
1.209840850098618859e+02 4.754778629844968324e-02 8.198493114099756340e+00
1.206378900614046330e+02 4.770529739577125672e-02 8.175033194550573867e+00
1.202947839470482165e+02 4.786280849309282326e-02 8.151782590012567553e+00
1.199547458819632197e+02 4.802031959041439674e-02 8.128739892000645284e+00
1.196177551572708637e+02 4.817783068773597022e-02 8.105903697176502831e+00
1.192837911436204195e+02 4.833534178505754370e-02 8.083272607591068137e+00
1.189528332945925087e+02 4.849285288237911717e-02 8.060845230915102633e+00
1.186248611499316610e+02 4.865036397970068371e-02 8.038620180658293535e+00
1.182998543386170809e+02 4.880787507702225719e-02 8.016596076377300761e+00
1.179777925817765407e+02 4.896538617434383067e-02 7.994771543873236297e+00
1.176586556954503635e+02 4.912289727166540415e-02 7.973145215378978357e+00
1.173424235932071298e+02 4.928040836898697069e-02 7.951715729736408278e+00
1.170290762886191089e+02 4.943791946630854417e-02 7.930481732564158115e+00
1.167185938976052171e+02 4.959543056363011765e-02 7.909441876416392070e+00
1.164109566406411744e+02 4.975294166095169113e-02 7.888594820932566698e+00
1.161061448448420776e+02 4.991045275827326461e-02 7.867939232978569564e+00
1.158041387160852054e+02 5.006796385559483115e-02 7.847473771204590776e+00
1.155049111585847612e+02 5.022547495291640463e-02 7.827196599463229099e+00
1.152084266017182159e+02 5.038298605023797810e-02 7.807105307309316622e+00
1.149146495438264139e+02 5.054049714755955158e-02 7.787197488970977410e+00
1.146235450697297864e+02 5.069800824488111812e-02 7.767470778419167665e+00
1.143350788389451793e+02 5.085551934220269160e-02 7.747922848569179344e+00
1.140492170741803051e+02 5.101303043952426508e-02 7.728551410500956287e+00
1.137659265500929706e+02 5.117054153684583856e-02 7.709354212697372866e+00
1.134851745823252855e+02 5.132805263416741204e-02 7.690329040301137731e+00
1.132069290167823965e+02 5.148556373148897858e-02 7.671473714388262088e+00
1.129311582191655674e+02 5.164307482881055206e-02 7.652786091258763079e+00
1.126578310647491890e+02 5.180058592613212554e-02 7.634264061743919250e+00
1.123869169283925942e+02 5.195809702345369901e-02 7.615905550529402213e+00
1.121183856747801713e+02 5.211560812077526555e-02 7.597708515493902581e+00
1.118522076488886370e+02 5.227311921809683903e-02 7.579670947063159581e+00
1.115883536666699456e+02 5.243063031541841251e-02 7.561790867578563002e+00
1.113267950031420526e+02 5.258814141273998599e-02 7.544066330490137418e+00
1.110675026104325696e+02 5.274565251006155947e-02 7.526495367367226130e+00
1.108104460860578655e+02 5.290316360738312601e-02 7.509075917983874859e+00
1.105555952721024369e+02 5.306067470470469949e-02 7.491805938687290833e+00
1.103029205129453914e+02 5.321818580202627297e-02 7.474683419862712341e+00
1.100523926451835024e+02 5.337569689934784645e-02 7.457706385250529202e+00
1.098039829877914855e+02 5.353320799666941299e-02 7.440872891279494361e+00
1.095576633325123055e+02 5.369071909399098647e-02 7.424181026415542561e+00
1.093134059344744173e+02 5.384823019131255994e-02 7.407628910525930088e+00
1.090711835030226524e+02 5.400574128863413342e-02 7.391214694257936202e+00
1.088309691927676113e+02 5.416325238595570690e-02 7.374936558432271028e+00
1.085927365948387120e+02 5.432076348327727344e-02 7.358792713450385214e+00
1.083564597283391464e+02 5.447827458059884692e-02 7.342781398715398922e+00
1.081221130319978414e+02 5.463578567792042040e-02 7.326900882066370357e+00
1.078896713560116609e+02 5.479329677524199388e-02 7.311149459225529945e+00
1.076591099540755607e+02 5.495080787256356042e-02 7.295525453258168369e+00
1.074304044755914589e+02 5.510831896988513390e-02 7.280027214044670458e+00
1.072035309565270609e+02 5.526583006720670738e-02 7.264653117661087123e+00
1.069784635694437185e+02 5.542334116452828086e-02 7.249401413909634329e+00
1.067551702161586462e+02 5.558085226184985433e-02 7.234269927655202714e+00
1.065336181436449863e+02 5.573836335917142087e-02 7.219256439387139679e+00
1.063137752085713856e+02 5.589587445649299435e-02 7.204358770910845422e+00
1.060956098644373071e+02 5.605338555381456783e-02 7.189574784475998293e+00
1.058790911490314102e+02 5.621089665113614131e-02 7.174902381926649753e+00
1.056641886722031671e+02 5.636840774845770785e-02 7.160339503872603650e+00
1.054508726039414910e+02 5.652591884577928133e-02 7.145884128881524688e+00
1.052391136627457513e+02 5.668342994310085481e-02 7.131534272690929654e+00
1.050288831042882123e+02 5.684094104042242829e-02 7.117287987439881114e+00
1.048201527103541935e+02 5.699845213774400177e-02 7.103143360919523808e+00
1.046128947780526346e+02 5.715596323506556831e-02 7.089098515841940618e+00
1.044070821092921619e+02 5.731347433238714179e-02 7.075151609126980823e+00
1.042026880005127794e+02 5.747098542970871526e-02 7.061300831206449580e+00
1.039996862326657805e+02 5.762849652703028874e-02 7.047544405345082197e+00
1.037980510614357286e+02 5.778600762435185528e-02 7.033880586977935501e+00
1.035977572077007665e+02 5.794351872167342876e-02 7.020307663063946713e+00
1.033987798443002504e+02 5.810102981899500224e-02 7.006823951189216970e+00
1.032010924172305266e+02 5.825854091631657572e-02 6.993427651920240073e+00
1.030046631097946488e+02 5.841605201363814920e-02 6.980116609196817201e+00
1.028094597803208927e+02 5.857356311095971574e-02 6.966888644936811481e+00
1.026154509129312089e+02 5.873107420828128922e-02 6.953741623465027999e+00
1.024226056048064493e+02 5.888858530560286270e-02 6.940673450650247212e+00
1.022308935537740666e+02 5.904609640292443618e-02 6.927682073064088009e+00
1.020402850462057245e+02 5.920360750024600272e-02 6.914765477160912610e+00
1.018507509452227993e+02 5.936111859756757619e-02 6.901921688478553030e+00
1.016622626791921533e+02 5.951862969488914967e-02 6.889148770858725790e+00
1.014747922305141969e+02 5.967614079221072315e-02 6.876444825687275220e+00
1.012883121246803313e+02 5.983365188953229663e-02 6.863807991152624410e+00
1.011027954196089951e+02 5.999116298685386317e-02 6.851236441523155030e+00
1.009182156952345224e+02 6.014867408417543665e-02 6.838728386441665030e+00
1.007345470433570824e+02 6.030618518149701013e-02 6.826282070237592592e+00
1.005517640577356957e+02 6.046369627881858361e-02 6.813895771255627842e+00
1.003698418244204049e+02 6.062120737614015015e-02 6.801567801200597785e+00
1.001887559123182285e+02 6.077871847346172363e-02 6.789296504498150142e+00
1.000084823639848395e+02 6.093622957078329710e-02 6.777080257670765384e+00
9.982899766249023799e+01 6.109374066810487058e-02 6.764917467092407044e+00
9.965027611451955636e+01 6.125125176542643712e-02 6.752806391654179841e+00
9.947228758876974553e+01 6.140876286274801060e-02 6.740744989506704421e+00
9.929500201649284463e+01 6.156627396006958408e-02 6.728731223039623899e+00
9.911838993838080114e+01 6.172378505739115756e-02 6.716763095941333361e+00
9.894242249317264282e+01 6.188129615471273104e-02 6.704838652426906798e+00
9.876707140654978900e+01 6.203880725203429758e-02 6.692955976485602143e+00
9.859230898030216395e+01 6.219631834935587106e-02 6.681113191146706320e+00
9.841810808176325054e+01 6.235382944667744454e-02 6.669308457763597708e+00
9.824444213350368216e+01 6.251134054399902495e-02 6.657539975315317271e+00
9.807128510327653714e+01 6.266885164132059149e-02 6.645805979725237123e+00
9.789861149420440256e+01 6.282636273864215803e-02 6.634104743196076903e+00
9.772639633520176972e+01 6.298387383596373845e-02 6.622434573560860294e+00
9.755461517162923712e+01 6.314138493328530499e-02 6.610793813649613604e+00
9.738324405616491219e+01 6.329889603060687153e-02 6.599180840670766379e+00
9.721225953989605273e+01 6.345640712792845195e-02 6.587594065607475180e+00
9.704163866361511737e+01 6.361391822525001849e-02 6.576031932627777188e+00
9.687135894932082181e+01 6.377142932257158503e-02 6.564492918508696206e+00
9.670139839191423903e+01 6.392894041989316545e-02 6.552975532073507026e+00
9.653173545108725762e+01 6.408645151721473199e-02 6.541478313642053344e+00
9.636234897229549290e+01 6.424396261453631241e-02 6.529999829675483092e+00
9.619321574539422670e+01 6.440147371185787895e-02 6.518538507337074961e+00
9.602430995253661195e+01 6.455898480917944549e-02 6.507092597079028984e+00
9.585560613835376387e+01 6.471649590650102590e-02 6.495660373916885888e+00
9.568707939849312538e+01 6.487400700382259244e-02 6.484240150205836883e+00
9.551870537053373766e+01 6.503151810114417286e-02 6.472830275025098778e+00
9.535046022511443198e+01 6.518902919846573940e-02 6.461429133576714889e+00
9.518232065726722624e+01 6.534654029578730594e-02 6.450035146598254165e+00
9.501426387794920458e+01 6.550405139310888636e-02 6.438646769788991087e+00
9.484626760576945514e+01 6.566156249043045290e-02 6.427262493249246589e+00
9.467831005889942730e+01 6.581907358775203332e-02 6.415880840932227436e+00
9.451036994716851325e+01 6.597658468507359986e-02 6.404500370108359597e+00
9.434242646432969082e+01 6.613409578239516640e-02 6.393119670841179492e+00
9.417445928050118198e+01 6.629160687971674681e-02 6.381737365475146362e+00
9.400644853476818241e+01 6.644911797703831335e-02 6.370352108134274438e+00
9.383837482794453422e+01 6.660662907435987989e-02 6.358962584231669268e+00
9.367021921549225283e+01 6.676414017168146031e-02 6.347567509989672452e+00
9.350196320058746835e+01 6.692165126900302685e-02 6.336165631970013479e+00
9.333358872733241185e+01 6.707916236632460727e-02 6.324755726613790152e+00
9.316507817410975179e+01 6.723667346364617381e-02 6.313336599791146142e+00
9.299641434707089616e+01 6.739418456096774035e-02 6.301907086359995525e+00
9.282758039433477393e+01 6.755169565828932077e-02 6.290466044351695984e+00
9.265855846439478682e+01 6.770920675561088731e-02 6.279012264057932668e+00
9.248932992871698389e+01 6.786671785293246772e-02 6.267544483115089271e+00
9.231987657899038879e+01 6.802422895025403426e-02 6.256061467635974260e+00
9.215018066118359741e+01 6.818174004757560080e-02 6.244562014517690329e+00
9.198022486900789829e+01 6.833925114489718122e-02 6.233044950998629652e+00
9.180999233750432609e+01 6.849676224221874776e-02 6.221509134223934367e+00
9.163946663675977788e+01 6.865427333954032818e-02 6.209953450819646115e+00
9.146863176574511556e+01 6.881178443686189472e-02 6.198376816475154705e+00
9.129747214626976870e+01 6.896929553418346126e-02 6.186778175533532043e+00
9.112597261705265339e+01 6.912680663150504168e-02 6.175156500589729980e+00
9.095411842790190349e+01 6.928431772882660822e-02 6.163510792096199786e+00
9.078189523400313021e+01 6.944182882614817476e-02 6.151840077975804455e+00
9.060928909030991463e+01 6.959933992346975518e-02 6.140143413241720971e+00
9.043628644603700195e+01 6.975685102079132172e-02 6.128419879624246391e+00
9.026287413924953285e+01 6.991436211811290213e-02 6.116668585204148911e+00
9.008903939154693319e+01 7.007187321543446867e-02 6.104888664052412039e+00
8.991476980283678699e+01 7.022938431275603521e-02 6.093079275876101875e+00
8.974005334620056828e+01 7.038689541007761563e-02 6.081239605670428539e+00
8.956487836284274806e+01 7.054440650739918217e-02 6.069368863376477741e+00
8.938923355712185526e+01 7.070191760472076259e-02 6.057466283544487240e+00
8.921310799166514016e+01 7.085942870204232913e-02 6.045531125002798767e+00
8.903649111920931603e+01 7.101693979936389567e-02 6.033562673015540057e+00
8.885937323014232447e+01 7.117445089668547609e-02 6.021560269610324312e+00
8.868174529624151603e+01 7.133196199400704263e-02 6.009523302989143723e+00
8.850359861784716031e+01 7.148947309132862304e-02 5.997451183619089576e+00
8.832492481187532007e+01 7.164698418865018958e-02 5.985343343420021611e+00
8.814571580757196045e+01 7.180449528597175612e-02 5.973199235476845281e+00
8.796596384232657329e+01 7.196200638329333654e-02 5.961018333755847110e+00
8.778566145754716388e+01 7.211951748061490308e-02 5.948800132825126319e+00
8.760480149458938115e+01 7.227702857793646962e-02 5.936544147578764807e+00
8.742337709074301699e+01 7.243453967525805004e-02 5.924249912964823395e+00
8.724138167527058840e+01 7.259205077257961658e-02 5.911916983716923646e+00
8.705880896549911085e+01 7.274956186990119700e-02 5.899544934089388626e+00
8.687565296296276074e+01 7.290707296722276354e-02 5.887133357595852878e+00
8.669190794959260415e+01 7.306458406454433008e-02 5.874681866751065407e+00
8.650756848395685950e+01 7.322209516186591050e-02 5.862190092816104148e+00
8.632262939754598108e+01 7.337960625918747704e-02 5.849657685546634234e+00
8.613708579110364383e+01 7.353711735650905745e-02 5.837084312944287312e+00
8.595093303100033211e+01 7.369462845383062399e-02 5.824469661010912347e+00
8.576416674565132325e+01 7.385213955115219053e-02 5.811813433505821358e+00
8.557678282197505837e+01 7.400965064847377095e-02 5.799115351705826704e+00
8.538877740189172982e+01 7.416716174579533749e-02 5.786375154167933132e+00
8.520014687886167337e+01 7.432467284311691791e-02 5.773592596494792950e+00
8.501088789446286853e+01 7.448218394043848445e-02 5.760767451102747572e+00
8.482099747837813197e+01 7.463969503776005099e-02 5.747899516708091738e+00
8.463047523896493374e+01 7.479720613508163141e-02 5.734988766771149216e+00
8.443932287219058708e+01 7.495471723240319795e-02 5.722035316219240997e+00
8.424754227004457618e+01 7.511222832972476449e-02 5.709039293263133530e+00
8.405513546151317428e+01 7.526973942704634490e-02 5.696000835397191153e+00
8.386210461032743524e+01 7.542725052436791144e-02 5.682920089246767503e+00
8.366845201273838484e+01 7.558476162168949186e-02 5.669797210417442557e+00
8.347418009530473171e+01 7.574227271901105840e-02 5.656632363345095449e+00
8.327929141270729474e+01 7.589978381633262494e-02 5.643425721147809604e+00
8.308378864557766974e+01 7.605729491365420536e-02 5.630177465478735321e+00
8.288767459834960505e+01 7.621480601097577190e-02 5.616887786380475589e+00
8.269095219712728806e+01 7.637231710829735232e-02 5.603556882140643403e+00
8.249362448757402433e+01 7.652982820561891886e-02 5.590184959148776223e+00
8.229569463281798392e+01 7.668733930294048540e-02 5.576772231754423714e+00
8.209716591137727448e+01 7.684485040026206581e-02 5.563318922126551769e+00
8.189804171510236586e+01 7.700236149758363235e-02 5.549825260114085168e+00
8.169832554713721606e+01 7.715987259490521277e-02 5.536291483107770084e+00
8.149802101989641301e+01 7.731738369222677931e-02 5.522717835903073080e+00
8.129713185306201240e+01 7.747489478954834585e-02 5.509104570564458569e+00
8.109566187159575179e+01 7.763240588686992627e-02 5.495451946290656586e+00
8.089361500376855929e+01 7.778991698419149281e-02 5.481760229281172236e+00
8.069099527920745629e+01 7.794742808151305935e-02 5.468029692603892045e+00
8.048780682695964117e+01 7.810493917883463977e-02 5.454260616063928424e+00
8.028405387357116751e+01 7.826245027615620631e-02 5.440453286073402062e+00
8.007974079232276665e+01 7.841996137347778673e-02 5.426607998987925008e+00
7.987487483519015541e+01 7.857747247079935327e-02 5.412725246238021981e+00
7.966946743217683036e+01 7.873498356812091981e-02 5.398805802378502605e+00
7.946353028685552999e+01 7.889249466544250022e-02 5.384850460502616620e+00
7.925707502995632581e+01 7.905000576276406676e-02 5.370860008767417426e+00
7.905011321919945999e+01 7.920751686008564718e-02 5.356835230382444912e+00
7.884265633913680915e+01 7.936502795740721372e-02 5.342776903598990934e+00
7.863471580100603830e+01 7.952253905472878026e-02 5.328685801700185465e+00
7.842630294259156187e+01 7.968005015205036068e-02 5.314562692991618320e+00
7.821742902809862130e+01 7.983756124937192722e-02 5.300408340792766460e+00
7.800810524803435442e+01 7.999507234669350764e-02 5.286223503428954196e+00
7.779834271910004873e+01 8.015258344401507418e-02 5.272008934224058585e+00
7.758815248409221965e+01 8.031009454133664072e-02 5.257765381493776147e+00
7.737754551181370744e+01 8.046760563865822113e-02 5.243493588539635653e+00
7.716653269699196471e+01 8.062511673597978767e-02 5.229194293643440794e+00
7.695512486020945175e+01 8.078262783330135421e-02 5.214868230062539745e+00
7.674333274784045500e+01 8.094013893062293463e-02 5.200516126025579666e+00
7.653116703199764004e+01 8.109765002794450117e-02 5.186138704728856297e+00
7.631863831048683267e+01 8.125516112526608159e-02 5.171736684333259504e+00
7.610575710677113648e+01 8.141267222258764813e-02 5.157310777961837900e+00
7.589253386994280959e+01 8.157018331990921467e-02 5.142861693697897252e+00
7.567897897470356838e+01 8.172769441723079509e-02 5.128390134583669990e+00
7.546510272135191144e+01 8.188520551455236163e-02 5.113896798619439465e+00
7.525091533578189740e+01 8.204271661187394205e-02 5.099382378763473334e+00
7.503642696948450919e+01 8.220022770919550859e-02 5.084847562932115927e+00
7.482164769956247596e+01 8.235773880651707513e-02 5.070293034000779464e+00
7.460658853183109329e+01 8.251524990383865554e-02 5.055719537779140182e+00
7.439126620119083100e+01 8.267276100116022208e-02 5.041128208308637504e+00
7.417569930925488109e+01 8.283027209848178862e-02 5.026520306128606563e+00
7.395990618318174370e+01 8.298778319580336904e-02 5.011897073179937934e+00
7.374390487509209891e+01 8.314529429312493558e-02 4.997259732765575890e+00
7.352771316444905381e+01 8.330280539044651600e-02 4.982609489711803619e+00
7.331134856044782566e+01 8.346031648776808254e-02 4.967947530530196332e+00
7.309482830441280043e+01 8.361782758508964908e-02 4.953275023580033576e+00
7.287816937220374314e+01 8.377533868241122950e-02 4.938593119231380335e+00
7.266138847662882938e+01 8.393284977973279604e-02 4.923902950028591796e+00
7.244450206986144281e+01 8.409036087705437645e-02 4.909205630854097002e+00
7.222752634586406373e+01 8.424787197437594299e-02 4.894502259092644358e+00
7.201047724281450257e+01 8.440538307169750953e-02 4.879793914795718557e+00
7.179337044553470548e+01 8.456289416901908995e-02 4.865081660846137801e+00
7.157622138792396527e+01 8.472040526634065649e-02 4.850366543122929031e+00
7.135904525539027077e+01 8.487791636366223691e-02 4.835649590666088571e+00
7.114185698728546470e+01 8.503542746098380345e-02 4.820931815841613677e+00
7.092467127933683457e+01 8.519293855830536999e-02 4.806214214506257854e+00
7.070750258608077843e+01 8.535044965562695041e-02 4.791497766172476247e+00
7.049036512329253412e+01 8.550796075294851695e-02 4.776783434173043297e+00
7.027327287041362069e+01 8.566547185027008349e-02 4.762072165825581571e+00
7.005623957297822813e+01 8.582298294759166390e-02 4.747364892596964481e+00
6.983927874503358169e+01 8.598049404491323044e-02 4.732662530267336187e+00
6.962240367155629883e+01 8.613800514223481086e-02 4.717965979093861506e+00
6.940562741086493759e+01 8.629551623955637740e-02 4.703276123974210243e+00
6.918896279702522634e+01 8.645302733687794394e-02 4.688593834609544153e+00
6.897242244369789432e+01 8.661053843419952436e-02 4.673919965765274576e+00
6.875602068165399317e+01 8.676804953152109090e-02 4.659255488566878434e+00
6.853977730878436603e+01 8.692556062884267132e-02 4.644601744619509809e+00
6.832371278405784665e+01 8.708307172616423786e-02 4.629960120326302331e+00
6.810784715273199197e+01 8.724058282348580440e-02 4.615331974055233211e+00
6.789220005143627645e+01 8.739809392080738482e-02 4.600718636483565049e+00
6.767679071325206053e+01 8.755560501812895136e-02 4.586121410942104681e+00
6.746163797278248353e+01 8.771311611545053177e-02 4.571541573758762134e+00
6.724676027121414279e+01 8.787062721277209831e-02 4.556980374601549144e+00
6.703217566136652295e+01 8.802813831009366485e-02 4.542439036820766773e+00
6.681790181272846496e+01 8.818564940741524527e-02 4.527918757790284410e+00
6.660395601648072272e+01 8.834316050473681181e-02 4.513420709247910168e+00
6.639035519049940604e+01 8.850067160205837835e-02 4.498946037634438788e+00
6.617711588434454484e+01 8.865818269937995877e-02 4.484495864431711887e+00
6.596425428422625714e+01 8.881569379670152531e-02 4.470071286499137209e+00
6.575178621795132017e+01 8.897320489402310573e-02 4.455673376408904041e+00
6.553972715984671993e+01 8.913071599134467227e-02 4.441303182779622993e+00
6.532809223565946866e+01 8.928822708866623881e-02 4.426961730608365286e+00
6.511689622743185168e+01 8.944573818598781922e-02 4.412650021601034034e+00
6.490615357834909105e+01 8.960324928330938576e-02 4.398369034500858810e+00
6.469587839756165693e+01 8.976076038063096618e-02 4.384119725415197344e+00
6.448608446497740943e+01 8.991827147795253272e-02 4.369903028140247336e+00
6.427678523602411076e+01 9.007578257527409926e-02 4.355719854483810494e+00
6.406799384638371464e+01 9.023329367259567968e-02 4.341571094586089252e+00
6.385972311669185331e+01 9.039080476991724622e-02 4.327457617238155585e+00
6.365198555720800755e+01 9.054831586723882664e-02 4.313380270198423183e+00
6.344479337245054040e+01 9.070582696456039318e-02 4.299339880506747313e+00
6.323815846579877586e+01 9.086333806188195972e-02 4.285337254796274031e+00
6.303209244405974232e+01 9.102084915920354014e-02 4.271373179602916181e+00
6.282660755133721864e+01 9.117836025652510668e-02 4.257448484649028586e+00
6.262171997507974197e+01 9.133587135384667322e-02 4.243564266877951852e+00
6.241744671461662364e+01 9.149338245116825363e-02 4.229721678250158767e+00
6.221380434361887524e+01 9.165089354848982017e-02 4.215921841881367982e+00
6.201080901673885393e+01 9.180840464581140059e-02 4.202165852492476539e+00
6.180847647631706110e+01 9.196591574313296713e-02 4.188454776864049656e+00
6.160682205904579689e+01 9.212342684045453367e-02 4.174789654287871521e+00
6.140586070258328277e+01 9.228093793777611409e-02 4.161171497015173415e+00
6.120560695212493130e+01 9.243844903509768063e-02 4.147601290701905974e+00
6.100607496692086329e+01 9.259596013241926105e-02 4.134079994850433870e+00
6.080727852674638001e+01 9.275347122974082759e-02 4.120608543247976208e+00
6.060923103831797931e+01 9.291098232706239413e-02 4.107187844401408050e+00
6.041194554165839747e+01 9.306849342438397454e-02 4.093818781968578513e+00
6.021543471640739398e+01 9.322600452170554108e-02 4.080502215185972226e+00
6.001971088807567156e+01 9.338351561902712150e-02 4.067238979292490342e+00
5.982478603424502239e+01 9.354102671634868804e-02 4.054029885949617551e+00
5.963067179070995394e+01 9.369853781367025458e-02 4.040875723657599394e+00
5.943737945756217300e+01 9.385604891099183500e-02 4.027777258167769325e+00
5.924492000521583179e+01 9.401356000831340154e-02 4.014735232890839001e+00
5.905330408037468004e+01 9.417107110563496808e-02 4.001750369301269039e+00
5.886254201193708013e+01 9.432858220295654850e-02 3.988823367337419157e+00
5.867264381684351093e+01 9.448609330027811504e-02 3.975954905797806305e+00
5.848361920586047091e+01 9.464360439759969545e-02 3.963145642733052920e+00
5.829547758930326751e+01 9.480111549492126199e-02 3.950396215833686941e+00
5.810822808269795559e+01 9.495862659224282853e-02 3.937707242813830000e+00
5.792187951237956156e+01 9.511613768956440895e-02 3.925079321790555298e+00
5.773644042102879581e+01 9.527364878688597549e-02 3.912513031659087037e+00
5.755191907314453204e+01 9.543115988420755591e-02 3.900008932463641109e+00
5.736832346045439124e+01 9.558867098152912245e-02 3.887567565764076249e+00
5.718566132554499859e+01 9.574618207885068899e-02 3.875189456237197128e+00
5.700394102047419409e+01 9.590369317617226941e-02 3.862875169860656932e+00
5.682317185228169620e+01 9.606120427349383595e-02 3.850625337326510689e+00
5.664336292227556413e+01 9.621871537081541637e-02 3.838440575385395181e+00
5.646452303657255101e+01 9.637622646813698291e-02 3.826321480784289797e+00
5.628666071204145993e+01 9.653373756545854945e-02 3.814268630669277016e+00
5.610978418217854369e+01 9.669124866278012986e-02 3.802282582983676384e+00
5.593390140291155888e+01 9.684875976010169640e-02 3.790363876861366332e+00
5.575902005833442843e+01 9.700627085742326294e-02 3.778513033015390210e+00
5.558514756637052301e+01 9.716378195474484336e-02 3.766730554121731078e+00
5.541229108436682083e+01 9.732129305206640990e-02 3.755016925198394695e+00
5.524045751461614628e+01 9.747880414938799032e-02 3.743372613979631502e+00
5.506965350981031548e+01 9.763631524670955686e-02 3.731798071285465479e+00
5.489988547842156663e+01 9.779382634403112340e-02 3.720293731386365987e+00
5.473115959001480491e+01 9.795133744135270382e-02 3.708860012363236258e+00
5.456348178048879305e+01 9.810884853867427036e-02 3.697497316462579953e+00
5.439685775724728956e+01 9.826635963599585077e-02 3.686206030446920856e+00
5.423129300430193922e+01 9.842387073331741731e-02 3.674986525940610260e+00
5.406679278730207017e+01 9.858138183063898385e-02 3.663839159770659659e+00
5.390336215849963963e+01 9.873889292796056427e-02 3.652764274303198722e+00
5.374100596164084465e+01 9.889640402528213081e-02 3.641762197774953247e+00
5.357972883679178722e+01 9.905391512260371123e-02 3.630833244620256473e+00
5.341953522509492558e+01 9.921142621992527777e-02 3.619977715793364137e+00
5.326042937345621198e+01 9.936893731724684431e-02 3.609195899086097281e+00
5.310241533916659762e+01 9.952644841456842473e-02 3.598488069440991755e+00
5.294549699445479263e+01 9.968395951188999127e-02 3.587854489259838964e+00
5.278967803097356182e+01 9.984147060921155781e-02 3.577295408707691582e+00
5.263496196421964157e+01 9.999898170653313823e-02 3.566811066012375964e+00
5.248135213788819442e+01 1.001564928038547048e-01 3.556401687759576546e+00
5.232885172816074970e+01 1.003140039011762852e-01 3.546067489183409638e+00
5.217746374792913144e+01 1.004715149984978517e-01 3.535808674452651346e+00
5.202719104269715444e+01 1.006290260958194183e-01 3.525625436393025947e+00
5.187803543554862529e+01 1.007865371931409987e-01 3.515517898545903019e+00
5.172999700425479830e+01 1.009440482904625652e-01 3.505486066181460192e+00
5.158307555493797736e+01 1.011015593877841456e-01 3.495529926161560663e+00
5.143727080428928389e+01 1.012590704851057122e-01 3.485649459287766039e+00
5.129258238227610178e+01 1.014165815824272787e-01 3.475844640484793135e+00
5.114900983480359287e+01 1.015740926797488591e-01 3.466115438980883035e+00
5.100655262632931652e+01 1.017316037770704257e-01 3.456461818484972692e+00
5.086521014242934768e+01 1.018891148743920061e-01 3.446883737360590061e+00
5.072498169232044063e+01 1.020466259717135726e-01 3.437381148796771591e+00
5.058586651133641254e+01 1.022041370690351392e-01 3.427954000975871551e+00
5.044786376335936495e+01 1.023616481663567196e-01 3.418602237238315578e+00
5.031097254320816603e+01 1.025191592636782861e-01 3.409325796244453421e+00
5.017519187898173527e+01 1.026766703609998527e-01 3.400124612133357704e+00
5.004052073436165671e+01 1.028341814583214331e-01 3.390998614678851997e+00
4.990695801087147032e+01 1.029916925556429996e-01 3.381947729442621675e+00
4.977450255009411251e+01 1.031492036529645800e-01 3.372971877924468842e+00
4.964315313584987877e+01 1.033067147502861466e-01 3.364070977709910704e+00
4.951290849633262070e+01 1.034642258476077131e-01 3.355244942614933557e+00
4.938376730620743871e+01 1.036217369449292935e-01 3.346493682828148408e+00
4.925572818866873348e+01 1.037792480422508601e-01 3.337817105050243871e+00
4.912878971745924161e+01 1.039367591395724405e-01 3.329215112630824258e+00
4.900295041885291170e+01 1.040942702368940070e-01 3.320687605702759448e+00
4.887820877359836658e+01 1.042517813342155736e-01 3.312234481313899970e+00
4.875456321882747091e+01 1.044092924315371540e-01 3.303855633556397109e+00
4.863201214992609067e+01 1.045668035288587205e-01 3.295550953693492158e+00
4.851055392237143593e+01 1.047243146261803010e-01 3.287320330284003944e+00
4.839018685353245530e+01 1.048818257235018675e-01 3.279163649304349892e+00
4.827090922443621679e+01 1.050393368208234340e-01 3.271080794268235170e+00
4.815271928150139757e+01 1.051968479181450145e-01 3.263071646344127608e+00
4.803561523823800172e+01 1.053543590154665810e-01 3.255136084470431790e+00
4.791959527691367526e+01 1.055118701127881475e-01 3.247273985468417390e+00
4.780465755018841634e+01 1.056693812101097280e-01 3.239485224152988341e+00
4.769079998617972649e+01 1.058268923074312945e-01 3.231769660122915333e+00
4.757801718325997342e+01 1.059844034047528749e-01 3.224126927336606663e+00
4.746630103649381027e+01 1.061419145020744415e-01 3.216556476562677069e+00
4.735564344669292325e+01 1.062994255993960080e-01 3.209057758959187989e+00
4.724603640423624995e+01 1.064569366967175884e-01 3.201630231753732403e+00
4.713747198803626759e+01 1.066144477940391549e-01 3.194273358173382427e+00
4.702994236451888099e+01 1.067719588913607354e-01 3.186986607375563274e+00
4.692343978661484272e+01 1.069294699886823019e-01 3.179769454379704818e+00
4.681795659276787802e+01 1.070869810860038684e-01 3.172621380000028690e+00
4.671348520595318377e+01 1.072444921833254489e-01 3.165541870779035705e+00
4.661001813270982552e+01 1.074020032806470154e-01 3.158530418921937422e+00
4.650754796218656395e+01 1.075595143779685958e-01 3.151586522231994980e+00
4.640606736519965381e+01 1.077170254752901624e-01 3.144709684046675502e+00
4.630556909330290694e+01 1.078745365726117289e-01 3.137899413174623398e+00
4.620604597787043843e+01 1.080320476699333093e-01 3.131155223833518964e+00
4.610749092919165548e+01 1.081895587672548759e-01 3.124476635588735007e+00
4.600989693557777827e+01 1.083470698645764424e-01 3.117863173292801271e+00
4.591325706247999960e+01 1.085045809618980228e-01 3.111314367025638017e+00
4.581756445161973801e+01 1.086620920592195894e-01 3.104829752035623613e+00
4.572281232012984731e+01 1.088196031565411698e-01 3.098408868681396200e+00
4.562899395970774918e+01 1.089771142538627363e-01 3.092051262374467591e+00
4.553610273577850620e+01 1.091346253511843029e-01 3.085756483522504645e+00
4.544413208667045723e+01 1.092921364485058833e-01 3.079524087473468619e+00
4.535307552279972754e+01 1.094496475458274498e-01 3.073353634460356698e+00
4.526292662586731552e+01 1.096071586431490302e-01 3.067244689546785974e+00
4.517367904806524592e+01 1.097646697404705968e-01 3.061196822573201359e+00
4.508532651129409174e+01 1.099221808377921633e-01 3.055209608103857555e+00
4.499786280638922165e+01 1.100796919351137437e-01 3.049282625374369893e+00
4.491128179235941786e+01 1.102372030324353103e-01 3.043415458240136040e+00
4.482557739563328880e+01 1.103947141297568907e-01 3.037607695125262186e+00
4.474074360931613370e+01 1.105522252270784572e-01 3.031858928972196665e+00
4.465677449245747965e+01 1.107097363244000238e-01 3.026168757192110981e+00
4.457366416932651987e+01 1.108672474217216042e-01 3.020536781615782207e+00
4.449140682869754215e+01 1.110247585190431707e-01 3.014962608445190373e+00
4.440999671332753707e+01 1.111822696163647373e-01 3.009445847540441310e+00
4.432942610361541824e+01 1.113397807136863177e-01 3.003985975782351492e+00
4.424968289559355838e+01 1.114972918110078842e-01 2.998582172944894708e+00
4.417075454794417766e+01 1.116548029083294646e-01 2.993233589164987496e+00
4.409262868859510576e+01 1.118123140056510312e-01 2.987939386048485080e+00
4.401529311178838100e+01 1.119698251029725977e-01 2.982698736471532275e+00
4.393873577520934504e+01 1.121273362002941781e-01 2.977510824386022215e+00
4.386294479717570738e+01 1.122848472976157447e-01 2.972374844629106061e+00
4.378790845388613917e+01 1.124423583949373251e-01 2.967290002736747034e+00
4.371361517672536934e+01 1.125998694922588916e-01 2.962255514761104269e+00
4.364005354962546335e+01 1.127573805895804582e-01 2.957270607091707415e+00
4.356721230648295773e+01 1.129148916869020386e-01 2.952334516280444188e+00
4.349508032862734552e+01 1.130724027842236051e-01 2.947446488870000270e+00
4.342364664234448668e+01 1.132299138815451855e-01 2.942605781226039774e+00
4.335290041644883985e+01 1.133874249788667521e-01 2.937811659372684403e+00
4.328283095990799723e+01 1.135449360761883186e-01 2.933063398831539548e+00
4.321342771951339046e+01 1.137024471735098990e-01 2.928360284463852992e+00
4.314468027760175062e+01 1.138599582708314656e-01 2.923701610316102872e+00
4.307657834982060052e+01 1.140174693681530321e-01 2.919086679468586354e+00
4.300911178294136050e+01 1.141749804654746125e-01 2.914514803887212846e+00
4.294227055271635862e+01 1.143324915627961791e-01 2.909985304278293050e+00
4.287604476177922663e+01 1.144900026601177595e-01 2.905497509946255885e+00
4.281042463758878114e+01 1.146475137574393260e-01 2.901050758654318162e+00
4.274540053041379650e+01 1.148050248547608926e-01 2.896644396487912942e+00
4.268096291135982057e+01 1.149625359520824730e-01 2.892277777720990706e+00
4.261710237043420335e+01 1.151200470494040395e-01 2.887950264684885138e+00
4.255380961465198197e+01 1.152775581467256200e-01 2.883661227639966018e+00
4.249107546617899800e+01 1.154350692440471865e-01 2.879410044649799882e+00
4.242889086051265224e+01 1.155925803413687530e-01 2.875196101457874853e+00
4.236724684469898961e+01 1.157500914386903335e-01 2.871018791366778178e+00
4.230613457558580848e+01 1.159076025360119000e-01 2.866877515119819364e+00
4.224554531811115510e+01 1.160651136333334804e-01 2.862771680785048733e+00
4.218547044362496479e+01 1.162226247306550470e-01 2.858700703641523511e+00
4.212590142824543449e+01 1.163801358279766135e-01 2.854664006067930249e+00
4.206682985124745500e+01 1.165376469252981939e-01 2.850661017433370858e+00
4.200824739348278314e+01 1.166951580226197605e-01 2.846691173990313573e+00
4.195014583549995280e+01 1.168526691199413270e-01 2.842753918747181974e+00
4.189251605242655074e+01 1.170101802172629074e-01 2.838848633356496176e+00
4.183534582308138994e+01 1.171676913145844739e-01 2.834974489649250806e+00
4.177862243936411346e+01 1.173252024119060544e-01 2.831130626460331090e+00
4.172233335149629596e+01 1.174827135092276209e-01 2.827316193353318408e+00
4.166646616557678584e+01 1.176402246065491874e-01 2.823530350454825477e+00
4.161100864119836018e+01 1.177977357038707679e-01 2.819772268292990436e+00
4.155594868912368867e+01 1.179552468011923344e-01 2.816041127639986819e+00
4.150127436901934175e+01 1.181127578985139148e-01 2.812336119358465947e+00
4.144697388724706144e+01 1.182702689958354814e-01 2.808656444251892648e+00
4.139303559470934601e+01 1.184277800931570479e-01 2.805001312918538936e+00
4.133944798474989568e+01 1.185852911904786283e-01 2.801369945609212042e+00
4.128619969110639687e+01 1.187428022878001949e-01 2.797761572088526716e+00
4.123327948591440872e+01 1.189003133851217753e-01 2.794175431499641427e+00
4.118067627776134998e+01 1.190578244824433418e-01 2.790610772232371417e+00
4.112837910979009592e+01 1.192153355797649084e-01 2.787066851794702149e+00
4.107637715784895960e+01 1.193728466770864888e-01 2.783542936687401159e+00
4.102465972868971278e+01 1.195303577744080553e-01 2.780038302281922835e+00
4.097321625820984536e+01 1.196878688717296219e-01 2.776552232701281042e+00
4.092203630973912709e+01 1.198453799690512023e-01 2.773084020703950880e+00
4.087110957237027264e+01 1.200028910663727688e-01 2.769632967570738735e+00
4.082042585933078271e+01 1.201604021636943492e-01 2.766198382994450533e+00
4.076997510639633759e+01 1.203179132610159158e-01 2.762779584972375968e+00
4.071974737034422986e+01 1.204754243583374823e-01 2.759375899701487000e+00
4.066973282744630325e+01 1.206329354556590627e-01 2.755986661476310218e+00
4.061992177199865495e+01 1.207904465529806293e-01 2.752611212589290979e+00
4.057030461489055284e+01 1.209479576503022097e-01 2.749248903233817209e+00
4.052087188220809111e+01 1.211054687476237762e-01 2.745899091409599535e+00
4.047161421387423985e+01 1.212629798449453428e-01 2.742561142830505450e+00
4.042252236232227602e+01 1.214204909422669232e-01 2.739234430834673439e+00
4.037358719120450701e+01 1.215780020395884897e-01 2.735918336297002096e+00
4.032479967413204491e+01 1.217355131369100563e-01 2.732612247543757977e+00
4.027615089344863009e+01 1.218930242342316367e-01 2.729315560269478080e+00
4.022763203903335949e+01 1.220505353315532032e-01 2.726027677455840070e+00
4.017923440713585848e+01 1.222080464288747836e-01 2.722748009292727644e+00
4.013094939924021531e+01 1.223655575261963502e-01 2.719475973101235233e+00
4.008276852095795562e+01 1.225230686235179167e-01 2.716210993258669770e+00
4.003468338094912582e+01 1.226805797208394971e-01 2.712952501125420746e+00
3.998668568971635295e+01 1.228380908181610637e-01 2.709699934963247347e+00
3.993876703577845433e+01 1.229956019154826441e-01 2.706452724767670404e+00
3.989091844427283462e+01 1.231531130128042106e-01 2.703210262356630977e+00
3.984313092650354804e+01 1.233106241101257772e-01 2.699971938610665312e+00
3.979539560431214795e+01 1.234681352074473576e-01 2.696737151900879148e+00
3.974770370904185057e+01 1.236256463047689241e-01 2.693505308018769195e+00
3.970004658052926061e+01 1.237831574020905046e-01 2.690275820107889793e+00
3.965241566612566970e+01 1.239406684994120711e-01 2.687048108597533513e+00
3.960480251974389887e+01 1.240981795967336376e-01 2.683821601138146384e+00
3.955719880093235474e+01 1.242556906940552180e-01 2.680595732538567866e+00
3.950959627397450191e+01 1.244132017913767846e-01 2.677369944705020099e+00
3.946198680701301242e+01 1.245707128886983511e-01 2.674143686581748725e+00
3.941436237119889796e+01 1.247282239860199315e-01 2.670916414093361890e+00
3.936671503986342202e+01 1.248857350833414981e-01 2.667687590088723582e+00
3.931903698771383660e+01 1.250432461806630924e-01 2.664456684286441668e+00
3.927132049005012249e+01 1.252007572779846589e-01 2.661223173221798799e+00
3.922355792200535518e+01 1.253582683753062255e-01 2.657986540195275804e+00
3.917574175780490719e+01 1.255157794726277920e-01 2.654746275222339857e+00
3.912786457004768437e+01 1.256732905699493585e-01 2.651501874984755425e+00
3.907991902900651127e+01 1.258308016672709251e-01 2.648252842783157757e+00
3.903189790194845443e+01 1.259883127645924916e-01 2.644998688491007499e+00
3.898379405247266050e+01 1.261458238619140859e-01 2.641738928509709705e+00
3.893560043986767027e+01 1.263033349592356525e-01 2.638473085725070888e+00
3.888731011848543062e+01 1.264608460565572190e-01 2.635200689464870294e+00
3.883891623713280694e+01 1.266183571538787855e-01 2.631921275457633769e+00
3.879041203847958741e+01 1.267758682512003521e-01 2.628634385792510741e+00
3.874179085848225412e+01 1.269333793485219464e-01 2.625339568880227681e+00
3.869304612582387648e+01 1.270908904458435129e-01 2.622036379415136675e+00
3.864417136136831488e+01 1.272484015431650795e-01 2.618724378338222358e+00
3.859516017762914686e+01 1.274059126404866460e-01 2.615403132801119579e+00
3.854600627825381309e+01 1.275634237378082125e-01 2.612072216131154256e+00
3.849670345751934519e+01 1.277209348351298068e-01 2.608731207797171603e+00
3.844724559984281598e+01 1.278784459324513734e-01 2.605379693376360883e+00
3.839762667930423135e+01 1.280359570297729399e-01 2.602017264521926165e+00
3.834784075918113189e+01 1.281934681270945064e-01 2.598643518931543550e+00
3.829788199149535188e+01 1.283509792244160730e-01 2.595258060316657289e+00
3.824774461657197122e+01 1.285084903217376673e-01 2.591860498372581478e+00
3.819742296260772463e+01 1.286660014190592338e-01 2.588450448749257671e+00
3.814691144525129829e+01 1.288235125163808004e-01 2.585027533022816737e+00
3.809620456719331827e+01 1.289810236137023669e-01 2.581591378667786874e+00
3.804529692001981545e+01 1.291385347110239334e-01 2.578141619182703348e+00
3.799418384673666083e+01 1.292960458083455277e-01 2.574677938986103864e+00
3.794286235256763007e+01 1.294535569056670943e-01 2.571200135136813003e+00
3.789132973068171140e+01 1.296110680029886608e-01 2.567708024206282413e+00
3.783958332793913115e+01 1.297685791003102274e-01 2.564201426404349338e+00
3.778762054463732767e+01 1.299260901976317939e-01 2.560680165562027266e+00
3.773543883426005152e+01 1.300836012949533882e-01 2.557144069114506202e+00
3.768303570322871110e+01 1.302411123922749547e-01 2.553592968084295478e+00
3.763040871065567927e+01 1.303986234895965213e-01 2.550026697064511350e+00
3.757755546810014380e+01 1.305561345869180878e-01 2.546445094202332449e+00
3.752447363932546409e+01 1.307136456842396544e-01 2.542848001182555606e+00
3.747116094005859566e+01 1.308711567815612486e-01 2.539235263211293336e+00
3.741761513775176695e+01 1.310286678788828152e-01 2.535606728999824977e+00
3.736383405134463231e+01 1.311861789762043817e-01 2.531962250748476695e+00
3.730981555102945890e+01 1.313436900735259483e-01 2.528301684130713323e+00
3.725555755801664048e+01 1.315012011708475148e-01 2.524624888277239521e+00
3.720105804430171048e+01 1.316587122681690813e-01 2.520931725760224840e+00
3.714631503243457189e+01 1.318162233654906756e-01 2.517222062577657127e+00
3.709132659528855669e+01 1.319737344628122422e-01 2.513495768137689712e+00
3.703609085583156713e+01 1.321312455601338087e-01 2.509752715243143584e+00
3.698060598689718148e+01 1.322887566574553753e-01 2.505992780075982473e+00
3.692487021095810462e+01 1.324462677547769418e-01 2.502215842181975791e+00
3.686888179989909275e+01 1.326037788520985361e-01 2.498421784455297612e+00
3.681263907479114295e+01 1.327612899494201026e-01 2.494610493123234907e+00
3.675614040566657792e+01 1.329188010467416692e-01 2.490781857730935300e+00
3.669938421129371164e+01 1.330763121440632357e-01 2.486935771126152606e+00
3.664236895895361812e+01 1.332338232413848023e-01 2.483072129444100717e+00
3.658509316421563540e+01 1.333913343387063966e-01 2.479190832092257768e+00
3.652755539071421254e+01 1.335488454360279631e-01 2.475291781735232899e+00
3.646975424992561443e+01 1.337063565333495296e-01 2.471374884279640138e+00
3.641168840094510983e+01 1.338638676306710962e-01 2.467440048858995816e+00
3.635335655026418067e+01 1.340213787279926627e-01 2.463487187818625745e+00
3.629475745154702082e+01 1.341788898253142570e-01 2.459516216700515567e+00
3.623588990540898891e+01 1.343364009226358236e-01 2.455527054228300532e+00
3.617675275919226152e+01 1.344939120199573901e-01 2.451519622292059886e+00
3.611734490674375309e+01 1.346514231172789566e-01 2.447493845933270240e+00
3.605766528819148675e+01 1.348089342146005232e-01 2.443449653329648363e+00
3.599771288972149819e+01 1.349664453119221175e-01 2.439386975780035716e+00
3.593748674335353144e+01 1.351239564092436840e-01 2.435305747689197720e+00
3.587698592671737430e+01 1.352814675065652505e-01 2.431205906552667884e+00
3.581620956282749546e+01 1.354389786038868171e-01 2.427087392941472466e+00
3.575515681985914540e+01 1.355964897012083836e-01 2.422950150486961718e+00
3.569382691779933481e+01 1.357540007985299779e-01 2.418794126331512473e+00
3.563222040072736263e+01 1.359115118958515445e-01 2.414619357344691686e+00
3.557034060356529892e+01 1.360690229931731110e-01 2.410426069517670022e+00
3.550819120978721344e+01 1.362265340904946775e-01 2.406214512461272381e+00
3.544577588570160742e+01 1.363840451878162441e-01 2.401984934623092816e+00
3.538309828036332760e+01 1.365415562851378384e-01 2.397737583281531748e+00
3.532016202548643946e+01 1.366990673824594049e-01 2.393472704539891360e+00
3.525697073536107951e+01 1.368565784797809715e-01 2.389190543320740101e+00
3.519352800677231130e+01 1.370140895771025380e-01 2.384891343360412197e+00
3.512983741892236367e+01 1.371716006744241045e-01 2.380575347203742087e+00
3.506590253335553342e+01 1.373291117717456711e-01 2.376242796198973828e+00
3.500172689388505631e+01 1.374866228690672654e-01 2.371893930492804614e+00
3.493731402652350226e+01 1.376441339663888319e-01 2.367528989025667663e+00
3.487266743941555802e+01 1.378016450637103985e-01 2.363148209527180299e+00
3.480779062277272118e+01 1.379591561610319650e-01 2.358751828511712834e+00
3.474268704881190928e+01 1.381166672583535315e-01 2.354340081274235885e+00
3.467736017169529816e+01 1.382741783556751258e-01 2.349913201886235203e+00
3.461181342747330092e+01 1.384316894529966924e-01 2.345471423191856530e+00
3.454605023403008346e+01 1.385892005503182589e-01 2.341014976804206338e+00
3.448007399103101989e+01 1.387467116476398254e-01 2.336544093101792452e+00
3.441388807987335952e+01 1.389042227449613920e-01 2.332059001225185835e+00
3.434749586363839313e+01 1.390617338422829863e-01 2.327559929073770739e+00
3.428090068704653959e+01 1.392192449396045528e-01 2.323047103302710692e+00
3.421410587641469192e+01 1.393767560369261194e-01 2.318520749320052143e+00
3.414711473961577326e+01 1.395342671342476859e-01 2.313981091283982217e+00
3.407993056604036752e+01 1.396917782315692524e-01 2.309428352100232118e+00
3.401255662656105017e+01 1.398492893288908467e-01 2.304862753419662624e+00
3.394499617349832477e+01 1.400068004262124133e-01 2.300284515635948601e+00
3.387725244058952256e+01 1.401643115235339798e-01 2.295693857883477129e+00
3.380932864295893836e+01 1.403218226208555464e-01 2.291090998035321125e+00
3.374122797709079435e+01 1.404793337181771129e-01 2.286476152701406583e+00
3.367295362080403009e+01 1.406368448154987072e-01 2.281849537226809055e+00
3.360450873322922405e+01 1.407943559128202737e-01 2.277211365690184675e+00
3.353589645478752601e+01 1.409518670101418403e-01 2.272561850902341085e+00
3.346711990717098928e+01 1.411093781074634068e-01 2.267901204404913607e+00
3.339818219332656923e+01 1.412668892047849734e-01 2.263229636469269668e+00
3.332908639744012191e+01 1.414244003021065677e-01 2.258547356095433223e+00
3.325983558492345793e+01 1.415819113994281342e-01 2.253854571011201902e+00
3.319043280240308746e+01 1.417394224967497007e-01 2.249151487671387173e+00
3.312088107771089796e+01 1.418969335940712673e-01 2.244438311257181073e+00
3.305118341987590469e+01 1.420544446913928338e-01 2.239715245675601540e+00
3.298134281911940491e+01 1.422119557887144281e-01 2.234982493559154904e+00
3.291136224685048717e+01 1.423694668860359946e-01 2.230240256265541898e+00
3.284124465566357287e+01 1.425269779833575612e-01 2.225488733877482250e+00
3.277099297998258010e+01 1.426844890806791277e-01 2.220728125246375306e+00
3.270061107429545189e+01 1.428420001780006943e-01 2.215958691571805250e+00
3.263010556786343841e+01 1.429995112753222608e-01 2.211180882086020816e+00
3.255948353682585150e+01 1.431570223726438551e-01 2.206395176303989736e+00
3.248875197379388879e+01 1.433145334699654216e-01 2.201602048080390617e+00
3.241791778820314818e+01 1.434720445672869882e-01 2.196801965633503606e+00
3.234698780667783780e+01 1.436295556646085547e-01 2.191995391569890206e+00
3.227596877340690185e+01 1.437870667619301213e-01 2.187182782909879997e+00
3.220486735053053451e+01 1.439445778592517156e-01 2.182364591113768348e+00
3.213369011853787782e+01 1.441020889565732821e-01 2.177541262108759756e+00
3.206244357667512901e+01 1.442596000538948486e-01 2.172713236316628826e+00
3.199113414336244077e+01 1.444171111512164152e-01 2.167880948681963016e+00
3.191976815662223288e+01 1.445746222485379817e-01 2.163044828701199851e+00
3.184835187451527361e+01 1.447321333458595760e-01 2.158205300452167297e+00
3.177689147558617933e+01 1.448896444431811426e-01 2.153362782624279603e+00
3.170539305931778529e+01 1.450471555405027091e-01 2.148517688549321569e+00
3.163386264659313696e+01 1.452046666378242756e-01 2.143670426232762161e+00
3.156230618016616063e+01 1.453621777351458422e-01 2.138821398385644557e+00
3.149072952513910195e+01 1.455196888324674365e-01 2.133971002456942045e+00
3.141913846944819966e+01 1.456771999297890030e-01 2.129119630666469476e+00
3.134753872435519284e+01 1.458347110271105695e-01 2.124267670038189504e+00
3.127593592494710961e+01 1.459922221244321361e-01 2.119415502434081944e+00
3.120433563064087323e+01 1.461497332217537026e-01 2.114563504588337750e+00
3.113274332569494263e+01 1.463072443190752969e-01 2.109712048142029506e+00
3.106116441972661590e+01 1.464647554163968635e-01 2.104861499678170045e+00
3.098960424823477311e+01 1.466222665137184300e-01 2.100012220757129011e+00
3.091806807312817185e+01 1.467797776110399965e-01 2.095164567952442436e+00
3.084656108325841473e+01 1.469372887083615631e-01 2.090318892886920299e+00
3.077508839495781245e+01 1.470947998056831574e-01 2.085475542269102700e+00
3.070365505258191519e+01 1.472523109030047239e-01 2.080634857930017123e+00
3.063226602905634621e+01 1.474098220003262905e-01 2.075797176860237681e+00
3.056092622642717416e+01 1.475673330976478570e-01 2.070962831247186386e+00
3.048964047641570474e+01 1.477248441949694235e-01 2.066132148512718647e+00
3.041841354097616090e+01 1.478823552922910178e-01 2.061305451350923246e+00
3.034725011285734553e+01 1.480398663896125844e-01 2.056483057766179012e+00
3.027615481616701487e+01 1.481973774869341509e-01 2.051665281111397565e+00
3.020513220693880285e+01 1.483548885842557175e-01 2.046852430126447686e+00
3.013418677370281529e+01 1.485123996815772840e-01 2.042044808976818171e+00
3.006332293805735389e+01 1.486699107788988505e-01 2.037242717292355731e+00
2.999254505524381287e+01 1.488274218762204448e-01 2.032446450206234712e+00
2.992185741472378169e+01 1.489849329735420114e-01 2.027656298394050705e+00
2.985126424075673768e+01 1.491424440708635779e-01 2.022872548112977675e+00
2.978076969298093957e+01 1.492999551681851444e-01 2.018095481241129363e+00
2.971037786699434236e+01 1.494574662655067110e-01 2.013325375316925125e+00
2.964009279493837923e+01 1.496149773628283053e-01 2.008562503578647185e+00
2.956991844608121056e+01 1.497724884601498718e-01 2.003807135003970341e+00
2.949985872740304060e+01 1.499299995574714384e-01 1.999059534349620471e+00
2.942991761467676781e+01 1.500875106547930049e-01 1.994319971034065553e+00
2.936010025453733974e+01 1.502450217521145714e-01 1.989588793819300871e+00
2.929041239065140800e+01 1.504025328494361657e-01 1.984866391925212969e+00
2.922085968188259741e+01 1.505600439467577323e-01 1.980153148825001486e+00
2.915144769597426944e+01 1.507175550440792988e-01 1.975449441817100471e+00
2.908218191046752210e+01 1.508750661414008654e-01 1.970755642087379300e+00
2.901306771362258985e+01 1.510325772387224319e-01 1.966072114771588275e+00
2.894411040534229684e+01 1.511900883360440262e-01 1.961399219017929907e+00
2.887531519809954261e+01 1.513475994333655927e-01 1.956737308049914859e+00
2.880668721786561193e+01 1.515051105306871593e-01 1.952086729229265627e+00
2.873823150504069801e+01 1.516626216280087258e-01 1.947447824118977433e+00
2.866995301538711871e+01 1.518201327253302924e-01 1.942820928546552084e+00
2.860185662096180437e+01 1.519776438226518867e-01 1.938206372667194310e+00
2.853394711105141823e+01 1.521351549199734532e-01 1.933604481027175304e+00
2.846622919310748401e+01 1.522926660172950197e-01 1.929015572627205133e+00
2.839870749368139258e+01 1.524501771146165863e-01 1.924439960985789844e+00
2.833138655936047812e+01 1.526076882119381528e-01 1.919877954202668047e+00
2.826427085770295022e+01 1.527651993092597471e-01 1.915329855022164907e+00
2.819736477817319908e+01 1.529227104065813136e-01 1.910795960896575441e+00
2.813067263307531718e+01 1.530802215039028802e-01 1.906276564049420807e+00
2.806419865848690165e+01 1.532377326012244467e-01 1.901771951538728800e+00
2.799794701519041240e+01 1.533952436985460133e-01 1.897282405320151799e+00
2.793192178960434902e+01 1.535527547958676076e-01 1.892808202310060306e+00
2.786612699471156773e+01 1.537102658931891741e-01 1.888349614448457281e+00
2.780056657098614181e+01 1.538677769905107406e-01 1.883906908761783683e+00
2.773524438731874042e+01 1.540252880878323072e-01 1.879480347425625197e+00
2.767016424193855073e+01 1.541827991851538737e-01 1.875070187827190482e+00
2.760532986333369365e+01 1.543403102824754403e-01 1.870676682627679943e+00
2.754074491116845991e+01 1.544978213797970346e-01 1.866300079824443348e+00
2.747641297719743747e+01 1.546553324771186011e-01 1.861940622812927160e+00
2.741233758617726224e+01 1.548128435744401676e-01 1.857598550448456010e+00
2.734852219677473428e+01 1.549703546717617342e-01 1.853274097107774132e+00
2.728497020247129257e+01 1.551278657690833007e-01 1.848967492750336783e+00
2.722168493246444143e+01 1.552853768664048950e-01 1.844678962979393599e+00
2.715866965256509857e+01 1.554428879637264616e-01 1.840408729102799734e+00
2.709592756609146136e+01 1.556003990610480281e-01 1.836157008193586959e+00
2.703346181475842513e+01 1.557579101583695946e-01 1.831924013150237673e+00
2.697127547956329607e+01 1.559154212556911612e-01 1.827709952756700229e+00
2.690937158166684995e+01 1.560729323530127555e-01 1.823515031742101167e+00
2.684775308327045806e+01 1.562304434503343220e-01 1.819339450840176120e+00
2.678642288848819319e+01 1.563879545476558885e-01 1.815183406848375425e+00
2.672538384421519453e+01 1.565454656449774551e-01 1.811047092686701498e+00
2.666463874098975850e+01 1.567029767422990216e-01 1.806930697456135437e+00
2.660419031385288235e+01 1.568604878396206159e-01 1.802834406496878872e+00
2.654404124320041092e+01 1.570179989369421825e-01 1.798758401446102217e+00
2.648419415563213519e+01 1.571755100342637490e-01 1.794702860295483537e+00
2.642465162479460972e+01 1.573330211315853155e-01 1.790667957448321967e+00
2.636541617221947931e+01 1.574905322289068821e-01 1.786653863776346718e+00
2.630649026815620317e+01 1.576480433262284764e-01 1.782660746676147712e+00
2.624787613904489803e+01 1.578055544235500429e-01 1.778688757022559574e+00
2.618957514121309060e+01 1.579630655208716095e-01 1.774737986727191741e+00
2.613158837808751755e+01 1.581205766181931760e-01 1.770808510563817162e+00
2.613158837808751755e+01 1.581205766181931760e-01 1.770808510563817384e+00
2.028564040093822030e+01 1.826842454521749870e-01 1.374002387851621432e+00
1.718142619016337491e+01 2.073525430377324841e-01 9.326545096621919884e-01
1.357743927811160667e+01 2.322407203492417860e-01 7.654459608206576338e-01
1.179098655864127387e+01 2.568837818198746459e-01 7.116434875025566820e-01
9.915150884500702588e+00 2.811184729179193598e-01 4.489626828202427644e-01
8.659946958484400881e+00 3.057758170190760794e-01 3.372805495514703544e-01
7.527354031467430318e+00 3.308749588216616799e-01 2.856799597413776093e-01
6.548107076088434120e+00 3.553458836143503774e-01 2.337696297968986925e-01
5.901821718898183633e+00 3.797183506574301481e-01 2.384442213267064237e-01
5.191811826789837880e+00 4.042043120935024936e-01 1.356807814555845426e-01
4.706039491756821569e+00 4.287407985369371399e-01 1.007768901027324138e-01
4.272363862050186256e+00 4.533371424922238990e-01 8.455532506047895580e-02
3.843305511823062126e+00 4.779959634912051558e-01 1.233042008993106842e-01
3.500749512222591786e+00 5.026629933946460405e-01 8.327133631698500904e-02
3.237080120036533337e+00 5.271487506500315279e-01 8.783197089937781754e-02
3.006512174610171506e+00 5.515427964227138657e-01 6.064198099069734865e-02
2.796470405093721467e+00 5.762240530263548210e-01 5.350742026604304868e-02
2.598810693836457020e+00 6.007285446297923048e-01 3.991703835989872384e-02
2.416151591358902451e+00 6.252568531449649303e-01 6.808106824768504761e-02
2.307269761112524353e+00 6.499965502683907603e-01 6.291356873558594243e-02
2.183854943756597056e+00 6.746857991314229031e-01 4.638782441683011321e-02
2.105209231721707042e+00 6.991270364754236244e-01 3.571349791739730078e-02
2.038020974690759157e+00 7.235756604093172006e-01 3.227560108538635175e-02
2.014583627994944504e+00 7.479714013051395050e-01 3.933084338623516613e-02
2.000209664195740977e+00 7.726132299420060967e-01 3.179652244572618580e-02
1.979457286519857639e+00 7.972349387995918413e-01 3.578054500146032185e-02
1.905683065427207001e+00 8.217736356692634248e-01 4.488945232622859605e-02
1.843032071484944412e+00 8.463200505719705724e-01 3.225370546544238659e-02
1.789989654935603580e+00 8.708218859006343626e-01 3.098226911753296925e-02
1.762055800102056979e+00 8.954790463233904818e-01 2.854871847524546521e-02
1.729288155928426551e+00 9.199626960429320155e-01 2.895581720920441596e-02
1.729860291603141365e+00 9.443606208269833546e-01 4.128996761694024575e-02
1.729566606852425137e+00 9.688687146412832130e-01 3.882362458811414174e-02
1.725669543650075299e+00 9.930926048855095445e-01 5.000621915074521945e-02
1.761073119235641249e+00 1.017620455362175491e+00 3.566529939188392562e-02
1.816452460662400403e+00 1.042409919186157552e+00 4.644430818334518291e-02
1.905877649609216906e+00 1.066789561870425063e+00 3.793905892749938752e-02
1.943040957818620740e+00 1.090909765172895618e+00 5.209818441725436872e-02
1.920172823088333258e+00 1.115651582439790346e+00 9.267122736734070831e-02
1.969756886336970547e+00 1.140641543091339027e+00 5.985823419845182070e-02
1.999411520190781166e+00 1.164692026865203012e+00 1.161197015714541814e-01
2.071854097999547228e+00 1.188605021497627590e+00 9.160154052482799569e-02
2.215924165826128167e+00 1.214006438167991364e+00 9.188517254136757684e-02
2.388847526956296541e+00 1.240498485730926914e+00 1.168935904869442960e-01
2.702277732564220880e+00 1.264816150349954427e+00 2.401734462007725501e-01
2.843177802452976355e+00 1.284554513240047102e+00 3.116004426710361486e-01
3.119463568101467299e+00 1.309527810458392949e+00 4.978648933975832191e-01
4.478507047454298728e+00 1.335814856768205550e+00 6.912782670872925639e-01
4.470476999530310636e+00 1.360349523175663267e+00 5.882666767754672676e+00
