4.925969201010141352e-01 7.669903939428205850e-04 3.371154285242102672e-02
5.871271248441763957e-01 9.245014912643925459e-04 4.018084649198448710e-02
6.799120191043408479e-01 1.082012588585964507e-03 4.653070742547845556e-02
7.709572071210005761e-01 1.239523685907536251e-03 5.276150918668508216e-02
8.602614143441819072e-01 1.397034783229108429e-03 5.887316455003652194e-02
9.478202329096692136e-01 1.554545880550680173e-03 6.486537185732639543e-02
1.033631280719568668e+00 1.712056977872252134e-03 7.073796808643265099e-02
1.117694190470287730e+00 1.869568075193824095e-03 7.649092810043242596e-02
1.200013521621815737e+00 2.027079172515396273e-03 8.212456393219583206e-02
1.280593826869774965e+00 2.184590269836968017e-03 8.763918715166435502e-02
1.359447005653060314e+00 2.342101367158539761e-03 9.303561211318710222e-02
1.436585124257881985e+00 2.499612464480111939e-03 9.831466458953698473e-02
1.512022251462334044e+00 2.657123561801683683e-03 1.034773073967533291e-01
1.585777385237469472e+00 2.814634659123255861e-03 1.085248406869262633e-01
1.657870484177763171e+00 2.972145756444827605e-03 1.134586303537214735e-01
1.728321245965088293e+00 3.129656853766399783e-03 1.182800244348945762e-01
1.797152131082006887e+00 3.287167951087971527e-03 1.229905600442386671e-01
1.864387868407138660e+00 3.444679048409543271e-03 1.275919295363287242e-01
1.930053256168837272e+00 3.602190145731115449e-03 1.320858300117830897e-01
1.994172406015915389e+00 3.759701243052687193e-03 1.364739115842122097e-01
2.056770660257889016e+00 3.917212340374259805e-03 1.407579085891717263e-01
2.117874408901903038e+00 4.074723437695831549e-03 1.449396270628353911e-01
2.177510760022170366e+00 4.232234535017403293e-03 1.490209221832771991e-01
2.235706153004624497e+00 4.389745632338975037e-03 1.530036033659755712e-01
2.292486136055936985e+00 4.547256729660546781e-03 1.568894190373394115e-01
2.347876618993333331e+00 4.704767826982118525e-03 1.606801423710893795e-01
2.401903796172328853e+00 4.862278924303691137e-03 1.643775660137130612e-01
2.454594012472605336e+00 5.019790021625262881e-03 1.679834929130242238e-01
2.505973634318758414e+00 5.177301118946834625e-03 1.714997274912928027e-01
2.556068135616838433e+00 5.334812216268406369e-03 1.749280130900629782e-01
2.604901754239385969e+00 5.492323313589978981e-03 1.782700084612383051e-01
2.652498634152710366e+00 5.649834410911550725e-03 1.815273659301208653e-01
2.698882855566094197e+00 5.807345508233122469e-03 1.847017334587136017e-01
2.744078375251339352e+00 5.964856605554694213e-03 1.877947505614071810e-01
2.788108976189113353e+00 6.122367702876265957e-03 1.908080448589582756e-01
2.830998225222634002e+00 6.279878800197838569e-03 1.937432291804623563e-01
2.872769196926210356e+00 6.437389897519410313e-03 1.966018826659197694e-01
2.913443330767248263e+00 6.594900994840982057e-03 1.993854725545574913e-01
2.953041414274040655e+00 6.752412092162553801e-03 2.020954214692588236e-01
2.991584081955175556e+00 6.909923189484126413e-03 2.047331415607948624e-01
3.029091787351866571e+00 7.067434286805698157e-03 2.073000325951871170e-01
3.065584778570439539e+00 7.224945384127269901e-03 2.097974802792401394e-01
3.101083077499573015e+00 7.382456481448841645e-03 2.122268548382450215e-01
3.135606462260593474e+00 7.539967578770413389e-03 2.145895098149409042e-01
3.169174452497445227e+00 7.697478676091986001e-03 2.168867810628148096e-01
3.201806180168986771e+00 7.854989773413558612e-03 2.191199779035951645e-01
3.233519184583731221e+00 8.012500870735128622e-03 2.212903006638093639e-01
3.264329999095747503e+00 8.170011968056702101e-03 2.233988808261190562e-01
3.294255019512835503e+00 8.327523065378272110e-03 2.254468404600188380e-01
3.323310502803664690e+00 8.485034162699845589e-03 2.274352921333580579e-01
3.351512553362084645e+00 8.642545260021415598e-03 2.293653379723197550e-01
3.378877111055667459e+00 8.800056357342989077e-03 2.312380688435066722e-01
3.405419940874821361e+00 8.957567454664562556e-03 2.330545636455638725e-01
3.431156624018433021e+00 9.115078551986132566e-03 2.348158886991130456e-01
3.456102550268993490e+00 9.272589649307706045e-03 2.365230972249329766e-01
3.480272911526050450e+00 9.430100746629276054e-03 2.381772289014134347e-01
3.503682679223988572e+00 9.587611843950849533e-03 2.397793083191093744e-01
3.526345684795303637e+00 9.745122941272419542e-03 2.413302820509901359e-01
3.548274236955579308e+00 9.902634038593993021e-03 2.428309924608138270e-01
3.569480479992690025e+00 1.006014513591556303e-02 2.442822706595038085e-01
3.589976502350338716e+00 1.021765623323713651e-02 2.456849439362112086e-01
3.609774326170722247e+00 1.037516733055870999e-02 2.470398350426531164e-01
3.628885897862609511e+00 1.053267842788028000e-02 2.483477615476260558e-01
3.647323079609389396e+00 1.069018952520185348e-02 2.496095352558476976e-01
3.665097641738654932e+00 1.084770062252342349e-02 2.508259616857589913e-01
3.682221255882037525e+00 1.100521171984499696e-02 2.519978396014077582e-01
3.698705488860456470e+00 1.116272281716656697e-02 2.531259605939777391e-01
3.714561797235086171e+00 1.132023391448814045e-02 2.542111087088763655e-01
3.729801522469856856e+00 1.147774501180971046e-02 2.552540601146743859e-01
3.744435886655613110e+00 1.163525610913128394e-02 2.562555828104818856e-01
3.758475960480088141e+00 1.179276720645285742e-02 2.572164344339307740e-01
3.771931690531479475e+00 1.195027830377442743e-02 2.581372956933659091e-01
3.784811727796846270e+00 1.210778940109600091e-02 2.590187586308993484e-01
3.797124657533141434e+00 1.226530049841757092e-02 2.598614107903136627e-01
3.808879072030862734e+00 1.242281159573914440e-02 2.606658401967415495e-01
3.820083562078073314e+00 1.258032269306071441e-02 2.614326347724944544e-01
3.830746709055791843e+00 1.273783379038228789e-02 2.621623817961001301e-01
3.840877077621785318e+00 1.289534488770385789e-02 2.628556674016075401e-01
3.850483208942920399e+00 1.305285598502543137e-02 2.635130761154339529e-01
3.859573614439431921e+00 1.321036708234700485e-02 2.641351904282450147e-01
3.868156770006808909e+00 1.336787817966857486e-02 2.647225903995222840e-01
3.876241110684249147e+00 1.352538927699014834e-02 2.652758532926910440e-01
3.883835025739636571e+00 1.368290037431171835e-02 2.657955532387542008e-01
3.890946854144562206e+00 1.384041147163329183e-02 2.662822609266190521e-01
3.897584880413591968e+00 1.399792256895486184e-02 2.667365433183522816e-01
3.903757330784446200e+00 1.415543366627643532e-02 2.671589633877647918e-01
3.909472369717128526e+00 1.431294476359800533e-02 2.675500798808255198e-01
3.914738090806869852e+00 1.447045586091957881e-02 2.679104466937751727e-01
3.919561969970329240e+00 1.462796695824115228e-02 2.682405754511790752e-01
3.923950465049090841e+00 1.478547805556272229e-02 2.685409081042434143e-01
3.927909949146086710e+00 1.494298915288429577e-02 2.688118808049699826e-01
3.931446812354274734e+00 1.510050025020586578e-02 2.690539308680956476e-01
3.934567455869512731e+00 1.525801134752743926e-02 2.692674963681996880e-01
3.937278286463480104e+00 1.541552244484900927e-02 2.694530157614503096e-01
3.939585711296575532e+00 1.557303354217058275e-02 2.696109275306177722e-01
3.941496133051441308e+00 1.573054463949215276e-02 2.697416698520317402e-01
3.943015945369223285e+00 1.588805573681372624e-02 2.698456802832541190e-01
3.944151528571821164e+00 1.604556683413529972e-02 2.699233954703262883e-01
3.944909245654158791e+00 1.620307793145686973e-02 2.699752508734946099e-01
3.945295438532104182e+00 1.636058902877844320e-02 2.700016805104306639e-01
3.945316424531679633e+00 1.651810012610001321e-02 2.700031167159673839e-01
3.944978493106764628e+00 1.667561122342158669e-02 2.699799899174687434e-01
3.944287902772924959e+00 1.683312232074316017e-02 2.699327284249934955e-01
3.943250878245829760e+00 1.699063341806473018e-02 2.698617582354578825e-01
3.941873607773301202e+00 1.714814451538630366e-02 2.697675028500517991e-01
3.940162240650628700e+00 1.730565561270787367e-02 2.696503831041947019e-01
3.938122884909617927e+00 1.746316671002944715e-02 2.695108170093837852e-01
3.935761605171988364e+00 1.762067780735101716e-02 2.693492196062872712e-01
3.933084420421155691e+00 1.777818890467259064e-02 2.691660028122540571e-01
3.930097248505401986e+00 1.793570000199416065e-02 2.689615716233119680e-01
3.926805840610373188e+00 1.809321109931573412e-02 2.687363196297036794e-01
3.923215890556839724e+00 1.825072219663730760e-02 2.684906364958282721e-01
3.919333050340455316e+00 1.840823329395887761e-02 2.682249090237262545e-01
3.915162928419837485e+00 1.856574439128045109e-02 2.679395210359208357e-01
3.910711088130503832e+00 1.872325548860202110e-02 2.676348532668750280e-01
3.905983046218469035e+00 1.888076658592359458e-02 2.673112832626353130e-01
3.900984271487074384e+00 1.903827768324516459e-02 2.669691852882255523e-01
3.895720183551586668e+00 1.919578878056673807e-02 2.666089302424169971e-01
3.890196151696014404e+00 1.935329987788830808e-02 2.662308855794925377e-01
3.884417493826797241e+00 1.951081097520988156e-02 2.658354152376405932e-01
3.878389475518630558e+00 1.966832207253145504e-02 2.654228795736552904e-01
3.872117309147663722e+00 1.982583316985302505e-02 2.649936353036159709e-01
3.865606153107478349e+00 1.998334426717459852e-02 2.645480354492310004e-01
3.858861111103822683e+00 2.014085536449616853e-02 2.640864292895720999e-01
3.851887231523984489e+00 2.029836646181774201e-02 2.636091623179168120e-01
3.844689506876806995e+00 2.045587755913931202e-02 2.631165762034248790e-01
3.837272873300009213e+00 2.061338865646088550e-02 2.626090087574212140e-01
3.829642210131002145e+00 2.077089975378245551e-02 2.620867939040242289e-01
3.821802339538149074e+00 2.092841085110402899e-02 2.615502616549102988e-01
3.813758026209134844e+00 2.108592194842560247e-02 2.609997380879871542e-01
3.805513977093547773e+00 2.124343304574717248e-02 2.604355453297771406e-01
3.797074841196801831e+00 2.140094414306874596e-02 2.598580015413136657e-01
3.788445209422588444e+00 2.155845524039031597e-02 2.592674209073597136e-01
3.779629614461396336e+00 2.171596633771188944e-02 2.586641136287781695e-01
3.770632535066920976e+00 2.187347743503345945e-02 2.580483862151937147e-01
3.761458867138054885e+00 2.203098853235503293e-02 2.574205737241321845e-01
3.752114312815485242e+00 2.218849962967660294e-02 2.567810663893776435e-01
3.742604543013369867e+00 2.234601072699817642e-02 2.561302523076839921e-01
3.732935096958275967e+00 2.250352182431974990e-02 2.554685105635848275e-01
3.723111384907607846e+00 2.266103292164131991e-02 2.547962114154335156e-01
3.713138690824429045e+00 2.281854401896289339e-02 2.541137164784568747e-01
3.703022175008813921e+00 2.297605511628446340e-02 2.534213789048371801e-01
3.692766876685500854e+00 2.313356621360603688e-02 2.527195435608000085e-01
3.682377716547780455e+00 2.329107731092760689e-02 2.520085472007099203e-01
3.671859499257686732e+00 2.344858840824918036e-02 2.512887186381737026e-01
3.661216915902540947e+00 2.360609950557075037e-02 2.505603789141578330e-01
3.650454546408036460e+00 2.376361060289232385e-02 2.498238414621307135e-01
3.639576861908033756e+00 2.392112170021389733e-02 2.490794122702434665e-01
3.628588227071249506e+00 2.407863279753546734e-02 2.483273900405593704e-01
3.617492902385337494e+00 2.423614389485704082e-02 2.475680663453687647e-01
3.606295046398339199e+00 2.439365499217861083e-02 2.468017257805849851e-01
3.594998717918171494e+00 2.455116608950018431e-02 2.460286461162701777e-01
3.583607878170412153e+00 2.470867718682175432e-02 2.452490984443057298e-01
3.572126392914795279e+00 2.486618828414332780e-02 2.444633473232374066e-01
3.560558034520860282e+00 2.502369938146489781e-02 2.436716509203258330e-01
3.548906484003224282e+00 2.518121047878647129e-02 2.428742611508324933e-01
3.537175333017037016e+00 2.533872157610804476e-02 2.420714238145821040e-01
3.525368085813921137e+00 2.549623267342961477e-02 2.412633787298191224e-01
3.513488161159180390e+00 2.565374377075118825e-02 2.404503598644156526e-01
3.501538894210572739e+00 2.581125486807275826e-02 2.396325954644464851e-01
3.489523538359231569e+00 2.596876596539433174e-02 2.388103081801765948e-01
3.477445267033534293e+00 2.612627706271590175e-02 2.379837151895100866e-01
3.465307175466001866e+00 2.628378816003747523e-02 2.371530283189110244e-01
3.453112282424208423e+00 2.644129925735904524e-02 2.363184541618602030e-01
3.440863531906194872e+00 2.659881035468061872e-02 2.354801941948836963e-01
3.428563794800622233e+00 2.675632145200219220e-02 2.346384448911669751e-01
3.416215883948306775e+00 2.691383254932376221e-02 2.337933987513122203e-01
3.403823227719029898e+00 2.707134364664533568e-02 2.329452904004866709e-01
3.391390143917496935e+00 2.722885474396690569e-02 2.320944153335512961e-01
3.378920879488452211e+00 2.738636584128847917e-02 2.312410641959687096e-01
3.366419533075869275e+00 2.754387693861004918e-02 2.303855174840357123e-01
3.353890059354760034e+00 2.770138803593162266e-02 2.295280458413367086e-01
3.341336273256086731e+00 2.785889913325319267e-02 2.286689103478814489e-01
3.328761854086184080e+00 2.801641023057476615e-02 2.278083628020227680e-01
3.316170349542225892e+00 2.817392132789633963e-02 2.269466459952609594e-01
3.303565179625290948e+00 2.833143242521790964e-02 2.260839939800398934e-01
3.290949640452747627e+00 2.848894352253948312e-02 2.252206323306525926e-01
3.278326907971621296e+00 2.864645461986105313e-02 2.243567783973699492e-01
3.265700041574683077e+00 2.880396571718262660e-02 2.234926415539140732e-01
3.253071987621065642e+00 2.896147681450419661e-02 2.226284234383952565e-01
3.240445582863157536e+00 2.911898791182577009e-02 2.217643181878367897e-01
3.227823557781727359e+00 2.927649900914734010e-02 2.209005126664184415e-01
3.215208539830872070e+00 2.943401010646891358e-02 2.200371866875489024e-01
3.202603056594944597e+00 2.959152120379048706e-02 2.191745132299147691e-01
3.190009538859080784e+00 2.974903230111205707e-02 2.183126586476159536e-01
3.177430323595324513e+00 2.990654339843363055e-02 2.174517828745255732e-01
3.164867656866084733e+00 3.006405449575520056e-02 2.165920396229912004e-01
3.152323696646876616e+00 3.022156559307677404e-02 2.157335765770140579e-01
3.139800515570125850e+00 3.037907669039834405e-02 2.148765355800242305e-01
3.127300103591890146e+00 3.053658778771991752e-02 2.140210528173816795e-01
3.114824370583272106e+00 3.069409888504148753e-02 2.131672589937232964e-01
3.102375148848370401e+00 3.085160998236306101e-02 2.123152795052819786e-01
3.089954195570459028e+00 3.100912107968463102e-02 2.114652346072945222e-01
3.077563195188262490e+00 3.116663217700620450e-02 2.106172395766248984e-01
3.065203761703913177e+00 3.132414327432777451e-02 2.097714048697131295e-01
3.052877440924455676e+00 3.148165437164934799e-02 2.089278362759749152e-01
3.040585712638443905e+00 3.163916546897092147e-02 2.080866350667606168e-01
3.028329992729330122e+00 3.179667656629248801e-02 2.072478981399876741e-01
3.016111635227320065e+00 3.195418766361406149e-02 2.064117181605620022e-01
3.003931934301222739e+00 3.211169876093563497e-02 2.055781836966932563e-01
2.991792126191886947e+00 3.226920985825720151e-02 2.047473793522120167e-01
2.979693391088782839e+00 3.242672095557877499e-02 2.039193858949959193e-01
2.967636854951230863e+00 3.258423205290034846e-02 2.030942803816088715e-01
2.955623591275740036e+00 3.274174315022192194e-02 2.022721362782501087e-01
2.943654622810896626e+00 3.289925424754349542e-02 2.014530235781156475e-01
2.931730923373046416e+00 3.305676534486506196e-02 2.006370089256569178e-01
2.919853584408514724e+00 3.321427644218663544e-02 1.998241670154935201e-01
2.908024119302301536e+00 3.337178753950820892e-02 1.990146014181942424e-01
2.896244053929550866e+00 3.352929863682978240e-02 1.982084165591083413e-01
2.884514840313049167e+00 3.368680973415134894e-02 1.974057118093976992e-01
2.872837859110735970e+00 3.384432083147292242e-02 1.966065816562737878e-01
2.861214422030470939e+00 3.400183192879449590e-02 1.958111158682549480e-01
2.849645774174084156e+00 3.415934302611606938e-02 1.950193996555852627e-01
2.838133096312102310e+00 3.431685412343764285e-02 1.942315138259078644e-01
2.826677507091181596e+00 3.447436522075920939e-02 1.934475349353342588e-01
2.815280065175672419e+00 3.463187631808078287e-02 1.926675354350046998e-01
2.803941771325039412e+00 3.478938741540235635e-02 1.918915838132597140e-01
2.792663570408885576e+00 3.494689851272392983e-02 1.911197447335407362e-01
2.781446353360915058e+00 3.510440961004549637e-02 1.903520791681125590e-01
2.770290959073776538e+00 3.526192070736706985e-02 1.895886445277387422e-01
2.759198176236030253e+00 3.541943180468864333e-02 1.888294947873981611e-01
2.748168745112923528e+00 3.557694290201021681e-02 1.880746806081536326e-01
2.737203359272428305e+00 3.573445399933179029e-02 1.873242494552763704e-01
2.726302667258088341e+00 3.589196509665335683e-02 1.865782457127294069e-01
2.715467274209963477e+00 3.604947619397493030e-02 1.858367107940991358e-01
2.704697743435303448e+00 3.620698729129650378e-02 1.850996832500860501e-01
2.693994597930104540e+00 3.636449838861807726e-02 1.843671988726355571e-01
2.683358321853161588e+00 3.652200948593964380e-02 1.836392907958158682e-01
2.672789361953681109e+00 3.667952058326121728e-02 1.829159895935188462e-01
2.662288128953984145e+00 3.683703168058279076e-02 1.821973233740874498e-01
2.651854998888431236e+00 3.699454277790436424e-02 1.814833178719466589e-01
2.641490314399883133e+00 3.715205387522593772e-02 1.807739965363283352e-01
2.631194385994893636e+00 3.730956497254750426e-02 1.800693806171725087e-01
2.620967493258767433e+00 3.746707606986907774e-02 1.793694892482814995e-01
2.610809886031785432e+00 3.762458716719065122e-02 1.786743395278157787e-01
2.600721785547514653e+00 3.778209826451222469e-02 1.779839465961967904e-01
2.590703385534553149e+00 3.793960936183379123e-02 1.772983237115056676e-01
2.580754853282578587e+00 3.809712045915536471e-02 1.766174823224398727e-01
2.570876330673844468e+00 3.825463155647693819e-02 1.759414321389050073e-01
2.561067935181120525e+00 3.841214265379851167e-02 1.752701812003107373e-01
2.551329760833179527e+00 3.856965375112008515e-02 1.746037359416444112e-01
2.541661879148544578e+00 3.872716484844165169e-02 1.739421012573738323e-01
2.532064340038747474e+00 3.888467594576322517e-02 1.732852805632628113e-01
2.522537172681817985e+00 3.904218704308479865e-02 1.726332758561496539e-01
2.513080386366920216e+00 3.919969814040637213e-02 1.719860877717509229e-01
2.503693971311153899e+00 3.935720923772793867e-02 1.713437156405606121e-01
2.494377899449095715e+00 3.951472033504951215e-02 1.707061575418830635e-01
2.485132125196248154e+00 3.967223143237108562e-02 1.700734103560809785e-01
2.475956586186909725e+00 3.982974252969265910e-02 1.694454698150724137e-01
2.466851203987334706e+00 3.998725362701423258e-02 1.688223305511369343e-01
2.457815884785083504e+00 4.014476472433579912e-02 1.682039861440920436e-01
2.448850520055037450e+00 4.030227582165737260e-02 1.675904291668731394e-01
2.439954987203036385e+00 4.045978691897894608e-02 1.669816512295814459e-01
2.431129150187711030e+00 4.061729801630051956e-02 1.663776430220400560e-01
2.422372849180211229e+00 4.077480911362208610e-02 1.657783936061433816e-01
2.413685838702851694e+00 4.093232021094365958e-02 1.651838861822908511e-01
2.405067834244815739e+00 4.108983130826523306e-02 1.645941012795962555e-01
2.396518544200265222e+00 4.124734240558680654e-02 1.640090189416158195e-01
2.388037670359652420e+00 4.140485350290838001e-02 1.634286187599721107e-01
2.379624908283150653e+00 4.156236460022994655e-02 1.628528798999096805e-01
2.371279947660628551e+00 4.171987569755152003e-02 1.622817811249311071e-01
2.363002472658378927e+00 4.187738679487309351e-02 1.617153008205252929e-01
2.354792162253249277e+00 4.203489789219466699e-02 1.611534170170344782e-01
2.346648690554366645e+00 4.219240898951623353e-02 1.605961074116717957e-01
2.338571727113103460e+00 4.234992008683780701e-02 1.600433493897342185e-01
2.330560937221486828e+00 4.250743118415938049e-02 1.594951200450245854e-01
2.322615982199552231e+00 4.266494228148095397e-02 1.589513961995169811e-01
2.314736519671956927e+00 4.282245337880252745e-02 1.584121544222874822e-01
2.306922203834200769e+00 4.297996447612409399e-02 1.578773710477328063e-01
2.299172685708855912e+00 4.313747557344566746e-02 1.573470221931061175e-01
2.291487613392094946e+00 4.329498667076724094e-02 1.568210837753885867e-01
2.283866632290829646e+00 4.345249776808881442e-02 1.562995315275181318e-01
2.276309385350870684e+00 4.361000886541038096e-02 1.557823410140034837e-01
2.268815513276247309e+00 4.376751996273195444e-02 1.552694876459345119e-01
2.261384654740152822e+00 4.392503106005352792e-02 1.547609466954176782e-01
2.254016446587674416e+00 4.408254215737510140e-02 1.542566933094506598e-01
2.246710524030693268e+00 4.424005325469667488e-02 1.537567025232605966e-01
2.239466520835083241e+00 4.439756435201824142e-02 1.532609492731147605e-01
2.232284069500580781e+00 4.455507544933981490e-02 1.527694084086310133e-01
2.225162801433585358e+00 4.471258654666138838e-02 1.522820547046028761e-01
2.218102347112995254e+00 4.487009764398296185e-02 1.517988628723491162e-01
2.211102336249475275e+00 4.502760874130452839e-02 1.513198075706136403e-01
2.204162397938293161e+00 4.518511983862610187e-02 1.508448634160245438e-01
2.197282160805932083e+00 4.534263093594767535e-02 1.503740049931281131e-01
2.190461253150760790e+00 4.550014203326924883e-02 1.499072068640156519e-01
2.183699303077933251e+00 4.565765313059082231e-02 1.494444435775555968e-01
2.176995938628627503e+00 4.581516422791238885e-02 1.489856896782379703e-01
2.170350787904022472e+00 4.597267532523396233e-02 1.485309197146593152e-01
2.163763479183947069e+00 4.613018642255553581e-02 1.480801082476419783e-01
2.157233641040622540e+00 4.628769751987710929e-02 1.476332298580188274e-01
2.150760902447446554e+00 4.644520861719867583e-02 1.471902591540776850e-01
2.144344892883196074e+00 4.660271971452024931e-02 1.467511707786927910e-01
2.137985242431647226e+00 4.676023081184182278e-02 1.463159394161421545e-01
2.131681581876850196e+00 4.691774190916339626e-02 1.458845397986281711e-01
2.125433542794206598e+00 4.707525300648496974e-02 1.454569467125103044e-01
2.119240757637472328e+00 4.723276410380653628e-02 1.450331350042594891e-01
2.113102859821834656e+00 4.739027520112810976e-02 1.446130795861435558e-01
2.107019483803264315e+00 4.754778629844968324e-02 1.441967554416577757e-01
2.100990265154098591e+00 4.770529739577125672e-02 1.437841376306972230e-01
2.095014840635228026e+00 4.786280849309282326e-02 1.433752012944976562e-01
2.089092848264822777e+00 4.802031959041439674e-02 1.429699216603381451e-01
2.083223927383784257e+00 4.817783068773597022e-02 1.425682740460209319e-01
2.077407718718046858e+00 4.833534178505754370e-02 1.421702338641346597e-01
2.071643864437853200e+00 4.849285288237911717e-02 1.417757766261112662e-01
2.065932008214046434e+00 4.865036397970068371e-02 1.413848779460783744e-01
2.060271795271552353e+00 4.880787507702225719e-02 1.409975135445194205e-01
2.054662872440127241e+00 4.896538617434383067e-02 1.406136592517465145e-01
2.049104888202491814e+00 4.912289727166540415e-02 1.402332910111945274e-01
2.043597492739888111e+00 4.928040836898697069e-02 1.398563848825392919e-01
2.038140337975190342e+00 4.943791946630854417e-02 1.394829170446472699e-01
2.032733077613707806e+00 4.959543056363011765e-02 1.391128637983684857e-01
2.027375367181676769e+00 4.975294166095169113e-02 1.387462015691704742e-01
2.022066864062531444e+00 4.991045275827326461e-02 1.383829069096208786e-01
2.016807223528267468e+00 5.006796385559483115e-02 1.380229562277879851e-01
2.011595973687489547e+00 5.022547495291640463e-02 1.376663172291396620e-01
2.006432495053802612e+00 5.038298605023797810e-02 1.373129475182787163e-01
2.001316169341854856e+00 5.054049714755955158e-02 1.369628047820027894e-01
1.996246388480232614e+00 5.069800824488111812e-02 1.366158474061143768e-01
1.991222554406247403e+00 5.085551934220269160e-02 1.362720344613767010e-01
1.986244078865560869e+00 5.101303043952426508e-02 1.359313256898010414e-01
1.981310383216416504e+00 5.117054153684583856e-02 1.355936814912485910e-01
1.976420898238665735e+00 5.132805263416741204e-02 1.352590629103611330e-01
1.971575063947048401e+00 5.148556373148897858e-02 1.349274316237828730e-01
1.966772329408904341e+00 5.164307482881055206e-02 1.345987499276848909e-01
1.962012152566133150e+00 5.180058592613212554e-02 1.342729807255809149e-01
1.957294000061243100e+00 5.195809702345369901e-02 1.339500875164227334e-01
1.952617347067377329e+00 5.211560812077526555e-02 1.336300343829677495e-01
1.947981677122293309e+00 5.227311921809683903e-02 1.333127859804171811e-01
1.943386481966099311e+00 5.243063031541841251e-02 1.329983075253112768e-01
1.938831261333849199e+00 5.258814141273998599e-02 1.326865647813355031e-01
1.934315509337243277e+00 5.274565251006155947e-02 1.323775231273331132e-01
1.929838696496511963e+00 5.290316360738312601e-02 1.320711463276331987e-01
1.925400297591205900e+00 5.306067470470469949e-02 1.317673984380570984e-01
1.920999796148675109e+00 5.321818580202627297e-02 1.314662441130937942e-01
1.916636684268571589e+00 5.337569689934784645e-02 1.311676485938894909e-01
1.912310462451485282e+00 5.353320799666941299e-02 1.308715776965199418e-01
1.908020639431584620e+00 5.369071909399098647e-02 1.305779978005371655e-01
1.903766732013208562e+00 5.384823019131255994e-02 1.302868758377863923e-01
1.899548264911180340e+00 5.400574128863413342e-02 1.299981792814774162e-01
1.895364770594927917e+00 5.416325238595570690e-02 1.297118761355172956e-01
1.891215789136148961e+00 5.432076348327727344e-02 1.294279349240844701e-01
1.887100868059992775e+00 5.447827458059884692e-02 1.291463246814448795e-01
1.883019562199673924e+00 5.463578567792042040e-02 1.288670149420016453e-01
1.878971433554398995e+00 5.479329677524199388e-02 1.285899757305723201e-01
1.874956051150566960e+00 5.495080787256356042e-02 1.283151775528900418e-01
1.870972990906078604e+00 5.510831896988513390e-02 1.280425913863173781e-01
1.867021835471140756e+00 5.526583006720670738e-02 1.277721886689512643e-01
1.863102135043479990e+00 5.542334116452828086e-02 1.275039386179590284e-01
1.859213330611582782e+00 5.558085226184985433e-02 1.272378029766243202e-01
1.855354851759382973e+00 5.573836335917142087e-02 1.269737427077447800e-01
1.851526138689074674e+00 5.589587445649299435e-02 1.267117195007932129e-01
1.847726641997062158e+00 5.605338555381456783e-02 1.264516957565843813e-01
1.843955822455540572e+00 5.621089665113614131e-02 1.261936345723271014e-01
1.840213150799530739e+00 5.636840774845770785e-02 1.259374997270499008e-01
1.836498107519259460e+00 5.652591884577928133e-02 1.256832556673919410e-01
1.832810182657633291e+00 5.668342994310085481e-02 1.254308674937433254e-01
1.829148875612786940e+00 5.684094104042242829e-02 1.251803009467318817e-01
1.825513694945470000e+00 5.699845213774400177e-02 1.249315223940413305e-01
1.821904158191139267e+00 5.715596323506556831e-02 1.246844988175519198e-01
1.818319791676679564e+00 5.731347433238714179e-02 1.244391978007972910e-01
1.814760130341574129e+00 5.747098542970871526e-02 1.241955875167258666e-01
1.811224717563395092e+00 5.762849652703028874e-02 1.239536367157583474e-01
1.807713104987517028e+00 5.778600762435185528e-02 1.237133147141336598e-01
1.804224852360973630e+00 5.794351872167342876e-02 1.234745913825390090e-01
1.800759527302008278e+00 5.810102981899500224e-02 1.232374371303384258e-01
1.797316667354727171e+00 5.825854091631657572e-02 1.230018203087312884e-01
1.793895718409883822e+00 5.841605201363814920e-02 1.227677029964947403e-01
1.790496120698573446e+00 5.857356311095971574e-02 1.225350468850795460e-01
1.787117325350513708e+00 5.873107420828128922e-02 1.223038144117982728e-01
1.783758794172253026e+00 5.888858530560286270e-02 1.220739687446473209e-01
1.780419999431009259e+00 5.904609640292443618e-02 1.218454737675130628e-01
1.777100423643892757e+00 5.920360750024600272e-02 1.216182940657474509e-01
1.773799559372500223e+00 5.936111859756757619e-02 1.213923949121102769e-01
1.770516909022560093e+00 5.951862969488914967e-02 1.211677422530582637e-01
1.767251984648667174e+00 5.967614079221072315e-02 1.209443026953813394e-01
1.764004307763714863e+00 5.983365188953229663e-02 1.207220434931609437e-01
1.760773409153171043e+00 5.999116298685386317e-02 1.205009325350598348e-01
1.757558828693763120e+00 6.014867408417543665e-02 1.202809383319136532e-01
1.754360115176707424e+00 6.030618518149701013e-02 1.200620300046331551e-01
1.751176826135172560e+00 6.046369627881858361e-02 1.198441772723965459e-01
1.748008527675907864e+00 6.062120737614015015e-02 1.196273504411267397e-01
1.744854794314941504e+00 6.077871847346172363e-02 1.194115203922472279e-01
1.741715208817214089e+00 6.093622957078329710e-02 1.191966585717068039e-01
1.738589361619519380e+00 6.109374066810487058e-02 1.189827369504884297e-01
1.735476805255440569e+00 6.125125176542643712e-02 1.187697249056166859e-01
1.732377014968001339e+00 6.140876286274801060e-02 1.185575865246315114e-01
1.729289467089664800e+00 6.156627396006958408e-02 1.183462859696298580e-01
1.726213648566702119e+00 6.172378505739115756e-02 1.181357881290792944e-01
1.723149056760776121e+00 6.188129615471273104e-02 1.179260586042388814e-01
1.720095199255548879e+00 6.203880725203429758e-02 1.177170636959240929e-01
1.717051593668000198e+00 6.219631834935587106e-02 1.175087703915942694e-01
1.714017767464433017e+00 6.235382944667744454e-02 1.173011463527607046e-01
1.710993257780979659e+00 6.251134054399902495e-02 1.170941599027025548e-01
1.707977611248492344e+00 6.266885164132059149e-02 1.168877800144830503e-01
1.704970383821646118e+00 6.282636273864215803e-02 1.166819762992541559e-01
1.701971140612133837e+00 6.298387383596373845e-02 1.164767189948407167e-01
1.698979455725909471e+00 6.314138493328530499e-02 1.162719789546021315e-01
1.695994912104200614e+00 6.329889603060687153e-02 1.160677276365517929e-01
1.693017101368369026e+00 6.345640712792845195e-02 1.158639370927399964e-01
1.690045623668320784e+00 6.361391822525001849e-02 1.156605799588796557e-01
1.687080087534495787e+00 6.377142932257158503e-02 1.154576294442167944e-01
1.684120109733245885e+00 6.392894041989316545e-02 1.152550593216334074e-01
1.681165315125568993e+00 6.408645151721473199e-02 1.150528439179796802e-01
1.678215335290800025e+00 6.424396261453631241e-02 1.148509580198843749e-01
1.675269766008605554e+00 6.440147371185787895e-02 1.146493739639769527e-01
1.672328157643759861e+00 6.455898480917944549e-02 1.144480609788567638e-01
1.669390066873835732e+00 6.471649590650102590e-02 1.142469887251482408e-01
1.666455059972727470e+00 6.487400700382259244e-02 1.140461275202129671e-01
1.663522712652433233e+00 6.503151810114417286e-02 1.138454483273223933e-01
1.660592609908548622e+00 6.518902919846573940e-02 1.136449227450832405e-01
1.657664345869328759e+00 6.534654029578730594e-02 1.134445229971085267e-01
1.654737523648211805e+00 6.550405139310888636e-02 1.132442219219244317e-01
1.651811755199740883e+00 6.566156249043045290e-02 1.130439929631102541e-01
1.648886661178670554e+00 6.581907358775203332e-02 1.128438101596562354e-01
1.645961870802314708e+00 6.597658468507359986e-02 1.126436481365427345e-01
1.643037021715838764e+00 6.613409578239516640e-02 1.124434820955220321e-01
1.640111759860633844e+00 6.629160687971674681e-02 1.122432878061098288e-01
1.637185739345465407e+00 6.644911797703831335e-02 1.120430415967669513e-01
1.634258622320415189e+00 6.660662907435987989e-02 1.118427203462731973e-01
1.631330078853570509e+00 6.676414017168146031e-02 1.116423014752874199e-01
1.628399786810261318e+00 6.692165126900302685e-02 1.114417629380836799e-01
1.625467431734842538e+00 6.707916236632460727e-02 1.112410832144605372e-01
1.622532706734957753e+00 6.723667346364617381e-02 1.110402413018204693e-01
1.619595312368131035e+00 6.739418456096774035e-02 1.108392167074087886e-01
1.616654955147480699e+00 6.755169565828932077e-02 1.106379893460500558e-01
1.613711324176972717e+00 6.770920675561088731e-02 1.104365379411495623e-01
1.610764095028117460e+00 6.786671785293246772e-02 1.102348402900007185e-01
1.607812950590892243e+00 6.802422895025403426e-02 1.100328746907460464e-01
1.604857581666858435e+00 6.818174004757560080e-02 1.098306199829682250e-01
1.601897686855320080e+00 6.833925114489718122e-02 1.096280555398991136e-01
1.598932972441635458e+00 6.849676224221874776e-02 1.094251612607760743e-01
1.595963152287780629e+00 6.865427333954032818e-02 1.092219175633527689e-01
1.592987947725035713e+00 6.881178443686189472e-02 1.090183053765548665e-01
1.590007087448698231e+00 6.896929553418346126e-02 1.088143061332745021e-01
1.587020307414827691e+00 6.912680663150504168e-02 1.086099017633041508e-01
1.584027350738878459e+00 6.928431772882660822e-02 1.084050746863991777e-01
1.581027967596228212e+00 6.944182882614817476e-02 1.081998078054703244e-01
1.578021915124483199e+00 6.959933992346975518e-02 1.079940844998981270e-01
1.575008957327572734e+00 6.975685102079132172e-02 1.077878886189692492e-01
1.571988864981520129e+00 6.991436211811290213e-02 1.075812044754278218e-01
1.568961415541855642e+00 7.007187321543446867e-02 1.073740168391391775e-01
1.565926393052602617e+00 7.022938431275603521e-02 1.071663109308612499e-01
1.562883588056858342e+00 7.038689541007761563e-02 1.069580724161247193e-01
1.559832797508830859e+00 7.054440650739918217e-02 1.067492873992137853e-01
1.556773824687301300e+00 7.070191760472076259e-02 1.065399424172430304e-01
1.553706479110542604e+00 7.085942870204232913e-02 1.063300244343354933e-01
1.550630577090847506e+00 7.101693979936389567e-02 1.061195208795720074e-01
1.547545949528769116e+00 7.117445089668547609e-02 1.059084201804011138e-01
1.544452439191717597e+00 7.133196199400704263e-02 1.056967115763957493e-01
1.541349894569248313e+00 7.148947309132862304e-02 1.054843846987317812e-01
1.538238169664296828e+00 7.164698418865018958e-02 1.052714295559008251e-01
1.535117123919235826e+00 7.180449528597175612e-02 1.050578365286495980e-01
1.531986622142963883e+00 7.196200638329333654e-02 1.048435963649905767e-01
1.528846534439069371e+00 7.211951748061490308e-02 1.046287001752854440e-01
1.525696736134929621e+00 7.227702857793646962e-02 1.044131394273929703e-01
1.522537107711814830e+00 7.243453967525805004e-02 1.041969059418857840e-01
1.519367534735897918e+00 7.259205077257961658e-02 1.039799918873285933e-01
1.516187907790189637e+00 7.274956186990119700e-02 1.037623897756203145e-01
1.512998122407358759e+00 7.290707296722276354e-02 1.035440924573966109e-01
1.509798079003376703e+00 7.306458406454433008e-02 1.033250931174883730e-01
1.506587682812036810e+00 7.322209516186591050e-02 1.031053852704409274e-01
1.503366843820257648e+00 7.337960625918747704e-02 1.028849627560860791e-01
1.500135476704183901e+00 7.353711735650905745e-02 1.026638197351693038e-01
1.496893500766030671e+00 7.369462845383062399e-02 1.024419506850275247e-01
1.493640839871700265e+00 7.385213955115219053e-02 1.022193503953198468e-01
1.490377422389101536e+00 7.400965064847377095e-02 1.019960139638061841e-01
1.487103181127171325e+00 7.416716174579533749e-02 1.017719367921744861e-01
1.483818053275587134e+00 7.432467284311691791e-02 1.015471145819145521e-01
1.480521980345163247e+00 7.448218394043848445e-02 1.013215433302390167e-01
1.477214910605821885e+00 7.463969503776005099e-02 1.010952194969294282e-01
1.473896837236843060e+00 7.479720613508163141e-02 1.008681426152005511e-01
1.470567789774643419e+00 7.495471723240319795e-02 1.006403147064172665e-01
1.467227801169495249e+00 7.511222832972476449e-02 1.004117380255765413e-01
1.463876906757564988e+00 7.526973942704634490e-02 1.001824149909572026e-01
1.460515144221688377e+00 7.542725052436791144e-02 9.995234818143541866e-02
1.457142553552626341e+00 7.558476162168949186e-02 9.972154033383372196e-02
1.453759177010537362e+00 7.574227271901105840e-02 9.948999434028360511e-02
1.450365059086910380e+00 7.589978381633262494e-02 9.925771324562095155e-02
1.446960246466755029e+00 7.605729491365420536e-02 9.902470024479809174e-02
1.443544787991176026e+00 7.621480601097577190e-02 9.879095868032272687e-02
1.440118734620253971e+00 7.637231710829735232e-02 9.855649203971761363e-02
1.436682139396269653e+00 7.652982820561891886e-02 9.832130395300360537e-02
1.433235057407235002e+00 7.668733930294048540e-02 9.808539819020405115e-02
1.429777545750755330e+00 7.684485040026206581e-02 9.784877865887149639e-02
1.426309663498195102e+00 7.700236149758363235e-02 9.761144940163543615e-02
1.422831471659171232e+00 7.715987259490521277e-02 9.737341459377234221e-02
1.419343033146320820e+00 7.731738369222677931e-02 9.713467854079442521e-02
1.415844412740417280e+00 7.747489478954834585e-02 9.689524567606240535e-02
1.412335677055750249e+00 7.763240588686992627e-02 9.665512055841610217e-02
1.408816894505809048e+00 7.778991698419149281e-02 9.641430786982606305e-02
1.405288135269267213e+00 7.794742808151305935e-02 9.617281241306566142e-02
1.401749471256268587e+00 7.810493917883463977e-02 9.593063910940378969e-02
1.398200976074964297e+00 7.826245027615620631e-02 9.568779299631478830e-02
1.394642725888990187e+00 7.841996137347778673e-02 9.544427928616104617e-02
1.391074846996396497e+00 7.857747247079935327e-02 9.520010662232210319e-02
1.387497538458408286e+00 7.873498356812091981e-02 9.495528862782472157e-02
1.383911004100641717e+00 7.889249466544250022e-02 9.470983925175321949e-02
1.380315446480110397e+00 7.905000576276406676e-02 9.446377235637347380e-02
1.376711066882311707e+00 7.920751686008564718e-02 9.421710171693327418e-02
1.373098065318465899e+00 7.936502795740721372e-02 9.396984102147359907e-02
1.369476640522978794e+00 7.952253905472878026e-02 9.372200387065499072e-02
1.365846989951015944e+00 7.968005015205036068e-02 9.347360377759117434e-02
1.362209309776313493e+00 7.983756124937192722e-02 9.322465416769973312e-02
1.358563794889104948e+00 7.999507234669350764e-02 9.297516837855983318e-02
1.354910638894244901e+00 8.015258344401507418e-02 9.272515965978413155e-02
1.351250034109486853e+00 8.031009454133664072e-02 9.247464117290070396e-02
1.347582171563933784e+00 8.046760563865822113e-02 9.222362599124704630e-02
1.343907240996617514e+00 8.062511673597978767e-02 9.197212709987283297e-02
1.340225430855282340e+00 8.078262783330135421e-02 9.172015739545676116e-02
1.336536928295289028e+00 8.094013893062293463e-02 9.146772968623163858e-02
1.332841919178681112e+00 8.109765002794450117e-02 9.121485669191997658e-02
1.329140588073399520e+00 8.125516112526608159e-02 9.096155104368103261e-02
1.325433118252654863e+00 8.141267222258764813e-02 9.070782528406717837e-02
1.321719691694440479e+00 8.157018331990921467e-02 9.045369186699080133e-02
1.318000489081187832e+00 8.172769441723079509e-02 9.019916315770087900e-02
1.314275689799546454e+00 8.188520551455236163e-02 8.994425143276769952e-02
1.310545471940361750e+00 8.204271661187394205e-02 8.968896888008144608e-02
1.306810012298700086e+00 8.220022770919550859e-02 8.943332759885389005e-02
1.303069486374105246e+00 8.235773880651707513e-02 8.917733959963598800e-02
1.299324085840277920e+00 8.251524990383865554e-02 8.892101799987907340e-02
1.295574102146803019e+00 8.267276100116022208e-02 8.866438274533358643e-02
1.291819859253327207e+00 8.283027209848178862e-02 8.840745600662019976e-02
1.288061676339683048e+00 8.298778319580336904e-02 8.815025962724665209e-02
1.284299867795734684e+00 8.314529429312493558e-02 8.789281512291256815e-02
1.280534743262830011e+00 8.330280539044651600e-02 8.763514368434632829e-02
1.276766607675419829e+00 8.346031648776808254e-02 8.737726618015349833e-02
1.272995761302802231e+00 8.361782758508964908e-02 8.711920315967357220e-02
1.269222499791031522e+00 8.377533868241122950e-02 8.686097485584783062e-02
1.265447114204940382e+00 8.393284977973279604e-02 8.660260118809566532e-02
1.261669891070230420e+00 8.409036087705437645e-02 8.634410176519467794e-02
1.257891112415686630e+00 8.424787197437594299e-02 8.608549588816979958e-02
1.254111055815430698e+00 8.440538307169750953e-02 8.582680255318513030e-02
1.250329994431221392e+00 8.456289416901908995e-02 8.556804045443860973e-02
1.246548197054830442e+00 8.472040526634065649e-02 8.530922798706219723e-02
1.242765928150385557e+00 8.487791636366223691e-02 8.505038325001954003e-02
1.238983447896780277e+00 8.503542746098380345e-02 8.479152404900848483e-02
1.235201012230022322e+00 8.519293855830536999e-02 8.453266789935917624e-02
1.231418872885617688e+00 8.535044965562695041e-02 8.427383202893475034e-02
1.227637277440885022e+00 8.550796075294851695e-02 8.401503338102711549e-02
1.223856469357232246e+00 8.566547185027008349e-02 8.375628861725006868e-02
1.220076688022413203e+00 8.582298294759166390e-02 8.349761412043148201e-02
1.216298168792679935e+00 8.598049404491323044e-02 8.323902599749774533e-02
1.212521143034865023e+00 8.613800514223481086e-02 8.298054008235405954e-02
1.208745838168398867e+00 8.629551623955637740e-02 8.272217193875960883e-02
1.204972477707196177e+00 8.645302733687794394e-02 8.246393686319444805e-02
1.201201281326671033e+00 8.661053843419952436e-02 8.220584988944543148e-02
1.197432498606872064e+00 8.676804953152109090e-02 8.194792809786394239e-02
1.193666474341428696e+00 8.692556062884267132e-02 8.169019508487285197e-02
1.189903564837088368e+00 8.708307172616423786e-02 8.143267523481102776e-02
1.186144119195540192e+00 8.724058282348580440e-02 8.117539243892911427e-02
1.182388479401936365e+00 8.739809392080738482e-02 8.091837010144806164e-02
1.178636980413368507e+00 8.755560501812895136e-02 8.066163114561376857e-02
1.174889950247160364e+00 8.771311611545053177e-02 8.040519801973972092e-02
1.171147710069020409e+00 8.787062721277209831e-02 8.014909270323966606e-02
1.167410574280983493e+00 8.802813831009366485e-02 7.989333671264621517e-02
1.163678850609121351e+00 8.818564940741524527e-02 7.963795110761320850e-02
1.159952840191015078e+00 8.834316050473681181e-02 7.938295649690231548e-02
1.156232837662893864e+00 8.850067160205837835e-02 7.912837304434609809e-02
1.152519131246513950e+00 8.865818269937995877e-02 7.887422047479406007e-02
1.148812002835647217e+00 8.881569379670152531e-02 7.862051808003134301e-02
1.145111728082230051e+00 8.897320489402310573e-02 7.836728472467462125e-02
1.141418576482108760e+00 8.913071599134467227e-02 7.811453885204019953e-02
1.137732811460375304e+00 8.928822708866623881e-02 7.786229848998384162e-02
1.134054690456271386e+00 8.944573818598781922e-02 7.761058125671164987e-02
1.130384465007614470e+00 8.960324928330938576e-02 7.735940436655756869e-02
1.126722380834780601e+00 8.976076038063096618e-02 7.710878463573109243e-02
1.123068677924164982e+00 8.991827147795253272e-02 7.685873848802887709e-02
1.119423590611121844e+00 9.007578257527409926e-02 7.660928196051088046e-02
1.115787347662416495e+00 9.023329367259567968e-02 7.636043070914298736e-02
1.112160172358070520e+00 9.039080476991724622e-02 7.611220001439843175e-02
1.108542282572694493e+00 9.054831586723882664e-02 7.586460478682367781e-02
1.104933890856212741e+00 9.070582696456039318e-02 7.561765957256301462e-02
1.101335204514007682e+00 9.086333806188195972e-02 7.537137855884333548e-02
1.097746425686457306e+00 9.102084915920354014e-02 7.512577557941740869e-02
1.094167767612890918e+00 9.117836025652510668e-02 7.488086522760997732e-02
1.090599512208648703e+00 9.133587135384667322e-02 7.463666679668227999e-02
1.087041955528522452e+00 9.149338245116825363e-02 7.439320054754818001e-02
1.083495386214176737e+00 9.165089354848982017e-02 7.415048623379422166e-02
1.079960085609784626e+00 9.180840464581140059e-02 7.390854310959295292e-02
1.076436327878828703e+00 9.196591574313296713e-02 7.366738993769675337e-02
1.072924380120155119e+00 9.212342684045453367e-02 7.342704499737978674e-02
1.069424502483162343e+00 9.228093793777611409e-02 7.318752609232141715e-02
1.065936948282243835e+00 9.243844903509768063e-02 7.294885055843804145e-02
1.062461964110295698e+00 9.259596013241926105e-02 7.271103527165130587e-02
1.058999789951403203e+00 9.275347122974082759e-02 7.247409665559960412e-02
1.055550659292582072e+00 9.291098232706239413e-02 7.223805068928583484e-02
1.052114799234627807e+00 9.306849342438397454e-02 7.200291291466293098e-02
1.048692430602023107e+00 9.322600452170554108e-02 7.176869844415591226e-02
1.045283768051854745e+00 9.338351561902712150e-02 7.153542196811564502e-02
1.041889020181792302e+00 9.354102671634868804e-02 7.130309776220852824e-02
1.038508389637049278e+00 9.369853781367025458e-02 7.107173969473637443e-02
1.035142073216348546e+00 9.385604891099183500e-02 7.084136123388851125e-02
1.031790261976855305e+00 9.401356000831340154e-02 7.061197545492299554e-02
1.028453141338100396e+00 9.417107110563496808e-02 7.038359504727849381e-02
1.025130891184818926e+00 9.432858220295654850e-02 7.015623232161255496e-02
1.021823685968789031e+00 9.448609330027811504e-02 6.992989921677079945e-02
1.018531694809562183e+00 9.464360439759969545e-02 6.970460730668072424e-02
1.015255081594130360e+00 9.480111549492126199e-02 6.948036780717226080e-02
1.011994005075530501e+00 9.495862659224282853e-02 6.925719158272643228e-02
1.008748618970343847e+00 9.511613768956440895e-02 6.903508915314725269e-02
1.005519072055119256e+00 9.527364878688597549e-02 6.881407070016105909e-02
1.002305508261682299e+00 9.543115988420755591e-02 6.859414607393880814e-02
9.991080667713625463e-01 9.558867098152912245e-02 6.837532479954490372e-02
9.959268824265307130e-01 9.574618207885068899e-02 6.815761610510105706e-02
9.927621006839100204e-01 9.590369317617226941e-02 6.794102994513676053e-02
9.896138836318784104e-01 9.606120427349383595e-02 6.772557741239146334e-02
9.864823897758571158e-01 9.621871537081541637e-02 6.751126935440017462e-02
9.833677724803121523e-01 9.637622646813698291e-02 6.729811626686942050e-02
9.802701800722611880e-01 9.653373756545854945e-02 6.708612830076128575e-02
9.771897559435974712e-01 9.669124866278012986e-02 6.687531526929577086e-02
9.741266386521718612e-01 9.684875976010169640e-02 6.666568665486856393e-02
9.710809620216654947e-01 9.700627085742326294e-02 6.645725161588604546e-02
9.680528552402198894e-01 9.716378195474484336e-02 6.625001899351502799e-02
9.650424429578621233e-01 9.732129305206640990e-02 6.604399731835036702e-02
9.620498453826800134e-01 9.747880414938799032e-02 6.583919481699671006e-02
9.590751783757909266e-01 9.763631524670955686e-02 6.563561941856776993e-02
9.561185535450632544e-01 9.779382634403112340e-02 6.543327876110047181e-02
9.531800783376334074e-01 9.795133744135270382e-02 6.523218019788629141e-02
9.502598561311841330e-01 9.810884853867427036e-02 6.503233080371809138e-02
9.473579863240031429e-01 9.826635963599585077e-02 6.483373738105345507e-02
9.444745644238540239e-01 9.842387073331741731e-02 6.463640646609651597e-02
9.416096821355735003e-01 9.858138183063898385e-02 6.444034433479310653e-02
9.387634274475384899e-01 9.873889292796056427e-02 6.424555700874785835e-02
9.359358847168578466e-01 9.889640402528213081e-02 6.405205026105474653e-02
9.331271347534140226e-01 9.905391512260371123e-02 6.385982962204841962e-02
9.303372549026998062e-01 9.921142621992527777e-02 6.366890038497324822e-02
9.275663191274485797e-01 9.936893731724684431e-02 6.347926761156991171e-02
9.248143980881198267e-01 9.952644841456842473e-02 6.329093613758349224e-02
9.220815592221897061e-01 9.968395951188999127e-02 6.310391057818966198e-02
9.193678668222826644e-01 9.984147060921155781e-02 6.291819533334201686e-02
9.166733821131461957e-01 9.999898170653313823e-02 6.273379459303973782e-02
9.139981633274886219e-01 1.001564928038547048e-01 6.255071234251774470e-02
9.113422657806540261e-01 1.003140039011762852e-01 6.236895236735713610e-02
9.087057419441871842e-01 1.004715149984978517e-01 6.218851825851971077e-02
9.060886413744568824e-01 1.006290260958194183e-01 6.200941340746325692e-02
9.034909958216981174e-01 1.007865371931409987e-01 6.183163998705846348e-02
9.009128066403497836e-01 1.009440482904625652e-01 6.165519808999818385e-02
8.983540704539008104e-01 1.011015593877841456e-01 6.148008748520629452e-02
8.958147823283358901e-01 1.012590704851057122e-01 6.130630783501667819e-02
8.932949358192874278e-01 1.014165815824272787e-01 6.113385869840030906e-02
8.907945230183873520e-01 1.015740926797488591e-01 6.096273953413718083e-02
8.883135345988026899e-01 1.017316037770704257e-01 6.079294970393271658e-02
8.858519598599258194e-01 1.018891148743920061e-01 6.062448847547625974e-02
8.834097867713007757e-01 1.020466259717135726e-01 6.045735502544712092e-02
8.809870020157500869e-01 1.022041370690351392e-01 6.029154844246606415e-02
8.785835910317157937e-01 1.023616481663567196e-01 6.012706772999298899e-02
8.761995380548580625e-01 1.025191592636782861e-01 5.996391180917380603e-02
8.738348261588635424e-01 1.026766703609998527e-01 5.980207952163310581e-02
8.714894372955475088e-01 1.028341814583214331e-01 5.964156963221873414e-02
8.691633523342015000e-01 1.029916925556429996e-01 5.948238083169456181e-02
8.668565511002105373e-01 1.031492036529645800e-01 5.932451173938322470e-02
8.645690124129841170e-01 1.033067147502861466e-01 5.916796090576213057e-02
8.623007141231600059e-01 1.034642258476077131e-01 5.901272681500938783e-02
8.600516331491366850e-01 1.036217369449292935e-01 5.885880788750410403e-02
8.578217455129154567e-01 1.037792480422508601e-01 5.870620248227919474e-02
8.556110263752637612e-01 1.039367591395724405e-01 5.855490889942786131e-02
8.534194500702474429e-01 1.040942702368940070e-01 5.840492538246686016e-02
8.512469901390790072e-01 1.042517813342155736e-01 5.825625012065292069e-02
8.490936193633551454e-01 1.044092924315371540e-01 5.810888125125749509e-02
8.469593097976376717e-01 1.045668035288587205e-01 5.796281686179630133e-02
8.448440328014523715e-01 1.047243146261803010e-01 5.781805499221938371e-02
8.427477590706444754e-01 1.048818257235018675e-01 5.767459363705696590e-02
8.406704586681398306e-01 1.050393368208234340e-01 5.753243074752442676e-02
8.386121010541365273e-01 1.051968479181450145e-01 5.739156423358877240e-02
8.365726551157059987e-01 1.053543590154665810e-01 5.725199196599421725e-02
8.345520891958122522e-01 1.055118701127881475e-01 5.711371177824826201e-02
8.325503711217826508e-01 1.056693812101097280e-01 5.697672146857015590e-02
8.305674648103852364e-01 1.058268923074312945e-01 5.684101856755465615e-02
8.286032761886297227e-01 1.059844034047528749e-01 5.670659663718820992e-02
8.266576641035977557e-01 1.061419145020744415e-01 5.657344601747809482e-02
8.247304875024589199e-01 1.062994255993960080e-01 5.644155705528126205e-02
8.228216068922578064e-01 1.064569366967175884e-01 5.631092020420685323e-02
8.209308843219094154e-01 1.066144477940391549e-01 5.618152602338399165e-02
8.190581833644348109e-01 1.067719588913607354e-01 5.605336517624608800e-02
8.172033690993950605e-01 1.069294699886823019e-01 5.592642842932862846e-02
8.153663080956171649e-01 1.070869810860038684e-01 5.580070665108717576e-02
8.135468683941013968e-01 1.072444921833254489e-01 5.567619081072733289e-02
8.117449194911685595e-01 1.074020032806470154e-01 5.555287197705164465e-02
8.099603323218431683e-01 1.075595143779685958e-01 5.543074131732226434e-02
8.081929792434447979e-01 1.077170254752901624e-01 5.530979009613808117e-02
8.064427340193911498e-01 1.078745365726117289e-01 5.519000967432621113e-02
8.047094718032252736e-01 1.080320476699333093e-01 5.507139150784889914e-02
8.029930691228523987e-01 1.081895587672548759e-01 5.495392714672470841e-02
8.012934038649811574e-01 1.083470698645764424e-01 5.483760823396385126e-02
7.996103552597640940e-01 1.085045809618980228e-01 5.472242650451690504e-02
7.979438038656518906e-01 1.086620920592195894e-01 5.460837378423830796e-02
7.962936315544359989e-01 1.088196031565411698e-01 5.449544198886284441e-02
7.946597214964995493e-01 1.089771142538627363e-01 5.438362312299614698e-02
7.930419581462433420e-01 1.091346253511843029e-01 5.427290927911733454e-02
7.914402272277271111e-01 1.092921364485058833e-01 5.416329263659644400e-02
7.898544157204683280e-01 1.094496475458274498e-01 5.405476546072240929e-02
7.882844118454588322e-01 1.096071586431490302e-01 5.394732010174616010e-02
7.867301050513388905e-01 1.097646697404705968e-01 5.384094899393442740e-02
7.851913860007705415e-01 1.099221808377921633e-01 5.373564465463722545e-02
7.836681465569613758e-01 1.100796919351137437e-01 5.363139968336553404e-02
7.821602797704052534e-01 1.102372030324353103e-01 5.352820676088376056e-02
7.806676798657580241e-01 1.103947141297568907e-01 5.342605864831189572e-02
7.791902422288946584e-01 1.105522252270784572e-01 5.332494818623941674e-02
7.777278633941534514e-01 1.107097363244000238e-01 5.322486829385247170e-02
7.762804410317176718e-01 1.108672474217216042e-01 5.312581196807029948e-02
7.748478739351696287e-01 1.110247585190431707e-01 5.302777228269357768e-02
7.734300618382372594e-01 1.111822696163647373e-01 5.293074237586304492e-02
7.720268702988584142e-01 1.113397807136863177e-01 5.283471304685255499e-02
7.706380885182685381e-01 1.114972918110078842e-01 5.273966986936087786e-02
7.692634980809551770e-01 1.116548029083294646e-01 5.264559789582415328e-02
7.679028835189328772e-01 1.118123140056510312e-01 5.255248238039657988e-02
7.665560322606896904e-01 1.119698251029725977e-01 5.246030877545646703e-02
7.652227345811893899e-01 1.121273362002941781e-01 5.236906272818463853e-02
7.639027835529169641e-01 1.122848472976157447e-01 5.227873007721398069e-02
7.625959749979602798e-01 1.124423583949373251e-01 5.218929684935032232e-02
7.613021074410782907e-01 1.125998694922588916e-01 5.210074925636041382e-02
7.600209820637433555e-01 1.127573805895804582e-01 5.201307369182683188e-02
7.587524026591614401e-01 1.129148916869020386e-01 5.192625672806974735e-02
7.574961755881821635e-01 1.130724027842236051e-01 5.184028511312947091e-02
7.562521097361685207e-01 1.132299138815451855e-01 5.175514576781489046e-02
7.550200164707153716e-01 1.133874249788667521e-01 5.167082578280971644e-02
7.537997096002783115e-01 1.135449360761883186e-01 5.158731241584142008e-02
7.525910053336090089e-01 1.137024471735098990e-01 5.150459308890499577e-02
7.513937222400710603e-01 1.138599582708314656e-01 5.142265538554700866e-02
7.502076812107261183e-01 1.140174693681530321e-01 5.134148704820278714e-02
7.490327054202468027e-01 1.141749804654746125e-01 5.126107597558954981e-02
7.478686202895953317e-01 1.143324915627961791e-01 5.118141022015248315e-02
7.467152534494574390e-01 1.144900026601177595e-01 5.110247798556218080e-02
7.455724347044332401e-01 1.146475137574393260e-01 5.102426762426406220e-02
7.444399959979419723e-01 1.148050248547608926e-01 5.094676763507657163e-02
7.433177713778561513e-01 1.149625359520824730e-01 5.086996666083924701e-02
7.422055969628037486e-01 1.151200470494040395e-01 5.079385348610659934e-02
7.411033109091804683e-01 1.152775581467256200e-01 5.071841703489061992e-02
7.400107533788110592e-01 1.154350692440471865e-01 5.064364636844750217e-02
7.389277665072655488e-01 1.155925803413687530e-01 5.056953068310940380e-02
7.378541943728094132e-01 1.157500914386903335e-01 5.049605930815956323e-02
7.367898829659792481e-01 1.159076025360119000e-01 5.042322170375002771e-02
7.357346801597767216e-01 1.160651136333334804e-01 5.035100745886194468e-02
7.346884356804378458e-01 1.162226247306550470e-01 5.027940628930508554e-02
7.336510010788087621e-01 1.163801358279766135e-01 5.020840803575889882e-02
7.326222297022794150e-01 1.165376469252981939e-01 5.013800266185176185e-02
7.316019766672693381e-01 1.166951580226197605e-01 5.006818025227800784e-02
7.305900988264841800e-01 1.168526691199413270e-01 4.999893101055712108e-02
7.295864372641133189e-01 1.170101802172629074e-01 4.993024406106857938e-02
7.285907791400388911e-01 1.171676913145844739e-01 4.986210483780827846e-02
7.276029031341179065e-01 1.173252024119060544e-01 4.979449819443004799e-02
7.266225906834901105e-01 1.174827135092276209e-01 4.972740917328608706e-02
7.256496259400025961e-01 1.176402246065491874e-01 4.966082300251336429e-02
7.246837957287042276e-01 1.177977357038707679e-01 4.959472509319297340e-02
7.237248895073682409e-01 1.179552468011923344e-01 4.952910103658010599e-02
7.227726993270302547e-01 1.181127578985139148e-01 4.946393660140351728e-02
7.218270197935214849e-01 1.182702689958354814e-01 4.939921773123275017e-02
7.208876480299479805e-01 1.184277800931570479e-01 4.933493054191053634e-02
7.199543836401249841e-01 1.185852911904786283e-01 4.927106131905039516e-02
7.190270286729243399e-01 1.187428022878001949e-01 4.920759651559650921e-02
7.181053875875098580e-01 1.189003133851217753e-01 4.914452274944482169e-02
7.171892672194462026e-01 1.190578244824433418e-01 4.908182680112338492e-02
7.162784767476731984e-01 1.192153355797649084e-01 4.901949561153237656e-02
7.153728276622844939e-01 1.193728466770864888e-01 4.895751627973901621e-02
7.144721337331461086e-01 1.195303577744080553e-01 4.889587606082972104e-02
7.135762109792838093e-01 1.196878688717296219e-01 4.883456236381534393e-02
7.126848776390427576e-01 1.198453799690512023e-01 4.877356274958884186e-02
7.117979541410143218e-01 1.200028910663727688e-01 4.871286492893566605e-02
7.109152630756813140e-01 1.201604021636943492e-01 4.865245676059323787e-02
7.100366291677854269e-01 1.203179132610159158e-01 4.859232624935994060e-02
7.091618792493933343e-01 1.204754243583374823e-01 4.853246154425178149e-02
7.082908422336499088e-01 1.206329354556590627e-01 4.847285093670625211e-02
7.074233490891719267e-01 1.207904465529806293e-01 4.841348285882982744e-02
7.065592328151248935e-01 1.209479576503022097e-01 4.835434588169233716e-02
7.056983284169050519e-01 1.211054687476237762e-01 4.829542871366276913e-02
7.048404728824546606e-01 1.212629798449453428e-01 4.823672019878842698e-02
7.039855051591583646e-01 1.214204909422669232e-01 4.817820931521362565e-02
7.031332661313557386e-01 1.215780020395884897e-01 4.811988517364087364e-02
7.022835985983932883e-01 1.217355131369100563e-01 4.806173701582877600e-02
7.014363472532690880e-01 1.218930242342316367e-01 4.800375421313066160e-02
7.005913586617823485e-01 1.220505353315532032e-01 4.794592626506743310e-02
6.997484812422469780e-01 1.222080464288747836e-01 4.788824279793944122e-02
6.989075652457055199e-01 1.223655575261963502e-01 4.783069356347225548e-02
6.980684627366507966e-01 1.225230686235179167e-01 4.777326843749751112e-02
6.972310275742343855e-01 1.226805797208394971e-01 4.771595741866666018e-02
6.963951153912659731e-01 1.228380908181610637e-01 4.765875062701392662e-02
6.955605796961245035e-01 1.229956019154826441e-01 4.760163803718517328e-02
6.947272641855208875e-01 1.231531130128042106e-01 4.754460895235138734e-02
6.938950123152500815e-01 1.233106241101257772e-01 4.748765265919616119e-02
6.930636694661909125e-01 1.234681352074473576e-01 4.743075857614877794e-02
6.922330829262685059e-01 1.236256463047689241e-01 4.737391625214987939e-02
6.914031018728931111e-01 1.237831574020905046e-01 4.731711536544960101e-02
6.905735773559159574e-01 1.239406684994120711e-01 4.726034572244112997e-02
6.897443622810291997e-01 1.240981795967336376e-01 4.720359725652464866e-02
6.889153113936398176e-01 1.242556906940552180e-01 4.714686002700375217e-02
6.880862812631867165e-01 1.244132017913767846e-01 4.709012421801209852e-02
6.872571302678871508e-01 1.245707128886983511e-01 4.703338013746966029e-02
6.864277185799176895e-01 1.247282239860199315e-01 4.697661821606840399e-02
6.855979081509928630e-01 1.248857350833414981e-01 4.691982900628536429e-02
6.847675626983593666e-01 1.250432461806630924e-01 4.686300318142429255e-02
6.839365476911533070e-01 1.252007572779846589e-01 4.680613153468179272e-02
6.831047303371716728e-01 1.253582683753062255e-01 4.674920497824210097e-02
6.822719795699705436e-01 1.255157794726277920e-01 4.669221454239422947e-02
6.814381660363478810e-01 1.256732905699493585e-01 4.663515137467510313e-02
6.806031620841586083e-01 1.258308016672709251e-01 4.657800673903587235e-02
6.797668417504777461e-01 1.259883127645924916e-01 4.652077201503182491e-02
6.789290807500688585e-01 1.261458238619140859e-01 4.646343869703304513e-02
6.780897564641902298e-01 1.263033349592356525e-01 4.640599839345850575e-02
6.772487479296940283e-01 1.264608460565572190e-01 4.634844282603007432e-02
6.764059358284284507e-01 1.266183571538787855e-01 4.629076382904705189e-02
6.755612024769280799e-01 1.267758682512003521e-01 4.623295334868079975e-02
6.747144318163775800e-01 1.269333793485219464e-01 4.617500344228782361e-02
6.738655094028583870e-01 1.270908904458435129e-01 4.611690627774229362e-02
6.730143223978423128e-01 1.272484015431650795e-01 4.605865413278543985e-02
6.721607595589426110e-01 1.274059126404866460e-01 4.600023939439264187e-02
6.713047112309308284e-01 1.275634237378082125e-01 4.594165455815859417e-02
6.704460693369533875e-01 1.277209348351298068e-01 4.588289222769626613e-02
6.695847273700069602e-01 1.278784459324513734e-01 4.582394511405343124e-02
6.687205803846282270e-01 1.280359570297729399e-01 4.576480603514403861e-02
6.678535249887892489e-01 1.281934681270945064e-01 4.570546791519341373e-02
6.669834593360038921e-01 1.283509792244160730e-01 4.564592378419829455e-02
6.661102831176467509e-01 1.285084903217376673e-01 4.558616677740087025e-02
6.652338975554362710e-01 1.286660014190592338e-01 4.552619013477459536e-02
6.643542053941261516e-01 1.288235125163808004e-01 4.546598720052388853e-02
6.634711108943638358e-01 1.289810236137023669e-01 4.540555142259541238e-02
6.625845198649701340e-01 1.291385347110239334e-01 4.534487635488719526e-02
6.616943512012496420e-01 1.292960458083455277e-01 4.528395644688872762e-02
6.608005527471535467e-01 1.294535569056670943e-01 4.522278812922950891e-02
6.599030773613931977e-01 1.296110680029886608e-01 4.516136817573112444e-02
6.590018788377488557e-01 1.297685791003102274e-01 4.509969342420780403e-02
6.580969119006461199e-01 1.299260901976317939e-01 4.503776077616384460e-02
6.571881322007859794e-01 1.300836012949533882e-01 4.497556719649436346e-02
6.562754963108148321e-01 1.302411123922749547e-01 4.491310971318911854e-02
6.553589617210272555e-01 1.303986234895965213e-01 4.485038541703839643e-02
6.544384868351147411e-01 1.305561345869180878e-01 4.478739146134201599e-02
6.535140309659394076e-01 1.307136456842396544e-01 4.472412506162013607e-02
6.525855543313450191e-01 1.308711567815612486e-01 4.466058349532658900e-02
6.516530180500055280e-01 1.310286678788828152e-01 4.459676410156471899e-02
6.507163841372830548e-01 1.311861789762043817e-01 4.453266428080394218e-02
6.497756155011386037e-01 1.313436900735259483e-01 4.446828149460000518e-02
6.488306759380485511e-01 1.315012011708475148e-01 4.440361326531522962e-02
6.478815301289463369e-01 1.316587122681690813e-01 4.433865717584112992e-02
6.469281436352043446e-01 1.318162233654906756e-01 4.427341086932320285e-02
6.459704828946112309e-01 1.319737344628122422e-01 4.420787204888566163e-02
6.450085152173858916e-01 1.321312455601338087e-01 4.414203847735869574e-02
6.440422087821925379e-01 1.322887566574553753e-01 4.407590797700577240e-02
6.430715326321934100e-01 1.324462677547769418e-01 4.400947842925340830e-02
6.420964566710957167e-01 1.326037788520985361e-01 4.394274777442071234e-02
6.411169516592176709e-01 1.327612899494201026e-01 4.387571401145012873e-02
6.401329892095721785e-01 1.329188010467416692e-01 4.380837519763945698e-02
6.391445417839425325e-01 1.330763121440632357e-01 4.374072944837322646e-02
6.381515826889944121e-01 1.332338232413848023e-01 4.367277493685660372e-02
6.371540860723656774e-01 1.333913343387063966e-01 4.360450989384797443e-02
6.361520269187813659e-01 1.335488454360279631e-01 4.353593260739275356e-02
6.351453810461634708e-01 1.337063565333495296e-01 4.346704142255745223e-02
6.341341251017512670e-01 1.338638676306710962e-01 4.339783474116403611e-02
6.331182365582208593e-01 1.340213787279926627e-01 4.332831102152428365e-02
6.320976937097932957e-01 1.341788898253142570e-01 4.325846877817358244e-02
6.310724756683756542e-01 1.343364009226358236e-01 4.318830658160679320e-02
6.300425623596540570e-01 1.344939120199573901e-01 4.311782305801078324e-02
6.290079345192259863e-01 1.346514231172789566e-01 4.304701688899995743e-02
6.279685736887058445e-01 1.348089342146005232e-01 4.297588681134939526e-02
6.269244622118391730e-01 1.349664453119221175e-01 4.290443161672928551e-02
6.258755832305966660e-01 1.351239564092436840e-01 4.283265015143730703e-02
6.248219206812787307e-01 1.352814675065652505e-01 4.276054131613230003e-02
6.237634592905904052e-01 1.354389786038868171e-01 4.268810406556543258e-02
6.227001845717424766e-01 1.355964897012083836e-01 4.261533740831350420e-02
6.216320829402820491e-01 1.357540007985299779e-01 4.254224041470596601e-02
6.205591638717176117e-01 1.359115118958515445e-01 4.246881373321215181e-02
6.194814854459674835e-01 1.360690229931731110e-01 4.239506133861060261e-02
6.183991118132180498e-01 1.362265340904946775e-01 4.232098762110686474e-02
6.173121068247061638e-01 1.363840451878162441e-01 4.224659695044759300e-02
6.162205340311843749e-01 1.365415562851378384e-01 4.217189367581523907e-02
6.151244566814040304e-01 1.366990673824594049e-01 4.209688212572454402e-02
6.140239377206667681e-01 1.368565784797809715e-01 4.202156660792313175e-02
6.129190397894117570e-01 1.370140895771025380e-01 4.194595140929495425e-02
6.118098252218611144e-01 1.371716006744241045e-01 4.187004079576768512e-02
6.106963560447121742e-01 1.373291117717456711e-01 4.179383901222301356e-02
6.095786939758640610e-01 1.374866228690672654e-01 4.171735028240966536e-02
6.084569004232048828e-01 1.376441339663888319e-01 4.164057880886030266e-02
6.073310364834418884e-01 1.378016450637103985e-01 4.156352877281149077e-02
6.062011629409636004e-01 1.379591561610319650e-01 4.148620433412587849e-02
6.050673402667706702e-01 1.381166672583535315e-01 4.140860963121894417e-02
6.039296286174286044e-01 1.382741783556751258e-01 4.133074878098744187e-02
6.027880878340736714e-01 1.384316894529966924e-01 4.125262587874119202e-02
6.016427774414655483e-01 1.385892005503182589e-01 4.117424499813840399e-02
6.004937566470707200e-01 1.387467116476398254e-01 4.109561019112292768e-02
5.993410843402042776e-01 1.389042227449613920e-01 4.101672548786542555e-02
5.981848190911960295e-01 1.390617338422829863e-01 4.093759489670638352e-02
5.970250191506094595e-01 1.392192449396045528e-01 4.085822240410270229e-02
5.958617424484979885e-01 1.393767560369261194e-01 4.077861197457665482e-02
5.946950465937006491e-01 1.395342671342476859e-01 4.069876755066780677e-02
5.935249888731742862e-01 1.396917782315692524e-01 4.061869305288724058e-02
5.923516262513721653e-01 1.398492893288908467e-01 4.053839237967517273e-02
5.911750153696505583e-01 1.400068004262124133e-01 4.045786940736010445e-02
5.899952125457272878e-01 1.401643115235339798e-01 4.037712799012195541e-02
5.888122737731614764e-01 1.403218226208555464e-01 4.029617195995644635e-02
5.876262547208832565e-01 1.404793337181771129e-01 4.021500512664277077e-02
5.864372107327535666e-01 1.406368448154987072e-01 4.013363127771365363e-02
5.852451968271635829e-01 1.407943559128202737e-01 4.005205417842783167e-02
5.840502676966667917e-01 1.409518670101418403e-01 3.997027757174483747e-02
5.828524777076368180e-01 1.411093781074634068e-01 3.988830517830172645e-02
5.816518808999888712e-01 1.412668892047849734e-01 3.980614069639387687e-02
5.804485309869009679e-01 1.414244003021065677e-01 3.972378780195594955e-02
5.792424813545883344e-01 1.415819113994281342e-01 3.964125014854653212e-02
5.780337850621077855e-01 1.417394224967497007e-01 3.955853136733455261e-02
5.768224948411945219e-01 1.418969335940712673e-01 3.947563506708838543e-02
5.756086630961199102e-01 1.420544446913928338e-01 3.939256483416585936e-02
5.743923419036053302e-01 1.422119557887144281e-01 3.930932423250851904e-02
5.731735830127456799e-01 1.423694668860359946e-01 3.922591680363633065e-02
5.719524378449647450e-01 1.425269779833575612e-01 3.914234606664463573e-02
5.707289575052356678e-01 1.426844890806791277e-01 3.905861551897208545e-02
5.695032091220669779e-01 1.428420001780006943e-01 3.897472975464980754e-02
5.682753081485170110e-01 1.429995112753222608e-01 3.889069667486547838e-02
5.670453778203268236e-01 1.431570223726438551e-01 3.880652471342532772e-02
5.658135399185396652e-01 1.433145334699654216e-01 3.872222220458135938e-02
5.645799147756387359e-01 1.434720445672869882e-01 3.863779738345132775e-02
5.633446212818915555e-01 1.436295556646085547e-01 3.855325838645307091e-02
5.621077768918998352e-01 1.437870667619301213e-01 3.846861325175259666e-02
5.608694976313307601e-01 1.439445778592517156e-01 3.838386991972491530e-02
5.596298981038433373e-01 1.441020889565732821e-01 3.829903623342787583e-02
5.583890914981961551e-01 1.442596000538948486e-01 3.821411993908876287e-02
5.571471895955073528e-01 1.444171111512164152e-01 3.812912868660101040e-02
5.559043027767145428e-01 1.445746222485379817e-01 3.804407003003480031e-02
5.546605400301691802e-01 1.447321333458595760e-01 3.795895142815679246e-02
5.534160089593950227e-01 1.448896444431811426e-01 3.787378024496106804e-02
5.521708157910018011e-01 1.450471555405027091e-01 3.778856375021071717e-02
5.509250653827307831e-01 1.452046666378242756e-01 3.770330911998842627e-02
5.496788612316521050e-01 1.453621777351458422e-01 3.761802343725753617e-02
5.484323054824791210e-01 1.455196888324674365e-01 3.753271369243094818e-02
5.471854989360273036e-01 1.456771999297890030e-01 3.744738678395014009e-02
5.459385410577740627e-01 1.458347110271105695e-01 3.736204951887085041e-02
5.446915299865624505e-01 1.459922221244321361e-01 3.727670861345883796e-02
5.434445625433902416e-01 1.461497332217537026e-01 3.719137069379126886e-02
5.421977342403191402e-01 1.463072443190752969e-01 3.710604229636649959e-02
5.409511392894850168e-01 1.464647554163968635e-01 3.702072986872070176e-02
5.397048706122011819e-01 1.466222665137184300e-01 3.693543977005084300e-02
5.384590198481600254e-01 1.467797776110399965e-01 3.685017827184440542e-02
5.372136773647133712e-01 1.469372887083615631e-01 3.676495155851446789e-02
5.359689322662412048e-01 1.470947998056831574e-01 3.667976572804100555e-02
5.347248724035994494e-01 1.472523109030047239e-01 3.659462679261723389e-02
5.334815843836437921e-01 1.474098220003262905e-01 3.650954067930162195e-02
5.322391535788143502e-01 1.475673330976478570e-01 3.642451323067367325e-02
5.309976641367984973e-01 1.477248441949694235e-01 3.633955020549527876e-02
5.297571989902424283e-01 1.478823552922910178e-01 3.625465727937528249e-02
5.285178398665333344e-01 1.480398663896125844e-01 3.616984004543909170e-02
5.272796672976280963e-01 1.481973774869341509e-01 3.608510401500111126e-02
5.260427606299271641e-01 1.483548885842557175e-01 3.600045461824057796e-02
5.248071980342113863e-01 1.485123996815772840e-01 3.591589720488164161e-02
5.235730565155989336e-01 1.486699107788988505e-01 3.583143704487469494e-02
5.223404119235575127e-01 1.488274218762204448e-01 3.574707932908166574e-02
5.211093389619556593e-01 1.489849329735420114e-01 3.566282916996375146e-02
5.198799111991225796e-01 1.491424440708635779e-01 3.557869160227006278e-02
5.186522010779657244e-01 1.492999551681851444e-01 3.549467158372988235e-02
5.174262799260872514e-01 1.494574662655067110e-01 3.541077399574502765e-02
5.162022179659513377e-01 1.496149773628283053e-01 3.532700364408574573e-02
5.149800843250412763e-01 1.497724884601498718e-01 3.524336525958574745e-02
5.137599470460542106e-01 1.499299995574714384e-01 3.515986349883991335e-02
5.125418753697579266e-01 1.500875106547930049e-01 3.507650310043474579e-02
5.113259589282731499e-01 1.502450217521145714e-01 3.499329019846678102e-02
5.101122977514306323e-01 1.504025328494361657e-01 3.491023163861412676e-02
5.089009903921590805e-01 1.505600439467577323e-01 3.482733416548101230e-02
5.076921338164664954e-01 1.507175550440792988e-01 3.474460441506857511e-02
5.064858234194273834e-01 1.508750661414008654e-01 3.466204891586901343e-02
5.052821530412300310e-01 1.510325772387224319e-01 3.457967408996374253e-02
5.040812149832585298e-01 1.511900883360440262e-01 3.449748625412401432e-02
5.028831000242459659e-01 1.513475994333655927e-01 3.441549162091642189e-02
5.016878974364413768e-01 1.515051105306871593e-01 3.433369629980917437e-02
5.004956950018154549e-01 1.516626216280087258e-01 3.425210629828134151e-02
4.993065790283135463e-01 1.518201327253302924e-01 3.417072752293499882e-02
4.981206343660944946e-01 1.519776438226518867e-01 3.408956578060658854e-02
4.969379444238178345e-01 1.521351549199734532e-01 3.400862677948168072e-02
4.957585911849283211e-01 1.522926660172950197e-01 3.392791613020923469e-02
4.945826552239406260e-01 1.524501771146165863e-01 3.384743934701616580e-02
4.934102157227414631e-01 1.526076882119381528e-01 3.376720184882303633e-02
4.922413504868717316e-01 1.527651993092597471e-01 3.368720896035826140e-02
4.910761359618159294e-01 1.529227104065813136e-01 3.360746591327297417e-02
4.899146472492598714e-01 1.530802215039028802e-01 3.352797784725358721e-02
4.887569581233537352e-01 1.532377326012244467e-01 3.344874981113479806e-02
4.876031410469315319e-01 1.533952436985460133e-01 3.336978676400961102e-02
4.864532671877292991e-01 1.535527547958676076e-01 3.329109357633919936e-02
4.853074064345514471e-01 1.537102658931891741e-01 3.321267503105933272e-02
4.841656274134131799e-01 1.538677769905107406e-01 3.313453582468506298e-02
4.830279975036562701e-01 1.540252880878323072e-01 3.305668056841368219e-02
4.818945828540052712e-01 1.541827991851538737e-01 3.297911378922342707e-02
4.807654483985966953e-01 1.543403102824754403e-01 3.290183993097063608e-02
4.796406578729539572e-01 1.544978213797970346e-01 3.282486335548283340e-02
4.785202738299069170e-01 1.546553324771186011e-01 3.274818834364842668e-02
4.774043576554711787e-01 1.548128435744401676e-01 3.267181909650315047e-02
4.762929695846628286e-01 1.549703546717617342e-01 3.259575973631258228e-02
4.751861687172512783e-01 1.551278657690833007e-01 3.252001430765016216e-02
4.740840130334577074e-01 1.552853768664048950e-01 3.244458677847147227e-02
4.729865594095831183e-01 1.554428879637264616e-01 3.236948104118385350e-02
4.718938636335753833e-01 1.556003990610480281e-01 3.229470091371169221e-02
4.708059804205197985e-01 1.557579101583695946e-01 3.222025014055657915e-02
4.697229634280635224e-01 1.559154212556911612e-01 3.214613239385283316e-02
4.686448652717603025e-01 1.560729323530127555e-01 3.207235127441775135e-02
4.675717375403456444e-01 1.562304434503343220e-01 3.199891031279685633e-02
4.665036308109262175e-01 1.563879545476558885e-01 3.192581297030353676e-02
4.654405946641020364e-01 1.565454656449774551e-01 3.185306264005383775e-02
4.643826776989805616e-01 1.567029767422990216e-01 3.178066264799402768e-02
4.633299275481463919e-01 1.568604878396206159e-01 3.170861625392509819e-02
4.622823908925021708e-01 1.570179989369421825e-01 3.163692665251836150e-02
4.612401134760554799e-01 1.571755100342637490e-01 3.156559697432741868e-02
4.602031401205980421e-01 1.573330211315853155e-01 3.149463028679280047e-02
4.591715147403050423e-01 1.574905322289068821e-01 3.142402959524106393e-02
4.581452803562376941e-01 1.576480433262284764e-01 3.135379784387724161e-02
4.571244757433532424e-01 1.578055544235500429e-01 3.128393768631851368e-02
4.561091245230106117e-01 1.579630655208716095e-01 3.121445073912481119e-02
4.550992459121313560e-01 1.581205766181931760e-01 3.114533831743241180e-02
4.550992459121313560e-01 1.581205766181931760e-01 3.114533831743241180e-02
3.558170714347178576e-01 1.826842454521749870e-01 2.506659526313117711e-02
3.032398571848091695e-01 2.073525430377324841e-01 1.579973718978458855e-02
2.420084358100490773e-01 2.322407203492417860e-01 1.430856969615290977e-02
2.109823221666629611e-01 2.568837818198746459e-01 1.362610315883617217e-02
1.790190354938994421e-01 2.811184729179193598e-01 8.911294455777506174e-03
1.577626188154432341e-01 3.057758170190760794e-01 6.786341590774376022e-03
1.381447208863544884e-01 3.308749588216616799e-01 5.853094047083231936e-03
1.210110838769475755e-01 3.553458836143503774e-01 4.743247294571455684e-03
1.097484607197568435e-01 3.797183506574301481e-01 5.110908799870564692e-03
9.704121462911134699e-02 4.042043120935024936e-01 2.740125940516224736e-03
8.848927598200996558e-02 4.287407985369371399e-01 2.203617751342688749e-03
8.083910217706000156e-02 4.533371424922238990e-01 2.018309668528205265e-03
7.312581928888711724e-02 4.779959634912051558e-01 2.743654236580491627e-03
6.693816461321892841e-02 5.026629933946460405e-01 1.919647907830283190e-03
6.236580864916762418e-02 5.271487506500315279e-01 2.136465222175708105e-03
5.800190081604025827e-02 5.515427964227138657e-01 1.515417831276063198e-03
5.428290883751098889e-02 5.762240530263548210e-01 1.260151636707100824e-03
5.089563625440984840e-02 6.007285446297923048e-01 1.180054792630193077e-03
4.744393639293582876e-02 6.252568531449649303e-01 1.656970538813940744e-03
4.557769528453750607e-02 6.499965502683907603e-01 1.603527523344743834e-03
4.346481266688455997e-02 6.746857991314229031e-01 1.280851652718230762e-03
4.205908956151795802e-02 6.991270364754236244e-01 1.009258780088068868e-03
4.093311978340200691e-02 7.235756604093172006e-01 8.968497963604391996e-04
4.063058259857421639e-02 7.479714013051395050e-01 1.153554197811288394e-03
4.042505207623046243e-02 7.726132299420060967e-01 9.838654609758054875e-04
4.016960364729336985e-02 7.972349387995918413e-01 9.787678101072941426e-04
3.886037234247047278e-02 8.217736356692634248e-01 1.089622422874448292e-03
3.775541675439423456e-02 8.463200505719705724e-01 9.405925607734658264e-04
3.678440048596953033e-02 8.708218859006343626e-01 7.754014388743357428e-04
3.629757784067291770e-02 8.954790463233904818e-01 8.679245134670823900e-04
3.579857347072192691e-02 9.199626960429320155e-01 9.437371911153071133e-04
3.601918405191077005e-02 9.443606208269833546e-01 1.001732673960856928e-03
3.620931965084721316e-02 9.688687146412832130e-01 1.095849715353630583e-03
3.610895061296819780e-02 9.930926048855095445e-01 1.295206430638605423e-03
3.693176891997987377e-02 1.017620455362175491e+00 1.027734210617208552e-03
3.826969303212156975e-02 1.042409919186157552e+00 1.246257404731224844e-03
4.025066854734978689e-02 1.066789561870425063e+00 1.263650124199449179e-03
4.142097887974392767e-02 1.090909765172895618e+00 1.488028446757778738e-03
4.108492398086617536e-02 1.115651582439790346e+00 2.303915145126929267e-03
4.229469617445424934e-02 1.140641543091339027e+00 1.396983076327140433e-03
4.306457669829102941e-02 1.164692026865203012e+00 2.495875565158764669e-03
4.447794834917904311e-02 1.188605021497627590e+00 2.234394235931181066e-03
4.785617567445368814e-02 1.214006438167991364e+00 2.193809897529629734e-03
5.152628965692714058e-02 1.240498485730926914e+00 3.152290730173569477e-03
5.889849344817155163e-02 1.264816150349954427e+00 6.564312585073423835e-03
6.351197691694425440e-02 1.284554513240047102e+00 8.354603481211395760e-03
6.787785248535287141e-02 1.309527810458392949e+00 1.173193836262257164e-02
9.998542049758638028e-02 1.335814856768205550e+00 2.037341420621190460e-02
9.320542931418406007e-02 1.360349523175663267e+00 1.127154748387189098e-01
