2.265752656666604192e+00 7.669903939428205850e-04 1.545252375803742306e-01
2.700554527713903141e+00 9.245014912643925459e-04 1.841788991247117757e-01
3.127328654976792244e+00 1.082012588585964507e-03 2.132850653315197242e-01
3.546100815759193114e+00 1.239523685907536251e-03 2.418454942232374227e-01
3.956865147631051016e+00 1.397034783229108429e-03 2.698597859797901011e-01
4.359601376145553431e+00 1.554545880550680173e-03 2.973265578757943728e-01
4.754298544586545994e+00 1.712056977872252134e-03 3.242450626588254115e-01
5.140954963501547681e+00 1.869568075193824095e-03 3.506151851075482440e-01
5.519591604618478087e+00 2.027079172515396273e-03 3.764383555021965089e-01
5.890229408551822310e+00 2.184590269836968017e-03 4.017160020010551169e-01
6.252923108054041279e+00 2.342101367158539761e-03 4.264518573997373441e-01
6.607728203309808812e+00 2.499612464480111939e-03 4.506497068330402311e-01
6.954709405181175974e+00 2.657123561801683683e-03 4.743139636076429966e-01
7.293954096884780469e+00 2.814634659123255861e-03 4.974505872938772555e-01
7.625554080128287282e+00 2.972145756444827605e-03 5.200658388049299585e-01
7.949599956523706545e+00 3.129656853766399783e-03 5.421658972069844928e-01
8.266195035482770237e+00 3.287167951087971527e-03 5.637578082432498361e-01
8.575453060149502704e+00 3.444679048409543271e-03 5.848493292416495626e-01
8.877488092649505447e+00 3.602190145731115449e-03 6.054482392847800876e-01
9.172411037111745102e+00 3.759701243052687193e-03 6.255621020786025221e-01
9.460338458221803748e+00 3.917212340374259805e-03 6.451988673813048303e-01
9.741391739663498583e+00 4.074723437695831549e-03 6.643668136086818832e-01
1.001569556794756544e+01 4.232234535017403293e-03 6.830744444306450225e-01
1.028337155388087965e+01 4.389745632338975037e-03 7.013300537528731615e-01
1.054453720919519633e+01 4.547256729660546781e-03 7.191416559224819149e-01
1.079931170888901626e+01 4.704767826982118525e-03 7.365173787220431478e-01
1.104781553672538053e+01 4.862278924303691137e-03 7.534654391923952810e-01
1.129016986881947737e+01 5.019790021625262881e-03 7.699941015930695798e-01
1.152649598038463807e+01 5.177301118946834625e-03 7.861116369421303762e-01
1.175691104139890086e+01 5.334812216268406369e-03 8.018260362789526585e-01
1.198152653657087896e+01 5.492323313589978981e-03 8.171449029052628710e-01
1.220045351867734773e+01 5.649834410911550725e-03 8.320758106648623587e-01
1.241380274723775834e+01 5.807345508233122469e-03 8.466263134012862457e-01
1.262168441400756791e+01 5.964856605554694213e-03 8.608039262363379462e-01
1.282420791137115401e+01 6.122367702876265957e-03 8.746161097743933022e-01
1.302148163756539745e+01 6.279878800197838569e-03 8.880702568185723234e-01
1.321361172658324001e+01 6.437389897519410313e-03 9.011736057496507746e-01
1.340069679156709270e+01 6.594900994840982057e-03 9.139328820233908468e-01
1.358283244699511094e+01 6.752412092162553801e-03 9.263546065854521006e-01
1.376011360351481017e+01 6.909923189484126413e-03 9.384452523799637902e-01
1.393263433939475426e+01 7.067434286805698157e-03 9.502112355824774426e-01
1.410048778798358526e+01 7.224945384127269901e-03 9.616589079246272709e-01
1.426376604211748322e+01 7.382456481448841645e-03 9.727945501746813051e-01
1.442256007339840451e+01 7.539967578770413389e-03 9.836243666322862511e-01
1.457695966453370851e+01 7.697478676091986001e-03 9.941544805140001273e-01
1.472705281503139041e+01 7.854989773413558612e-03 1.004390893421472031e+00
1.487292019883243377e+01 8.012500870735128622e-03 1.014339107349750524e+00
1.501463786288187130e+01 8.170011968056702101e-03 1.024004308730907420e+00
1.515228122146583267e+01 8.327523065378272110e-03 1.033391640849427029e+00
1.528592505026490400e+01 8.485034162699845589e-03 1.042506203436638357e+00
1.541564342317531988e+01 8.642545260021415598e-03 1.051353048361896469e+00
1.554150965733696843e+01 8.800056357342989077e-03 1.059937175883472360e+00
1.566359626552336337e+01 8.957567454664562556e-03 1.068263531401527855e+00
1.578197491513909156e+01 9.115078551986132566e-03 1.076337002661725162e+00
1.589671639314838636e+01 9.272589649307706045e-03 1.084162417363343733e+00
1.600789057633154044e+01 9.430100746629276054e-03 1.091744541130752699e+00
1.611556632741556072e+01 9.587611843950849533e-03 1.099088070429481423e+00
1.621980726556581587e+01 9.745122941272419542e-03 1.106197344112058056e+00
1.632067000604703821e+01 9.902634038593993021e-03 1.113076223362187589e+00
1.641821040782096475e+01 1.006014513591556303e-02 1.119728517783404209e+00
1.651248407298804821e+01 1.021765623323713651e-02 1.126158019461203974e+00
1.660354629868782439e+01 1.037516733055870999e-02 1.132368499682623098e+00
1.669145203371573771e+01 1.053267842788028000e-02 1.138363705977492923e+00
1.677625583946354126e+01 1.069018952520185348e-02 1.144147359454557922e+00
1.685801185482232611e+01 1.084770062252342349e-02 1.149723152407847948e+00
1.693677376472047769e+01 1.100521171984499696e-02 1.155094746170956421e+00
1.701259477199820225e+01 1.116272281716656697e-02 1.160265769198867591e+00
1.708552757234412312e+01 1.132023391448814045e-02 1.165239815358625641e+00
1.715562433204467041e+01 1.147774501180971046e-02 1.170020442411835448e+00
1.722293666831689762e+01 1.163525610913128394e-02 1.174611170673347971e+00
1.728751550198292364e+01 1.179276720645285742e-02 1.179015472963602207e+00
1.734940658344781994e+01 1.195027830377442743e-02 1.183236469478525343e+00
1.740864970385950627e+01 1.210778940109600091e-02 1.187276873990325887e+00
1.746528435203318708e+01 1.226530049841757092e-02 1.191139379651996011e+00
1.751935004913561755e+01 1.242281159573914440e-02 1.194826681822918957e+00
1.757088630942294927e+01 1.258032269306071441e-02 1.198341475391171862e+00
1.761993260388259941e+01 1.273783379038228789e-02 1.201686452293886820e+00
1.766652832658160577e+01 1.289534488770385789e-02 1.204864299222194290e+00
1.771071276353806567e+01 1.305285598502543137e-02 1.207877695498246196e+00
1.775252506394724250e+01 1.321036708234700485e-02 1.210729311112818340e+00
1.779200421360448914e+01 1.336787817966857486e-02 1.213421804912751867e+00
1.782918901038225101e+01 1.352538927699014834e-02 1.215957822928467102e+00
1.786411804162287709e+01 1.368290037431171835e-02 1.218339996832149330e+00
1.789682966332549086e+01 1.384041147163329183e-02 1.220570942518283131e+00
1.792736198100826073e+01 1.399792256895486184e-02 1.222653258798450215e+00
1.795575283213870676e+01 1.415543366627643532e-02 1.224589526203073042e+00
1.798203977003109699e+01 1.431294476359800533e-02 1.226382305883207513e+00
1.800626002204952414e+01 1.447045586091957881e-02 1.228034136759976525e+00
1.802844797447887615e+01 1.462796695824115228e-02 1.229547363991766229e+00
1.804863333085794963e+01 1.478547805556272229e-02 1.230924013371805348e+00
1.806684540496096503e+01 1.494298915288429577e-02 1.232166084111221416e+00
1.808311358870960817e+01 1.510050025020586578e-02 1.233275580750831546e+00
1.809746732509454148e+01 1.525801134752743926e-02 1.234254511314378577e+00
1.810993608275302336e+01 1.541552244484900927e-02 1.235104885574710210e+00
1.812054933211027219e+01 1.557303354217058275e-02 1.235828713426618597e+00
1.812933652299557608e+01 1.573054463949215276e-02 1.236428003360239281e+00
1.813632706365089220e+01 1.588805573681372624e-02 1.236904761029440358e+00
1.814155030105485977e+01 1.604556683413529972e-02 1.237260987909904131e+00
1.814503550248883812e+01 1.620307793145686973e-02 1.237498680041927202e+00
1.814681183827877931e+01 1.636058902877844320e-02 1.237619826853409988e+00
1.814690836564700049e+01 1.651810012610001321e-02 1.237626410058537019e+00
1.814535401361488454e+01 1.667561122342158669e-02 1.237520402628141225e+00
1.814217756889971156e+01 1.683312232074316017e-02 1.237303767827856227e+00
1.813740766275248717e+01 1.699063341806473018e-02 1.236978458320453722e+00
1.813107275868642176e+01 1.714814451538630366e-02 1.236546415328921178e+00
1.812320114104834801e+01 1.730565561270787367e-02 1.236009567857029090e+00
1.811382090438926440e+01 1.746316671002944715e-02 1.235369831964393095e+00
1.810295994359078975e+01 1.762067780735101716e-02 1.234629110093098614e+00
1.809064594361623790e+01 1.777818890467259064e-02 1.233789290368720648e+00
1.807690612424698529e+01 1.793570000199416065e-02 1.232852229191235383e+00
1.806176693868162531e+01 1.809321109931573412e-02 1.231819730679371006e+00
1.804525457626282048e+01 1.825072219663730760e-02 1.230693580956774058e+00
1.802739503395410736e+01 1.840823329395887761e-02 1.229475553026757151e+00
1.800821410846572945e+01 1.856574439128045109e-02 1.228167406235277870e+00
1.798773738895935281e+01 1.872325548860202110e-02 1.226770885773399655e+00
1.796599025030321073e+01 1.888076658592359458e-02 1.225287722217287323e+00
1.794299784684804777e+01 1.903827768324516459e-02 1.223719631103723060e+00
1.791878510669873137e+01 1.919578878056673807e-02 1.222068312539432267e+00
1.789337672645610411e+01 1.935329987788830808e-02 1.220335450842472191e+00
1.786679716640432503e+01 1.951081097520988156e-02 1.218522714214006264e+00
1.783907064612206028e+01 1.966832207253145504e-02 1.216631754438988855e+00
1.781022114049551419e+01 1.982583316985302505e-02 1.214664206614251230e+00
1.778027237611226141e+01 1.998334426717459852e-02 1.212621688902556727e+00
1.774924782801728895e+01 2.014085536449616853e-02 1.210505802311363954e+00
1.771717071681234401e+01 2.029836646181774201e-02 1.208318130495003251e+00
1.768406400608026630e+01 2.045587755913931202e-02 1.206060239579007876e+00
1.764995040011881144e+01 2.061338865646088550e-02 1.203733678005568963e+00
1.761485234196659988e+01 2.077089975378245551e-02 1.201339976398898335e+00
1.757879201170705130e+01 2.092841085110402899e-02 1.198880647449558801e+00
1.754179132503500327e+01 2.108592194842560247e-02 1.196357185816704805e+00
1.750387193207270187e+01 2.124343304574717248e-02 1.193771068047334794e+00
1.746505521642189507e+01 2.140094414306874596e-02 1.191123752511641820e+00
1.742536229443921769e+01 2.155845524039031597e-02 1.188416679353596406e+00
1.738481401472337851e+01 2.171596633771188944e-02 1.185651270455970518e+00
1.734343097778499398e+01 2.187347743503345945e-02 1.182828930781829158e+00
1.730123570283901202e+01 2.203098853235503293e-02 1.179951196150640813e+00
1.725825441749645250e+01 2.218849962967660294e-02 1.177019855295968753e+00
1.721451320573854815e+01 2.234601072699817642e-02 1.174036687155767478e+00
1.717003754583525321e+01 2.250352182431974990e-02 1.171003429358240755e+00
1.712485232284895176e+01 2.266103292164131991e-02 1.167921779074598376e+00
1.707898184093759042e+01 2.281854401896289339e-02 1.164793393858134296e+00
1.703244983545785729e+01 2.297605511628446340e-02 1.161619892469670567e+00
1.698527948486738026e+01 2.313356621360603688e-02 1.158402855689289579e+00
1.693749342242560019e+01 2.329107731092760689e-02 1.155143827114338384e+00
1.688911374769369189e+01 2.344858840824918036e-02 1.151844313943731768e+00
1.684016203783368582e+01 2.360609950557075037e-02 1.148505787748550278e+00
1.679065935870771753e+01 2.376361060289232385e-02 1.145129685229020033e+00
1.674062627577815476e+01 2.392112170021389733e-02 1.141717408957900748e+00
1.669008286480945102e+01 2.407863279753546734e-02 1.138270328110358998e+00
1.663904872237403154e+01 2.423614389485704082e-02 1.134789779180474856e+00
1.658754297616208362e+01 2.439365499217861083e-02 1.131277066684369892e+00
1.653558429509832095e+01 2.455116608950018431e-02 1.127733463850177920e+00
1.648319089926698311e+01 2.470867718682175432e-02 1.124160213294933985e+00
1.643038056964686078e+01 2.486618828414332780e-02 1.120558527688503725e+00
1.637717065765846769e+01 2.502369938146489781e-02 1.116929590404707850e+00
1.632357809452549802e+01 2.518121047878647129e-02 1.113274556159774997e+00
1.626961940045315202e+01 2.533872157610804476e-02 1.109594551638309001e+00
1.621531069362466937e+01 2.549623267342961477e-02 1.105890676106855430e+00
1.616066769901975775e+01 2.565374377075118825e-02 1.102164002015320277e+00
1.610570575705618168e+01 2.581125486807275826e-02 1.098415575586331627e+00
1.605043983205732516e+01 2.596876596539433174e-02 1.094646417392730831e+00
1.599488452054923293e+01 2.612627706271590175e-02 1.090857522923433187e+00
1.593905405938768283e+01 2.628378816003747523e-02 1.087049863137699246e+00
1.588296233371967858e+01 2.644129925735904524e-02 1.083224385008107360e+00
1.582662288478170609e+01 2.659881035468061872e-02 1.079382012052405138e+00
1.577004891753575322e+01 2.675632145200219220e-02 1.075523644854280869e+00
1.571325336994650179e+01 2.691383254932376221e-02 1.071650165788102349e+00
1.565625201117048171e+01 2.707134364664533568e-02 1.067762650316653295e+00
1.559906470141607748e+01 2.722885474396690569e-02 1.063862452914089207e+00
1.554171097496364062e+01 2.738636584128847917e-02 1.059950905826146927e+00
1.548420968396813358e+01 2.754387693861004918e-02 1.056029294777334870e+00
1.542657901838375167e+01 2.770138803593162266e-02 1.052098860329806040e+00
1.536883652539686906e+01 2.785889913325319267e-02 1.048160799208691429e+00
1.531099912837375143e+01 2.801641023057476615e-02 1.044216265594339887e+00
1.525308314533014453e+01 2.817392132789633963e-02 1.040266372381953630e+00
1.519510430692982972e+01 2.833143242521790964e-02 1.036312192409094557e+00
1.513707777402010279e+01 2.848894352253948312e-02 1.032354759651614273e+00
1.507901815471181095e+01 2.864645461986105313e-02 1.028395070388515853e+00
1.502093952101192720e+01 2.880396571718262660e-02 1.024434084336304007e+00
1.496285542501702892e+01 2.896147681450419661e-02 1.020472725753387433e+00
1.490477891467564930e+01 2.911898791182577009e-02 1.016511884515075126e+00
1.484672254912854505e+01 2.927649900914734010e-02 1.012552417159791052e+00
1.478869841363417770e+01 2.943401010646891358e-02 1.008595147906996781e+00
1.473071813408937025e+01 2.959152120379048706e-02 1.004640869647506873e+00
1.467279289115248808e+01 2.974903230111205707e-02 1.000690344906695062e+00
1.461493343397847333e+01 2.990654339843363055e-02 9.967443067812271629e-01
1.455715009357358980e+01 3.006405449575520056e-02 9.928034598498639562e-01
1.449945279577895363e+01 3.022156559307677404e-02 9.888684810589406515e-01
1.444185107389090916e+01 3.037907669039834405e-02 9.849400205830810551e-01
1.438435408092695056e+01 3.053658778771991752e-02 9.810187026617399608e-01
1.432697060154518631e+01 3.069409888504148753e-02 9.771051264121144442e-01
1.426970906362590341e+01 3.085160998236306101e-02 9.731998666190122549e-01
1.421257754952307906e+01 3.100912107968463102e-02 9.693034745022077736e-01
1.415558380699427588e+01 3.116663217700620450e-02 9.654164784618652906e-01
1.409873525981635822e+01 3.132414327432777451e-02 9.615393848025378665e-01
1.404203901809553301e+01 3.148165437164934799e-02 9.576726784363126521e-01
1.398550188827884178e+01 3.163916546897092147e-02 9.538168235656002691e-01
1.392913038287490224e+01 3.179667656629248801e-02 9.499722643460944971e-01
1.387293072989167797e+01 3.195418766361406149e-02 9.461394255304297340e-01
1.381690888199817202e+01 3.211169876093563497e-02 9.423187130930135158e-01
1.376107052541748033e+01 3.226920985825720151e-02 9.385105148365348038e-01
1.370542108855835117e+01 3.242672095557877499e-02 9.347152009806427575e-01
1.364996575039210036e+01 3.258423205290034846e-02 9.309331247332526260e-01
1.359470944858169261e+01 3.274174315022192194e-02 9.271646228449538230e-01
1.353965688736954043e+01 3.289925424754349542e-02 9.234100161469610546e-01
1.348481254592895162e+01 3.305676534486506196e-02 9.196696101206848217e-01
1.343018144448499918e+01 3.321427644218663544e-02 9.159437471474848325e-01
1.337577054401519305e+01 3.337178753950820892e-02 9.122329019688109053e-01
1.332158686294682326e+01 3.352929863682978240e-02 9.085375532442123703e-01
1.326763708001527498e+01 3.368680973415134894e-02 9.048581564661136722e-01
1.321392754570563710e+01 3.384432083147292242e-02 9.011951447401390647e-01
1.316046429335966650e+01 3.400183192879449590e-02 8.975489295426096747e-01
1.310725304995751017e+01 3.415934302611606938e-02 8.939199014558623091e-01
1.305429924658053409e+01 3.431685412343764285e-02 8.903084308818191017e-01
1.300160802856467868e+01 3.447436522075920939e-02 8.867148687344497127e-01
1.294918426535078382e+01 3.463187631808078287e-02 8.831395471115666140e-01
1.289703256003994092e+01 3.478938741540235635e-02 8.795827799465062435e-01
1.284515725866177505e+01 3.494689851272392983e-02 8.760448636402278222e-01
1.279356245916194545e+01 3.510440961004549637e-02 8.725260776742644886e-01
1.274225202011765568e+01 3.526192070736706985e-02 8.690266852051248270e-01
1.269122956918699252e+01 3.541943180468864333e-02 8.655469336405416936e-01
1.264049851129979807e+01 3.557694290201021681e-02 8.620870551980925889e-01
1.259006203659674306e+01 3.573445399933179029e-02 8.586472674466476551e-01
1.253992312812380838e+01 3.589196509665335683e-02 8.552277738311355737e-01
1.249008456928795319e+01 3.604947619397493030e-02 8.518287641810248223e-01
1.244054895108161851e+01 3.620698729129650378e-02 8.484504152030361013e-01
1.239131867908129792e+01 3.636449838861807726e-02 8.450928909584488613e-01
1.234239598022757711e+01 3.652200948593964380e-02 8.417563433255018657e-01
1.229378290939160578e+01 3.667952058326121728e-02 8.384409124472298469e-01
1.224548135573500041e+01 3.683703168058279076e-02 8.351467271652099900e-01
1.219749304886834906e+01 3.699454277790436424e-02 8.318739054395768440e-01
1.214981956481444314e+01 3.715205387522593772e-02 8.286225547557153348e-01
1.210246233178166086e+01 3.730956497254750426e-02 8.253927725180081332e-01
1.205542263575276607e+01 3.746707606986907774e-02 8.221846464309940927e-01
1.200870162589506940e+01 3.762458716719065122e-02 8.189982548683436558e-01
1.196230031979622410e+01 3.778209826451222469e-02 8.158336672299415504e-01
1.191621960853180617e+01 3.793960936183379123e-02 8.126909442874984402e-01
1.187046026156872713e+01 3.809712045915536471e-02 8.095701385189665311e-01
1.182502293150972150e+01 3.825463155647693819e-02 8.064712944321120736e-01
1.177990815868345287e+01 3.841214265379851167e-02 8.033944488775669468e-01
1.173511637558540777e+01 3.856965375112008515e-02 8.003396313516956129e-01
1.169064791117274460e+01 3.872716484844165169e-02 7.973068642895089209e-01
1.164650299501893294e+01 3.888467594576322517e-02 7.942961633480082329e-01
1.160268176133147300e+01 3.904218704308479865e-02 7.913075376801995686e-01
1.155918425283687156e+01 3.919969814040637213e-02 7.883409902000472202e-01
1.151601042453762602e+01 3.935720923772793867e-02 7.853965178387039003e-01
1.147316014734379763e+01 3.951472033504951215e-02 7.824741117921839573e-01
1.143063321158456880e+01 3.967223143237108562e-02 7.795737577608536917e-01
1.138842933040217709e+01 3.982974252969265910e-02 7.766954361808988683e-01
1.134654814303214110e+01 3.998725362701423258e-02 7.738391224480380970e-01
1.130498921797403789e+01 4.014476472433579912e-02 7.710047871337690761e-01
1.126375205605487295e+01 4.030227582165737260e-02 7.681923961942945800e-01
1.122283609338959032e+01 4.045978691897894608e-02 7.654019111724281732e-01
1.118224070424124150e+01 4.061729801630051956e-02 7.626332893926591749e-01
1.114196515345978789e+01 4.077480911362208610e-02 7.598864807174616764e-01
1.110200831194414661e+01 4.093232021094365958e-02 7.571614081416889741e-01
1.106236887105613853e+01 4.108983130826523306e-02 7.544579824156941728e-01
1.102304548952326080e+01 4.124734240558680654e-02 7.517761120641568429e-01
1.098403679569853431e+01 4.140485350290838001e-02 7.491157035402035147e-01
1.094534138927815015e+01 4.156236460022994655e-02 7.464766613425544151e-01
1.090695784295719406e+01 4.171987569755152003e-02 7.438588881284432519e-01
1.086888470402446849e+01 4.187738679487309351e-02 7.412622848223852090e-01
1.083112049589936632e+01 4.203489789219466699e-02 7.386867507209924355e-01
1.079366371961166848e+01 4.219240898951623353e-02 7.361321835938963165e-01
1.075651285522727640e+01 4.234992008683780701e-02 7.335984797809831370e-01
1.071966636322077626e+01 4.250743118415938049e-02 7.310855342860037576e-01
1.068312268579714974e+01 4.266494228148095397e-02 7.285932408667147309e-01
1.064688024816407541e+01 4.282245337880252745e-02 7.261214921216498919e-01
1.061093745975647273e+01 4.297996447612409399e-02 7.236701795736346643e-01
1.057529271541502247e+01 4.313747557344566746e-02 7.212391937501612116e-01
1.053994439652012538e+01 4.329498667076724094e-02 7.188284242607250185e-01
1.050489087208262440e+01 4.345249776808881442e-02 7.164377598712134976e-01
1.047013049979327803e+01 4.361000886541038096e-02 7.140670885754787367e-01
1.043566162703151434e+01 4.376751996273195444e-02 7.117162976641375760e-01
1.040148259183572677e+01 4.392503106005352792e-02 7.093852737907432315e-01
1.036759172383572469e+01 4.408254215737510140e-02 7.070739030353799803e-01
1.033398734514921991e+01 4.424005325469667488e-02 7.047820709658049187e-01
1.030066777124285160e+01 4.439756435201824142e-02 7.025096626961693236e-01
1.026763131175952815e+01 4.455507544933981490e-02 7.002565629434430727e-01
1.023487627131322952e+01 4.471258654666138838e-02 6.980226560816208403e-01
1.020240095025180516e+01 4.487009764398296185e-02 6.958078261937463704e-01
1.017020364538951860e+01 4.502760874130452839e-02 6.936119571218717361e-01
1.013828265071005674e+01 4.518511983862610187e-02 6.914349325150008774e-01
1.010663625804088284e+01 4.534263093594767535e-02 6.892766358750841427e-01
1.007526275770025315e+01 4.550014203326924883e-02 6.871369506011426598e-01
1.004416043911771972e+01 4.565765313059082231e-02 6.850157600315870399e-01
1.001332759142856865e+01 4.581516422791238885e-02 6.829129474847600578e-01
9.982762504044069729e+00 4.597267532523396233e-02 6.808283962978254333e-01
9.952463467197203428e+00 4.613018642255553581e-02 6.787619898639886129e-01
9.922428772465844204e+00 4.628769751987710929e-02 6.767136116681775615e-01
9.892656713273130009e+00 4.644520861719867583e-02 6.746831453211670215e-01
9.863145585366730472e+00 4.660271971452024931e-02 6.726704745922662543e-01
9.833893687277086570e+00 4.676023081184182278e-02 6.706754834405717070e-01
9.804899320755614767e+00 4.691774190916339626e-02 6.686980560448492206e-01
9.776160791193650113e+00 4.707525300648496974e-02 6.667380768321112816e-01
9.747676408022600825e+00 4.723276410380653628e-02 6.647954305049023072e-01
9.719444485096088826e+00 4.739027520112810976e-02 6.628700020673655713e-01
9.691463341054928904e+00 4.754778629844968324e-02 6.609616768501320738e-01
9.663731299674790165e+00 4.770529739577125672e-02 6.590703405340317955e-01
9.636246690198211340e+00 4.786280849309282326e-02 6.571958791727373628e-01
9.609007847650731904e+00 4.802031959041439674e-02 6.553381792143238016e-01
9.582013113141931271e+00 4.817783068773597022e-02 6.534971275218026676e-01
9.555260834152003113e+00 4.833534178505754370e-02 6.516726113926600839e-01
9.528749364804388833e+00 4.849285288237911717e-02 6.498645185774576394e-01
9.502477066124701111e+00 4.865036397970068371e-02 6.480727372974858236e-01
9.476442306286728012e+00 4.880787507702225719e-02 6.462971562615447141e-01
9.450643460845849830e+00 4.896538617434383067e-02 6.445376646818606892e-01
9.425078912960426436e+00 4.912289727166540415e-02 6.427941522891876813e-01
9.399747053601359426e+00 4.928040836898697069e-02 6.410665093470978571e-01
9.374646281750372623e+00 4.943791946630854417e-02 6.393546266655029120e-01
9.349775004587687732e+00 4.959543056363011765e-02 6.376583956134578290e-01
9.325131637669082707e+00 4.975294166095169113e-02 6.359777081312327773e-01
9.300714605092711196e+00 4.991045275827326461e-02 6.343124567416914550e-01
9.276522321244943470e+00 5.006796385559483115e-02 6.326625333053493838e-01
9.252552615610415643e+00 5.022547495291640463e-02 6.310277897921909851e-01
9.228802638794647351e+00 5.038298605023797810e-02 6.294080318723730416e-01
9.205269546927489444e+00 5.054049714755955158e-02 6.278030655928128478e-01
9.181950543118892583e+00 5.069800824488111812e-02 6.262127002044908242e-01
9.158842876515029374e+00 5.085551934220269160e-02 6.246367480980753450e-01
9.135943841376629848e+00 5.101303043952426508e-02 6.230750247410660192e-01
9.113250776178533741e+00 5.117054153684583856e-02 6.215273486163819250e-01
9.090761062731282038e+00 5.132805263416741204e-02 6.199935411624544201e-01
9.068472125322282196e+00 5.148556373148897858e-02 6.184734267146546616e-01
9.046381429877349944e+00 5.164307482881055206e-02 6.169668324481091259e-01
9.024486483141791027e+00 5.180058592613212554e-02 6.154735883218506176e-01
9.002784831880308758e+00 5.195809702345369901e-02 6.139935270242503629e-01
8.981274062095172539e+00 5.211560812077526555e-02 6.125264839196978839e-01
8.959951798262604683e+00 5.227311921809683903e-02 6.110722969965205476e-01
8.938815702586422773e+00 5.243063031541841251e-02 6.096308068160835036e-01
8.917863474044056105e+00 5.258814141273998599e-02 6.082018564477275069e-01
8.897092785747709343e+00 5.274565251006155947e-02 6.067852871967737149e-01
8.876501202298090476e+00 5.290316360738312601e-02 6.053809329680159834e-01
8.856086307887096609e+00 5.306067470470469949e-02 6.039886290023753768e-01
8.835845726943075462e+00 5.321818580202627297e-02 6.026082132849155393e-01
8.815777123323606190e+00 5.337569689934784645e-02 6.012395264897879565e-01
8.795878199527287222e+00 5.353320799666941299e-02 5.998824119264782873e-01
8.776146695923943142e+00 5.369071909399098647e-02 5.985367154873045825e-01
8.756580390003021463e+00 5.384823019131255994e-02 5.972022855961580667e-01
8.737177095639101054e+00 5.400574128863413342e-02 5.958789731584106519e-01
8.717934662374892341e+00 5.416325238595570690e-02 5.945666315120142764e-01
8.698850974720571116e+00 5.432076348327727344e-02 5.932651163797171279e-01
8.679923951469261212e+00 5.447827458059884692e-02 5.919742858223779880e-01
8.661151545028332066e+00 5.463578567792042040e-02 5.906940001933597140e-01
8.642531740765896586e+00 5.479329677524199388e-02 5.894241220939621106e-01
8.624062556372397381e+00 5.495080787256356042e-02 5.881645163298799828e-01
8.605742041236490891e+00 5.510831896988513390e-02 5.869150498686399597e-01
8.587568275712788690e+00 5.526583006720670738e-02 5.856755917896581121e-01
8.569539190887232039e+00 5.542334116452828086e-02 5.844460009921682575e-01
8.551652215526075906e+00 5.558085226184985433e-02 5.832261021169998783e-01
8.533904725939111202e+00 5.573836335917142087e-02 5.820157162274317564e-01
8.516294147275958792e+00 5.589587445649299435e-02 5.808146677176375672e-01
8.498817952495532069e+00 5.605338555381456783e-02 5.796227842424044319e-01
8.481473661361391692e+00 5.621089665113614131e-02 5.784398966486150595e-01
8.464258839462189599e+00 5.636840774845770785e-02 5.772658389084414088e-01
8.447171097256696015e+00 5.652591884577928133e-02 5.761004480542163408e-01
8.430208089142265493e+00 5.668342994310085481e-02 5.749435641149004406e-01
8.413367512546637172e+00 5.684094104042242829e-02 5.737950300541441173e-01
8.396647107041975033e+00 5.699845213774400177e-02 5.726546917098654932e-01
8.380044653480585026e+00 5.715596323506556831e-02 5.715223977353039997e-01
8.363557973151893421e+00 5.731347433238714179e-02 5.703979995415261461e-01
8.347184926959897666e+00 5.747098542970871526e-02 5.692813512413295030e-01
8.330923414620500012e+00 5.762849652703028874e-02 5.681723095944983815e-01
8.314771373878247829e+00 5.778600762435185528e-02 5.670707339543856751e-01
8.298726779742143123e+00 5.794351872167342876e-02 5.659764862157957710e-01
8.282787643425672641e+00 5.810102981899500224e-02 5.648894307426920447e-01
8.266951837813078185e+00 5.825854091631657572e-02 5.638094224649293773e-01
8.251216814219120010e+00 5.841605201363814920e-02 5.627362875611546800e-01
8.235579997926359752e+00 5.857356311095971574e-02 5.616698504346085974e-01
8.220038864346738805e+00 5.873107420828128922e-02 5.606099389073758710e-01
8.204590938001441458e+00 5.888858530560286270e-02 5.595563841508104375e-01
8.189233791526618234e+00 5.904609640292443618e-02 5.585090206177276695e-01
8.173965044703916050e+00 5.920360750024600272e-02 5.574676859762830450e-01
8.158782363515674874e+00 5.936111859756757619e-02 5.564322210455381335e-01
8.143683459223378662e+00 5.951862969488914967e-02 5.554024697326110926e-01
8.128666087469520463e+00 5.967614079221072315e-02 5.543782789714217785e-01
8.113728047401044918e+00 5.983365188953229663e-02 5.533594986629116752e-01
8.098867180815117806e+00 5.999116298685386317e-02 5.523459816167840541e-01
8.084081371325122944e+00 6.014867408417543665e-02 5.513375834946249165e-01
8.069368543547600581e+00 6.030618518149701013e-02 5.503341627544523496e-01
8.054726662308643981e+00 6.046369627881858361e-02 5.493355805965913774e-01
8.040153731869452258e+00 6.062120737614015015e-02 5.483417009108573215e-01
8.025647795170614884e+00 6.077871847346172363e-02 5.473523902250161388e-01
8.011206933094479510e+00 6.093622957078329710e-02 5.463675176544755541e-01
7.996829261810910694e+00 6.109374066810487058e-02 5.453869547212670810e-01
7.982512723149868705e+00 6.125125176542643712e-02 5.444105610573705123e-01
7.968254903435052050e+00 6.140876286274801060e-02 5.434381720490965018e-01
7.954053394001149080e+00 6.156627396006958408e-02 5.424696234245072191e-01
7.939905835002204704e+00 6.172378505739115756e-02 5.415047542411647319e-01
7.925809914498984199e+00 6.188129615471273104e-02 5.405434068238880174e-01
7.911763367569435879e+00 6.203880725203429758e-02 5.395854267040871566e-01
7.897763975440836859e+00 6.219631834935587106e-02 5.386306625605749021e-01
7.883809564643490475e+00 6.235382944667744454e-02 5.376789661618487370e-01
7.869898006185120920e+00 6.251134054399902495e-02 5.367301923097833605e-01
7.856027214745439302e+00 6.266885164132059149e-02 5.357841987847010712e-01
7.842195147890087092e+00 6.282636273864215803e-02 5.348408462917618733e-01
7.828399805303398296e+00 6.298387383596373845e-02 5.338999984086362227e-01
7.814639228039776064e+00 6.314138493328530499e-02 5.329615215344510881e-01
7.800911497792422544e+00 6.329889603060687153e-02 5.320252848399161794e-01
7.787214736179747909e+00 6.345640712792845195e-02 5.310911602186549896e-01
7.773547104048128986e+00 6.361391822525001849e-02 5.301590222396548313e-01
7.759906800791101844e+00 6.377142932257158503e-02 5.292287481008344230e-01
7.746292063684177442e+00 6.392894041989316545e-02 5.283002175836787329e-01
7.732701167235058293e+00 6.408645151721473199e-02 5.273733130089224286e-01
7.719132416853163647e+00 6.424396261453631241e-02 5.264479188048102332e-01
7.705583953283476895e+00 6.440147371185787895e-02 5.255239081694061953e-01
7.692053708380290900e+00 6.455898480917944549e-02 5.246011400543455494e-01
7.678539643034292261e+00 6.471649590650102590e-02 5.236794753915580136e-01
7.665039762275482893e+00 6.487400700382259244e-02 5.227587781232908570e-01
7.651552114545441263e+00 6.503151810114417286e-02 5.218389151524795988e-01
7.638074790986656204e+00 6.518902919846573940e-02 5.209197562942780024e-01
7.624605924748265373e+00 6.534654029578730594e-02 5.200011742287103944e-01
7.611143690307728527e+00 6.550405139310888636e-02 5.190830444544098921e-01
7.597686302808115855e+00 6.566156249043045290e-02 5.181652452434190037e-01
7.584232017410066362e+00 6.581907358775203332e-02 5.172476575969957580e-01
7.570779128658625012e+00 6.597658468507359986e-02 5.163301652024302468e-01
7.557325969863655679e+00 6.613409578239516640e-02 5.154126543907877611e-01
7.543870912494403669e+00 6.629160687971674681e-02 5.144950140956197071e-01
7.530412365586833801e+00 6.644911797703831335e-02 5.135771358125423847e-01
7.516948775163812435e+00 6.660662907435987989e-02 5.126589135596937297e-01
7.503478623667927394e+00 6.676414017168146031e-02 5.117402438390511454e-01
7.490000429406023841e+00 6.692165126900302685e-02 5.108210255985486947e-01
7.476512746005452570e+00 6.707916236632460727e-02 5.099011601949928751e-01
7.463014161881719843e+00 6.723667346364617381e-02 5.089805513577566609e-01
7.449503299716868199e+00 6.739418456096774035e-02 5.080591051532046265e-01
7.435978809586334393e+00 6.755169565828932077e-02 5.071367295159409094e-01
7.422439261490283435e+00 6.770920675561088731e-02 5.062133269194054597e-01
7.408883163184889042e+00 6.786671785293246772e-02 5.052887955919720397e-01
7.395309056088402500e+00 6.802422895025403426e-02 5.043630360577817662e-01
7.381715518009265509e+00 6.818174004757560080e-02 5.034359513228016114e-01
7.368101162622466838e+00 6.833925114489718122e-02 5.025074468391111937e-01
7.354464638955843903e+00 6.849676224221874776e-02 5.015774304698682462e-01
7.340804630886692550e+00 6.865427333954032818e-02 5.006458124549783006e-01
7.327119856648185880e+00 6.881178443686189472e-02 4.997125053774307823e-01
7.313409068345087860e+00 6.896929553418346126e-02 4.987774241302713185e-01
7.299671051478817674e+00 6.912680663150504168e-02 4.978404858842110925e-01
7.285904624481204017e+00 6.928431772882660822e-02 4.969016100558278914e-01
7.272108638256954194e+00 6.944182882614817476e-02 4.959607182763633437e-01
7.258281975734299785e+00 6.959933992346975518e-02 4.950177343610757119e-01
7.244423551423864183e+00 6.975685102079132172e-02 4.940725842791553468e-01
7.230532310985243960e+00 6.991436211811290213e-02 4.931251961241651105e-01
7.216607230801151296e+00 7.007187321543446867e-02 4.921755000849961648e-01
7.202647317558782625e+00 7.022938431275603521e-02 4.912234284173181975e-01
7.188651607838526303e+00 7.038689541007761563e-02 4.902689154155280282e-01
7.174619167709365364e+00 7.054440650739918217e-02 4.893118973851571796e-01
7.160549092330838583e+00 7.070191760472076259e-02 4.883523126157237049e-01
7.146440505561699297e+00 7.085942870204232913e-02 4.873901013540442584e-01
7.132292562510530232e+00 7.101693979936389567e-02 4.864252059781862814e-01
7.118104485386189673e+00 7.117445089668547609e-02 4.854575734424826927e-01
7.103875550980422560e+00 7.133196199400704263e-02 4.844871544238412708e-01
7.089605062404600311e+00 7.148947309132862304e-02 4.835139013941786024e-01
7.075292348129481823e+00 7.164698418865018958e-02 4.825377685549319673e-01
7.060936761645100646e+00 7.180449528597175612e-02 4.815587118138628941e-01
7.046537681125407460e+00 7.196200638329333654e-02 4.805766887621861772e-01
7.032094509097846391e+00 7.211951748061490308e-02 4.795916586520341252e-01
7.017606672117246980e+00 7.227702857793646962e-02 4.786035823742173512e-01
7.003073620444323133e+00 7.243453967525805004e-02 4.776124224362962023e-01
6.988494827728343850e+00 7.259205077257961658e-02 4.766181429409402370e-01
6.973869790694067206e+00 7.274956186990119700e-02 4.756207095645770266e-01
6.959198028832740412e+00 7.290707296722276354e-02 4.746200895363167915e-01
6.944479084096883525e+00 7.306458406454433008e-02 4.736162516171387171e-01
6.929712520599107251e+00 7.322209516186591050e-02 4.726091660793479976e-01
6.914897924314535871e+00 7.337960625918747704e-02 4.715988046862827909e-01
6.900034902786899238e+00 7.353711735650905745e-02 4.705851406722685315e-01
6.885123084838030039e+00 7.369462845383062399e-02 4.695681487228056117e-01
6.870162120280937756e+00 7.385213955115219053e-02 4.685478049550010904e-01
6.855151679636089845e+00 7.400965064847377095e-02 4.675240868982191156e-01
6.840091453850949854e+00 7.416716174579533749e-02 4.664969734749531138e-01
6.824981154022665919e+00 7.432467284311691791e-02 4.654664449819129746e-01
6.809820511123917619e+00 7.448218394043848445e-02 4.644324830713279506e-01
6.794609287216633930e+00 7.463969503776005099e-02 4.633950715157262867e-01
6.779347450928180585e+00 7.479720613508163141e-02 4.623542081754815625e-01
6.764035138114487644e+00 7.495471723240319795e-02 4.613099023160229795e-01
6.748672500333889879e+00 7.511222832972476449e-02 4.602621642736893226e-01
6.733259700118891189e+00 7.526973942704634490e-02 4.592110051332625176e-01
6.717796910795760468e+00 7.542725052436791144e-02 4.581564367156633621e-01
6.702284316306315937e+00 7.558476162168949186e-02 4.570984715657974151e-01
6.686722111030713123e+00 7.574227271901105840e-02 4.560371229404691640e-01
6.671110499612353806e+00 7.589978381633262494e-02 4.549724047964402440e-01
6.655449696783974467e+00 7.605729491365420536e-02 4.539043317785693143e-01
6.639739927195503988e+00 7.621480601097577190e-02 4.528329192080715049e-01
6.623981425243325560e+00 7.637231710829735232e-02 4.517581830708740642e-01
6.608174434901134653e+00 7.652982820561891886e-02 4.506801400060800877e-01
6.592319209552178982e+00 7.668733930294048540e-02 4.495988072945288350e-01
6.576416011823052798e+00 7.684485040026206581e-02 4.485142028474589093e-01
6.560465113418870509e+00 7.700236149758363235e-02 4.474263451952680271e-01
6.544466794959938660e+00 7.715987259490521277e-02 4.463352534763732615e-01
6.528421345819720223e+00 7.731738369222677931e-02 4.452409474261604383e-01
6.512329063964368281e+00 7.747489478954834585e-02 4.441434473660403337e-01
6.496190255793489854e+00 7.763240588686992627e-02 4.430427741925889729e-01
6.480005235982311262e+00 7.778991698419149281e-02 4.419389493667826296e-01
6.463774327325204183e+00 7.794742808151305935e-02 4.408319949033265850e-01
6.447497860580632789e+00 7.810493917883463977e-02 4.397219333600800861e-01
6.431176174317227989e+00 7.826245027615620631e-02 4.386087878275595209e-01
6.414809618857843176e+00 7.841996137347778673e-02 4.374925821979236407e-01
6.398398775123982141e+00 7.857747247079935327e-02 4.363733560902513520e-01
6.381944558719216509e+00 7.873498356812091981e-02 4.352511719490722575e-01
6.365447907161450480e+00 7.889249466544250022e-02 4.341260937134830411e-01
6.348909752133509166e+00 7.905000576276406676e-02 4.329981849246243297e-01
6.332331019469745748e+00 7.920751686008564718e-02 4.318675087247701438e-01
6.315712629143340529e+00 7.936502795740721372e-02 4.307341278564589260e-01
6.299055495254620496e+00 7.952253905472878026e-02 4.295981046616988430e-01
6.282360526019917124e+00 7.968005015205036068e-02 4.284595010812068949e-01
6.265628623761485549e+00 7.983756124937192722e-02 4.273183786537221862e-01
6.248860684897968198e+00 7.999507234669350764e-02 4.261747985153543916e-01
6.232057599935775016e+00 8.015258344401507418e-02 4.250288213989967812e-01
6.215220253461153810e+00 8.031009454133664072e-02 4.238805076337855970e-01
6.198349524133065280e+00 8.046760563865822113e-02 4.227299171446135539e-01
6.181446284676645142e+00 8.062511673597978767e-02 4.215771094516837514e-01
6.164511401877618368e+00 8.078262783330135421e-02 4.204221436701294778e-01
6.147545736577249009e+00 8.094013893062293463e-02 4.192650785096695421e-01
6.130550143668052065e+00 8.109765002794450117e-02 4.181059722743152296e-01
6.113525472090172386e+00 8.125516112526608159e-02 4.169448828621239445e-01
6.096472564828509633e+00 8.141267222258764813e-02 4.157818677650031991e-01
6.079392258910467639e+00 8.157018331990921467e-02 4.146169840685569596e-01
6.062285385404376115e+00 8.172769441723079509e-02 4.134502884519773991e-01
6.045152769418473682e+00 8.188520551455236163e-02 4.122818371879767296e-01
6.027995230100810176e+00 8.204271661187394205e-02 4.111116861427796532e-01
6.010813580639359444e+00 8.220022770919550859e-02 4.099398907761312438e-01
5.993608628263198845e+00 8.235773880651707513e-02 4.087665061413773837e-01
5.976381254596186743e+00 8.251524990383865554e-02 4.075915923656180384e-01
5.959132800192118218e+00 8.267276100116022208e-02 4.064152408751582346e-01
5.941864755138323240e+00 8.283027209848178862e-02 4.052375532945501901e-01
5.924578587536864838e+00 8.298778319580336904e-02 4.040586297489414669e-01
5.907275743457827133e+00 8.314529429312493558e-02 4.028785688608908511e-01
5.889957647129981488e+00 8.330280539044651600e-02 4.016974677633697310e-01
5.872625701132218268e+00 8.346031648776808254e-02 4.005154221128198189e-01
5.855281286585560352e+00 8.361782758508964908e-02 3.993325261022472872e-01
5.837925763345912067e+00 8.377533868241122950e-02 3.981488724743690311e-01
5.820560470197362335e+00 8.393284977973279604e-02 3.969645525347952897e-01
5.803186725045775596e+00 8.409036087705437645e-02 3.957796561652331402e-01
5.785805825112961820e+00 8.424787197437594299e-02 3.945942718367291824e-01
5.768419047131029487e+00 8.440538307169750953e-02 3.934084866229239918e-01
5.751027647536945508e+00 8.456289416901908995e-02 3.922223862133211170e-01
5.733632862667452201e+00 8.472040526634065649e-02 3.910360549265811114e-01
5.716235908953822609e+00 8.487791636366223691e-02 3.898495757238032433e-01
5.698837983116938233e+00 8.503542746098380345e-02 3.886630302218306299e-01
5.681440262362066562e+00 8.519293855830536999e-02 3.874764987065334454e-01
5.664043904573814459e+00 8.535044965562695041e-02 3.862900601461045635e-01
5.646650048510760023e+00 8.550796075294851695e-02 3.851037922043353268e-01
5.629259813999901496e+00 8.566547185027008349e-02 3.839177712538746623e-01
5.611874302131031556e+00 8.582298294759166390e-02 3.827320723894866994e-01
5.594494595450610674e+00 8.598049404491323044e-02 3.815467694412734145e-01
5.577121758155338505e+00 8.613800514223481086e-02 3.803619349878750722e-01
5.559756836285409065e+00 8.629551623955637740e-02 3.791776403696516806e-01
5.542400857917177959e+00 8.645302733687794394e-02 3.779939557018220930e-01
5.525054833471402027e+00 8.661053843419952436e-02 3.768109498954857473e-01
5.507719910918429385e+00 8.676804953152109090e-02 3.756287012426798300e-01
5.490397676173741637e+00 8.692556062884267132e-02 3.744473179034745747e-01
5.473089768108652997e+00 8.708307172616423786e-02 3.732669116495492823e-01
5.455797792454022854e+00 8.724058282348580440e-02 3.720875919923908315e-01
5.438523322207446498e+00 8.739809392080738482e-02 3.709094662110646867e-01
5.421267898040184718e+00 8.755560501812895136e-02 3.697326393799669209e-01
5.404033028703293162e+00 8.771311611545053177e-02 3.685572143965231140e-01
5.386820191433084659e+00 8.787062721277209831e-02 3.673832920088410670e-01
5.369630832355622552e+00 8.802813831009366485e-02 3.662109708432965127e-01
5.352466366890158866e+00 8.818564940741524527e-02 3.650403474320485508e-01
5.335328180151474697e+00 8.834316050473681181e-02 3.638715162404796422e-01
5.318217627350680488e+00 8.850067160205837835e-02 3.627045696945298547e-01
5.301136034194826152e+00 8.865818269937995877e-02 3.615395982079495640e-01
5.284084697284715304e+00 8.881569379670152531e-02 3.603766902094328040e-01
5.267064884511155398e+00 8.897320489402310573e-02 3.592159321696400398e-01
5.250077835449355135e+00 8.913071599134467227e-02 3.580574086280959301e-01
5.233124761751435372e+00 8.928822708866623881e-02 3.569012022199602452e-01
5.216206847536946967e+00 8.944573818598781922e-02 3.557473937026597866e-01
5.199325249781210800e+00 8.960324928330938576e-02 3.545960619823742555e-01
5.182481098701594568e+00 8.976076038063096618e-02 3.534472841403803467e-01
5.165675498141403921e+00 8.991827147795253272e-02 3.523011354592330835e-01
5.148909525951371080e+00 9.007578257527409926e-02 3.511576894487835609e-01
5.132184234368904363e+00 9.023329367259567968e-02 3.500170178720439784e-01
5.115500650394542603e+00 9.039080476991724622e-02 3.488791907708619355e-01
5.098859776166053237e+00 9.054831586723882664e-02 3.477442764914342455e-01
5.082262589329732627e+00 9.070582696456039318e-02 3.466123417096289572e-01
5.065710043409046293e+00 9.086333806188195972e-02 3.454834514561283543e-01
5.049203068170459829e+00 9.102084915920354014e-02 3.443576691413770541e-01
5.032742644431266399e+00 9.117836025652510668e-02 3.432350616575070568e-01
5.016330068891473815e+00 9.133587135384667322e-02 3.421157174399774847e-01
4.999966703287024750e+00 9.149338245116825363e-02 3.409997293597241130e-01
4.983653875256385923e+00 9.165089354848982017e-02 3.398871879622219483e-01
4.967392878872416873e+00 9.180840464581140059e-02 3.387781815037573252e-01
4.951184975179626413e+00 9.196591574313296713e-02 3.376727959880705954e-01
4.935031392727958099e+00 9.212342684045453367e-02 3.365711152027589526e-01
4.918933328102628622e+00 9.228093793777611409e-02 3.354732207554132484e-01
4.902891946450508520e+00 9.243844903509768063e-02 3.343791921095157771e-01
4.886908382002213003e+00 9.259596013241926105e-02 3.332891066200485142e-01
4.870983738590426881e+00 9.275347122974082759e-02 3.322030395688421733e-01
4.855119090163856121e+00 9.291098232706239413e-02 3.311210641996278348e-01
4.839315481297099986e+00 9.306849342438397454e-02 3.300432517528114618e-01
4.823573927696183539e+00 9.322600452170554108e-02 3.289696714999501004e-01
4.807895416699525803e+00 9.338351561902712150e-02 3.279003907779184379e-01
4.792280907774602028e+00 9.354102671634868804e-02 3.268354750227827621e-01
4.776731333009925251e+00 9.369853781367025458e-02 3.257749878033525115e-01
4.761247597602446646e+00 9.385604891099183500e-02 3.247189908544214632e-01
4.745830580340200555e+00 9.401356000831340154e-02 3.236675441096852346e-01
4.730481134080315009e+00 9.417107110563496808e-02 3.226207057343415396e-01
4.715200086222027132e+00 9.432858220295654850e-02 3.215785321573486066e-01
4.699988239175104887e+00 9.448609330027811504e-02 3.205410781033741774e-01
4.684846370823164463e+00 9.464360439759969545e-02 3.195083966243921214e-01
4.669775234982097345e+00 9.480111549492126199e-02 3.184805391309474265e-01
4.654775561853618626e+00 9.495862659224282853e-02 3.174575554230893992e-01
4.639848058473719838e+00 9.511613768956440895e-02 3.164394937209553116e-01
4.624993409156182622e+00 9.527364878688597549e-02 3.154264006950188715e-01
4.610212275930960502e+00 9.543115988420755591e-02 3.144183214959880845e-01
4.595505298977587749e+00 9.558867098152912245e-02 3.134152997843627775e-01
4.580873098518089215e+00 9.574618207885068899e-02 3.124173778595337181e-01
4.566316343596353633e+00 9.590369317617226941e-02 3.114246013505612698e-01
4.551835779755350586e+00 9.606120427349383595e-02 3.104370211037743577e-01
4.537432136057861776e+00 9.621871537081541637e-02 3.094546868415465890e-01
4.523106117920287161e+00 9.637622646813698291e-02 3.084776466735582590e-01
4.508858407588739681e+00 9.653373756545854945e-02 3.075059471292673763e-01
4.494689664609696322e+00 9.669124866278012986e-02 3.065396331900075433e-01
4.480600526294933772e+00 9.684875976010169640e-02 3.055787483206968136e-01
4.466591608180906725e+00 9.700627085742326294e-02 3.046233345011676308e-01
4.452663504482401891e+00 9.716378195474484336e-02 3.036734322571064126e-01
4.438816788540664859e+00 9.732129305206640990e-02 3.027290806906150489e-01
4.425052013265754702e+00 9.747880414938799032e-02 3.017903175103812119e-01
4.411369711573378538e+00 9.763631524670955686e-02 3.008571790614689156e-01
4.397770396815961824e+00 9.779382634403112340e-02 2.999297003547190532e-01
4.384254563208196842e+00 9.795133744135270382e-02 2.990079150957713483e-01
4.370822686246881084e+00 9.810884853867427036e-02 2.980918557136976732e-01
4.357475223125162778e+00 9.826635963599585077e-02 2.971815533892536720e-01
4.344212613141296586e+00 9.842387073331741731e-02 2.962770380827559613e-01
4.331035278101569297e+00 9.858138183063898385e-02 2.953783385615622037e-01
4.317943622718010133e+00 9.873889292796056427e-02 2.944854824271943561e-01
4.304938035000238195e+00 9.889640402528213081e-02 2.935984961420639583e-01
4.292018886642022579e+00 9.905391512260371123e-02 2.927174050558346008e-01
4.279186533402298487e+00 9.921142621992527777e-02 2.918422334314080824e-01
4.266441315480633989e+00 9.936893731724684431e-02 2.909730044705309826e-01
4.253783557887433453e+00 9.952644841456842473e-02 2.901097403390428542e-01
4.241213570808640476e+00 9.968395951188999127e-02 2.892524621917493266e-01
4.228731649965115302e+00 9.984147060921155781e-02 2.884011901969311120e-01
4.216338076966685833e+00 9.999898170653313823e-02 2.875559435604913006e-01
4.204033119660973483e+00 1.001564928038547048e-01 2.867167405497446642e-01
4.191817032476870430e+00 1.003140039011762852e-01 2.858835985168438065e-01
4.179690056762904504e+00 1.004715149984978517e-01 2.850565339218544270e-01
4.167652420458938245e+00 1.006290260958194183e-01 2.842355623103666185e-01
4.155704269603600842e+00 1.007865371931409987e-01 2.834206936422730694e-01
4.143845610426780901e+00 1.009440482904625652e-01 2.826119283424547435e-01
4.132076427397850971e+00 1.011015593877841456e-01 2.818092653517170199e-01
4.120396697822276799e+00 1.012590704851057122e-01 2.810127031222831584e-01
4.108806392058493628e+00 1.014165815824272787e-01 2.802222396325866893e-01
4.097305473731109871e+00 1.015740926797488591e-01 2.794378724018113380e-01
4.085893899940351126e+00 1.017316037770704257e-01 2.786595985041753765e-01
4.074571621467620197e+00 1.018891148743920061e-01 2.778874145829507425e-01
4.063338582977535474e+00 1.020466259717135726e-01 2.771213168642423508e-01
4.052194723216303807e+00 1.022041370690351392e-01 2.763613011705169376e-01
4.041139975206468726e+00 1.023616481663567196e-01 2.756073629338851028e-01
4.030174266438249830e+00 1.025191592636782861e-01 2.748594972091509825e-01
4.019297519057242418e+00 1.026766703609998527e-01 2.741176986866130649e-01
4.008509650048877049e+00 1.028341814583214331e-01 2.733819617046441275e-01
3.997810571419393888e+00 1.029916925556429996e-01 2.726522802620350294e-01
3.987200190373476616e+00 1.031492036529645800e-01 2.719286480301078557e-01
3.976678409488715538e+00 1.033067147502861466e-01 2.712110583646152318e-01
3.966245126886731143e+00 1.034642258476077131e-01 2.704995043174110436e-01
3.955900236401205916e+00 1.036217369449292935e-01 2.697939786479098268e-01
3.945643627742751569e+00 1.037792480422508601e-01 2.690944738343314935e-01
3.935475186660637004e+00 1.039367591395724405e-01 2.684009820847298999e-01
3.925394795101631473e+00 1.040942702368940070e-01 2.677134953478280677e-01
3.915402331365688937e+00 1.042517813342155736e-01 2.670320053236338032e-01
3.905497670258826659e+00 1.044092924315371540e-01 2.663565034738676340e-01
3.895680683242988884e+00 1.045668035288587205e-01 2.656869810321826342e-01
3.885951238583226441e+00 1.047243146261803010e-01 2.650234290142025606e-01
3.876309201491916934e+00 1.048818257235018675e-01 2.643658382273575969e-01
3.866754434270262220e+00 1.050393368208234340e-01 2.637141992805347446e-01
3.857286796447148447e+00 1.051968479181450145e-01 2.630685025935478039e-01
3.847906144915304250e+00 1.053543590154665810e-01 2.624287384064234452e-01
3.838612334064780640e+00 1.055118701127881475e-01 2.617948967885052047e-01
3.829405215913900040e+00 1.056693812101097280e-01 2.611669676473833412e-01
3.820284624493944570e+00 1.058268923074312945e-01 2.605449396639247794e-01
3.811250127106051711e+00 1.059844034047528749e-01 2.599287833278940973e-01
3.802301074502150158e+00 1.061419145020744415e-01 2.593184543603130887e-01
3.793436817894535906e+00 1.062994255993960080e-01 2.587139085136008765e-01
3.784656715670315918e+00 1.064569366967175884e-01 2.581151020295014420e-01
3.775960133308599698e+00 1.066144477940391549e-01 2.575219916334361980e-01
3.767346443298783765e+00 1.067719588913607354e-01 2.569345345289308358e-01
3.758815025059758952e+00 1.069294699886823019e-01 2.563526883921057320e-01
3.750365264860457515e+00 1.070869810860038684e-01 2.557764113662563399e-01
3.741996555741227137e+00 1.072444921833254489e-01 2.552056620564914224e-01
3.733708297436322709e+00 1.074020032806470154e-01 2.546403995244475027e-01
3.725499896297471025e+00 1.075595143779685958e-01 2.540805832830744793e-01
3.717370765218396933e+00 1.077170254752901624e-01 2.535261732914895760e-01
3.709320323560328703e+00 1.078745365726117289e-01 2.529771299498964066e-01
3.701347997078522134e+00 1.080320476699333093e-01 2.524334140945735383e-01
3.693453217849762105e+00 1.081895587672548759e-01 2.518949869929306140e-01
3.685635424200796706e+00 1.083470698645764424e-01 2.513618103386270897e-01
3.677894060637688423e+00 1.085045809618980228e-01 2.508338462467543106e-01
3.670228577776148970e+00 1.086620920592195894e-01 2.503110572490839791e-01
3.662638432272745437e+00 1.088196031565411698e-01 2.497934062893765461e-01
3.655123086757055439e+00 1.089771142538627363e-01 2.492808567187543567e-01
3.647682009764634969e+00 1.091346253511843029e-01 2.487733722911296408e-01
3.640314675670972555e+00 1.092921364485058833e-01 2.482709171587005326e-01
3.633020564626171733e+00 1.094496475458274498e-01 2.477734558674959120e-01
3.625799162490627392e+00 1.096071586431490302e-01 2.472809533529893300e-01
3.618649960771441076e+00 1.097646697404705968e-01 2.467933749357614504e-01
3.611572456559734245e+00 1.099221808377921633e-01 2.463106863172257188e-01
3.604566152468668960e+00 1.100796919351137437e-01 2.458328535754006894e-01
3.597630556572457561e+00 1.102372030324353103e-01 2.453598431607510177e-01
3.590765182345998507e+00 1.103947141297568907e-01 2.448916218920700327e-01
3.583969548605340449e+00 1.105522252270784572e-01 2.444281569524197339e-01
3.577243179449016708e+00 1.107097363244000238e-01 2.439694158851298533e-01
3.570585604199997487e+00 1.108672474217216042e-01 2.435153665898385777e-01
3.563996357348451216e+00 1.110247585190431707e-01 2.430659773185890327e-01
3.557474977708846797e+00 1.111822696163647373e-01 2.426212166183437380e-01
3.551020846900420747e+00 1.113397807136863177e-01 2.421810423152871428e-01
3.544632995331522540e+00 1.114972918110078842e-01 2.417453882828808631e-01
3.538310418376448663e+00 1.116548029083294646e-01 2.413141860052499532e-01
3.532052124966962303e+00 1.118123140056510312e-01 2.408873678911441496e-01
3.525857137357471416e+00 1.119698251029725977e-01 2.404648672579229596e-01
3.519724490895053570e+00 1.121273362002941781e-01 2.400466183158714017e-01
3.513653233794289399e+00 1.122848472976157447e-01 2.396325561528427628e-01
3.507642426916851797e+00 1.124423583949373251e-01 2.392226167192277042e-01
3.501691143555642149e+00 1.125998694922588916e-01 2.388167368132312895e-01
3.495798469223402094e+00 1.127573805895804582e-01 2.384148540664566829e-01
3.489963501445823013e+00 1.129148916869020386e-01 2.380169069297948525e-01
3.484185349558750922e+00 1.130724027842236051e-01 2.376228346595943564e-01
3.478463134509802046e+00 1.132299138815451855e-01 2.372325773041309704e-01
3.472795988663885058e+00 1.133874249788667521e-01 2.368460756903444098e-01
3.467183055612915510e+00 1.135449360761883186e-01 2.364632714108606260e-01
3.461623489989222868e+00 1.137024471735098990e-01 2.360841068112662644e-01
3.456116457283031185e+00 1.138599582708314656e-01 2.357085249776608438e-01
3.450661133663462721e+00 1.140174693681530321e-01 2.353364697244489656e-01
3.445256705803354969e+00 1.141749804654746125e-01 2.349678855823927326e-01
3.439902370707595303e+00 1.143324915627961791e-01 2.346027177869041136e-01
3.434597335544935515e+00 1.144900026601177595e-01 2.342409122665750909e-01
3.429340817483279569e+00 1.146475137574393260e-01 2.338824156319433412e-01
3.424132043528260727e+00 1.148050248547608926e-01 2.335271751644839022e-01
3.418970250365171992e+00 1.149625359520824730e-01 2.331751388058283803e-01
3.413854684203968759e+00 1.151200470494040395e-01 2.328262551471941000e-01
3.408784600627540406e+00 1.152775581467256200e-01 2.324804734190364375e-01
3.403759264442961729e+00 1.154350692440471865e-01 2.321377434809038243e-01
3.398777949535763732e+00 1.155925803413687530e-01 2.317980158114988087e-01
3.393839938727111871e+00 1.157500914386903335e-01 2.314612414989382916e-01
3.388944523633871775e+00 1.159076025360119000e-01 2.311273722312087442e-01
3.384091004531508684e+00 1.160651136333334804e-01 2.307963602868171871e-01
3.379278690219639447e+00 1.162226247306550470e-01 2.304681585256209420e-01
3.374506897890372059e+00 1.163801358279766135e-01 2.301427203798485643e-01
3.369774952999210704e+00 1.165376469252981939e-01 2.298199998452957471e-01
3.365082189138501878e+00 1.166951580226197605e-01 2.294999514726938916e-01
3.360427947886829525e+00 1.168526691199413270e-01 2.291825303574388517e-01
3.355811498293783224e+00 1.170101802172629074e-01 2.288676866484204153e-01
3.351231861378289434e+00 1.171676913145844739e-01 2.285553535787377410e-01
3.346688019154481886e+00 1.173252024119060544e-01 2.282454617213472703e-01
3.342178966318913425e+00 1.174827135092276209e-01 2.279379425141520588e-01
3.337703710054730433e+00 1.176402246065491874e-01 2.276327282466453494e-01
3.333261269840752217e+00 1.177977357038707679e-01 2.273297520468903488e-01
3.328850677265304814e+00 1.179552468011923344e-01 2.270289478688235496e-01
3.324470975844697751e+00 1.181127578985139148e-01 2.267302504798746621e-01
3.320121220846304677e+00 1.182702689958354814e-01 2.264335954489004876e-01
3.315800479115971200e+00 1.184277800931570479e-01 2.261389191344145289e-01
3.311507828909834750e+00 1.185852911904786283e-01 2.258461586731166648e-01
3.307242359730333536e+00 1.187428022878001949e-01 2.255552519687087643e-01
3.303003172166305124e+00 1.189003133851217753e-01 2.252661376809899363e-01
3.298789377737098238e+00 1.190578244824433418e-01 2.249787552152242576e-01
3.294600098740665395e+00 1.192153355797649084e-01 2.246930447117809482e-01
3.290434468105365440e+00 1.193728466770864888e-01 2.244089470360272620e-01
3.286291629245613244e+00 1.195303577744080553e-01 2.241264037684834454e-01
3.282170735921077220e+00 1.196878688717296219e-01 2.238453571952207233e-01
3.278070952099422897e+00 1.198453799690512023e-01 2.235657502984990386e-01
3.273991451822592769e+00 1.200028910663727688e-01 2.232875267476486791e-01
3.269931419076378631e+00 1.201604021636943492e-01 2.230106308901741996e-01
3.265890047663329465e+00 1.203179132610159158e-01 2.227350077430868824e-01
3.261866541078859427e+00 1.204754243583374823e-01 2.224606029844553023e-01
3.257860112390530194e+00 1.206329354556590627e-01 2.221873629451724119e-01
3.253869984120263847e+00 1.207904465529806293e-01 2.219152346009221899e-01
3.249895388129713680e+00 1.209479576503022097e-01 2.216441655643623387e-01
3.245935565508406118e+00 1.211054687476237762e-01 2.213741040774946378e-01
3.241989766464801193e+00 1.212629798449453428e-01 2.211049990042363578e-01
3.238057250220026884e+00 1.214204909422669232e-01 2.208367998231719476e-01
3.234137284904445409e+00 1.215780020395884897e-01 2.205694566204994267e-01
3.230229147456695316e+00 1.217355131369100563e-01 2.203029200831445600e-01
3.226332123525473605e+00 1.218930242342316367e-01 2.200371414920629931e-01
3.222445507373628004e+00 1.220505353315532032e-01 2.197720727156982357e-01
3.218568601784845384e+00 1.222080464288747836e-01 2.195076662036191673e-01
3.214700717972647670e+00 1.223655575261963502e-01 2.192438749803121423e-01
3.210841175491714772e+00 1.225230686235179167e-01 2.189806526391342711e-01
3.206989302151455945e+00 1.226805797208394971e-01 2.187179533364183304e-01
3.203144433919408840e+00 1.228380908181610637e-01 2.184557317848848657e-01
3.199305896991564424e+00 1.229956019154826441e-01 2.181939420308307009e-01
3.195472972434090231e+00 1.231531130128042106e-01 2.179325350426810359e-01
3.191644940205031311e+00 1.233106241101257772e-01 2.176714617132864960e-01
3.187821089117065743e+00 1.234681352074473576e-01 2.174106735393870338e-01
3.184000716754537219e+00 1.236256463047689241e-01 2.171501226159541220e-01
3.180183129392678776e+00 1.237831574020905046e-01 2.168897616306808551e-01
3.176367641919217277e+00 1.239406684994120711e-01 2.166295438586364197e-01
3.172553577758020715e+00 1.240981795967336376e-01 2.163694231570578441e-01
3.168740268794925985e+00 1.242556906940552180e-01 2.161093539602918223e-01
3.164927055305597481e+00 1.244132017913767846e-01 2.158492912748749826e-01
3.161113285885373436e+00 1.245707128886983511e-01 2.155891906747486320e-01
3.157298317381100006e+00 1.247282239860199315e-01 2.153290082966103913e-01
3.153481514824803433e+00 1.248857350833414981e-01 2.150687008353904806e-01
3.149662251369258925e+00 1.250432461806630924e-01 2.148082255398574558e-01
3.145839908225251946e+00 1.252007572779846589e-01 2.145475402083392436e-01
3.142013874600724233e+00 1.253582683753062255e-01 2.142866031845731545e-01
3.138183547641432369e+00 1.255157794726277920e-01 2.140253733536586211e-01
3.134348332373374291e+00 1.256732905699493585e-01 2.137638101381308109e-01
3.130507641646740780e+00 1.258308016672709251e-01 2.135018734941376839e-01
3.126660896081475460e+00 1.259883127645924916e-01 2.132395239077276849e-01
3.122807524014230118e+00 1.261458238619140859e-01 2.129767223912317209e-01
3.118946961446879662e+00 1.263033349592356525e-01 2.127134304797521080e-01
3.115078651996379566e+00 1.264608460565572190e-01 2.124496102277426413e-01
3.111202046846023528e+00 1.266183571538787855e-01 2.121852242056843640e-01
3.107316604698020956e+00 1.267758682512003521e-01 2.119202354968514612e-01
3.103421791727334345e+00 1.269333793485219464e-01 2.116546076941626942e-01
3.099517081536818708e+00 1.270908904458435129e-01 2.113883048971223477e-01
3.095601955113495229e+00 1.272484015431650795e-01 2.111212917088375884e-01
3.091675900786009290e+00 1.274059126404866460e-01 2.108535332331173129e-01
3.087738414183311964e+00 1.275634237378082125e-01 2.105849950716542074e-01
3.083788998194260333e+00 1.277209348351298068e-01 2.103156433212695076e-01
3.079827162928406192e+00 1.278784459324513734e-01 2.100454445712386098e-01
3.075852425677773283e+00 1.280359570297729399e-01 2.097743659006845451e-01
3.071864310879579563e+00 1.281934681270945064e-01 2.095023748760352078e-01
3.067862350079929357e+00 1.283509792244160730e-01 2.092294395485476133e-01
3.063846081898482510e+00 1.285084903217376673e-01 2.089555284518978540e-01
3.059815051993878932e+00 1.286660014190592338e-01 2.086806105998235406e-01
3.055768813030126818e+00 1.288235125163808004e-01 2.084046554838309973e-01
3.051706924643748042e+00 1.289810236137023669e-01 2.081276330709549705e-01
3.047628953592256718e+00 1.291385347110239334e-01 2.078495138138844456e-01
3.043534526825860898e+00 1.292960458083455277e-01 2.075702722704745595e-01
3.039423404447187060e+00 1.294535569056670943e-01 2.072898920796282796e-01
3.035295369624796624e+00 1.296110680029886608e-01 2.070083584533548848e-01
3.031150209828197717e+00 1.297685791003102274e-01 2.067256568969897401e-01
3.026987716807503670e+00 1.299260901976317939e-01 2.064417732078073497e-01
3.022807686573330432e+00 1.300836012949533882e-01 2.061566934736500101e-01
3.018609919376882278e+00 1.302411123922749547e-01 2.058704040715700345e-01
3.014394219690184507e+00 1.303986234895965213e-01 2.055828916664812767e-01
3.010160396186530640e+00 1.305561345869180878e-01 2.052941432098257524e-01
3.005908261721042418e+00 1.307136456842396544e-01 2.050041459382480058e-01
3.001637633311400766e+00 1.308711567815612486e-01 2.047128873722807718e-01
2.997348332118754843e+00 1.310286678788828152e-01 2.044203553150426844e-01
2.993040183428666179e+00 1.311861789762043817e-01 2.041265378509392048e-01
2.988713016632301489e+00 1.313436900735259483e-01 2.038314233443796197e-01
2.984366665207648150e+00 1.315012011708475148e-01 2.035350004384960942e-01
2.980000966700852683e+00 1.316587122681690813e-01 2.032372580538708562e-01
2.975615762707731538e+00 1.318162233654906756e-01 2.029381853872752051e-01
2.971210898855275229e+00 1.319737344628122422e-01 2.026377719104081876e-01
2.966786224783310999e+00 1.321312455601338087e-01 2.023360073686456817e-01
2.962341594126171263e+00 1.322887566574553753e-01 2.020328817797908127e-01
2.957876864494544122e+00 1.324462677547769418e-01 2.017283854328355552e-01
2.953391897457283921e+00 1.326037788520985361e-01 2.014225088867201974e-01
2.948886558523321266e+00 1.327612899494201026e-01 2.011152429691001886e-01
2.944360717123648996e+00 1.329188010467416692e-01 2.008065787751169007e-01
2.939814246593268177e+00 1.330763121440632357e-01 2.004965076661668344e-01
2.935247024153308626e+00 1.332338232413848023e-01 2.001850212686818176e-01
2.930658930893044634e+00 1.333913343387063966e-01 1.998721114729028470e-01
2.926049851752019926e+00 1.335488454360279631e-01 1.995577704316607859e-01
2.921419675502158864e+00 1.337063565333495296e-01 1.992419905591563678e-01
2.916768294729919830e+00 1.338638676306710962e-01 1.989247645297430589e-01
2.912095605818448174e+00 1.340213787279926627e-01 1.986060852767098928e-01
2.907401508929672307e+00 1.341788898253142570e-01 1.982859459910604749e-01
2.902685907986555680e+00 1.343364009226358236e-01 1.979643401203026454e-01
2.897948710655127602e+00 1.344939120199573901e-01 1.976412613672223206e-01
2.893189828326690360e+00 1.346514231172789566e-01 1.973167036886712133e-01
2.888409176099909548e+00 1.348089342146005232e-01 1.969906612943441160e-01
2.883606672762939027e+00 1.349664453119221175e-01 1.966631286455608196e-01
2.878782240775453971e+00 1.351239564092436840e-01 1.963341004540400114e-01
2.873935806250735414e+00 1.352814675065652505e-01 1.960035716806779460e-01
2.869067298937618027e+00 1.354389786038868171e-01 1.956715375343170138e-01
2.864176652202550688e+00 1.355964897012083836e-01 1.953379934705224696e-01
2.859263803562378747e+00 1.357540007985299779e-01 1.950029352279180062e-01
2.854328796600723805e+00 1.359115118958515445e-01 1.946663657789242663e-01
2.849371898462434327e+00 1.360690229931731110e-01 1.943283033429265838e-01
2.844393404213211518e+00 1.362265340904946775e-01 1.939887680435239403e-01
2.839393607543704512e+00 1.363840451878162441e-01 1.936477799105359721e-01
2.834372800762452016e+00 1.365415562851378384e-01 1.933053588795220767e-01
2.829331274788908335e+00 1.366990673824594049e-01 1.929615247913055165e-01
2.824269319146776258e+00 1.368565784797809715e-01 1.926162973915183929e-01
2.819187221957510037e+00 1.370140895771025380e-01 1.922696963301591955e-01
2.814085269934087474e+00 1.371716006744241045e-01 1.919217411611678081e-01
2.808963748374991187e+00 1.373291117717456711e-01 1.915724513420149766e-01
2.803822941158355064e+00 1.374866228690672654e-01 1.912218462333027114e-01
2.798663130736382509e+00 1.376441339663888319e-01 1.908699450983845358e-01
2.793484598129966745e+00 1.378016450637103985e-01 1.905167671029975029e-01
2.788287622923457665e+00 1.379591561610319650e-01 1.901623313149064520e-01
2.783072483259744878e+00 1.381166672583535315e-01 1.898066567035675001e-01
2.777839455835438898e+00 1.382741783556751258e-01 1.894497621398002762e-01
2.772588815896299241e+00 1.384316894529966924e-01 1.890916663954756438e-01
2.767320837232877029e+00 1.385892005503182589e-01 1.887323881432187156e-01
2.762035792176299243e+00 1.387467116476398254e-01 1.883719459561212228e-01
2.756733951594321663e+00 1.389042227449613920e-01 1.880103583074726192e-01
2.751415584887492827e+00 1.390617338422829863e-01 1.876476435704980961e-01
2.746080959985560455e+00 1.392192449396045528e-01 1.872838200181135559e-01
2.740730343344054187e+00 1.393767560369261194e-01 1.869189058226926325e-01
2.735363999941040625e+00 1.395342671342476859e-01 1.865529190558455064e-01
2.729982193274055113e+00 1.396917782315692524e-01 1.861858776882097111e-01
2.724585185357245365e+00 1.398492893288908467e-01 1.858177995892546508e-01
2.719173236718636311e+00 1.400068004262124133e-01 1.854487025270959433e-01
2.713746606397645866e+00 1.401643115235339798e-01 1.850786041683255834e-01
2.708305551942686851e+00 1.403218226208555464e-01 1.847075220778482685e-01
2.702850329409006047e+00 1.404793337181771129e-01 1.843354737187343773e-01
2.697381193356661822e+00 1.406368448154987072e-01 1.839624764520816358e-01
2.691898396848676711e+00 1.407943559128202737e-01 1.835885475368893849e-01
2.686402191449348997e+00 1.409518670101418403e-01 1.832137041299434776e-01
2.680892827222676633e+00 1.411093781074634068e-01 1.828379632857086157e-01
2.675370552731077822e+00 1.412668892047849734e-01 1.824613419562411132e-01
2.669835615034108045e+00 1.414244003021065677e-01 1.820838569911014393e-01
2.664288259687420890e+00 1.415819113994281342e-01 1.817055251372835245e-01
2.658728730741869661e+00 1.417394224967497007e-01 1.813263630391531434e-01
2.653157270742758200e+00 1.418969335940712673e-01 1.809463872383969829e-01
2.647574120729182301e+00 1.420544446913928338e-01 1.805656141739778453e-01
2.641979520233640688e+00 1.422119557887144281e-01 1.801840601821079746e-01
2.636373707281672640e+00 1.423694668860359946e-01 1.798017414962244098e-01
2.630756918391666144e+00 1.425269779833575612e-01 1.794186742469757456e-01
2.625129388626453508e+00 1.426844890806791277e-01 1.790348744657412894e-01
2.619491426750849783e+00 1.428420001780006943e-01 1.786503632104047834e-01
2.613843563803647907e+00 1.429995112753222608e-01 1.782651766980246077e-01
2.608186366620928176e+00 1.431570223726438551e-01 1.778793535870478171e-01
2.602520395347732940e+00 1.433145334699654216e-01 1.774929320795907983e-01
2.596846203466294689e+00 1.434720445672869882e-01 1.771059499233628709e-01
2.591164337825220709e+00 1.436295556646085547e-01 1.767184444136579990e-01
2.585475338669619205e+00 1.437870667619301213e-01 1.763304523954087322e-01
2.579779739672056760e+00 1.439445778592517156e-01 1.759420102652974327e-01
2.574078067964423511e+00 1.441020889565732821e-01 1.755531539739299540e-01
2.568370844170620337e+00 1.442596000538948486e-01 1.751639190280646352e-01
2.562658582439956145e+00 1.444171111512164152e-01 1.747743404928900346e-01
2.556941790481455090e+00 1.445746222485379817e-01 1.743844529943647248e-01
2.551220969598793964e+00 1.447321333458595760e-01 1.739942907215998036e-01
2.545496614725985651e+00 1.448896444431811426e-01 1.736038874292932244e-01
2.539769214463776681e+00 1.450471555405027091e-01 1.732132764402112279e-01
2.534039251116655400e+00 1.452046666378242756e-01 1.728224906477128231e-01
2.528307200730558257e+00 1.453621777351458422e-01 1.724315625183213407e-01
2.522573533131108547e+00 1.455196888324674365e-01 1.720405240943323755e-01
2.516838711962528841e+00 1.456771999297890030e-01 1.716494069964671909e-01
2.511103194727008159e+00 1.458347110271105695e-01 1.712582424265582659e-01
2.505367432824739726e+00 1.459922221244321361e-01 1.708670611702791386e-01
2.499631871594342858e+00 1.461497332217537026e-01 1.704758935999020064e-01
2.493896950353846176e+00 1.463072443190752969e-01 1.700847696770921569e-01
2.488163102442128682e+00 1.464647554163968635e-01 1.696937189557342351e-01
2.482430755260792488e+00 1.466222665137184300e-01 1.693027705847888476e-01
2.476700330316483623e+00 1.467797776110399965e-01 1.689119533111775318e-01
2.470972243263583223e+00 1.469372887083615631e-01 1.685212954826957044e-01
2.465246903947296619e+00 1.470947998056831574e-01 1.681308250509500057e-01
2.459524716447109682e+00 1.472523109030047239e-01 1.677405695743232339e-01
2.453806079120593786e+00 1.474098220003262905e-01 1.673505562209609832e-01
2.448091384647495428e+00 1.475673330976478570e-01 1.669608117717792384e-01
2.442381020074176234e+00 1.477248441949694235e-01 1.665713626234943956e-01
2.436675366858286562e+00 1.478823552922910178e-01 1.661822347916711573e-01
2.430974800913756617e+00 1.480398663896125844e-01 1.657934539137897456e-01
2.425279692656008734e+00 1.481973774869341509e-01 1.654050452523300740e-01
2.419590407047366831e+00 1.483548885842557175e-01 1.650170336978687424e-01
2.413907303642767843e+00 1.485123996815772840e-01 1.646294437721963488e-01
2.408230736635557534e+00 1.486699107788988505e-01 1.642422996314406858e-01
2.402561054903542548e+00 1.488274218762204448e-01 1.638556250692078387e-01
2.396898602055222316e+00 1.489849329735420114e-01 1.634694435197345530e-01
2.391243716476060932e+00 1.491424440708635779e-01 1.630837780610453203e-01
2.385596731375022816e+00 1.492999551681851444e-01 1.626986514181245902e-01
2.379957974831107048e+00 1.494574662655067110e-01 1.623140859660913982e-01
2.374327769840109514e+00 1.496149773628283053e-01 1.619301037333881754e-01
2.368706434361346425e+00 1.497724884601498718e-01 1.615467264049675333e-01
2.363094281364539029e+00 1.499299995574714384e-01 1.611639753254895946e-01
2.357491629330067173e+00 1.500875106547930049e-01 1.607818722154437385e-01
2.351898890530534914e+00 1.502450217521145714e-01 1.604004451919864571e-01
2.346316525063937508e+00 1.504025328494361657e-01 1.600197256339851160e-01
2.340744986235098857e+00 1.505600439467577323e-01 1.596397444570100688e-01
2.335184720049628737e+00 1.507175550440792988e-01 1.592605320788222645e-01
2.329636165287460425e+00 1.508750661414008654e-01 1.588821184243887630e-01
2.324099753576659655e+00 1.510325772387224319e-01 1.585045329309161810e-01
2.318575909467396556e+00 1.511900883360440262e-01 1.581278045528959897e-01
2.313065050506244447e+00 1.513475994333655927e-01 1.577519617671717111e-01
2.307567587310539459e+00 1.515051105306871593e-01 1.573770325780096679e-01
2.302083923642922691e+00 1.516626216280087258e-01 1.570030445221836657e-01
2.296614456486095079e+00 1.518201327253302924e-01 1.566300246740726099e-01
2.291159576117514529e+00 1.519776438226518867e-01 1.562579996507554303e-01
2.285719666184304444e+00 1.521351549199734532e-01 1.558869956171193005e-01
2.280295103778160470e+00 1.522926660172950197e-01 1.555170382909686622e-01
2.274886259510252362e+00 1.524501771146165863e-01 1.551481529481337496e-01
2.269493497586206665e+00 1.526076882119381528e-01 1.547803644275837776e-01
2.264117175880999699e+00 1.527651993092597471e-01 1.544136971365353550e-01
2.258757646013882070e+00 1.529227104065813136e-01 1.540481750555621476e-01
2.253415253423155740e+00 1.530802215039028802e-01 1.536838217436943821e-01
2.248090337440980857e+00 1.532377326012244467e-01 1.533206603435211812e-01
2.242783231367977859e+00 1.533952436985460133e-01 1.529587135862782998e-01
2.237494262547822022e+00 1.535527547958676076e-01 1.525980037969351943e-01
2.232223752441607090e+00 1.537102658931891741e-01 1.522385528992671599e-01
2.226972016702090773e+00 1.538677769905107406e-01 1.518803824209184750e-01
2.221739365247821230e+00 1.540252880878323072e-01 1.515235134984581067e-01
2.216526102336991322e+00 1.541827991851538737e-01 1.511679668824165435e-01
2.211332526641164975e+00 1.543403102824754403e-01 1.508137629423139114e-01
2.206158931318754401e+00 1.544978213797970346e-01 1.504609216716712716e-01
2.201005604088246859e+00 1.546553324771186011e-01 1.501094626930044307e-01
2.195872827301240893e+00 1.548128435744401676e-01 1.497594052628055394e-01
2.190760878015189483e+00 1.549703546717617342e-01 1.494107682765036249e-01
2.185670028065854975e+00 1.551278657690833007e-01 1.490635702734063317e-01
2.180600544139517094e+00 1.552853768664048950e-01 1.487178294416247326e-01
2.175552687844856781e+00 1.554428879637264616e-01 1.483735636229754906e-01
2.170526715784556249e+00 1.556003990610480281e-01 1.480307903178642859e-01
2.165522879626550434e+00 1.557579101583695946e-01 1.476895266901447346e-01
2.160541426174974688e+00 1.559154212556911612e-01 1.473497895719578232e-01
2.155582597440741655e+00 1.560729323530127555e-01 1.470115954685445037e-01
2.150646630711805063e+00 1.562304434503343220e-01 1.466749605630381370e-01
2.145733758623020293e+00 1.563879545476558885e-01 1.463399007212289327e-01
2.140844209225704287e+00 1.565454656449774551e-01 1.460064314963079868e-01
2.135978206056693196e+00 1.567029767422990216e-01 1.456745681335769038e-01
2.131135968207196640e+00 1.568604878396206159e-01 1.453443255751438179e-01
2.126317710391059990e+00 1.570179989369421825e-01 1.450157184645788910e-01
2.121523643012779736e+00 1.571755100342637490e-01 1.446887611515529082e-01
2.116753972235019710e+00 1.573330211315853155e-01 1.443634676964422325e-01
2.112008900045765802e+00 1.574905322289068821e-01 1.440398518749079759e-01
2.107288624325027726e+00 1.576480433262284764e-01 1.437179271824461091e-01
2.102593323422402793e+00 1.578055544235500429e-01 1.433977057825706058e-01
2.097923105986879477e+00 1.579630655208716095e-01 1.430791950851858507e-01
2.093278060408759966e+00 1.581205766181931760e-01 1.427624011185458230e-01
2.093278060408759966e+00 1.581205766181931760e-01 1.427624011185458230e-01
1.631871229589809680e+00 1.826842454521749870e-01 1.127489412007057906e-01
1.387675437133378598e+00 2.073525430377324841e-01 7.369448562433815464e-02
1.102731014528051556e+00 2.322407203492417860e-01 6.407033835516272313e-02
9.600769337708709994e-01 2.568837818198746459e-01 6.008951798483875423e-02
8.117638477725326318e-01 2.811184729179193598e-01 3.876158356652511378e-02
7.128166489151339658e-01 3.057758170190760794e-01 2.933079748683242033e-02
6.223926267620408792e-01 3.308749588216616799e-01 2.517340204753041114e-02
5.435791527473490259e-01 3.553458836143503774e-01 2.041780613734811220e-02
4.917691184915353730e-01 3.797183506574301481e-01 2.171103232907264577e-02
4.338805076243062442e-01 4.042043120935024936e-01 1.176340815928584790e-02
3.947594806910960652e-01 4.287407985369371399e-01 9.118448163153939495e-03
3.597619710706173590e-01 4.533371424922238990e-01 8.054015252564453164e-03
3.246752862287569097e-01 4.779959634912051558e-01 1.140912817222784759e-02
2.965717063689712329e-01 5.026629933946460405e-01 7.762739511877474706e-03
2.755216262951750150e-01 5.271487506500315279e-01 8.544061098637496104e-03
2.560694390382544650e-01 5.515427964227138657e-01 6.047215533198086260e-03
2.390543754703844115e-01 5.762240530263548210e-01 5.090073020672345426e-03
2.234313676443543950e-01 6.007285446297923048e-01 4.426862593768172809e-03
2.079656662234608544e-01 6.252568531449649303e-01 6.575413629006931181e-03
1.993944516495953501e-01 6.499965502683907603e-01 6.346665589951934992e-03
1.895533755640653184e-01 6.746857991314229031e-01 4.916123126375614508e-03
1.831716186282414116e-01 6.991270364754236244e-01 3.834750793128764539e-03
1.778660056677892898e-01 7.235756604093172006e-01 3.366407179511364620e-03
1.762993626611128462e-01 7.479714013051395050e-01 4.316887827659502720e-03
1.752398426393477482e-01 7.726132299420060967e-01 3.633191288933208113e-03
1.738107448365668328e-01 7.972349387995918413e-01 3.748923522824398284e-03
1.678521016051898185e-01 8.217736356692634248e-01 4.315039047745889388e-03
1.628015161083826712e-01 8.463200505719705724e-01 3.528854431270288684e-03
1.583575458288817295e-01 8.708218859006343626e-01 3.002625923764924883e-03
1.561453226514324388e-01 8.954790463233904818e-01 3.141008061962755060e-03
1.536489830360585340e-01 9.199626960429320155e-01 3.418624124432402198e-03
1.542781771549269210e-01 9.443606208269833546e-01 3.988454108861510736e-03
1.548517827418572912e-01 9.688687146412832130e-01 4.165035851563862052e-03
1.542888066647951084e-01 9.930926048855095445e-01 5.012355260782107302e-03
1.576328339579581017e-01 1.017620455362175491e+00 3.831010595516581938e-03
1.630439109352161131e-01 1.042409919186157552e+00 4.866857915062492400e-03
1.712850329756049339e-01 1.066789561870425063e+00 4.640995773576786151e-03
1.758062310159850816e-01 1.090909765172895618e+00 5.749465775655064094e-03
1.739220214413675913e-01 1.115651582439790346e+00 9.286346650038681746e-03
1.789622801416285991e-01 1.140641543091339027e+00 5.740501982227156665e-03
1.817432506456393981e-01 1.164692026865203012e+00 1.024892807525286734e-02
1.881234111541551512e-01 1.188605021497627590e+00 8.996942468904279080e-03
2.020469089862014511e-01 1.214006438167991364e+00 8.179380660872271822e-03
2.176066354847884798e-01 1.240498485730926914e+00 1.176268656662266682e-02
2.476485932804352030e-01 1.264816150349954427e+00 2.482471942116306826e-02
2.645327181867788702e-01 1.284554513240047102e+00 3.393379271415148529e-02
2.844450264704992404e-01 1.309527810458392949e+00 4.844965780494528418e-02
4.163292099810996238e-01 1.335814856768205550e+00 7.513219328814310649e-02
3.976776911054959451e-01 1.360349523175663267e+00 4.763365537128382288e-01
