1.942962503615117384e+02 7.669903939428205850e-04 1.313057771851994637e+01
2.315820383516924608e+02 9.245014912643925459e-04 1.565035839411401852e+01
2.681794191092546953e+02 1.082012588585964507e-03 1.812361637741182108e+01
3.040906031285707627e+02 1.239523685907536251e-03 2.055050105404533412e+01
3.393150876856674358e+02 1.397034783229108429e-03 2.293097844983240918e+01
3.738511341755024091e+02 1.554545880550680173e-03 2.526493106951211942e+01
4.076978030211720352e+02 1.712056977872252134e-03 2.755229541629784151e+01
4.408549493461908355e+02 1.869568075193824095e-03 2.979306169940898030e+01
4.733243715499058908e+02 2.027079172515396273e-03 3.198735145501700927e+01
5.051078653635779574e+02 2.184590269836968017e-03 3.413528603898357261e+01
5.362101243130177863e+02 2.342101367158539761e-03 3.623718264067966288e+01
5.666359077340447357e+02 2.499612464480111939e-03 3.829336289692916750e+01
5.963907648104221835e+02 2.657123561801683683e-03 4.030420182263095086e+01
6.254821889599720635e+02 2.814634659123255861e-03 4.227020582439299545e+01
6.539180525016445245e+02 2.972145756444827605e-03 4.419190691503390411e+01
6.817061248419715866e+02 3.129656853766399783e-03 4.606983015253141645e+01
7.088552651259564072e+02 3.287167951087971527e-03 4.790457423959734484e+01
7.353752272278018154e+02 3.444679048409543271e-03 4.969679834491372361e+01
7.612757923755018510e+02 3.602190145731115449e-03 5.144716348573700060e+01
7.865664709877443102e+02 3.759701243052687193e-03 5.315631237797904163e+01
8.112572588958332744e+02 3.917212340374259805e-03 5.482492054182900176e+01
8.353585651771020366e+02 4.074723437695831549e-03 5.645369142472166857e+01
8.588810821378951914e+02 4.232234535017403293e-03 5.804334761476248161e+01
8.818352383321456500e+02 4.389745632338975037e-03 5.959459387561856403e+01
9.042311108036948326e+02 4.547256729660546781e-03 6.110811121583785877e+01
9.260789192273498429e+02 4.704767826982118525e-03 6.258459028299623128e+01
9.473889955090758122e+02 4.862278924303691137e-03 6.402472930927270056e+01
9.681717309264662390e+02 5.019790021625262881e-03 6.542923053919216159e+01
9.884375252551288895e+02 5.177301118946834625e-03 6.679879679157700423e+01
1.008196426232323347e+03 5.334812216268406369e-03 6.813410709443084556e+01
1.027457994063481010e+03 5.492323313589978981e-03 6.943580752826305513e+01
1.046231751914361666e+03 5.649834410911550725e-03 7.070454167043516236e+01
1.064527197802879527e+03 5.807345508233122469e-03 7.194095139881220291e+01
1.082353781059190396e+03 5.964856605554694213e-03 7.314567530093145820e+01
1.099720882464573378e+03 6.122367702876265957e-03 7.431934733178378849e+01
1.116637797548665503e+03 6.279878800197838569e-03 7.546259568503809589e+01
1.133113627674232248e+03 6.437389897519410313e-03 7.657603543252866984e+01
1.149156829264683211e+03 6.594900994840982057e-03 7.766023806096512772e+01
1.164775601597433479e+03 6.752412092162553801e-03 7.871575767908160515e+01
1.179978083593948440e+03 6.909923189484126413e-03 7.974314431674559955e+01
1.194772342796273506e+03 7.067434286805698157e-03 8.074294317998983672e+01
1.209166365716250766e+03 7.224945384127269901e-03 8.171569399881038009e+01
1.223168049638124103e+03 7.382456481448841645e-03 8.266193047318515141e+01
1.236785195696362507e+03 7.539967578770413389e-03 8.358217980527183499e+01
1.250025503073547952e+03 7.697478676091986001e-03 8.447696230730029754e+01
1.262896518036650605e+03 7.854989773413558612e-03 8.534678795743410262e+01
1.275405158659534209e+03 8.012500870735128622e-03 8.619212428042648355e+01
1.287557946234903739e+03 8.170011968056702101e-03 8.701341198648432851e+01
1.299361347802740283e+03 8.327523065378272110e-03 8.781108811940514158e+01
1.310821775640356918e+03 8.485034162699845589e-03 8.858558602211462585e+01
1.321945581844591743e+03 8.642545260021415598e-03 8.933733497053077599e+01
1.332739053617769059e+03 8.800056357342989077e-03 9.006675985498766579e+01
1.343208409184969469e+03 8.957567454664562556e-03 9.077428090432428576e+01
1.353359794277918581e+03 9.115078551986132566e-03 9.146031344826469933e+01
1.363199279127488808e+03 9.272589649307706045e-03 9.212526771417095972e+01
1.372732855913081039e+03 9.430100746629276054e-03 9.276954865467179445e+01
1.381966429855465094e+03 9.587611843950849533e-03 9.339355534571490125e+01
1.390905456521578799e+03 9.745122941272419542e-03 9.399765647555625492e+01
1.399554790869273802e+03 9.902634038593993021e-03 9.458218014317496625e+01
1.407919223000762941e+03 1.006014513591556303e-02 9.514745006459367005e+01
1.416003520991502000e+03 1.021765623323713651e-02 9.569378846726264953e+01
1.423812426765475720e+03 1.037516733055870999e-02 9.622151581131062414e+01
1.431350652374940182e+03 1.053267842788028000e-02 9.673095053812927802e+01
1.438622876650922990e+03 1.069018952520185348e-02 9.722240884401337269e+01
1.445633742193537273e+03 1.084770062252342349e-02 9.769620447676547315e+01
1.452387852673997259e+03 1.100521171984499696e-02 9.815264855336575067e+01
1.458889770422763377e+03 1.116272281716656697e-02 9.859204939697826831e+01
1.465144014280265992e+03 1.132023391448814045e-02 9.901471239170264482e+01
1.471155057688837132e+03 1.147774501180971046e-02 9.942093985362629383e+01
1.476927327006181031e+03 1.163525610913128394e-02 9.981103091684845197e+01
1.482465188871689634e+03 1.179276720645285742e-02 1.001852806796935909e+02
1.487772566543328367e+03 1.195027830377442743e-02 1.005439542766843886e+02
1.492852872251825147e+03 1.210778940109600091e-02 1.008872823070254015e+02
1.497709492301817363e+03 1.226530049841757092e-02 1.012154936178309299e+02
1.502345815772199330e+03 1.242281159573914440e-02 1.015288172437000469e+02
1.506765231149257716e+03 1.258032269306071441e-02 1.018274821791834199e+02
1.510971123208833205e+03 1.273783379038228789e-02 1.021117171680790676e+02
1.514966870130574080e+03 1.289534488770385789e-02 1.023817505084128783e+02
1.518755840828551982e+03 1.305285598502543137e-02 1.026378098720414584e+02
1.522341392483799154e+03 1.321036708234700485e-02 1.028801221379003863e+02
1.525726868265233179e+03 1.336787817966857486e-02 1.031089132379837707e+02
1.528915595226720143e+03 1.352538927699014834e-02 1.033244080152275046e+02
1.531910882368432567e+03 1.368290037431171835e-02 1.035268300924953735e+02
1.534716018852047000e+03 1.384041147163329183e-02 1.037164017519619108e+02
1.537334272359619263e+03 1.399792256895486184e-02 1.038933438242046918e+02
1.539768887586920300e+03 1.415543366627643532e-02 1.040578755863837586e+02
1.542023084862579935e+03 1.431294476359800533e-02 1.042102146689231716e+02
1.544100056563857606e+03 1.447045586091957881e-02 1.043505768132880576e+02
1.546002751435488335e+03 1.462796695824115228e-02 1.044791612962108758e+02
1.547733716660277651e+03 1.478547805556272229e-02 1.045961402567922676e+02
1.549295465997351357e+03 1.494298915288429577e-02 1.047016835753541812e+02
1.550690519907253247e+03 1.510050025020586578e-02 1.047959615851017503e+02
1.551921403229872112e+03 1.525801134752743926e-02 1.048791449151969317e+02
1.552990643004382036e+03 1.541552244484900927e-02 1.049514043434298856e+02
1.553900766423281311e+03 1.557303354217058275e-02 1.050129106579525313e+02
1.554654298912894319e+03 1.573054463949215276e-02 1.050638345275582708e+02
1.555253762333286204e+03 1.588805573681372624e-02 1.051043463800320694e+02
1.555701673290977851e+03 1.604556683413529972e-02 1.051346162881234818e+02
1.556000541558166333e+03 1.620307793145686973e-02 1.051548138627170061e+02
1.556152868592784898e+03 1.636058902877844320e-02 1.051651081528176519e+02
1.556161146153729987e+03 1.651810012610001321e-02 1.051656675519677009e+02
1.556027855006219397e+03 1.667561122342158669e-02 1.051566597107545107e+02
1.555755463712393521e+03 1.683312232074316017e-02 1.051382514550790859e+02
1.555346427502613778e+03 1.699063341806473018e-02 1.051106087098783206e+02
1.554803187223135183e+03 1.714814451538630366e-02 1.050738964280084815e+02
1.554128168356068272e+03 1.730565561270787367e-02 1.050282785240139418e+02
1.553323780107862603e+03 1.746316671002944715e-02 1.049739178125268637e+02
1.552392414562617205e+03 1.762067780735101716e-02 1.049109759510476039e+02
1.551336445803199922e+03 1.777818890467259064e-02 1.048396133805499062e+02
1.550158208021491646e+03 1.793570000199416065e-02 1.047599878461671068e+02
1.548859969672207399e+03 1.809321109931573412e-02 1.046722526505020738e+02
1.547443976583489757e+03 1.825072219663730760e-02 1.045765595670498840e+02
1.545912458086294009e+03 1.840823329395887761e-02 1.044730592544223384e+02
1.544267626339152457e+03 1.856574439128045109e-02 1.043619012107156578e+02
1.542511675702578032e+03 1.872325548860202110e-02 1.042432337312325501e+02
1.540646782160669545e+03 1.888076658592359458e-02 1.041172038693940323e+02
1.538675102787374726e+03 1.903827768324516459e-02 1.039839574006696949e+02
1.536598775255264172e+03 1.919578878056673807e-02 1.038436387893801935e+02
1.534419917384623659e+03 1.935329987788830808e-02 1.036963911582250830e+02
1.532140626730754775e+03 1.951081097520988156e-02 1.035423562603923671e+02
1.529762980207615556e+03 1.966832207253145504e-02 1.033816744541240382e+02
1.527289033745927327e+03 1.982583316985302505e-02 1.032144846796110897e+02
1.524720821983930591e+03 1.998334426717459852e-02 1.030409244380944642e+02
1.522060357989205613e+03 2.014085536449616853e-02 1.028611297730658976e+02
1.519309633009931531e+03 2.029836646181774201e-02 1.026752352534576715e+02
1.516470616254011929e+03 2.045587755913931202e-02 1.024833739587161148e+02
1.513545254694744244e+03 2.061338865646088550e-02 1.022856774656686838e+02
1.510535472901537787e+03 2.077089975378245551e-02 1.020822758370837136e+02
1.507443172894467807e+03 2.092841085110402899e-02 1.018732976118413092e+02
1.504270234021362057e+03 2.108592194842560247e-02 1.016588697966266039e+02
1.501018512856263897e+03 2.124343304574717248e-02 1.014391178590681761e+02
1.497689843118148701e+03 2.140094414306874596e-02 1.012141657222447151e+02
1.494286035608783550e+03 2.155845524039031597e-02 1.009841357604855858e+02
1.490808878168752699e+03 2.171596633771188944e-02 1.007491487963990124e+02
1.487260137364216462e+03 2.187347743503345945e-02 1.005093242148636392e+02
1.483641744296970046e+03 2.203098853235503293e-02 1.002647925201076049e+02
1.479955948076801860e+03 2.218849962967660294e-02 1.000157057074002580e+02
1.476204985496740846e+03 2.234601072699817642e-02 9.976221493964163756e+01
1.472391041407946432e+03 2.250352182431974990e-02 9.950446786949069633e+01
1.468516249791944119e+03 2.266103292164131991e-02 9.924260871182644905e+01
1.464582694815663217e+03 2.281854401896289339e-02 9.897677831504817902e+01
1.460592411869326497e+03 2.297605511628446340e-02 9.870711423121601058e+01
1.456547388587106752e+03 2.313356621360603688e-02 9.843375078502708675e+01
1.452449565850516137e+03 2.329107731092760689e-02 9.815681914162476573e+01
1.448300838774565818e+03 2.344858840824918036e-02 9.787644737324359312e+01
1.444103057676704793e+03 2.360609950557075037e-02 9.759276052469022034e+01
1.439858029028619512e+03 2.376361060289232385e-02 9.730588067766630900e+01
1.435567516390958872e+03 2.392112170021389733e-02 9.701592701393747120e+01
1.431233241331055524e+03 2.407863279753546734e-02 9.672301587735292117e+01
1.426856884323841314e+03 2.423614389485704082e-02 9.642726083472960852e+01
1.422440085635949345e+03 2.439365499217861083e-02 9.612877273559999480e+01
1.417984446193261419e+03 2.455116608950018431e-02 9.582765977084095255e+01
1.413491528432011819e+03 2.470867718682175432e-02 9.552402753019175918e+01
1.408962857133600664e+03 2.486618828414332780e-02 9.521797905867066447e+01
1.404399920243295355e+03 2.502369938146489781e-02 9.490961491190317645e+01
1.399804169673011302e+03 2.518121047878647129e-02 9.459903321037384671e+01
1.395177022088382500e+03 2.533872157610804476e-02 9.428632969261684593e+01
1.390519859680248828e+03 2.549623267342961477e-02 9.397159776735330183e+01
1.385834030920864961e+03 2.565374377075118825e-02 9.365492856459573545e+01
1.381120851304948474e+03 2.581125486807275826e-02 9.333641098572849160e+01
1.376381604075801988e+03 2.596876596539433174e-02 9.301613175257911337e+01
1.371617540936814748e+03 2.612627706271590175e-02 9.269417545550170701e+01
1.366829882748386353e+03 2.628378816003747523e-02 9.237062460047542345e+01
1.362019820210653961e+03 2.644129925735904524e-02 9.204555965524299666e+01
1.357188514532219187e+03 2.659881035468061872e-02 9.171905909450350691e+01
1.352337098084964282e+03 2.675632145200219220e-02 9.139119944416509611e+01
1.347466680344814677e+03 2.691383254932376221e-02 9.106205568282283025e+01
1.342578613572342647e+03 2.707134364664533568e-02 9.073171919650445716e+01
1.337674600850190473e+03 2.722885474396690569e-02 9.040030507986030273e+01
1.332756317311526345e+03 2.738636584128847917e-02 9.006792653870991217e+01
1.327825379594869219e+03 2.754387693861004918e-02 8.973469282579326034e+01
1.322883347552696705e+03 2.770138803593162266e-02 8.940070935623882065e+01
1.317931725917887206e+03 2.785889913325319267e-02 8.906607782018190278e+01
1.312971965928553800e+03 2.801641023057476615e-02 8.873089629257147237e+01
1.308005466911874009e+03 2.817392132789633963e-02 8.839525934020554132e+01
1.303033577827533236e+03 2.833143242521790964e-02 8.805925812603733505e+01
1.298057598771449648e+03 2.848894352253948312e-02 8.772298051079735615e+01
1.293078782440449686e+03 2.864645461986105313e-02 8.738651115197653496e+01
1.288098335558569488e+03 2.880396571718262660e-02 8.704993160021568599e+01
1.283117420265701412e+03 2.896147681450419661e-02 8.671332039315079498e+01
1.278137155469272784e+03 2.911898791182577009e-02 8.637675314675959726e+01
1.273158618159725847e+03 2.927649900914734010e-02 8.604030264426184260e+01
1.268182844690432148e+03 2.943401010646891358e-02 8.570403892261641943e+01
1.263210832022887871e+03 2.959152120379048706e-02 8.536802935667172676e+01
1.258243538937828134e+03 2.974903230111205707e-02 8.503233874101300671e+01
1.253281887213052869e+03 2.990654339843363055e-02 8.469702936955998496e+01
1.248326762768644585e+03 3.006405449575520056e-02 8.436216111296118925e+01
1.243379016780350184e+03 3.022156559307677404e-02 8.402779149383623292e+01
1.238439466761823951e+03 3.037907669039834405e-02 8.369397575991393978e+01
1.233508897616472041e+03 3.053658778771991752e-02 8.336076695511653156e+01
1.228588062659589696e+03 3.069409888504148753e-02 8.302821598863550889e+01
1.223677684611520590e+03 3.085160998236306101e-02 8.269637170204987342e+01
1.218778456562512929e+03 3.100912107968463102e-02 8.236528093453087251e+01
1.213891042909997395e+03 3.116663217700620450e-02 8.203498858618394252e+01
1.209016080268921314e+03 3.132414327432777451e-02 8.170553767956877778e+01
1.204154178355870954e+03 3.148165437164934799e-02 8.137696941944869877e+01
1.199305920847592461e+03 3.163916546897092147e-02 8.104932325080984867e+01
1.194471866214580587e+03 3.179667656629248801e-02 8.072263691519484041e+01
1.189652548530397098e+03 3.195418766361406149e-02 8.039694650539713905e+01
1.184848478257322768e+03 3.211169876093563497e-02 8.007228651855498924e+01
1.180060143008964815e+03 3.226920985825720151e-02 7.974868990768938204e+01
1.175288008290444395e+03 3.242672095557877499e-02 7.942618813172512660e+01
1.170532518216746666e+03 3.258423205290034846e-02 7.910481120403782995e+01
1.165794096209818008e+03 3.274174315022192194e-02 7.878458773956359096e+01
1.161073145674972011e+03 3.289925424754349542e-02 7.846554500051047398e+01
1.156370050717056301e+03 3.305676534486506196e-02 7.814770894475752527e+01
1.151685241838007641e+03 3.321427644218663544e-02 7.783110866570783060e+01
1.147019315966103477e+03 3.337178753950820892e-02 7.751578450388852559e+01
1.142372874956140549e+03 3.352929863682978240e-02 7.720177713276154918e+01
1.137746491533141807e+03 3.368680973415134894e-02 7.688912525719354107e+01
1.133140710273514742e+03 3.384432083147292242e-02 7.657786567976211245e+01
1.128556048557510849e+03 3.400183192879449590e-02 7.626803336512348608e+01
1.123992997493797930e+03 3.415934302611606938e-02 7.595966150249530813e+01
1.119452022816683893e+03 3.431685412343764285e-02 7.565278156629096884e+01
1.114933565756801954e+03 3.447436522075920939e-02 7.534742337496106757e+01
1.110438043885811339e+03 3.463187631808078287e-02 7.504361514807808931e+01
1.105965851935802675e+03 3.478938741540235635e-02 7.474138356171205544e+01
1.101517362594084489e+03 3.494689851272392983e-02 7.444075380214252391e+01
1.097092927273894247e+03 3.510440961004549637e-02 7.414174961794327601e+01
1.092692876861782679e+03 3.526192070736706985e-02 7.384439337049053620e+01
1.088317522442175914e+03 3.541943180468864333e-02 7.354870608292925738e+01
1.083967155999769830e+03 3.557694290201021681e-02 7.325470748764105622e+01
1.079642051100334811e+03 3.573445399933179029e-02 7.296241607225286430e+01
1.075342463550543471e+03 3.589196509665335683e-02 7.267184912422851539e+01
1.071068632037321549e+03 3.604947619397493030e-02 7.238302277407609608e+01
1.066820778747373197e+03 3.620698729129650378e-02 7.209595203721544010e+01
1.062599109967334471e+03 3.636449838861807726e-02 7.181065085453690244e+01
1.058403816665183740e+03 3.652200948593964380e-02 7.152713213169289475e+01
1.054235075053341461e+03 3.667952058326121728e-02 7.124540777715246520e+01
1.050093047134053677e+03 3.683703168058279076e-02 7.096548873905832977e+01
1.045977881227504440e+03 3.699454277790436424e-02 7.068738504091690800e+01
1.041889712483184894e+03 3.715205387522593772e-02 7.041110581615657793e+01
1.037828663374981261e+03 3.730956497254750426e-02 7.013665934158606774e+01
1.033794844180433529e+03 3.746707606986907774e-02 6.986405306978248575e+01
1.029788353444675522e+03 3.762458716719065122e-02 6.959329366044482867e+01
1.025809278429423557e+03 3.778209826451222469e-02 6.932438701073661491e+01
1.021857695547539151e+03 3.793960936183379123e-02 6.905733828465356794e+01
1.017933670783513321e+03 3.809712045915536471e-02 6.879215194144022405e+01
1.014037260100322555e+03 3.825463155647693819e-02 6.852883176308515090e+01
1.010168509833048915e+03 3.841214265379851167e-02 6.826738088092214696e+01
1.006327457069698880e+03 3.856965375112008515e-02 6.800780180136572994e+01
1.002514130019505501e+03 3.872716484844165169e-02 6.775009643080129251e+01
9.987285483691995296e+02 3.888467594576322517e-02 6.749426609966178603e+01
9.949707236275460218e+02 3.904218704308479865e-02 6.724031158571180811e+01
9.912406594584928143e+02 3.919969814040637213e-02 6.698823313656168921e+01
9.875383520033464038e+02 3.935720923772793867e-02 6.673803049144009947e+01
9.838637901921902085e+02 3.951472033504951215e-02 6.648970290223998347e+01
9.802169560450157633e+02 3.967223143237108562e-02 6.624324915386900159e+01
9.765978249627617060e+02 3.982974252969265910e-02 6.599866758391779342e+01
9.730063660086067330e+02 3.998725362701423258e-02 6.575595610167013660e+01
9.694425421798732714e+02 4.014476472433579912e-02 6.551511220647797984e+01
9.659063106707235420e+02 4.030227582165737260e-02 6.527613300551462316e+01
9.623976231260329541e+02 4.045978691897894608e-02 6.503901523093151127e+01
9.589164258866593400e+02 4.061729801630051956e-02 6.480375525643357548e+01
9.554626559109050277e+02 4.077480911362208610e-02 6.457034882165085321e+01
9.520362163743848214e+02 4.093232021094365958e-02 6.433878938317289453e+01
9.486369950567772094e+02 4.108983130826523306e-02 6.410906935712887389e+01
9.452648769392534405e+02 4.124734240558680654e-02 6.388118097052446842e+01
9.419197443982658342e+02 4.140485350290838001e-02 6.365511627433775743e+01
9.386014773528434034e+02 4.156236460022994655e-02 6.343086715347386217e+01
9.353099534065751186e+02 4.171987569755152003e-02 6.320842533635988758e+01
9.320450479843721041e+02 4.187738679487309351e-02 6.298778240418757690e+01
9.288066344642599006e+02 4.203489789219466699e-02 6.276892979981963805e+01
9.255945843042761680e+02 4.219240898951623353e-02 6.255185883636575284e+01
9.224087671647318984e+02 4.234992008683780701e-02 6.233656070544481764e+01
9.192490510259144685e+02 4.250743118415938049e-02 6.212302648513944803e+01
9.161153023014275050e+02 4.266494228148095397e-02 6.191124714765542336e+01
9.130073859472977347e+02 4.282245337880252745e-02 6.170121356669525881e+01
9.099251655669812635e+02 4.297996447612409399e-02 6.149291652455446666e+01
9.068685035124266278e+02 4.313747557344566746e-02 6.128634671895140684e+01
9.038372609813173995e+02 4.329498667076724094e-02 6.108149476959903268e+01
9.008312981106032566e+02 4.345249776808881442e-02 6.087835122452568726e+01
8.978504740664966448e+02 4.361000886541038096e-02 6.067690656615707923e+01
8.948946471309777735e+02 4.376751996273195444e-02 6.047715121716237974e+01
8.919636747849999665e+02 4.392503106005352792e-02 6.027907554607718055e+01
8.890574137884508445e+02 4.408254215737510140e-02 6.008266987270732074e+01
8.861757202570298659e+02 4.424005325469667488e-02 5.988792447332429703e+01
8.833184497360830392e+02 4.439756435201824142e-02 5.969482958565494357e+01
8.804854572715511267e+02 4.455507544933981490e-02 5.950337541367633065e+01
8.776765974781264958e+02 4.471258654666138838e-02 5.931355213222150979e+01
8.748917246046663649e+02 4.487009764398296185e-02 5.912534989140044672e+01
8.721306925970100110e+02 4.502760874130452839e-02 5.893875882084505236e+01
8.693933551582653081e+02 4.518511983862610187e-02 5.875376903378342064e+01
8.666795658066355372e+02 4.534263093594767535e-02 5.857037063094771412e+01
8.639891779309050435e+02 4.550014203326924883e-02 5.838855370432396086e+01
8.613220448436484276e+02 4.565765313059082231e-02 5.820830834074800464e+01
8.586780198322055639e+02 4.581516422791238885e-02 5.802962462535019483e+01
8.560569562075831982e+02 4.597267532523396233e-02 5.785249264486032672e+01
8.534587073512528832e+02 4.613018642255553581e-02 5.767690249077026010e+01
8.508831267600152160e+02 4.628769751987710929e-02 5.750284426236577673e+01
8.483300680889086607e+02 4.644520861719867583e-02 5.733030806962642600e+01
8.457993851923084776e+02 4.660271971452024931e-02 5.715928403600297258e+01
8.432909321632225783e+02 4.676023081184182278e-02 5.698976230107301433e+01
8.408045633708684363e+02 4.691774190916339626e-02 5.682173302308045493e+01
8.383401334965996057e+02 4.707525300648496974e-02 5.665518638136336449e+01
8.358974975682199329e+02 4.723276410380653628e-02 5.649011257867308444e+01
8.334765109927539015e+02 4.739027520112810976e-02 5.632650184338867660e+01
8.310770295877441640e+02 4.754778629844968324e-02 5.616434443163213075e+01
8.286989096110655737e+02 4.770529739577125672e-02 5.600363062928317959e+01
8.263420077893963480e+02 4.786280849309282326e-02 5.584435075390334902e+01
8.240061813453266950e+02 4.802031959041439674e-02 5.568649515656804283e+01
8.216912880231751615e+02 4.817783068773597022e-02 5.553005422361106724e+01
8.193971861135628387e+02 4.833534178505754370e-02 5.537501837828559559e+01
8.171237344767923787e+02 4.849285288237911717e-02 5.522137808234386114e+01
8.148707925650522839e+02 4.865036397970068371e-02 5.506912383753792994e+01
8.126382204435116137e+02 4.880787507702225719e-02 5.491824618704521299e+01
8.104258788103371671e+02 4.896538617434383067e-02 5.476873571682118325e+01
8.082336290156783889e+02 4.912289727166540415e-02 5.462058305688245952e+01
8.060613330796371656e+02 4.928040836898697069e-02 5.447377888252119504e+01
8.039088537092710567e+02 4.943791946630854417e-02 5.432831391545406063e+01
8.017760543146888494e+02 4.959543056363011765e-02 5.418417892491014243e+01
7.996627990242318447e+02 4.975294166095169113e-02 5.404136472865680929e+01
7.975689526987800946e+02 4.991045275827326461e-02 5.389986219396647726e+01
7.954943793663944689e+02 5.006796385559483115e-02 5.375966213182952913e+01
7.934388928977568867e+02 5.022547495291640463e-02 5.362075196359111118e+01
7.914022489472800999e+02 5.038298605023797810e-02 5.348311517632976120e+01
7.893842036431078668e+02 5.054049714755955158e-02 5.334673528913877760e+01
7.873845171420923634e+02 5.069800824488111812e-02 5.321159609337250629e+01
7.854029535488535885e+02 5.085551934220269160e-02 5.307768164717604975e+01
7.834392808367432508e+02 5.101303043952426508e-02 5.294497627014418129e+01
7.814932707706287829e+02 5.117054153684583856e-02 5.281346453810304808e+01
7.795646988315652379e+02 5.132805263416741204e-02 5.268313127801950202e+01
7.776533441431489564e+02 5.148556373148897858e-02 5.255396156302388988e+01
7.757589893996159844e+02 5.164307482881055206e-02 5.242594070755125557e+01
7.738814207956172595e+02 5.180058592613212554e-02 5.229905426259521306e+01
7.720204279576068984e+02 5.195809702345369901e-02 5.217328801107138503e+01
7.701758038767992502e+02 5.211560812077526555e-02 5.204862796328647079e+01
7.683473448436840272e+02 5.227311921809683903e-02 5.192506035251280849e+01
7.665348503840257308e+02 5.243063031541841251e-02 5.180257163066332993e+01
7.647381231770548311e+02 5.258814141273998599e-02 5.168114846276269247e+01
7.629569636839682971e+02 5.274565251006155947e-02 5.156077736394045274e+01
7.611911630607204415e+02 5.290316360738312601e-02 5.144144422047617837e+01
7.594405141432794153e+02 5.306067470470469949e-02 5.132313503218495043e+01
7.577048132180303810e+02 5.321818580202627297e-02 5.120583603206173251e+01
7.559838599525531890e+02 5.337569689934784645e-02 5.108953368160337050e+01
7.542774573280307777e+02 5.353320799666941299e-02 5.097421466624056308e+01
7.525854115732374794e+02 5.369071909399098647e-02 5.085986589087683996e+01
7.509075321000850636e+02 5.384823019131255994e-02 5.074647447553277146e+01
7.492436314406386373e+02 5.400574128863413342e-02 5.063402775108950493e+01
7.475935251856302557e+02 5.416325238595570690e-02 5.052251325513349656e+01
7.459570319243754284e+02 5.432076348327727344e-02 5.041191872789606521e+01
7.443339731860730808e+02 5.447827458059884692e-02 5.030223210828633285e+01
7.427241733824612311e+02 5.463578567792042040e-02 5.019344153001599551e+01
7.411274597517779057e+02 5.479329677524199388e-02 5.008553531781220869e+01
7.395436623040143331e+02 5.495080787256356042e-02 4.997850198371774155e+01
7.379726137673947051e+02 5.510831896988513390e-02 4.987233022347393074e+01
7.364141495255830705e+02 5.526583006720670738e-02 4.976700891227739021e+01
7.348680921619302353e+02 5.542334116452828086e-02 4.966252606027710925e+01
7.333342211841094240e+02 5.558085226184985433e-02 4.955886676655948975e+01
7.318123116014675134e+02 5.573836335917142087e-02 4.945601582621320347e+01
7.303021426115385566e+02 5.589587445649299435e-02 4.935395831736542505e+01
7.288034975116714804e+02 5.605338555381456783e-02 4.925267959520957817e+01
7.273161636128779719e+02 5.621089665113614131e-02 4.915216528618323366e+01
7.258399321558321162e+02 5.636840774845770785e-02 4.905240128229123542e+01
7.243745982289789254e+02 5.652591884577928133e-02 4.895337373557157434e+01
7.229199606886505762e+02 5.668342994310085481e-02 4.885506905269674860e+01
7.214758220811866067e+02 5.684094104042242829e-02 4.875747388971063856e+01
7.200419885669584801e+02 5.699845213774400177e-02 4.866057514689413921e+01
7.186182698462553162e+02 5.715596323506556831e-02 4.856435996375642361e+01
7.172044790869911139e+02 5.731347433238714179e-02 4.846881571414942869e+01
7.158004328541684345e+02 5.747098542970871526e-02 4.837393000150096611e+01
7.144059510410472740e+02 5.762849652703028874e-02 4.827969065416316141e+01
7.130208568019775157e+02 5.778600762435185528e-02 4.818608572087322273e+01
7.116449764868668808e+02 5.794351872167342876e-02 4.809310346632467770e+01
7.102781395502845498e+02 5.810102981899500224e-02 4.800073236502475282e+01
7.089201635845815872e+02 5.825854091631657572e-02 4.790896008982969079e+01
7.075708300310445793e+02 5.841605201363814920e-02 4.781777187049986821e+01
7.062299180986076408e+02 5.857356311095971574e-02 4.772715278593290833e+01
7.048972112949752500e+02 5.873107420828128922e-02 4.763708820553809886e+01
7.035724973391420463e+02 5.888858530560286270e-02 4.754756378332453437e+01
7.022555680761305439e+02 5.904609640292443618e-02 4.745856545213908362e+01
7.009462193938543351e+02 5.920360750024600272e-02 4.737007941804794342e+01
6.996442511420992787e+02 5.936111859756757619e-02 4.728209215486142369e+01
6.983494670534968236e+02 5.951862969488914967e-02 4.719459039879321693e+01
6.970616746665059509e+02 5.967614079221072315e-02 4.710756114325567268e+01
6.957806852502452557e+02 5.983365188953229663e-02 4.702099163377970115e+01
6.945063137312390609e+02 5.999116298685386317e-02 4.693486936306452861e+01
6.932383786218999830e+02 6.014867408417543665e-02 4.684918206614427305e+01
6.919767019508052499e+02 6.030618518149701013e-02 4.676391771567621447e+01
6.907211091946422812e+02 6.046369627881858361e-02 4.667906451734155127e+01
6.894714292117972718e+02 6.062120737614015015e-02 4.659461090535729966e+01
6.882274941775503976e+02 6.077871847346172363e-02 4.651054553809685643e+01
6.869891395208204585e+02 6.093622957078329710e-02 4.642685729381511806e+01
6.857562036965556445e+02 6.109374066810487058e-02 4.634353525526658046e+01
6.845285102094437661e+02 6.125125176542643712e-02 4.626056749486433262e+01
6.833058520782622054e+02 6.140876286274801060e-02 4.617794002477788240e+01
6.820880227514987837e+02 6.156627396006958408e-02 4.609563888621650563e+01
6.808748198640718101e+02 6.172378505739115756e-02 4.601365040330931322e+01
6.796660451590697676e+02 6.188129615471273104e-02 4.593196117781640453e+01
6.784615044114697184e+02 6.203880725203429758e-02 4.585055808397357424e+01
6.772610073537153994e+02 6.219631834935587106e-02 4.576942826346306248e+01
6.760643676031446603e+02 6.235382944667744454e-02 4.568855912050889856e+01
6.748714025911900762e+02 6.251134054399902495e-02 4.560793831709249702e+01
6.736819334943110107e+02 6.266885164132059149e-02 4.552755376828473288e+01
6.724957851665853923e+02 6.282636273864215803e-02 4.544739363769078722e+01
6.713127860739177777e+02 6.298387383596373845e-02 4.536744633300368434e+01
6.701327682298407353e+02 6.314138493328530499e-02 4.528770050166590266e+01
6.689555671328067774e+02 6.329889603060687153e-02 4.520814502663142775e+01
6.677810217049959647e+02 6.345640712792845195e-02 4.512876902223035813e+01
6.666089742325233374e+02 6.361391822525001849e-02 4.504956183012829030e+01
6.654392703070589050e+02 6.377142932257158503e-02 4.497051301538075307e+01
6.642717587687850482e+02 6.392894041989316545e-02 4.489161236257839249e+01
6.631062916506749616e+02 6.408645151721473199e-02 4.481284987208126580e+01
6.619427236356331150e+02 6.424396261453631241e-02 4.473421572333231211e+01
6.607808952860098088e+02 6.440147371185787895e-02 4.465569914150469799e+01
6.596206292510447611e+02 6.455898480917944549e-02 4.457728814120016381e+01
6.584617506699506748e+02 6.471649590650102590e-02 4.449897090529328381e+01
6.573040884670413107e+02 6.487400700382259244e-02 4.442073587245652533e+01
6.561474752893260529e+02 6.503151810114417286e-02 4.434257173294276555e+01
6.549917474455669435e+02 6.518902919846573940e-02 4.426446742446690763e+01
6.538367448467438408e+02 6.534654029578730594e-02 4.418641212818239694e+01
6.526823109478857532e+02 6.550405139310888636e-02 4.410839526475014338e+01
6.515282926912401535e+02 6.566156249043045290e-02 4.403040649049805211e+01
6.503745404507018293e+02 6.581907358775203332e-02 4.395243569366530068e+01
6.492209079775169585e+02 6.597658468507359986e-02 4.387447299073313900e+01
6.480672523471507702e+02 6.613409578239516640e-02 4.379650872283428953e+01
6.469134339073697220e+02 6.629160687971674681e-02 4.371853345224403142e+01
6.457593162274185943e+02 6.644911797703831335e-02 4.364053795894594145e+01
6.446047660482986430e+02 6.660662907435987989e-02 4.356251323727141056e+01
6.434496532341299826e+02 6.676414017168146031e-02 4.348445049261275841e+01
6.422938507245194160e+02 6.692165126900302685e-02 4.340634113820441087e+01
6.411372344879309821e+02 6.707916236632460727e-02 4.332817679197144400e+01
6.399796834760348929e+02 6.723667346364617381e-02 4.324994927344458517e+01
6.388210795789774465e+02 6.739418456096774035e-02 4.317165060073738658e+01
6.376613070359851463e+02 6.755169565828932077e-02 4.309327295071463482e+01
6.365002432195478832e+02 6.770920675561088731e-02 4.301480803618579074e+01
6.353377601645153163e+02 6.786671785293246772e-02 4.293624720924153593e+01
6.341737327923779048e+02 6.802422895025403426e-02 4.285758201705231585e+01
6.330080391452131607e+02 6.818174004757560080e-02 4.277880421767839891e+01
6.318405603407811668e+02 6.833925114489718122e-02 4.269990577703534029e+01
6.306711805284722914e+02 6.849676224221874776e-02 4.262087886591676522e+01
6.294997868461413191e+02 6.865427333954032818e-02 4.254171585707735659e+01
6.283262693777793402e+02 6.881178443686189472e-02 4.246240932237226673e+01
6.271505211119859950e+02 6.896929553418346126e-02 4.238295202995055178e+01
6.259724379012411646e+02 6.912680663150504168e-02 4.230333694150296253e+01
6.247919184219229010e+02 6.928431772882660822e-02 4.222355720955973624e+01
6.236088641350731905e+02 6.944182882614817476e-02 4.214360617483928451e+01
6.224231792478630041e+02 6.959933992346975518e-02 4.206347736364389078e+01
6.212347706757649348e+02 6.975685102079132172e-02 4.198316448530344758e+01
6.200435480053853325e+02 6.991436211811290213e-02 4.190266142966351737e+01
6.188494234579454769e+02 7.007187321543446867e-02 4.182196226461748267e+01
6.176523118533827983e+02 7.022938431275603521e-02 4.174106123368041210e+01
6.164521305750810143e+02 7.038689541007761563e-02 4.165995275360562289e+01
6.152487995351741574e+02 7.054440650739918217e-02 4.157863141203979751e+01
6.140422411404138074e+02 7.070191760472076259e-02 4.149709196521645538e+01
6.128323802586102147e+02 7.085942870204232913e-02 4.141532933568775121e+01
6.116191444373556578e+02 7.101693979936389567e-02 4.133333862710621531e+01
6.104024669783275385e+02 7.117445089668547609e-02 4.125111533198645475e+01
6.091822858638771550e+02 7.133196199400704263e-02 4.116865525916389856e+01
6.079585413333561519e+02 7.148947309132862304e-02 4.108595437000251138e+01
6.067311758007730305e+02 7.164698418865018958e-02 4.100300877283001455e+01
6.055001338256267900e+02 7.180449528597175612e-02 4.091981472096670558e+01
6.042653620841491602e+02 7.196200638329333654e-02 4.083636861078218772e+01
6.030268093409694075e+02 7.211951748061490308e-02 4.075266697978032937e+01
6.017844264211494192e+02 7.227702857793646962e-02 4.066870650470937676e+01
6.005381661826141908e+02 7.243453967525805004e-02 4.058448399969888953e+01
5.992879834889392896e+02 7.259205077257961658e-02 4.049999641442072118e+01
5.980338351825047312e+02 7.274956186990119700e-02 4.041524083227463393e+01
5.967756800579966239e+02 7.290707296722276354e-02 4.033021446859770265e+01
5.955134788362344125e+02 7.306458406454433008e-02 4.024491466889530500e+01
5.942471941383432750e+02 7.322209516186591050e-02 4.015933890709602139e+01
5.929767904602356339e+02 7.337960625918747704e-02 4.007348478382677825e+01
5.917022341474071254e+02 7.353711735650905745e-02 3.998735002470979083e+01
5.904234933700262218e+02 7.369462845383062399e-02 3.990093247867893922e+01
5.891405380983280793e+02 7.385213955115219053e-02 3.981423011631694919e+01
5.878533400782852141e+02 7.400965064847377095e-02 3.972724102821126735e+01
5.865618728075570516e+02 7.416716174579533749e-02 3.963996342332868750e+01
5.852661115117088002e+02 7.432467284311691791e-02 3.955239562740814563e+01
5.839660331207027184e+02 7.448218394043848445e-02 3.946453608137206714e+01
5.826616172305135706e+02 7.463969503776005099e-02 3.937638340631254152e+01
5.813528611508272661e+02 7.479720613508163141e-02 3.928793742041766279e+01
5.800397765317673020e+02 7.495471723240319795e-02 3.919919891100494169e+01
5.787223763699934125e+02 7.511222832972476449e-02 3.911016875639114687e+01
5.774006746032387127e+02 7.526973942704634490e-02 3.902084789849097035e+01
5.760746860948396488e+02 7.542725052436791144e-02 3.893123734177151363e+01
5.747444266184536446e+02 7.558476162168949186e-02 3.884133815221956354e+01
5.734099128428615586e+02 7.574227271901105840e-02 3.875115145631450986e+01
5.720711623169543145e+02 7.589978381633262494e-02 3.866067844001373288e+01
5.707281934548184381e+02 7.605729491365420536e-02 3.856992034774476252e+01
5.693810255209743900e+02 7.621480601097577190e-02 3.847887848140753420e+01
5.680296786157357474e+02 7.637231710829735232e-02 3.838755419938507885e+01
5.666741736607037865e+02 7.652982820561891886e-02 3.829594891556325109e+01
5.653145323843823462e+02 7.668733930294048540e-02 3.820406409835843675e+01
5.639507773079245680e+02 7.684485040026206581e-02 3.811190126975450454e+01
5.625829317309984390e+02 7.700236149758363235e-02 3.801946200434746004e+01
5.612110197177811415e+02 7.715987259490521277e-02 3.792674792839897435e+01
5.598350660830639072e+02 7.731738369222677931e-02 3.783376071889741610e+01
5.584550963784909072e+02 7.747489478954834585e-02 3.774050210262775806e+01
5.570711368789052358e+02 7.763240588686992627e-02 3.764697385524890905e+01
5.556832145688126730e+02 7.778991698419149281e-02 3.755317780037893982e+01
5.542913571289650463e+02 7.794742808151305935e-02 3.745911580868833823e+01
5.528955929230623951e+02 7.810493917883463977e-02 3.736478979700136449e+01
5.514959509845543835e+02 7.826245027615620631e-02 3.727020172740411397e+01
5.500924613548564821e+02 7.841996137347778673e-02 3.717535363010117067e+01
5.486851738500284910e+02 7.857747247079935327e-02 3.708024887167137962e+01
5.472741669862931531e+02 7.873498356812091981e-02 3.698489275825608757e+01
5.458595211591048155e+02 7.889249466544250022e-02 3.688929072299541190e+01
5.444413162635387380e+02 7.905000576276406676e-02 3.679344816521383876e+01
5.430196316931434239e+02 7.920751686008564718e-02 3.669737045034254663e+01
5.415945463388511598e+02 7.936502795740721372e-02 3.660106290984578692e+01
5.401661385879762065e+02 7.952253905472878026e-02 3.650453084115324032e+01
5.387344863232599437e+02 7.968005015205036068e-02 3.640777950759546400e+01
5.372996669220055992e+02 7.983756124937192722e-02 3.631081413834539262e+01
5.358617572552612955e+02 7.999507234669350764e-02 3.621363992836310786e+01
5.344208336870801759e+02 8.015258344401507418e-02 3.611626203834596538e+01
5.329769720738405567e+02 8.031009454133664072e-02 3.601868559468244513e+01
5.315302477636354297e+02 8.046760563865822113e-02 3.592091568941111746e+01
5.300807355957110758e+02 8.062511673597978767e-02 3.582295738018252251e+01
5.286285098999886714e+02 8.078262783330135421e-02 3.572481569022692582e+01
5.271736444966309136e+02 8.094013893062293463e-02 3.562649560832502971e+01
5.257162126956743577e+02 8.109765002794450117e-02 3.552800208878311139e+01
5.242562872967189378e+02 8.125516112526608159e-02 3.542934005141205489e+01
5.227939405886813802e+02 8.141267222258764813e-02 3.533051438151061774e+01
5.213292443496022770e+02 8.157018331990921467e-02 3.523152992985255594e+01
5.198622698465105714e+02 8.172769441723079509e-02 3.513239151267728744e+01
5.183930878353363596e+02 8.188520551455236163e-02 3.503310391168405857e+01
5.169217685609030468e+02 8.204271661187394205e-02 3.493367187403146090e+01
5.154483817569361008e+02 8.220022770919550859e-02 3.483410011233799253e+01
5.139729966461648019e+02 8.235773880651707513e-02 3.473439330468893615e+01
5.124956888309322949e+02 8.251524990383865554e-02 3.463455656030506447e+01
5.110165732684364457e+02 8.267276100116022208e-02 3.453459764801578302e+01
5.095357777389006060e+02 8.283027209848178862e-02 3.443452520323297250e+01
5.080534281372343344e+02 8.298778319580336904e-02 3.433434773395870820e+01
5.065696484690278112e+02 8.314529429312493558e-02 3.423407362051444380e+01
5.050845608669016542e+02 8.330280539044651600e-02 3.413371111664601187e+01
5.035982856069234685e+02 8.346031648776808254e-02 3.403326835063305822e+01
5.021109411250727703e+02 8.361782758508964908e-02 3.393275332640168784e+01
5.006226440337712233e+02 8.377533868241122950e-02 3.383217392464163709e+01
4.991335091384576685e+02 8.393284977973279604e-02 3.373153790392639451e+01
4.976436494541900402e+02 8.409036087705437645e-02 3.363085290183516207e+01
4.961531762222959969e+02 8.424787197437594299e-02 3.353012643607813459e+01
4.946621989270392987e+02 8.440538307169750953e-02 3.342936590562275256e+01
4.931708253123039754e+02 8.456289416901908995e-02 3.332857859182130511e+01
4.916791613983089633e+02 8.472040526634065649e-02 3.322777165954040868e+01
4.901873114983097253e+02 8.487791636366223691e-02 3.312695215828982498e+01
4.886953782353261886e+02 8.503542746098380345e-02 3.302612702335283501e+01
4.872034625588456720e+02 8.519293855830536999e-02 3.292530307691508540e+01
4.857116637615412174e+02 8.535044965562695041e-02 3.282448702919439398e+01
4.842200794959614427e+02 8.550796075294851695e-02 3.272368547956860851e+01
4.827288057912057866e+02 8.566547185027008349e-02 3.262290491770266954e+01
4.812379370695923058e+02 8.582298294759166390e-02 3.252215172467484194e+01
4.797475661632831816e+02 8.598049404491323044e-02 3.242143217410038858e+01
4.782577843308840215e+02 8.613800514223481086e-02 3.232075243325329694e+01
4.767686812740164441e+02 8.629551623955637740e-02 3.222011856418632192e+01
4.752803451538399599e+02 8.645302733687794394e-02 3.211953652484746158e+01
4.737928626174841042e+02 8.661053843419952436e-02 3.201901217086624740e+01
4.723063321074394025e+02 8.676804953152109090e-02 3.191855215500502752e+01
4.708208896215300570e+02 8.692556062884267132e-02 3.181816566802272916e+01
4.693366756987286976e+02 8.708307172616423786e-02 3.171786220756998276e+01
4.678538280360982071e+02 8.724058282348580440e-02 3.161765107924060558e+01
4.663724815237081884e+02 8.739809392080738482e-02 3.151754139893126094e+01
4.648927682795322767e+02 8.755560501812895136e-02 3.141754209519985253e+01
4.634148176842738849e+02 8.771311611545053177e-02 3.131766191161902313e+01
4.619387564161367550e+02 8.787062721277209831e-02 3.121790940912599766e+01
4.604647084855113235e+02 8.802813831009366485e-02 3.111829296836665648e+01
4.589927952695711042e+02 8.818564940741524527e-02 3.101882079203355147e+01
4.575231355467747107e+02 8.834316050473681181e-02 3.091950090719764077e+01
4.560558455312361730e+02 8.850067160205837835e-02 3.082034116763092513e+01
4.545910389069923667e+02 8.865818269937995877e-02 3.072134925612232692e+01
4.531288268621173074e+02 8.881569379670152531e-02 3.062253268678318108e+01
4.516693181227022933e+02 8.897320489402310573e-02 3.052389880734344985e+01
4.502126189866763184e+02 8.913071599134467227e-02 3.042545480143751391e+01
4.487588333574654484e+02 8.928822708866623881e-02 3.032720769087874757e+01
4.473080627774813820e+02 8.944573818598781922e-02 3.022916433792273239e+01
4.458604064614223716e+02 8.960324928330938576e-02 3.013133144751774495e+01
4.444159613293985558e+02 8.976076038063096618e-02 3.003371556954332178e+01
4.429748220398512331e+02 8.991827147795253272e-02 2.993632310103502903e+01
4.415370810222675573e+02 9.007578257527409926e-02 2.983916028839524870e+01
4.401028285097019648e+02 9.023329367259567968e-02 2.974223322959105786e+01
4.386721525710587457e+02 9.039080476991724622e-02 2.964554787633581512e+01
4.372451391431721390e+02 9.054831586723882664e-02 2.954911003625721122e+01
4.358218720626466620e+02 9.070582696456039318e-02 2.945292537504898078e+01
4.344024330974696113e+02 9.086333806188195972e-02 2.935699941860734086e+01
4.329869019783817521e+02 9.102084915920354014e-02 2.926133755515096624e+01
4.315753628139116245e+02 9.117836025652510668e-02 2.916594546875031213e+01
4.301679268006407710e+02 9.133587135384667322e-02 2.907083067409158161e+01
4.287647107122102170e+02 9.149338245116825363e-02 2.897600106275974596e+01
4.273658283982826447e+02 9.165089354848982017e-02 2.888146432873676517e+01
4.259713908301521315e+02 9.180840464581140059e-02 2.878722797148388679e+01
4.245815061468157410e+02 9.196591574313296713e-02 2.869329929905519805e+01
4.231962797007472545e+02 9.212342684045453367e-02 2.859968543119100559e+01
4.218158141033326842e+02 9.228093793777611409e-02 2.850639330238837132e+01
4.204402092700097455e+02 9.243844903509768063e-02 2.841342966495167133e+01
4.190695624650384161e+02 9.259596013241926105e-02 2.832080109201816143e+01
4.177039683459494199e+02 9.275347122974082759e-02 2.822851398056187477e+01
4.163435190076172603e+02 9.291098232706239413e-02 2.813657455437202159e+01
4.149883040259837230e+02 9.306849342438397454e-02 2.804498886700783800e+01
4.136384105014087709e+02 9.322600452170554108e-02 2.795376280472830288e+01
4.122939231016305257e+02 9.338351561902712150e-02 2.786290208939533741e+01
4.109549241043557686e+02 9.354102671634868804e-02 2.777241228135209283e+01
4.096214934394493525e+02 9.369853781367025458e-02 2.768229878227408847e+01
4.082937087307295769e+02 9.385604891099183500e-02 2.759256683799380738e+01
4.069716453373581544e+02 9.401356000831340154e-02 2.750322154129777630e+01
4.056553763948297728e+02 9.417107110563496808e-02 2.741426783469673012e+01
4.043449728555360139e+02 9.432858220295654850e-02 2.732571051316682187e+01
4.030405035289334137e+02 9.448609330027811504e-02 2.723755422686427963e+01
4.017420351212750802e+02 9.464360439759969545e-02 2.714980348381041608e+01
4.004496322749217825e+02 9.480111549492126199e-02 2.706246265254834427e+01
3.991633576072361507e+02 9.495862659224282853e-02 2.697553596477138171e+01
3.978832717490382720e+02 9.511613768956440895e-02 2.688902751792193868e+01
3.966094333826392244e+02 9.527364878688597549e-02 2.680294127776179636e+01
3.953418992794331643e+02 9.543115988420755591e-02 2.671728108091263110e+01
3.940807243370643391e+02 9.558867098152912245e-02 2.663205063736772260e+01
3.928259617417504046e+02 9.574618207885068899e-02 2.654725354146183847e+01
3.915776688663551113e+02 9.590369317617226941e-02 2.646289367046403385e+01
3.903359096438076676e+02 9.606120427349383595e-02 2.637897534497390239e+01
3.891007465938025689e+02 9.621871537081541637e-02 2.629550279008435254e+01
3.878722402082747180e+02 9.637622646813698291e-02 2.621248009385188027e+01
3.866504489922248808e+02 9.653373756545854945e-02 2.612991121005564210e+01
3.854354295040807870e+02 9.669124866278012986e-02 2.604779996092494798e+01
3.842272363955663650e+02 9.684875976010169640e-02 2.596615003983377790e+01
3.830259224510948002e+02 9.700627085742326294e-02 2.588496501396281957e+01
3.818315386266719997e+02 9.716378195474484336e-02 2.580424832692873949e+01
3.806441340883235966e+02 9.732129305206640990e-02 2.572400330138091817e+01
3.794637562500302579e+02 9.747880414938799032e-02 2.564423314156521272e+01
3.782904508111855648e+02 9.763631524670955686e-02 2.556494093585539318e+01
3.771242617935637327e+02 9.779382634403112340e-02 2.548612965925135398e+01
3.759652315778109255e+02 9.795133744135270382e-02 2.540780217584527634e+01
3.748134009394480017e+02 9.810884853867427036e-02 2.532996124125464021e+01
3.736688090843935015e+02 9.826635963599585077e-02 2.525260950502291735e+01
3.725314936840164250e+02 9.842387073331741731e-02 2.517574951298838926e+01
3.714014909096874817e+02 9.858138183063898385e-02 2.509938370961924647e+01
3.702788354668851412e+02 9.873889292796056427e-02 2.502351444031832983e+01
3.691635606287973701e+02 9.889640402528213081e-02 2.494814395369404281e+01
3.680556982694707244e+02 9.905391512260371123e-02 2.487327440380055421e+01
3.669552788964836623e+02 9.921142621992527777e-02 2.479890785234580974e+01
3.658623316831444754e+02 9.936893731724684431e-02 2.472504627086758333e+01
3.647768845002369744e+02 9.952644841456842473e-02 2.465169154287876552e+01
3.636989639472957947e+02 9.968395951188999127e-02 2.457884546598099718e+01
3.626285953834234306e+02 9.984147060921155781e-02 2.450650975394725606e+01
3.615658029576520676e+02 9.999898170653313823e-02 2.443468603877375145e+01
3.605106096388563515e+02 1.001564928038547048e-01 2.436337587270141825e+01
3.594630372452074312e+02 1.003140039011762852e-01 2.429258073020643494e+01
3.584231064731895913e+02 1.004715149984978517e-01 2.422230200996117588e+01
3.573908368694469004e+02 1.006290260958194183e-01 2.415254103293156263e+01
3.563662409573047398e+02 1.007865371931409987e-01 2.408329864544633381e+01
3.553493192709981372e+02 1.009440482904625652e-01 2.401457488360916415e+01
3.543400704787209747e+02 1.011015593877841456e-01 2.394636965741637269e+01
3.533384926343373991e+02 1.012590704851057122e-01 2.387868283534773539e+01
3.523445831959790553e+02 1.014165815824272787e-01 2.381151424562325758e+01
3.513583390443282610e+02 1.015740926797488591e-01 2.374486367743889659e+01
3.503797565005787078e+02 1.017316037770704257e-01 2.367873088218020428e+01
3.494088313440627189e+02 1.018891148743920061e-01 2.361311557461363719e+01
3.484455588295770099e+02 1.020466259717135726e-01 2.354801743405748482e+01
3.474899337043934793e+02 1.022041370690351392e-01 2.348343610553134653e+01
3.465419502249600328e+02 1.023616481663567196e-01 2.341937120088489266e+01
3.456016021733082653e+02 1.025191592636782861e-01 2.335582229990662384e+01
3.446688828731494709e+02 1.026766703609998527e-01 2.329278895141167993e+01
3.437437852056924612e+02 1.028341814583214331e-01 2.323027067431078407e+01
3.428263016251635236e+02 1.029916925556429996e-01 2.316826695865910679e+01
3.419164241740380703e+02 1.031492036529645800e-01 2.310677726668562570e+01
3.410141444980022811e+02 1.033067147502861466e-01 2.304580103380421008e+01
3.401194538606270044e+02 1.034642258476077131e-01 2.298533766960531821e+01
3.392323431577777910e+02 1.036217369449292935e-01 2.292538655882979270e+01
3.383528029317520236e+02 1.037792480422508601e-01 2.286594706232428820e+01
3.374808233851481418e+02 1.039367591395724405e-01 2.280701851797853763e+01
3.366163943944867469e+02 1.040942702368940070e-01 2.274860024164587102e+01
3.357595055235614723e+02 1.042517813342155736e-01 2.269069152804544487e+01
3.349101460365483263e+02 1.044092924315371540e-01 2.263329165164825696e+01
3.340683049108576483e+02 1.045668035288587205e-01 2.257639986754557171e+01
3.332339708497545416e+02 1.047243146261803010e-01 2.252001541230189829e+01
3.324071322947270346e+02 1.048818257235018675e-01 2.246413750479078431e+01
3.315877774376193088e+02 1.050393368208234340e-01 2.240876534701479628e+01
3.307758942325397697e+02 1.051968479181450145e-01 2.235389812491029105e+01
3.299714704075373106e+02 1.053543590154665810e-01 2.229953500913645570e+01
3.291744934760471324e+02 1.055118701127881475e-01 2.224567515584887190e+01
3.283849507481205023e+02 1.056693812101097280e-01 2.219231770745836485e+01
3.276028279913568326e+02 1.058268923074312945e-01 2.213946170213659315e+01
3.268280881003084346e+02 1.059844034047528749e-01 2.208710463229031973e+01
3.260606753996723342e+02 1.061419145020744415e-01 2.203524273537190581e+01
3.253005342536235389e+02 1.062994255993960080e-01 2.198387225150169755e+01
3.245476096416023211e+02 1.064569366967175884e-01 2.193298946237974434e+01
3.238018471512131669e+02 1.066144477940391549e-01 2.188259069080597286e+01
3.230631929712172337e+02 1.067719588913607354e-01 2.183267230020655347e+01
3.223315938846042172e+02 1.069294699886823019e-01 2.178323069416580182e+01
3.216069972617788721e+02 1.070869810860038684e-01 2.173426231596558722e+01
3.208893510538185865e+02 1.072444921833254489e-01 2.168576364812979307e+01
3.201786037858269651e+02 1.074020032806470154e-01 2.163773121197506910e+01
3.194747045503788740e+02 1.075595143779685958e-01 2.159016156716792523e+01
3.187776030010487034e+02 1.077170254752901624e-01 2.154305131128728235e+01
3.180872493460217356e+02 1.078745365726117289e-01 2.149639707939278921e+01
3.174035943417938483e+02 1.080320476699333093e-01 2.145019554359903680e+01
3.167265892869540380e+02 1.081895587672548759e-01 2.140444341265536110e+01
3.160561860160477181e+02 1.083470698645764424e-01 2.135913743153114197e+01
3.153923368935181202e+02 1.085045809618980228e-01 2.131427438100635996e+01
3.147349948077325053e+02 1.086620920592195894e-01 2.126985107726784108e+01
3.140841131650826128e+02 1.088196031565411698e-01 2.122586437151068139e+01
3.134396458841667368e+02 1.089771142538627363e-01 2.118231114954491900e+01
3.128015473900417192e+02 1.091346253511843029e-01 2.113918833140722242e+01
3.121697726085591853e+02 1.092921364485058833e-01 2.109649287097798265e+01
3.115442769607640230e+02 1.094496475458274498e-01 2.105422175560294207e+01
3.109250163573788655e+02 1.096071586431490302e-01 2.101237200572028385e+01
3.103119471933512159e+02 1.097646697404705968e-01 2.097094067449224752e+01
3.097050263424779928e+02 1.099221808377921633e-01 2.092992484744178938e+01
3.091042111520903291e+02 1.100796919351137437e-01 2.088932164209338183e+01
3.085094594378237502e+02 1.102372030324353103e-01 2.084912820761963204e+01
3.079207294784414444e+02 1.103947141297568907e-01 2.080934172449138231e+01
3.073379800107292112e+02 1.105522252270784572e-01 2.076995940413274155e+01
3.067611702244643084e+02 1.107097363244000238e-01 2.073097848858103376e+01
3.061902597574378433e+02 1.108672474217216042e-01 2.069239625015049810e+01
3.056252086905462875e+02 1.110247585190431707e-01 2.065420999110048328e+01
3.050659774755101807e+02 1.111822696163647373e-01 2.061641703875069354e+01
3.045125130840064003e+02 1.113397807136863177e-01 2.057901380943694392e+01
3.039647323701447021e+02 1.114972918110078842e-01 2.054199468414408258e+01
3.034225491837415802e+02 1.116548029083294646e-01 2.050535384082622414e+01
3.028858785372137845e+02 1.118123140056510312e-01 2.046908553600630043e+01
3.023546365854417672e+02 1.119698251029725977e-01 2.043318410341507985e+01
3.018287406060485409e+02 1.121273362002941781e-01 2.039764395265853736e+01
3.013081089800903669e+02 1.122848472976157447e-01 2.036245956791284684e+01
3.007926611731566027e+02 1.124423583949373251e-01 2.032762550664717338e+01
3.002823177168575626e+02 1.125998694922588916e-01 2.029313639837253902e+01
2.997770001906982316e+02 1.127573805895804582e-01 2.025898694341692163e+01
2.992766312043360131e+02 1.129148916869020386e-01 2.022517191172618212e+01
2.987811343801905650e+02 1.130724027842236051e-01 2.019168614168885512e+01
2.982904343364317015e+02 1.132299138815451855e-01 2.015852453898643759e+01
2.978044566703022724e+02 1.133874249788667521e-01 2.012568207546640409e+01
2.973231279418001236e+02 1.135449360761883186e-01 2.009315378803936980e+01
2.968463756576777541e+02 1.137024471735098990e-01 2.006093477759782928e+01
2.963741282557898558e+02 1.138599582708314656e-01 2.002902020795831817e+01
2.959063150897445666e+02 1.140174693681530321e-01 1.999740530482418066e+01
2.954428664138802674e+02 1.141749804654746125e-01 1.996608535477029278e+01
2.949837133685448975e+02 1.143324915627961791e-01 1.993505570424819950e+01
2.945287879656735868e+02 1.144900026601177595e-01 1.990431175861149171e+01
2.940780230746639177e+02 1.146475137574393260e-01 1.987384898116122756e+01
2.936313524085331323e+02 1.148050248547608926e-01 1.984366289221046031e+01
2.931887105103634212e+02 1.149625359520824730e-01 1.981374906816817827e+01
2.927500327400103970e+02 1.151200470494040395e-01 1.978410314064105791e+01
2.923152552610914086e+02 1.152775581467256200e-01 1.975472079555417793e+01
2.918843150282302759e+02 1.154350692440471865e-01 1.972559777228897460e+01
2.914571497745602073e+02 1.155925803413687530e-01 1.969672986283869065e+01
2.910336979994767717e+02 1.157500914386903335e-01 1.966811291098072090e+01
2.906138989566372857e+02 1.159076025360119000e-01 1.963974281146564138e+01
2.901976926422046290e+02 1.160651136333334804e-01 1.961161550922265562e+01
2.897850197833177504e+02 1.162226247306550470e-01 1.958372699858049870e+01
2.893758218268008591e+02 1.163801358279766135e-01 1.955607332250437125e+01
2.889700409280938516e+02 1.165376469252981939e-01 1.952865057184783737e+01
2.885676199403991973e+02 1.166951580226197605e-01 1.950145488461940957e+01
2.881685024017671140e+02 1.168526691199413270e-01 1.947448244510972870e+01
2.877726256306320920e+02 1.170101802172629074e-01 1.944772901728662973e+01
2.873799056759276027e+02 1.171676913145844739e-01 1.942118892772099414e+01
2.869902552417892707e+02 1.173252024119060544e-01 1.939485627694164549e+01
2.866035881199147752e+02 1.174827135092276209e-01 1.936872523897501353e+01
2.862198191727708263e+02 1.176402246065491874e-01 1.934279006021035130e+01
2.858388643172213506e+02 1.177977357038707679e-01 1.931704505829327800e+01
2.854606405085631877e+02 1.179552468011923344e-01 1.929148462104684825e+01
2.850850657249596338e+02 1.181127578985139148e-01 1.926610320541969656e+01
2.847120589522687055e+02 1.182702689958354814e-01 1.924089533646062833e+01
2.843415401692434443e+02 1.184277800931570479e-01 1.921585560631846334e+01
2.839734303331094338e+02 1.185852911904786283e-01 1.919097867326743412e+01
2.836076513655017948e+02 1.187428022878001949e-01 1.916625926075672481e+01
2.832441261387536429e+02 1.189003133851217753e-01 1.914169215648385247e+01
2.828827784625277673e+02 1.190578244824433418e-01 1.911727221149127587e+01
2.825235330707899948e+02 1.192153355797649084e-01 1.909299433928604017e+01
2.821663156091008773e+02 1.193728466770864888e-01 1.906885351498092618e+01
2.818110526222371277e+02 1.195303577744080553e-01 1.904484477445789636e+01
2.814576715421172821e+02 1.196878688717296219e-01 1.902096321355212893e+01
2.811061006760316445e+02 1.198453799690512023e-01 1.899720398725664339e+01
2.807562691951749230e+02 1.200028910663727688e-01 1.897356230894721563e+01
2.804081071234618321e+02 1.201604021636943492e-01 1.895003344962665182e+01
2.800615453266287886e+02 1.203179132610159158e-01 1.892661273718819714e+01
2.797165155016091944e+02 1.204754243583374823e-01 1.890329555569757858e+01
2.793729501661817380e+02 1.206329354556590627e-01 1.888007734469337962e+01
2.790307826488700016e+02 1.207904465529806293e-01 1.885695359850447517e+01
2.786899470791119597e+02 1.209479576503022097e-01 1.883391986558570963e+01
2.783503783776682781e+02 1.211054687476237762e-01 1.881097174786965809e+01
2.780120122472803814e+02 1.212629798449453428e-01 1.878810490013531265e+01
2.776747851635573738e+02 1.214204909422669232e-01 1.876531502939216622e+01
2.773386343661065894e+02 1.215780020395884897e-01 1.874259789428091949e+01
2.770034978498760552e+02 1.217355131369100563e-01 1.871994930448832051e+01
2.766693143567319453e+02 1.218930242342316367e-01 1.869736512017796670e+01
2.763360233672339632e+02 1.220505353315532032e-01 1.867484125143452545e+01
2.760035650926338349e+02 1.222080464288747836e-01 1.865237365772296840e+01
2.756718804670711620e+02 1.223655575261963502e-01 1.862995834736114986e+01
2.753409111399693643e+02 1.225230686235179167e-01 1.860759137700598131e+01
2.750105994686235249e+02 1.226805797208394971e-01 1.858526885115245264e+01
2.746808885099172244e+02 1.228380908181610637e-01 1.856298692157385588e+01
2.743517204827895171e+02 1.229956019154826441e-01 1.854074168341505668e+01
2.740230337361384159e+02 1.231531130128042106e-01 1.851852897028281930e+01
2.736947665238366767e+02 1.233106241101257772e-01 1.849634460936205471e+01
2.733668578590729794e+02 1.234681352074473576e-01 1.847418447915242012e+01
2.730392475072368370e+02 1.236256463047689241e-01 1.845204450898741300e+01
2.727118759789925093e+02 1.237831574020905046e-01 1.842992067856636851e+01
2.723846845235555634e+02 1.239406684994120711e-01 1.840780901750004972e+01
2.720576151221457621e+02 1.240981795967336376e-01 1.838570560486821037e+01
2.717306104816262859e+02 1.242556906940552180e-01 1.836360656878970232e+01
2.714036140283176906e+02 1.244132017913767846e-01 1.834150808600445970e+01
2.710765699019817134e+02 1.245707128886983511e-01 1.831940638146693345e+01
2.707494229499759513e+02 1.247282239860199315e-01 1.829729772795100473e+01
2.704221187215657096e+02 1.248857350833414981e-01 1.827517844566560967e+01
2.700946034623993341e+02 1.250432461806630924e-01 1.825304490188138828e+01
2.697668241091277537e+02 1.252007572779846589e-01 1.823089351056708551e+01
2.694387282841860269e+02 1.253582683753062255e-01 1.820872073203686270e+01
2.691102642907050040e+02 1.255157794726277920e-01 1.818652307260641265e+01
2.687813811075736226e+02 1.256732905699493585e-01 1.816429708425930301e+01
2.684520283846330244e+02 1.258308016672709251e-01 1.814203936432219422e+01
2.681221564380078348e+02 1.259883127645924916e-01 1.811974655514928401e+01
2.677917162455576090e+02 1.261458238619140859e-01 1.809741534381495143e+01
2.674606594424616333e+02 1.263033349592356525e-01 1.807504246181538932e+01
2.671289383169191751e+02 1.264608460565572190e-01 1.805262468477798166e+01
2.667965058059696162e+02 1.266183571538787855e-01 1.803015883217884152e+01
2.664633154914256465e+02 1.267758682512003521e-01 1.800764176706802644e+01
2.661293215959149734e+02 1.269333793485219464e-01 1.798507039580196221e+01
2.657944789790330447e+02 1.270908904458435129e-01 1.796244166778348372e+01
2.654587431335933729e+02 1.272484015431650795e-01 1.793975257520842348e+01
2.651220701819798933e+02 1.274059126404866460e-01 1.791700015281911362e+01
2.647844168726030603e+02 1.275634237378082125e-01 1.789418147766486911e+01
2.644457405764360374e+02 1.277209348351298068e-01 1.787129366886789938e+01
2.641059992836516699e+02 1.278784459324513734e-01 1.784833388739606974e+01
2.637651516003452343e+02 1.280359570297729399e-01 1.782529933584139670e+01
2.634231567453374510e+02 1.281934681270945064e-01 1.780218725820397907e+01
2.630799745470608855e+02 1.283509792244160730e-01 1.777899493968163469e+01
2.627355654405304790e+02 1.285084903217376673e-01 1.775571970646509357e+01
2.623898904643784817e+02 1.286660014190592338e-01 1.773235892553768522e+01
2.620429112579719231e+02 1.288235125163808004e-01 1.770891000448051500e+01
2.616945900585955656e+02 1.289810236137023669e-01 1.768537039128206345e+01
2.613448897141840916e+02 1.291385347110239334e-01 1.766173757519866072e+01
2.609937782344072161e+02 1.292960458083455277e-01 1.763800939431767389e+01
2.606412350472224375e+02 1.294535569056670943e-01 1.761418445837655256e+01
2.602872415585720773e+02 1.296110680029886608e-01 1.759026151078530020e+01
2.599317795432198182e+02 1.297685791003102274e-01 1.756623931987899923e+01
2.595748311430062358e+02 1.299260901976317939e-01 1.754211667879979331e+01
2.592163788651249661e+02 1.300836012949533882e-01 1.751789240538050763e+01
2.588564055804151280e+02 1.302411123922749547e-01 1.749356534202915014e+01
2.584948945216657989e+02 1.303986234895965213e-01 1.746913435561443961e+01
2.581318292819398721e+02 1.305561345869180878e-01 1.744459833735240650e+01
2.577671938129064415e+02 1.307136456842396544e-01 1.741995620269379330e+01
2.574009724231889322e+02 1.308711567815612486e-01 1.739520689121236074e+01
2.570331497767273845e+02 1.310286678788828152e-01 1.737034936649427053e+01
2.566637108911450582e+02 1.311861789762043817e-01 1.734538261602761722e+01
2.562926411361350461e+02 1.313436900735259483e-01 1.732030565109347364e+01
2.559199262318498143e+02 1.315012011708475148e-01 1.729511750665701442e+01
2.555455522473005772e+02 1.316587122681690813e-01 1.726981724125936069e+01
2.551695055987722469e+02 1.318162233654906756e-01 1.724440393691043738e+01
2.547917730482367631e+02 1.319737344628122422e-01 1.721887669898179851e+01
2.544123417017810880e+02 1.321312455601338087e-01 1.719323465610033352e+01
2.540311990080351165e+02 1.322887566574553753e-01 1.716747696004203760e+01
2.536483327566149910e+02 1.324462677547769418e-01 1.714160278562684780e+01
2.532637310765636869e+02 1.326037788520985361e-01 1.711561133061323048e+01
2.528773824347995856e+02 1.327612899494201026e-01 1.708950181559330872e+01
2.524892756345714702e+02 1.329188010467416692e-01 1.706327348388850851e+01
2.520993998139107077e+02 1.330763121440632357e-01 1.703692560144489931e+01
2.517077444440979548e+02 1.332338232413848023e-01 1.701045745672963605e+01
2.513142993281205406e+02 1.333913343387063966e-01 1.698386836062663718e+01
2.509190545991402530e+02 1.335488454360279631e-01 1.695715764633310130e+01
2.505220007189587932e+02 1.337063565333495296e-01 1.693032466925577140e+01
2.501231284764876364e+02 1.338638676306710962e-01 1.690336880690751542e+01
2.497224289862173237e+02 1.340213787279926627e-01 1.687628945880390319e+01
2.493198936866826898e+02 1.341788898253142570e-01 1.684908604635949203e+01
2.489155143389401132e+02 1.343364009226358236e-01 1.682175801278489757e+01
2.485092830250273437e+02 1.344939120199573901e-01 1.679430482298270277e+01
2.481011921464372563e+02 1.346514231172789566e-01 1.676672596344435462e+01
2.476912344225820561e+02 1.348089342146005232e-01 1.673902094214635738e+01
2.472794028892606661e+02 1.349664453119221175e-01 1.671118928844664708e+01
2.468656908971177870e+02 1.351239564092436840e-01 1.668323055298053248e+01
2.464500921101078177e+02 1.352814675065652505e-01 1.665514430755684216e+01
2.460326005039463553e+02 1.354389786038868171e-01 1.662693014505327582e+01
2.456132103645723532e+02 1.355964897012083836e-01 1.659858767931250156e+01
2.451919163338358487e+02 1.357540007985299779e-01 1.657011654822973057e+01
2.447687221491854359e+02 1.359115118958515445e-01 1.654151700438243822e+01
2.443436507192304532e+02 1.360690229931731110e-01 1.651279059593883503e+01
2.439167273468913493e+02 1.362265340904946775e-01 1.648393903287510298e+01
2.434879772171731247e+02 1.363840451878162441e-01 1.645496401719870150e+01
2.430574253965599496e+02 1.365415562851378384e-01 1.642586724290741529e+01
2.426250968324170287e+02 1.366990673824594049e-01 1.639665039594895646e+01
2.421910163524190125e+02 1.368565784797809715e-01 1.636731515418232519e+01
2.417552086639928746e+02 1.370140895771025380e-01 1.633786318734014031e+01
2.413176983537838112e+02 1.371716006744241045e-01 1.630829615699258994e+01
2.408785098871389039e+02 1.373291117717456711e-01 1.627861571651250472e+01
2.404376676076054764e+02 1.374866228690672654e-01 1.624882351104145783e+01
2.399951957364523025e+02 1.376441339663888319e-01 1.621892117745743178e+01
2.395511183722082365e+02 1.378016450637103985e-01 1.618891034434360066e+01
2.391054594902136046e+02 1.379591561610319650e-01 1.615879263195805038e+01
2.386582429421983136e+02 1.381166672583535315e-01 1.612856965220523975e+01
2.382094924558687694e+02 1.382741783556751258e-01 1.609824300860809387e+01
2.377592316345158281e+02 1.384316894529966924e-01 1.606781429628154712e+01
2.373074839566411640e+02 1.385892005503182589e-01 1.603728510190718737e+01
2.368542727755957458e+02 1.387467116476398254e-01 1.600665700370896971e+01
2.363996213192411631e+02 1.389042227449613920e-01 1.597593157143019127e+01
2.359435526896209296e+02 1.390617338422829863e-01 1.594511036631138978e+01
2.354860898626522498e+02 1.392192449396045528e-01 1.591419494106942345e+01
2.350272556878327634e+02 1.393767560369261194e-01 1.588318683987770896e+01
2.345670728879627802e+02 1.395342671342476859e-01 1.585208759834743297e+01
2.341055640588815550e+02 1.396917782315692524e-01 1.582089874350973524e+01
2.336427516692228039e+02 1.398492893288908467e-01 1.578962179379917252e+01
2.331786580601799699e+02 1.400068004262124133e-01 1.575825825903786459e+01
2.327133054452931162e+02 1.401643115235339798e-01 1.572680964042108975e+01
2.322467159102435517e+02 1.403218226208555464e-01 1.569527743050341506e+01
2.317789114126682648e+02 1.404793337181771129e-01 1.566366311318613747e+01
2.313099137819865803e+02 1.406368448154987072e-01 1.563196816370559361e+01
2.308397447192416791e+02 1.407943559128202737e-01 1.560019404862242176e+01
2.303684257969559610e+02 1.409518670101418403e-01 1.556834222581180605e+01
2.298959784589958133e+02 1.411093781074634068e-01 1.553641414445434066e+01
2.294224240204618468e+02 1.412668892047849734e-01 1.550441124502858692e+01
2.289477836675788751e+02 1.414244003021065677e-01 1.547233495930366587e+01
2.284720784576068411e+02 1.415819113994281342e-01 1.544018671033323642e+01
2.279953293187639076e+02 1.417394224967497007e-01 1.540796791245027819e+01
2.275175570501619404e+02 1.418969335940712673e-01 1.537567997126273944e+01
2.270387823217502898e+02 1.420544446913928338e-01 1.534332428364974987e+01
2.265590256742821396e+02 1.422119557887144281e-01 1.531090223775933445e+01
2.260783075192838112e+02 1.423694668860359946e-01 1.527841521300633687e+01
2.255966481390379101e+02 1.425269779833575612e-01 1.524586458007129686e+01
2.251140676910082163e+02 1.426844890806791277e-01 1.521325170119945547e+01
2.246305926528623615e+02 1.428420001780006943e-01 1.518057836575665753e+01
2.241462685630424687e+02 1.429995112753222608e-01 1.514784765123952859e+01
2.236611440297338618e+02 1.431570223726438551e-01 1.511506284259851540e+01
2.231752670873417514e+02 1.433145334699654216e-01 1.508222718600788959e+01
2.226886851989122249e+02 1.434720445672869882e-01 1.504934388902938025e+01
2.222014452586344078e+02 1.436295556646085547e-01 1.501641612078124943e+01
2.217135935944243101e+02 1.437870667619301213e-01 1.498344701211290619e+01
2.212251759705794711e+02 1.439445778592517156e-01 1.495043965578432399e+01
2.207362375905114789e+02 1.441020889565732821e-01 1.491739710665070184e+01
2.202468230995487204e+02 1.442596000538948486e-01 1.488432238185184175e+01
2.197569765878008070e+02 1.444171111512164152e-01 1.485121846100579468e+01
2.192667415931003347e+02 1.445746222485379817e-01 1.481808828640759046e+01
2.187761611039987315e+02 1.447321333458595760e-01 1.478493476323175315e+01
2.182852775628262805e+02 1.448896444431811426e-01 1.475176075973907963e+01
2.177941328688137048e+02 1.450471555405027091e-01 1.471856910748757308e+01
2.173027683812652242e+02 1.452046666378242756e-01 1.468536260154691675e+01
2.168112249227923485e+02 1.453621777351458422e-01 1.465214400071700496e+01
2.163195427825929187e+02 1.455196888324674365e-01 1.461891602774951515e+01
2.158277617197878726e+02 1.456771999297890030e-01 1.458568136957344485e+01
2.153359209667972038e+02 1.458347110271105695e-01 1.455244267752322429e+01
2.148440592327733896e+02 1.459922221244321361e-01 1.451920256757077077e+01
2.143522147070675317e+02 1.461497332217537026e-01 1.448596362055973330e+01
2.138604250627440138e+02 1.463072443190752969e-01 1.445272838244299862e+01
2.133687274601341528e+02 1.464647554163968635e-01 1.441949936452285463e+01
2.128771585504268842e+02 1.466222665137184300e-01 1.438627904369366206e+01
2.123857544792978729e+02 1.467797776110399965e-01 1.435306986268707519e+01
2.118945508905706845e+02 1.469372887083615631e-01 1.431987423031950257e+01
2.114035829299114937e+02 1.470947998056831574e-01 1.428669452174178289e+01
2.109128852485557672e+02 1.472523109030047239e-01 1.425353307869102260e+01
2.104224920070648182e+02 1.474098220003262905e-01 1.422039220974449414e+01
2.099324368791064899e+02 1.475673330976478570e-01 1.418727419057508854e+01
2.094427530552660528e+02 1.477248441949694235e-01 1.415418126420890488e+01
2.089534732468771381e+02 1.478823552922910178e-01 1.412111564128411878e+01
2.084646296898799847e+02 1.480398663896125844e-01 1.408807950031173384e+01
2.079762541486983025e+02 1.481973774869341509e-01 1.405507498793757293e+01
2.074883779201337006e+02 1.483548885842557175e-01 1.402210421920545969e+01
2.070010318372850975e+02 1.485123996815772840e-01 1.398916927782211417e+01
2.065142462734762603e+02 1.486699107788988505e-01 1.395627221642256366e+01
2.060280511462047741e+02 1.488274218762204448e-01 1.392341505683700298e+01
2.055424759211066714e+02 1.489849329735420114e-01 1.389059979035874726e+01
2.050575496159243301e+02 1.491424440708635779e-01 1.385782837801236944e+01
2.045733008044969949e+02 1.492999551681851444e-01 1.382510275082339390e+01
2.040897576207515840e+02 1.494574662655067110e-01 1.379242481008796162e+01
2.036069477627122239e+02 1.496149773628283053e-01 1.375979642764384536e+01
2.031248984965073703e+02 1.497724884601498718e-01 1.372721944614121270e+01
2.026436366603901718e+02 1.499299995574714384e-01 1.369469567931433218e+01
2.021631895651720470e+02 1.500875106547930049e-01 1.366222697283306964e+01
2.016835925646772694e+02 1.502450217521145714e-01 1.362981571591560837e+01
2.012048851139252861e+02 1.504025328494361657e-01 1.359746457493971405e+01
2.007271060853972244e+02 1.505600439467577323e-01 1.356517617691508093e+01
2.002502937256411997e+02 1.507175550440792988e-01 1.353295310655072647e+01
1.997744856615778986e+02 1.508750661414008654e-01 1.350079790668116075e+01
1.992997189068303783e+02 1.510325772387224319e-01 1.346871307869409762e+01
1.988260298680673088e+02 1.511900883360440262e-01 1.343670108295914822e+01
1.983534543513741824e+02 1.513475994333655927e-01 1.340476433925841349e+01
1.978820275686302352e+02 1.515051105306871593e-01 1.337290522721742470e+01
1.974117841439004053e+02 1.516626216280087258e-01 1.334112608673710199e+01
1.969427581198460473e+02 1.518201327253302924e-01 1.330942921842700954e+01
1.964749829641301631e+02 1.519776438226518867e-01 1.327781688403819693e+01
1.960084915758415036e+02 1.521351549199734532e-01 1.324629130689737444e+01
1.955433162919177903e+02 1.522926660172950197e-01 1.321485467234097122e+01
1.950794888935688505e+02 1.524501771146165863e-01 1.318350912814921116e+01
1.946170406127066883e+02 1.526076882119381528e-01 1.315225678498067730e+01
1.941560021383677395e+02 1.527651993092597471e-01 1.312109971680632370e+01
1.936964036231381385e+02 1.529227104065813136e-01 1.309003996134367220e+01
1.932382746895658840e+02 1.530802215039028802e-01 1.305907952049017950e+01
1.927816444365757604e+02 1.532377326012244467e-01 1.302822036075673928e+01
1.923265414458669795e+02 1.533952436985460133e-01 1.299746441370004923e+01
1.918729937883097705e+02 1.535527547958676076e-01 1.296681357635487686e+01
1.914210290303222166e+02 1.537102658931891741e-01 1.293626971166501960e+01
1.909706742402372299e+02 1.538677769905107406e-01 1.290583464891359711e+01
1.905219559946591517e+02 1.540252880878323072e-01 1.287551018415260806e+01
1.900749003847969902e+02 1.541827991851538737e-01 1.284529808063093448e+01
1.896295330227864895e+02 1.543403102824754403e-01 1.281520006922160526e+01
1.891858790479916479e+02 1.544978213797970346e-01 1.278521784884763690e+01
1.887439631332833869e+02 1.546553324771186011e-01 1.275535308690636249e+01
1.883038094913032694e+02 1.548128435744401676e-01 1.272560741969273579e+01
1.878654418807013258e+02 1.549703546717617342e-01 1.269598245282085891e+01
1.874288836123490967e+02 1.551278657690833007e-01 1.266647976164387224e+01
1.869941575555320696e+02 1.552853768664048950e-01 1.263710089167246942e+01
1.865612861441136658e+02 1.554428879637264616e-01 1.260784735899142639e+01
1.861302913826754377e+02 1.556003990610480281e-01 1.257872065067456546e+01
1.857011948526268839e+02 1.557579101583695946e-01 1.254972222519766234e+01
1.852740177182897412e+02 1.559154212556911612e-01 1.252085351284962833e+01
1.848487807329500470e+02 1.560729323530127555e-01 1.249211591614149341e+01
1.844255042448833422e+02 1.562304434503343220e-01 1.246351081021360763e+01
1.840042082033459110e+02 1.563879545476558885e-01 1.243503954324052252e+01
1.835849121645393041e+02 1.565454656449774551e-01 1.240670343683406962e+01
1.831676352975325415e+02 1.567029767422990216e-01 1.237850378644360561e+01
1.827523963901665809e+02 1.568604878396206159e-01 1.235044186175500869e+01
1.823392138549079675e+02 1.570179989369421825e-01 1.232251890708628039e+01
1.819281057346815089e+02 1.571755100342637490e-01 1.229473614178173335e+01
1.815190897086599477e+02 1.573330211315853155e-01 1.226709476060322501e+01
1.811121830980225980e+02 1.574905322289068821e-01 1.223959593411938229e+01
1.807074028716755549e+02 1.576480433262284764e-01 1.221224080909210841e+01
1.803047643237233899e+02 1.578055544235500429e-01 1.218503041909990792e+01
1.799042767711985107e+02 1.579630655208716095e-01 1.215796539378962571e+01
1.795059477938798977e+02 1.581205766181931760e-01 1.213104624540416587e+01
1.795059477938798977e+02 1.581205766181931760e-01 1.213104624540416587e+01
1.384777181382531808e+02 1.826842454521749870e-01 9.250808346959392026e+00
1.164250654295404388e+02 2.073525430377324841e-01 6.384421187359977878e+00
9.128965048844874275e+01 2.322407203492417860e-01 5.000033671584459327e+00
7.869916367202405638e+01 2.568837818198746459e-01 4.515210654196787132e+00
6.563633336277719366e+01 2.811184729179193598e-01 2.809749468982225107e+00
5.664866173021722062e+01 3.057758170190760794e-01 2.048402711497549156e+00
4.881851332647382691e+01 3.308749588216616799e-01 1.728708867856104225e+00
4.206954231340388617e+01 3.553458836143503774e-01 1.359853978768686744e+00
3.752410303691750215e+01 3.797183506574301481e-01 1.345120386920081623e+00
3.274249845851042551e+01 4.042043120935024936e-01 8.198962602191471882e-01
2.937076428026050579e+01 4.287407985369371399e-01 5.434344145096863254e-01
2.641019661726881651e+01 4.533371424922238990e-01 4.250763414252070604e-01
2.354059526286130577e+01 4.779959634912051558e-01 6.004115195586158249e-01
2.126835454042870666e+01 5.026629933946460405e-01 4.403875127885760188e-01
1.943592287200576862e+01 5.271487506500315279e-01 4.408812961447465262e-01
1.794781591472608895e+01 5.515427964227138657e-01 3.215773836603854630e-01
1.651674854049025498e+01 5.762240530263548210e-01 2.871136242818078665e-01
1.517333234497756322e+01 6.007285446297923048e-01 1.667843729089430460e-01
1.401505700951467936e+01 6.252568531449649303e-01 3.109074838818011166e-01
1.325014479496169528e+01 6.499965502683907603e-01 2.291136203015304018e-01
1.245055767957503434e+01 6.746857991314229031e-01 2.050753936297355917e-01
1.189975814334715132e+01 6.991270364754236244e-01 1.051316521913799873e-01
1.144611163586213820e+01 7.235756604093172006e-01 1.532495661270719123e-01
1.124626345070290867e+01 7.479714013051395050e-01 1.302655253280435022e-01
1.110667437712628569e+01 7.726132299420060967e-01 1.354238903065126398e-01
1.093603504016858174e+01 7.972349387995918413e-01 1.029128564295862663e-01
1.043076140901278315e+01 8.217736356692634248e-01 1.883022847772221897e-01
1.003144898223885662e+01 8.463200505719705724e-01 1.274671247053365819e-01
9.699878078363612488e+00 8.708218859006343626e-01 1.527104251417149838e-01
9.513410603243624308e+00 8.954790463233904818e-01 1.115512509959213500e-01
9.284164390031911296e+00 9.199626960429320155e-01 1.067422501747592734e-01
9.278857087796966496e+00 9.443606208269833546e-01 1.764425552259262509e-01
9.258672731708408321e+00 9.688687146412832130e-01 1.363372516843768256e-01
9.351510557416476743e+00 9.930926048855095445e-01 1.602618551005018099e-01
9.562764697392379887e+00 1.017620455362175491e+00 1.593165192074308956e-01
9.894970720264215203e+00 1.042409919186157552e+00 2.556788703619057856e-01
1.040593419404239839e+01 1.066789561870425063e+00 2.652013750458561692e-01
1.064087495338563016e+01 1.090909765172895618e+00 2.801610732731137920e-01
1.073913845602960393e+01 1.115651582439790346e+00 3.714924989517115472e-01
1.110527821403894677e+01 1.140641543091339027e+00 2.963640757738316700e-01
1.148231786993980563e+01 1.164692026865203012e+00 6.421329231816615968e-01
1.241007952476230081e+01 1.188605021497627590e+00 3.659932116993409590e-01
1.365588344344174665e+01 1.214006438167991364e+00 5.047556942479062281e-01
1.482940361892967296e+01 1.240498485730926914e+00 9.435378536998567656e-01
1.642635302735772385e+01 1.264816150349954427e+00 9.809152930901730016e-01
1.856845095012483426e+01 1.284554513240047102e+00 2.293762039470636172e+00
2.158414928632517160e+01 1.309527810458392949e+00 2.982149895800052963e+00
2.671481541621274047e+01 1.335814856768205550e+00 6.435205504226321871e+00
2.797822321413681124e+01 1.360349523175663267e+00 3.264871545081753368e+01
