5.515594260850293917e-01 7.669903939428205850e-04 3.773617848269296415e-02
6.574046381605475053e-01 9.245014912643925459e-04 4.497781669160010737e-02
7.612956308549435613e-01 1.082012588585964507e-03 5.208575258689837617e-02
8.632386792198719627e-01 1.239523685907536251e-03 5.906041549035798838e-02
9.632323561452080796e-01 1.397034783229108429e-03 6.590170776303053146e-02
1.061271726157428485e+00 1.554545880550680173e-03 7.260929173339600307e-02
1.157354122028026566e+00 1.712056977872252134e-03 7.918298491701807051e-02
1.251479132488173773e+00 1.869568075193824095e-03 8.562275917601495923e-02
1.343651862752767379e+00 2.027079172515396273e-03 9.192896379514443883e-02
1.433877410462661262e+00 2.184590269836968017e-03 9.810194754096911163e-02
1.522169099387087554e+00 2.342101367158539761e-03 1.041426219891235655e-01
1.608540440113759962e+00 2.499612464480111939e-03 1.100519114968487588e-01
1.693007185415088101e+00 2.657123561801683683e-03 1.158308938254939968e-01
1.775590607267372834e+00 2.814634659123255861e-03 1.214810243451543148e-01
1.856313053254338374e+00 2.972145756444827605e-03 1.270038320160253864e-01
1.935196578816580582e+00 3.129656853766399783e-03 1.324008258106739999e-01
2.012266332895081611e+00 3.287167951087971527e-03 1.376737263504523023e-01
2.087550004347694443e+00 3.444679048409543271e-03 1.428244280308370584e-01
2.161075359682977926e+00 3.602190145731115449e-03 1.478548305599526880e-01
2.232869396648256011e+00 3.759701243052687193e-03 1.527667810493948952e-01
2.302960490958279927e+00 3.917212340374259805e-03 1.575622208874995211e-01
2.371378191431975591e+00 4.074723437695831549e-03 1.622431717231630210e-01
2.438152850906003533e+00 4.232234535017403293e-03 1.668117102139629881e-01
2.503314073488582370e+00 4.389745632338975037e-03 1.712698617915367483e-01
2.566890465436947988e+00 4.547256729660546781e-03 1.756195836173030100e-01
2.628911037902683212e+00 4.704767826982118525e-03 1.798628605544375925e-01
2.689405120634118518e+00 4.862278924303691137e-03 1.840016992636292203e-01
2.748402211921082028e+00 5.019790021625262881e-03 1.880381179367122679e-01
2.805931834177182616e+00 5.177301118946834625e-03 1.919741364160038044e-01
2.862022510465452640e+00 5.334812216268406369e-03 1.958117061710039075e-01
2.916701379865578758e+00 5.492323313589978981e-03 1.995526839828796473e-01
2.969995476310695715e+00 5.649834410911550725e-03 2.031989194389604014e-01
3.021931762345372530e+00 5.807345508233122469e-03 2.067522572423662608e-01
3.072537062301565314e+00 5.964856605554694213e-03 2.102145326400905456e-01
3.121838005917773273e+00 6.122367702876265957e-03 2.135875675655775630e-01
3.169860980923981941e+00 6.279878800197838569e-03 2.168731673947152105e-01
3.216631823858026706e+00 6.437389897519410313e-03 2.200730997923404375e-01
3.262174540433005809e+00 6.594900994840982057e-03 2.231890071632992301e-01
3.306512406387577041e+00 6.752412092162553801e-03 2.262224819695941580e-01
3.349668526124649937e+00 6.909923189484126413e-03 2.291751049509074822e-01
3.391665801418460635e+00 7.067434286805698157e-03 2.320484429836250362e-01
3.432526904018360359e+00 7.224945384127269901e-03 2.348440472064631801e-01
3.472274252378420023e+00 7.382456481448841645e-03 2.375634514283715970e-01
3.510929992007072453e+00 7.539967578770413389e-03 2.402081707841104974e-01
3.548515978996332532e+00 7.697478676091986001e-03 2.427797006073651453e-01
3.585053635348279144e+00 7.854989773413558612e-03 2.452795065325816259e-01
3.620562599778753832e+00 8.012500870735128622e-03 2.477089321866677574e-01
3.655061384639153310e+00 8.170011968056702101e-03 2.500692441337748484e-01
3.688568348270690134e+00 8.327523065378272110e-03 2.523616984011013975e-01
3.721101693556785328e+00 8.485034162699845589e-03 2.545875403798510406e-01
3.752679452543246086e+00 8.642545260021415598e-03 2.567480037729885090e-01
3.783319473056261373e+00 8.800056357342989077e-03 2.588443096796783083e-01
3.813039407112533752e+00 8.957567454664562556e-03 2.608776658023392314e-01
3.841856700937902769e+00 9.115078551986132566e-03 2.628492657637452323e-01
3.869788586429792066e+00 9.272589649307706045e-03 2.647602885229094483e-01
3.896852073916633241e+00 9.430100746629276054e-03 2.666118978797045180e-01
3.923063926872616847e+00 9.587611843950849533e-03 2.684052407449149524e-01
3.948439632314934222e+00 9.745122941272419542e-03 2.701413766976489828e-01
3.972992972278808654e+00 9.902634038593993021e-03 2.718212486668392658e-01
3.996737544690202704e+00 1.006014513591556303e-02 2.734457869851699141e-01
4.019686884946517047e+00 1.021765623323713651e-02 2.750159177072923899e-01
4.041854454207535419e+00 1.037516733055870999e-02 2.765325618087247639e-01
4.063253628834528008e+00 1.053267842788028000e-02 2.779966344633039155e-01
4.083897690881838294e+00 1.069018952520185348e-02 2.794090443926467993e-01
4.103799819553126227e+00 1.084770062252342349e-02 2.807706932816088075e-01
4.122973083542451178e+00 1.100521171984499696e-02 2.820824752542832048e-01
4.141430434187608256e+00 1.116272281716656697e-02 2.833452764055700013e-01
4.159184699368853266e+00 1.132023391448814045e-02 2.845599743837444739e-01
4.176248578092374153e+00 1.147774501180971046e-02 2.857274380198723263e-01
4.192634635702640722e+00 1.163525610913128394e-02 2.868485270002523735e-01
4.208355268018471484e+00 1.179276720645285742e-02 2.879240894127049755e-01
4.223421612207507003e+00 1.195027830377442743e-02 2.889548872315995109e-01
4.237843354756329006e+00 1.210778940109600091e-02 2.899415831796982035e-01
4.251630108553700715e+00 1.226530049841757092e-02 2.908848349444035364e-01
4.264791494363826097e+00 1.242281159573914440e-02 2.917853007519336517e-01
4.277337131268636128e+00 1.258032269306071441e-02 2.926436387134102035e-01
4.289276627817018905e+00 1.273783379038228789e-02 2.934605062193130776e-01
4.300619573832888953e+00 1.289534488770385789e-02 2.942365593790108313e-01
4.311375532837455893e+00 1.305285598502543137e-02 2.949724525023137978e-01
4.321554035044712805e+00 1.321036708234700485e-02 2.956688376202435409e-01
4.331164570891689714e+00 1.336787817966857486e-02 2.963263640423918210e-01
4.340216585068738198e+00 1.352538927699014834e-02 2.969456779484880848e-01
4.348719471016194937e+00 1.368290037431171835e-02 2.975274220118770963e-01
4.356682565857778577e+00 1.384041147163329183e-02 2.980722350528753894e-01
4.364115145741820356e+00 1.399792256895486184e-02 2.985807517200310679e-01
4.371026421564227604e+00 1.415543366627643532e-02 2.990536021975013226e-01
4.377425535048569571e+00 1.431294476359800533e-02 2.994914119368617400e-01
4.383321548571321280e+00 1.447045586091957881e-02 2.998948009609786469e-01
4.388722832895948223e+00 1.462796695824115228e-02 3.002643419744586706e-01
4.393636618850035092e+00 1.478547805556272229e-02 3.006005296906315016e-01
4.398070042379528033e+00 1.494298915288429577e-02 3.009038523312867475e-01
4.402030258454061595e+00 1.510050025020586578e-02 3.011747994197616629e-01
4.405524434475153406e+00 1.525801134752743926e-02 3.014138613299492397e-01
4.408559744087555465e+00 1.541552244484900927e-02 3.016215288628872893e-01
4.411143361371268945e+00 1.557303354217058275e-02 3.017982928493923023e-01
4.413282455392558923e+00 1.573054463949215276e-02 3.019446437772543845e-01
4.414984185093955737e+00 1.588805573681372624e-02 3.020610714416260834e-01
4.416255694504465978e+00 1.604556683413529972e-02 3.021480646173169138e-01
4.417104108252126515e+00 1.620307793145686973e-02 3.022061107517763912e-01
4.417536527362814880e+00 1.636058902877844320e-02 3.022356956776584003e-01
4.417560025329223095e+00 1.651810012610001321e-02 3.022373033438724432e-01
4.417181644435684618e+00 1.667561122342158669e-02 3.022114155641378863e-01
4.416408392324984611e+00 1.683312232074316017e-02 3.021585117820946853e-01
4.415247238794257179e+00 1.699063341806473018e-02 3.020790688520874068e-01
4.413705112807688735e+00 1.714814451538630366e-02 3.019735608347827172e-01
4.411788899714418122e+00 1.730565561270787367e-02 3.018424588068256975e-01
4.409505438660977994e+00 1.746316671002944715e-02 3.016862306838062335e-01
4.406861520187744574e+00 1.762067780735101716e-02 3.015053410558151126e-01
4.403863883734008056e+00 1.777818890467259064e-02 3.013002510167465120e-01
4.400519155498328949e+00 1.793570000199416065e-02 3.010714139128761735e-01
4.396833775067567451e+00 1.809321109931573412e-02 3.008192703230204712e-01
4.392814117797288809e+00 1.825072219663730760e-02 3.005442564314672604e-01
4.388466512211590675e+00 1.840823329395887761e-02 3.002468052184242286e-01
4.383797238086270198e+00 1.856574439128045109e-02 2.999273463288746888e-01
4.378812524672910378e+00 1.872325548860202110e-02 2.995863059510739390e-01
4.373518549056957916e+00 1.888076658592359458e-02 2.992241067042137326e-01
4.367921434642578760e+00 1.903827768324516459e-02 2.988411675347606433e-01
4.362027249758183345e+00 1.919578878056673807e-02 2.984379036210491054e-01
4.355842006376414943e+00 1.935329987788830808e-02 2.980147262857073542e-01
4.349371658942586372e+00 1.951081097520988156e-02 2.975720429155016555e-01
4.342622103306306158e+00 1.966832207253145504e-02 2.971102568882418304e-01
4.335599175750910028e+00 1.982583316985302505e-02 2.966297675063767070e-01
4.328308652115605781e+00 1.998334426717459852e-02 2.961309699369345516e-01
4.320756247005778761e+00 2.014085536449616853e-02 2.956142551574938993e-01
4.312947613086888232e+00 2.029836646181774201e-02 2.950800099078734196e-01
4.304888340457451612e+00 2.045587755913931202e-02 2.945286166472345646e-01
4.296583956097387968e+00 2.061338865646088550e-02 2.939604535163375942e-01
4.288039923387476193e+00 2.077089975378245551e-02 2.933758943046642642e-01
4.279261641696456842e+00 2.092841085110402899e-02 2.927753084221693114e-01
4.270254446032121010e+00 2.108592194842560247e-02 2.921590608754082163e-01
4.261023606753065351e+00 2.124343304574717248e-02 2.915275122478160341e-01
4.251574329337955760e+00 2.140094414306874596e-02 2.908810186839220768e-01
4.241911754209119145e+00 2.155845524039031597e-02 2.902199318772794578e-01
4.232040956607712623e+00 2.171596633771188944e-02 2.895445990619250898e-01
4.221966951382018607e+00 2.187347743503345945e-02 2.888553633399816301e-01
4.211695220456655342e+00 2.203098853235503293e-02 2.881525997696498531e-01
4.201232148502977992e+00 2.218849962967660294e-02 2.874367451725781120e-01
4.190584085228080014e+00 2.234601072699817642e-02 2.867082339782565104e-01
4.179757232888820617e+00 2.250352182431974990e-02 2.859674905280356616e-01
4.168757649335638860e+00 2.266103292164131991e-02 2.852149292833763283e-01
4.157591251007545452e+00 2.281854401896289339e-02 2.844509550307581791e-01
4.146263815878441505e+00 2.297605511628446340e-02 2.836759630832592638e-01
4.134780986354502197e+00 2.313356621360603688e-02 2.828903394787868342e-01
4.123148272122567626e+00 2.329107731092760689e-02 2.820944611749559572e-01
4.111371052949593263e+00 2.344858840824918036e-02 2.812886962406211944e-01
4.099454581433241707e+00 2.360609950557075037e-02 2.804734040440635123e-01
4.087403985703802256e+00 2.376361060289232385e-02 2.796489354378489112e-01
4.075224272077649701e+00 2.392112170021389733e-02 2.788156329403700395e-01
4.062920327662422615e+00 2.407863279753546734e-02 2.779738309140865615e-01
4.050496922914512687e+00 2.423614389485704082e-02 2.771238557405002467e-01
4.037958714148804695e+00 2.439365499217861083e-02 2.762660259918647832e-01
4.025310246001436276e+00 2.455116608950018431e-02 2.754006525996816612e-01
4.012555953845869716e+00 2.470867718682175432e-02 2.745280390200006138e-01
3.999700166162720727e+00 2.486618828414332780e-02 2.736484813955568085e-01
3.986747106863859802e+00 2.502369938146489781e-02 2.727622687147797098e-01
3.973700897571300406e+00 2.518121047878647129e-02 2.718696829677079152e-01
3.960565559851504158e+00 2.533872157610804476e-02 2.709709992988547089e-01
3.947345017405442302e+00 2.549623267342961477e-02 2.700664861570454822e-01
3.934043098215289191e+00 2.565374377075118825e-02 2.691564054422893593e-01
3.920663536648075986e+00 2.581125486807275826e-02 2.682410126497043468e-01
3.907209975516971578e+00 2.596876596539433174e-02 2.673205570105456341e-01
3.893685968101060713e+00 2.612627706271590175e-02 2.663952816303920557e-01
3.880094980123744097e+00 2.628378816003747523e-02 2.654654236245040377e-01
3.866440391690831646e+00 2.644129925735904524e-02 2.645312142504216979e-01
3.852725499188887515e+00 2.659881035468061872e-02 2.635928790378447850e-01
3.838953517144105376e+00 2.675632145200219220e-02 2.626506379158116133e-01
3.825127595086664112e+00 2.691383254932376221e-02 2.617047063665118856e-01
3.811251571752844569e+00 2.707134364664533568e-02 2.607553470257212291e-01
3.797330281776783778e+00 2.722885474396690569e-02 2.598028906658058634e-01
3.783368480450913118e+00 2.738636584128847917e-02 2.588476626307913420e-01
3.769370757015694462e+00 2.754387693861004918e-02 2.578899769038840994e-01
3.755341539509938542e+00 2.770138803593162266e-02 2.569301364393170584e-01
3.741285099501425293e+00 2.785889913325319267e-02 2.559684334860061750e-01
3.727205556699408007e+00 2.801641023057476615e-02 2.550051499031237290e-01
3.713106883450722595e+00 2.817392132789633963e-02 2.540405574677122025e-01
3.698992909121238348e+00 2.833143242521790964e-02 2.530749181744488263e-01
3.684867324364569097e+00 2.848894352253948312e-02 2.521084845276999054e-01
3.670733685279925496e+00 2.864645461986105313e-02 2.511414998259900444e-01
3.656595417461037112e+00 2.880396571718262660e-02 2.501741984390177809e-01
3.642455819938178241e+00 2.896147681450419661e-02 2.492068060773581228e-01
3.628318069015251446e+00 2.911898791182577009e-02 2.482395400549854692e-01
3.614185222004115516e+00 2.927649900914734010e-02 2.472726095447658479e-01
3.600060220857945747e+00 2.943401010646891358e-02 2.463062158270417079e-01
3.585945895706041942e+00 2.959152120379048706e-02 2.453405525314734381e-01
3.571844968291879141e+00 2.974903230111205707e-02 2.443758058722615700e-01
3.557760055316672165e+00 2.990654339843363055e-02 2.434121548769041521e-01
3.543693671690367530e+00 3.006405449575520056e-02 2.424497716086207177e-01
3.529648233692255666e+00 3.022156559307677404e-02 2.414888213825926166e-01
3.515626062043201827e+00 3.037907669039834405e-02 2.405294629761565717e-01
3.501629384891569607e+00 3.053658778771991752e-02 2.395718488330938201e-01
3.487660340714817231e+00 3.069409888504148753e-02 2.386161252621485651e-01
3.473720981138838315e+00 3.085160998236306101e-02 2.376624326299198453e-01
3.459813273676946910e+00 3.100912107968463102e-02 2.367109055482556901e-01
3.445939104390581154e+00 3.116663217700620450e-02 2.357616730562908380e-01
3.432100280473521448e+00 3.132414327432777451e-02 2.348148587972517798e-01
3.418298532761693487e+00 3.148165437164934799e-02 2.338705811901706233e-01
3.404535518170300534e+00 3.163916546897092147e-02 2.329289535966270752e-01
3.390812822060175424e+00 3.179667656629248801e-02 2.319900844826476294e-01
3.377131960535242783e+00 3.195418766361406149e-02 2.310540775758918308e-01
3.363494382672783001e+00 3.211169876093563497e-02 2.301210320182403846e-01
3.349901472688297410e+00 3.226920985825720151e-02 2.291910425139097041e-01
3.336354552036714161e+00 3.242672095557877499e-02 2.282641994732104163e-01
3.322854881451608122e+00 3.258423205290034846e-02 2.273405891520650646e-01
3.309403662924089051e+00 3.274174315022192194e-02 2.264202937873985300e-01
3.296002041622954515e+00 3.289925424754349542e-02 2.255033917285094724e-01
3.282651107927708090e+00 3.305676534486506196e-02 2.245899575761634848e-01
3.269352083927820285e+00 3.321427644218663544e-02 2.236800749423600021e-01
3.256106664156340535e+00 3.337178753950820892e-02 2.227738597623882266e-01
3.242916557131501509e+00 3.352929863682978240e-02 2.218714289283652552e-01
3.229783388679250855e+00 3.368680973415134894e-02 2.209728936748294181e-01
3.216708704718513445e+00 3.384432083147292242e-02 2.200783597693003468e-01
3.203693973964995223e+00 3.400183192879449590e-02 2.191879276972660828e-01
3.190740590555818823e+00 3.415934302611606938e-02 2.183016928417527980e-01
3.177849876596513745e+00 3.431685412343764285e-02 2.174197456575835963e-01
3.165023084632688999e+00 3.447436522075920939e-02 2.165421718404830220e-01
3.152261400047923878e+00 3.463187631808078287e-02 2.156690524911342166e-01
3.139565943389859726e+00 3.478938741540235635e-02 2.148004642743241155e-01
3.126937772626408041e+00 3.494689851272392983e-02 2.139364795733064983e-01
3.114377885333607043e+00 3.510440961004549637e-02 2.130771666394893349e-01
3.101887220817262314e+00 3.526192070736706985e-02 2.122225897375915882e-01
3.089466662169801481e+00 3.541943180468864333e-02 2.113728092863677299e-01
3.077117038264200577e+00 3.557694290201021681e-02 2.105278819950262004e-01
3.064839125686622090e+00 3.573445399933179029e-02 2.096878609954558603e-01
3.052633650609502425e+00 3.589196509665335683e-02 2.088527959703768977e-01
3.040501290606512974e+00 3.604947619397493030e-02 2.080227332775157201e-01
3.028442676411241763e+00 3.620698729129650378e-02 2.071977160699291498e-01
3.016458393620879530e+00 3.636449838861807726e-02 2.063777844125660454e-01
3.004548984346705698e+00 3.652200948593964380e-02 2.055629753951884742e-01
2.992714948812586151e+00 3.667952058326121728e-02 2.047533232417372562e-01
2.980956746903183241e+00 3.683703168058279076e-02 2.039488594162557344e-01
2.969274799663141895e+00 3.699454277790436424e-02 2.031496127254600603e-01
2.957669490748738639e+00 3.715205387522593772e-02 2.023556094180573306e-01
2.946141167833312480e+00 3.730956497254750426e-02 2.015668732809006158e-01
2.934690143967767728e+00 3.746707606986907774e-02 2.007834257320717242e-01
2.923316698897582278e+00 3.762458716719065122e-02 2.000052859109867076e-01
2.912021080337377832e+00 3.778209826451222469e-02 1.992324707655981353e-01
2.900803505204536670e+00 3.793960936183379123e-02 1.984649951367967735e-01
2.889664160812853488e+00 3.809712045915536471e-02 1.977028718400770657e-01
2.878603206027500416e+00 3.825463155647693819e-02 1.969461117445571452e-01
2.867620772382417194e+00 3.841214265379851167e-02 1.961947238494269885e-01
2.856716965161363309e+00 3.856965375112008515e-02 1.954487153579120284e-01
2.845891864443435004e+00 3.872716484844165169e-02 1.947080917488035745e-01
2.835145526114435377e+00 3.888467594576322517e-02 1.939728568456544899e-01
2.824477982844927570e+00 3.904218704308479865e-02 1.932430128836951089e-01
2.813889245035961828e+00 3.919969814040637213e-02 1.925185605745362849e-01
2.803379301733651463e+00 3.935720923772793867e-02 1.917994991687435868e-01
2.792948121513219029e+00 3.951472033504951215e-02 1.910858265163198344e-01
2.782595653333826302e+00 3.967223143237108562e-02 1.903775391251916749e-01
2.772321827364769398e+00 3.982974252969265910e-02 1.896746322177341182e-01
2.762126555783995130e+00 3.998725362701423258e-02 1.889770997854041124e-01
2.752009733549973358e+00 4.014476472433579912e-02 1.882849346415491343e-01
2.741971239147424022e+00 4.030227582165737260e-02 1.875981284724280440e-01
2.732010935308000654e+00 4.045978691897894608e-02 1.869166718865181431e-01
2.722128669706553872e+00 4.061729801630051956e-02 1.862405544621517639e-01
2.712324263383156797e+00 4.077480911362208610e-02 1.855697639553832434e-01
2.702597441477114781e+00 4.093232021094365958e-02 1.849042815609998891e-01
2.692947885422444898e+00 4.108983130826523306e-02 1.842440854835936392e-01
2.683375268708886097e+00 4.124734240558680654e-02 1.835891533842308188e-01
2.673879257432021372e+00 4.140485350290838001e-02 1.829394624180895879e-01
2.664459510711409518e+00 4.156236460022994655e-02 1.822949892630683355e-01
2.655115681093642710e+00 4.171987569755152003e-02 1.816557101473605385e-01
2.645847414940582176e+00 4.187738679487309351e-02 1.810216008760177353e-01
2.636654352803481594e+00 4.203489789219466699e-02 1.803926368565457461e-01
2.627536129783218932e+00 4.219240898951623353e-02 1.797687931235504022e-01
2.618492375877369494e+00 4.234992008683780701e-02 1.791500443624839400e-01
2.609522716314330193e+00 4.250743118415938049e-02 1.785363649325041047e-01
2.600626771875069743e+00 4.266494228148095397e-02 1.779277288884882346e-01
2.591804159202850677e+00 4.282245337880252745e-02 1.773241100022230621e-01
2.583054491101321126e+00 4.297996447612409399e-02 1.767254817827993985e-01
2.574377376821405328e+00 4.313747557344566746e-02 1.761318174962404060e-01
2.565772422337351255e+00 4.329498667076724094e-02 1.755430901843882951e-01
2.557239230612244896e+00 4.345249776808881442e-02 1.749592726830698497e-01
2.548777401853486779e+00 4.361000886541038096e-02 1.743803376395750004e-01
2.540386533758358656e+00 4.376751996273195444e-02 1.738062575294588852e-01
2.532066221750223001e+00 4.392503106005352792e-02 1.732370046727008672e-01
2.523816059205514328e+00 4.408254215737510140e-02 1.726725512492354453e-01
2.515635637671973512e+00 4.424005325469667488e-02 1.721128693138825883e-01
2.507524547078249455e+00 4.439756435201824142e-02 1.715579308106887357e-01
2.499482375935301093e+00 4.455507544933981490e-02 1.710077075867058316e-01
2.491508711529878628e+00 4.471258654666138838e-02 1.704621714052287906e-01
2.483603140110216767e+00 4.487009764398296185e-02 1.699212939585000859e-01
2.475765247064356522e+00 4.502760874130452839e-02 1.693850468799101283e-01
2.467994617091281651e+00 4.518511983862610187e-02 1.688534017557060118e-01
2.460290834365081558e+00 4.534263093594767535e-02 1.683263301362228903e-01
2.452653482692451981e+00 4.550014203326924883e-02 1.678038035466601907e-01
2.445082145663751483e+00 4.565765313059082231e-02 1.672857934974154026e-01
2.437576406797703488e+00 4.581516422791238885e-02 1.667722714939858519e-01
2.430135849680213234e+00 4.597267532523396233e-02 1.662632090464645773e-01
2.422760058097219726e+00 4.613018642255553581e-02 1.657585776786305864e-01
2.415448616162053419e+00 4.628769751987710929e-02 1.652583489366622749e-01
2.408201108437241444e+00 4.644520861719867583e-02 1.647624943974706768e-01
2.401017120051182729e+00 4.660271971452024931e-02 1.642709856766821630e-01
2.393896236809691214e+00 4.676023081184182278e-02 1.637837944362701137e-01
2.386838045302675848e+00 4.691774190916339626e-02 1.633008923918533306e-01
2.379842133006121241e+00 4.707525300648496974e-02 1.628222513196738719e-01
2.372908088379500846e+00 4.723276410380653628e-02 1.623478430632608882e-01
2.366035500958801219e+00 4.739027520112810976e-02 1.618776395397961698e-01
2.359223961445370499e+00 4.754778629844968324e-02 1.614116127461916184e-01
2.352473061790551156e+00 4.770529739577125672e-02 1.609497347648809473e-01
2.345782395276504673e+00 4.786280849309282326e-02 1.604919777693485927e-01
2.339151556593162873e+00 4.802031959041439674e-02 1.600383140293946960e-01
2.332580141911519522e+00 4.817783068773597022e-02 1.595887159161497870e-01
2.326067748953384751e+00 4.833534178505754370e-02 1.591431559068468282e-01
2.319613977057755516e+00 4.849285288237911717e-02 1.587016065893621930e-01
2.313218427243848740e+00 4.865036397970068371e-02 1.582640406665285215e-01
2.306880702270982741e+00 4.880787507702225719e-02 1.578304309602311106e-01
2.300600406695400224e+00 4.896538617434383067e-02 1.574007504152959980e-01
2.294377146924162947e+00 4.912289727166540415e-02 1.569749721031775125e-01
2.288210531266163805e+00 4.928040836898697069e-02 1.565530692254473999e-01
2.282100169980395776e+00 4.943791946630854417e-02 1.561350151170984302e-01
2.276045675321638484e+00 4.959543056363011765e-02 1.557207832496692868e-01
2.270046661583561498e+00 4.975294166095169113e-02 1.553103472341938740e-01
2.264102745139329187e+00 4.991045275827326461e-02 1.549036808239797613e-01
2.258213539997938391e+00 5.006796385559483115e-02 1.545007576105842939e-01
2.252378517783882206e+00 5.022547495291640463e-02 1.541015414440090880e-01
2.246596984859935642e+00 5.038298605023797810e-02 1.537059848675034479e-01
2.240868248933679308e+00 5.054049714755955158e-02 1.533140405163246622e-01
2.235191629149211323e+00 5.069800824488111812e-02 1.529256618081851760e-01
2.229566455857373786e+00 5.085551934220269160e-02 1.525408029275319155e-01
2.223992070391390019e+00 5.101303043952426508e-02 1.521594188101960121e-01
2.218467824847665693e+00 5.117054153684583856e-02 1.517814651283962701e-01
2.212993081871955425e+00 5.132805263416741204e-02 1.514068982761085924e-01
2.207567214450292692e+00 5.148556373148897858e-02 1.510356753547625053e-01
2.202189605704882425e+00 5.164307482881055206e-02 1.506677541592762737e-01
2.196859648694749811e+00 5.180058592613212554e-02 1.503030931644183110e-01
2.191576746220968097e+00 5.195809702345369901e-02 1.499416515114809778e-01
2.186340310636339712e+00 5.211560812077526555e-02 1.495833889952599693e-01
2.181149763659501417e+00 5.227311921809683903e-02 1.492282660513352122e-01
2.176004536193240746e+00 5.243063031541841251e-02 1.488762437436411956e-01
2.170904068092263994e+00 5.258814141273998599e-02 1.485272837485779041e-01
2.165847792914823877e+00 5.274565251006155947e-02 1.481813473117593871e-01
2.160835117803868055e+00 5.290316360738312601e-02 1.478383938715373547e-01
2.155865454671494152e+00 5.306067470470469949e-02 1.474983831925552880e-01
2.150938225224685585e+00 5.321818580202627297e-02 1.471612757095960011e-01
2.146052860768811410e+00 5.337569689934784645e-02 1.468270325141377008e-01
2.141208802015745594e+00 5.353320799666941299e-02 1.464956153412251549e-01
2.136405498896478239e+00 5.369071909399098647e-02 1.461669865566501969e-01
2.131642410378146835e+00 5.384823019131255994e-02 1.458411091444330177e-01
2.126919004285238390e+00 5.400574128863413342e-02 1.455179466945889510e-01
2.122234757125047278e+00 5.416325238595570690e-02 1.451974633911872758e-01
2.117589153917109446e+00 5.432076348327727344e-02 1.448796240006816616e-01
2.112981688026570382e+00 5.447827458059884692e-02 1.445643938605090384e-01
2.108411861001396215e+00 5.463578567792042040e-02 1.442517388679527002e-01
2.103879182413296078e+00 5.479329677524199388e-02 1.439416254692582053e-01
2.099383169702304208e+00 5.495080787256356042e-02 1.436340206490002436e-01
2.094923348024853027e+00 5.510831896988513390e-02 1.433288919196885336e-01
2.090499250075519289e+00 5.526583006720670738e-02 1.430262073095713293e-01
2.086110372211925856e+00 5.542334116452828086e-02 1.427259323608230934e-01
2.081756088510406943e+00 5.558085226184985433e-02 1.424280242494685156e-01
2.077435760277651866e+00 5.573836335917142087e-02 1.421324392778685053e-01
2.073148760709586202e+00 5.589587445649299435e-02 1.418391345618127408e-01
2.068894474640504466e+00 5.605338555381456783e-02 1.415480680133560376e-01
2.064672298298505737e+00 5.621089665113614131e-02 1.412591983240861770e-01
2.060481639067039072e+00 5.636840774845770785e-02 1.409724849488090126e-01
2.056321915252429910e+00 5.652591884577928133e-02 1.406878880896438033e-01
2.052192555857112577e+00 5.668342994310085481e-02 1.404053686805077916e-01
2.048093000358547577e+00 5.684094104042242829e-02 1.401248883719912741e-01
2.044022698493546564e+00 5.699845213774400177e-02 1.398464095166005727e-01
2.039981110047879298e+00 5.715596323506556831e-02 1.395698951543643540e-01
2.035967704651052479e+00 5.731347433238714179e-02 1.392953089987925552e-01
2.031981961576074802e+00 5.747098542970871526e-02 1.390226154231771205e-01
2.028023369544061705e+00 5.762849652703028874e-02 1.387517794472233890e-01
2.024091426533563443e+00 5.778600762435185528e-02 1.384827667240048910e-01
2.020185639594535232e+00 5.794351872167342876e-02 1.382155435272359179e-01
2.016305524590306320e+00 5.810102981899500224e-02 1.379500767336172828e-01
2.012450563710274754e+00 5.825854091631657572e-02 1.376863309159721271e-01
2.008620136519830623e+00 5.841605201363814920e-02 1.374242636258714845e-01
2.004813616247259844e+00 5.857356311095971574e-02 1.371638319813190399e-01
2.001030388324006815e+00 5.873107420828128922e-02 1.369049939352250389e-01
1.997269850136333735e+00 5.888858530560286270e-02 1.366477082584153790e-01
1.993531410783285107e+00 5.904609640292443618e-02 1.363919345230724667e-01
1.989814490840683181e+00 5.920360750024600272e-02 1.361376330865881057e-01
1.986118522131133712e+00 5.936111859756757619e-02 1.358847650758281955e-01
1.982442947499689412e+00 5.951862969488914967e-02 1.356332923717840921e-01
1.978787220595213059e+00 5.967614079221072315e-02 1.353831775946139904e-01
1.975150805656998187e+00 5.983365188953229663e-02 1.351343840890445180e-01
1.971533177306814988e+00 5.999116298685386317e-02 1.348868759101423953e-01
1.967933820345891149e+00 6.014867408417543665e-02 1.346406178094252393e-01
1.964352229556984408e+00 6.030618518149701013e-02 1.343955752213192301e-01
1.960787909511192195e+00 6.046369627881858361e-02 1.341517142499418225e-01
1.957240374379425996e+00 6.062120737614015015e-02 1.339090016562034247e-01
1.953709147748444952e+00 6.077871847346172363e-02 1.336674048452208552e-01
1.950193762441292611e+00 6.093622957078329710e-02 1.334268918540320037e-01
1.946693759871166440e+00 6.109374066810487058e-02 1.331874313073894145e-01
1.943208639011140271e+00 6.125125176542643712e-02 1.329489889264093838e-01
1.939737812292261943e+00 6.140876286274801060e-02 1.327115245112406028e-01
1.936280693365419747e+00 6.156627396006958408e-02 1.324749979454900861e-01
1.932836707765755335e+00 6.172378505739115756e-02 1.322393699258527233e-01
1.929405292690494766e+00 6.188129615471273104e-02 1.320046019469109932e-01
1.925985896782410389e+00 6.203880725203429758e-02 1.317706562863203423e-01
1.922577979918550284e+00 6.219631834935587106e-02 1.315374959903543861e-01
1.919181013004225944e+00 6.235382944667744454e-02 1.313050848598101839e-01
1.915794477772028159e+00 6.251134054399902495e-02 1.310733874362573492e-01
1.912417866585760962e+00 6.266885164132059149e-02 1.308423689886241414e-01
1.909050682249085584e+00 6.282636273864215803e-02 1.306119955001048272e-01
1.905692437818753859e+00 6.298387383596373845e-02 1.303822336553821515e-01
1.902342656422364220e+00 6.314138493328530499e-02 1.301530508281582288e-01
1.899000871080348762e+00 6.329889603060687153e-02 1.299244150689758126e-01
1.895666624532261757e+00 6.345640712792845195e-02 1.296962950933333580e-01
1.892339469067044977e+00 6.361391822525001849e-02 1.294686602700718669e-01
1.889018966357300711e+00 6.377142932257158503e-02 1.292414806100366798e-01
1.885704687297360849e+00 6.392894041989316545e-02 1.290147267549986709e-01
1.882396211845108080e+00 6.408645151721473199e-02 1.287883699668317117e-01
1.879093127480931047e+00 6.424396261453631241e-02 1.285623820220789526e-01
1.875794981600425126e+00 6.440147371185787895e-02 1.283367319547921437e-01
1.872501270748257340e+00 6.455898480917944549e-02 1.281113853199426778e-01
1.869211498537515892e+00 6.471649590650102590e-02 1.278863081561035508e-01
1.865925179326265448e+00 6.487400700382259244e-02 1.276614672369897341e-01
1.862641838040388631e+00 6.503151810114417286e-02 1.274368300593370917e-01
1.859361010000587289e+00 6.518902919846573940e-02 1.272123648310665156e-01
1.856082240753377466e+00 6.534654029578730594e-02 1.269880404597209245e-01
1.852805085905959492e+00 6.550405139310888636e-02 1.267638265411675236e-01
1.849529110964895029e+00 6.566156249043045290e-02 1.265396933485606612e-01
1.846253891178349482e+00 6.581907358775203332e-02 1.263156118215484347e-01
1.842979011381961074e+00 6.597658468507359986e-02 1.260915535557273204e-01
1.839704065848011938e+00 6.613409578239516640e-02 1.258674907923232333e-01
1.836428658138044456e+00 6.629160687971674681e-02 1.256433964081074828e-01
1.833152400958587114e+00 6.644911797703831335e-02 1.254192439055263064e-01
1.829874916020010511e+00 6.660662907435987989e-02 1.251950074030439564e-01
1.826595833898452037e+00 6.676414017168146031e-02 1.249706616256961583e-01
1.823314793900602027e+00 6.692165126900302685e-02 1.247461818958390256e-01
1.820031443931333648e+00 6.707916236632460727e-02 1.245215441240926368e-01
1.816745440364113007e+00 6.723667346364617381e-02 1.242967248004749614e-01
1.813456447914017611e+00 6.739418456096774035e-02 1.240717009857139480e-01
1.810164137964588082e+00 6.755169565828932077e-02 1.238464501967756481e-01
1.806868162406384259e+00 6.770920675561088731e-02 1.236209486169698030e-01
1.803568157977712527e+00 6.786671785293246772e-02 1.233951713929307553e-01
1.800263769611345044e+00 6.802422895025403426e-02 1.231690942319357412e-01
1.796954651098636058e+00 6.818174004757560080e-02 1.229426934473415167e-01
1.793640464962049430e+00 6.833925114489718122e-02 1.227159459498636807e-01
1.790320882330102448e+00 6.849676224221874776e-02 1.224888292390201305e-01
1.786995582814831174e+00 6.865427333954032818e-02 1.222613213947477823e-01
1.783664254391631232e+00 6.881178443686189472e-02 1.220334010691816601e-01
1.780326593281368996e+00 6.896929553418346126e-02 1.218050474785893206e-01
1.776982303834764299e+00 6.912680663150504168e-02 1.215762403954602083e-01
1.773631098418892993e+00 6.928431772882660822e-02 1.213469601407411308e-01
1.770272697305808496e+00 6.944182882614817476e-02 1.211171875762155625e-01
1.766906828563151066e+00 6.959933992346975518e-02 1.208869040970194514e-01
1.763533227946766146e+00 6.975685102079132172e-02 1.206560916242949144e-01
1.760151638795191875e+00 6.991436211811290213e-02 1.204247325979707489e-01
1.756761811925993344e+00 7.007187321543446867e-02 1.201928099696703278e-01
1.753363505533853450e+00 7.022938431275603521e-02 1.199603071957391909e-01
1.749956485090450764e+00 7.038689541007761563e-02 1.197272082303946772e-01
1.746540523245966092e+00 7.054440650739918217e-02 1.194934975189877180e-01
1.743115399732188653e+00 7.070191760472076259e-02 1.192591599913733064e-01
1.739680901267247615e+00 7.085942870204232913e-02 1.190241810553926832e-01
1.736236822176519867e+00 7.101693979936389567e-02 1.187885466393539396e-01
1.732782973119816106e+00 7.117445089668547609e-02 1.185522437891222136e-01
1.729319178044235406e+00 7.133196199400704263e-02 1.183152604596424406e-01
1.725845267303945718e+00 7.148947309132862304e-02 1.180775850442135344e-01
1.722361077426433962e+00 7.164698418865018958e-02 1.178392063584957489e-01
1.718866451029707587e+00 7.180449528597175612e-02 1.176001136348463205e-01
1.715361236740660766e+00 7.196200638329333654e-02 1.173602965167337142e-01
1.711845289114634738e+00 7.211951748061490308e-02 1.171197450532345669e-01
1.708318468556035752e+00 7.227702857793646962e-02 1.168784496936023376e-01
1.704780641240067673e+00 7.243453967525805004e-02 1.166364012819127022e-01
1.701231679035486666e+00 7.259205077257961658e-02 1.163935910517785027e-01
1.697671459428389706e+00 7.274956186990119700e-02 1.161500106211355160e-01
1.694099865446990094e+00 7.290707296722276354e-02 1.159056519870959173e-01
1.690516785587324433e+00 7.306458406454433008e-02 1.156605075208652494e-01
1.686922113739928175e+00 7.322209516186591050e-02 1.154145699627260047e-01
1.683315749117401339e+00 7.337960625918747704e-02 1.151678324170814505e-01
1.679697596182855746e+00 7.353711735650905745e-02 1.149202883475605175e-01
1.676067564579201807e+00 7.369462845383062399e-02 1.146719315721798776e-01
1.672425569059298622e+00 7.385213955115219053e-02 1.144227562585645175e-01
1.668771529416888555e+00 7.400965064847377095e-02 1.141727569192230590e-01
1.665105370418322739e+00 7.416716174579533749e-02 1.139219284068761356e-01
1.661427021735054410e+00 7.432467284311691791e-02 1.136702659098381557e-01
1.657736417876901847e+00 7.448218394043848445e-02 1.134177649474510247e-01
1.654033500921837652e+00 7.463969503776005099e-02 1.131644215568490264e-01
1.650318263232721350e+00 7.479720613508163141e-02 1.129102352155199468e-01
1.646590737881397315e+00 7.495471723240319795e-02 1.126552081861484228e-01
1.642850961762195805e+00 7.511222832972476449e-02 1.123993429929430188e-01
1.639098974440925449e+00 7.526973942704634490e-02 1.121426423428875246e-01
1.635334818110954602e+00 7.542725052436791144e-02 1.118851091227361094e-01
1.631558537549829380e+00 7.558476162168949186e-02 1.116267463960453621e-01
1.627770180076133499e+00 7.574227271901105840e-02 1.113675574002224028e-01
1.623969795506866154e+00 7.589978381633262494e-02 1.111075455436094372e-01
1.620157436115104543e+00 7.605729491365420536e-02 1.108467144025865742e-01
1.616333156588100728e+00 7.621480601097577190e-02 1.105850677187050768e-01
1.612497013985716654e+00 7.637231710829735232e-02 1.103226093958437487e-01
1.608649067699250645e+00 7.652982820561891886e-02 1.100593434973918538e-01
1.604789379410598738e+00 7.668733930294048540e-02 1.097952742434549767e-01
1.600918013051793265e+00 7.684485040026206581e-02 1.095304060080869030e-01
1.597035034764880068e+00 7.700236149758363235e-02 1.092647433165444409e-01
1.593140512862160296e+00 7.715987259490521277e-02 1.089982908425672220e-01
1.589234517786742185e+00 7.731738369222677931e-02 1.087310534056790262e-01
1.585317122073480967e+00 7.747489478954834585e-02 1.084630359685150175e-01
1.581388400310213882e+00 7.763240588686992627e-02 1.081942436341698094e-01
1.577448429099338911e+00 7.778991698419149281e-02 1.079246816435687761e-01
1.573497287019725466e+00 7.794742808151305935e-02 1.076543553728619151e-01
1.569535054588964140e+00 7.810493917883463977e-02 1.073832703308413156e-01
1.565561814225901793e+00 7.826245027615620631e-02 1.071114321563777227e-01
1.561577651210752649e+00 7.841996137347778673e-02 1.068388466841086876e-01
1.557582706959098839e+00 7.857747247079935327e-02 1.065655235892993685e-01
1.553577204359250841e+00 7.873498356812091981e-02 1.062914781213547127e-01
1.549561371634193829e+00 7.889249466544250022e-02 1.060167258946634883e-01
1.545535435586462558e+00 7.905000576276406676e-02 1.057412824264311740e-01
1.541499621594879521e+00 7.920751686008564718e-02 1.054651631364566661e-01
1.537454153611461205e+00 7.936502795740721372e-02 1.051883833469208773e-01
1.533399254158578806e+00 7.952253905472878026e-02 1.049109582821922543e-01
1.529335144326243068e+00 7.968005015205036068e-02 1.046329030686409811e-01
1.525262043769649578e+00 7.983756124937192722e-02 1.043542327344712528e-01
1.521180170706860402e+00 7.999507234669350764e-02 1.040749622095625548e-01
1.517089741916702872e+00 8.015258344401507418e-02 1.037951063253258338e-01
1.512990972736840023e+00 8.031009454133664072e-02 1.035146798145714919e-01
1.508884077062037532e+00 8.046760563865822113e-02 1.032336973113910789e-01
1.504769267342570327e+00 8.062511673597978767e-02 1.029521733510477821e-01
1.500646754582863229e+00 8.078262783330135421e-02 1.026701223698838622e-01
1.496516748340262382e+00 8.094013893062293463e-02 1.023875587052364144e-01
1.492379456723990971e+00 8.109765002794450117e-02 1.021044965953659678e-01
1.488235086394267270e+00 8.125516112526608159e-02 1.018209501793960470e-01
1.484083842561605637e+00 8.141267222258764813e-02 1.015369334972655302e-01
1.479925928986267625e+00 8.157018331990921467e-02 1.012524604896908459e-01
1.475761547977878729e+00 8.172769441723079509e-02 1.009675449981400075e-01
1.471590900395180146e+00 8.188520551455236163e-02 1.006822007648155715e-01
1.467414185646005231e+00 8.204271661187394205e-02 1.003964414326527360e-01
1.463231601687306815e+00 8.220022770919550859e-02 1.001102805453217143e-01
1.459043345025444971e+00 8.235773880651707513e-02 9.982373154724695496e-02
1.454849630276938699e+00 8.251524990383865554e-02 9.953680912190028540e-02
1.450650783777092556e+00 8.267276100116022208e-02 9.924953559624537236e-02
1.446447168262637639e+00 8.283027209848178862e-02 9.896193578773146426e-02
1.442239141118361045e+00 8.298778319580336904e-02 9.867403414764250313e-02
1.438027054365734747e+00 8.314529429312493558e-02 9.838585476031898314e-02
1.433811254709330685e+00 8.330280539044651600e-02 9.809742134633395172e-02
1.429592083583420159e+00 8.346031648776808254e-02 9.780875726568083461e-02
1.425369877198716884e+00 8.361782758508964908e-02 9.751988552097173857e-02
1.421144966589299896e+00 8.377533868241122950e-02 9.723082876064763347e-02
1.416917677659667252e+00 8.393284977973279604e-02 9.694160928219751339e-02
1.412688331231864991e+00 8.409036087705437645e-02 9.665224903538327528e-02
1.408457243092752664e+00 8.424787197437594299e-02 9.636276962547300762e-02
1.404224724041316819e+00 8.440538307169750953e-02 9.607319231647827584e-02
1.399991079936032889e+00 8.456289416901908995e-02 9.578353803439450254e-02
1.395756611742313247e+00 8.472040526634065649e-02 9.549382737044720404e-02
1.391521615579919269e+00 8.487791636366223691e-02 9.520408058433571519e-02
1.387286382770447579e+00 8.503542746098380345e-02 9.491431760748228474e-02
1.383051199884747229e+00 8.519293855830536999e-02 9.462455804627592504e-02
1.378816348790376400e+00 8.535044965562695041e-02 9.433482118531945348e-02
1.374582106698982953e+00 8.550796075294851695e-02 9.404512599067127443e-02
1.370348746213640112e+00 8.566547185027008349e-02 9.375549111308356665e-02
1.366116535376162400e+00 8.582298294759166390e-02 9.346593489123991572e-02
1.361885737714302103e+00 8.598049404491323044e-02 9.317647535498403688e-02
1.357656612288870024e+00 8.613800514223481086e-02 9.288713022854398760e-02
1.353429413740780962e+00 8.629551623955637740e-02 9.259791693375044042e-02
1.349204392337955305e+00 8.645302733687794394e-02 9.230885259324606018e-02
1.344981794050353674e+00 8.661053843419952436e-02 9.201995403561891163e-02
1.340761898332075042e+00 8.676804953152109090e-02 9.173124038034949357e-02
1.336545091247604455e+00 8.692556062884267132e-02 9.144273804090775892e-02
1.332331771752634619e+00 8.708307172616423786e-02 9.115447431274459333e-02
1.328122330735372003e+00 8.724058282348580440e-02 9.086647593935573419e-02
1.323917151115659108e+00 8.739809392080738482e-02 9.057876911906327655e-02
1.319716607944035669e+00 8.755560501812895136e-02 9.029137951179329324e-02
1.315521068500603352e+00 8.771311611545053177e-02 9.000433224583984093e-02
1.311330892393729020e+00 8.787062721277209831e-02 8.971765192461812755e-02
1.307146431658512187e+00 8.802813831009366485e-02 8.943136263340106806e-02
1.302968030854994907e+00 8.818564940741524527e-02 8.914548794603882609e-02
1.298796027166104317e+00 8.834316050473681181e-02 8.886005093165964819e-02
1.294630750495221694e+00 8.850067160205837835e-02 8.857507416134514922e-02
1.290472523563460427e+00 8.865818269937995877e-02 8.829057971478609934e-02
1.286321662006506550e+00 8.881569379670152531e-02 8.800658918690777710e-02
1.282178474471080687e+00 8.897320489402310573e-02 8.772312369446957914e-02
1.278043262710945704e+00 8.913071599134467227e-02 8.744020388263389065e-02
1.273916321682458275e+00 8.928822708866623881e-02 8.715784993150307858e-02
1.269797939639633277e+00 8.944573818598781922e-02 8.687608156262381642e-02
1.265688398228678402e+00 8.960324928330938576e-02 8.659491804545474403e-02
1.261587972582027817e+00 8.976076038063096618e-02 8.631437820380014059e-02
1.257496931411792529e+00 8.991827147795253272e-02 8.603448042220325498e-02
1.253415537102628541e+00 9.007578257527409926e-02 8.575524265230045906e-02
1.249344045804058778e+00 9.023329367259567968e-02 8.547668241913729259e-02
1.245282707522112897e+00 9.039080476991724622e-02 8.519881682743860041e-02
1.241231766210397769e+00 9.054831586723882664e-02 8.492166256783899303e-02
1.237191459860482734e+00 9.070582696456039318e-02 8.464523592306683053e-02
1.233162020591638708e+00 9.086333806188195972e-02 8.436955277408404730e-02
1.229143674739894720e+00 9.102084915920354014e-02 8.409462860617898661e-02
1.225136661068745303e+00 9.117836025652510668e-02 8.382047975489313740e-02
1.221141295238026947e+00 9.133587135384667322e-02 8.354712781680402600e-02
1.217157908739481487e+00 9.149338245116825363e-02 8.327459547166476961e-02
1.213186824764392879e+00 9.165089354848982017e-02 8.300290483133360153e-02
1.209228358333062303e+00 9.180840464581140059e-02 8.273207744863307622e-02
1.205282816425593317e+00 9.196591574313296713e-02 8.246213432629714846e-02
1.201350498111833920e+00 9.212342684045453367e-02 8.219309592586211688e-02
1.197431694680355818e+00 9.228093793777611409e-02 8.192498217649057946e-02
1.193526689766592597e+00 9.243844903509768063e-02 8.165781248373868428e-02
1.189635759479936938e+00 9.259596013241926105e-02 8.139160573825138245e-02
1.185759172529914141e+00 9.275347122974082759e-02 8.112638032439506430e-02
1.181897190351297144e+00 9.291098232706239413e-02 8.086215412881773978e-02
1.178050067228226805e+00 9.306849342438397454e-02 8.059894454894069027e-02
1.174218050417273673e+00 9.322600452170554108e-02 8.033676850137817793e-02
1.170401380269391334e+00 9.338351561902712150e-02 8.007564243028124362e-02
1.166600290350820579e+00 9.354102671634868804e-02 7.981558231560950678e-02
1.162815007562853387e+00 9.369853781367025458e-02 7.955660368132509708e-02
1.159045752260482232e+00 9.385604891099183500e-02 7.929872160351036925e-02
1.155292738369893879e+00 9.401356000831340154e-02 7.904195071840643128e-02
1.151556173504830083e+00 9.417107110563496808e-02 7.878630523037434552e-02
1.147836259081737253e+00 9.432858220295654850e-02 7.853179891977322968e-02
1.144133190433795022e+00 9.448609330027811504e-02 7.827844515076180787e-02
1.140447156923703798e+00 9.464360439759969545e-02 7.802625687901509899e-02
1.136778342055280167e+00 9.480111549492126199e-02 7.777524665935937886e-02
1.133126923583866574e+00 9.495862659224282853e-02 7.752542665332610994e-02
1.129493073625499111e+00 9.511613768956440895e-02 7.727680863662096666e-02
1.125876958764873148e+00 9.527364878688597549e-02 7.702940400651052399e-02
1.122278740162060195e+00 9.543115988420755591e-02 7.678322378912348645e-02
1.118698573658015727e+00 9.558867098152912245e-02 7.653827864666919167e-02
1.115136610235373027e+00 9.574618207885068899e-02 7.629457890896415573e-02
1.111593012761628696e+00 9.590369317617226941e-02 7.605213571895436120e-02
1.108067962726696276e+00 9.606120427349383595e-02 7.581096149368031500e-02
1.104561637608663105e+00 9.621871537081541637e-02 7.557106837570465308e-02
1.101074209129303316e+00 9.637622646813698291e-02 7.533246811375846064e-02
1.097605843369972911e+00 9.653373756545854945e-02 7.509517207067140099e-02
1.094156700886183442e+00 9.669124866278012986e-02 7.485919123120977903e-02
1.090726936820782145e+00 9.684875976010169640e-02 7.462453620982034685e-02
1.087316701015779374e+00 9.700627085742326294e-02 7.439121725828128084e-02
1.083926138122783600e+00 9.716378195474484336e-02 7.415924427325762402e-02
1.080555387712090809e+00 9.732129305206640990e-02 7.392862680376505180e-02
1.077204584380367924e+00 9.747880414938799032e-02 7.369937405853718704e-02
1.073873857856991965e+00 9.763631524670955686e-02 7.347149491330108584e-02
1.070563333108987880e+00 9.779382634403112340e-02 7.324499791795684167e-02
1.067273130444621687e+00 9.795133744135270382e-02 7.301989130366499936e-02
1.064003365615601382e+00 9.810884853867427036e-02 7.279618298983896174e-02
1.060754149917918943e+00 9.826635963599585077e-02 7.257388059104429023e-02
1.057525590291356288e+00 9.842387073331741731e-02 7.235299142380666182e-02
1.054317789417568596e+00 9.858138183063898385e-02 7.213352251332243170e-02
1.051130845816901083e+00 9.873889292796056427e-02 7.191548060008257082e-02
1.047964853943778474e+00 9.889640402528213081e-02 7.169887214639895923e-02
1.044819904280805067e+00 9.905391512260371123e-02 7.148370334284237515e-02
1.041696083431517872e+00 9.921142621992527777e-02 7.126998011458869631e-02
1.038593474211787715e+00 9.936893731724684431e-02 7.105770812767181477e-02
1.035512155739938045e+00 9.952644841456842473e-02 7.084689279514985727e-02
1.032452203525527024e+00 9.968395951188999127e-02 7.063753928317899333e-02
1.029413689556829992e+00 9.984147060921155781e-02 7.042965251699900842e-02
1.026396682387030079e+00 9.999898170653313823e-02 7.022323718683008698e-02
1.023401247219131172e+00 1.001564928038547048e-01 7.001829775368233200e-02
1.020427445989573467e+00 1.003140039011762852e-01 6.981483845507660546e-02
1.017475337450602479e+00 1.004715149984978517e-01 6.961286331067989552e-02
1.014544977090348299e+00 1.006290260958194183e-01 6.941237611683739872e-02
1.011636400459462903e+00 1.007865371931409987e-01 6.921337930582692477e-02
1.008749609074507392e+00 1.009440482904625652e-01 6.901587298140741955e-02
1.005884599154811987e+00 1.011015593877841456e-01 6.881985688491587538e-02
1.003041365175773247e+00 1.012590704851057122e-01 6.862533063837406022e-02
1.000219899921650057e+00 1.014165815824272787e-01 6.843229374810093357e-02
9.974201945374642220e-01 1.015740926797488591e-01 6.824074560826312585e-02
9.946422385799864596e-01 1.017316037770704257e-01 6.805068550436366159e-02
9.918860200677761529e-01 1.018891148743920061e-01 6.786211261666535988e-02
9.891515255303637844e-01 1.020466259717135726e-01 6.767502602355576768e-02
9.864387400565426400e-01 1.022041370690351392e-01 6.748942470485107259e-02
9.837476473417756662e-01 1.023616481663567196e-01 6.730530754503979973e-02
9.810782297347749870e-01 1.025191592636782861e-01 6.712267333646934619e-02
9.784304682831936884e-01 1.026766703609998527e-01 6.694152078247225801e-02
9.758043427785284551e-01 1.028341814583214331e-01 6.676184850043836994e-02
9.731998318001773285e-01 1.029916925556429996e-01 6.658365502482900544e-02
9.706169127586792289e-01 1.031492036529645800e-01 6.640693881013542965e-02
9.680555619381845389e-01 1.033067147502861466e-01 6.623169823378437238e-02
9.655157545381127804e-01 1.034642258476077131e-01 6.605793159898844247e-02
9.629974647140581157e-01 1.036217369449292935e-01 6.588563713754445883e-02
9.605006656179208013e-01 1.037792480422508601e-01 6.571481301257932339e-02
9.580253294372796935e-01 1.039367591395724405e-01 6.554545732124363033e-02
9.555714274340586512e-01 1.040942702368940070e-01 6.537756809735734143e-02
9.531389299824258865e-01 1.042517813342155736e-01 6.521114331400251762e-02
9.507278066060086408e-01 1.044092924315371540e-01 6.504618088606957393e-02
9.483380260143772222e-01 1.045668035288587205e-01 6.488267867275343548e-02
9.459695561388701268e-01 1.047243146261803010e-01 6.472063448000450747e-02
9.436223641677055074e-01 1.048818257235018675e-01 6.456004606293089254e-02
9.412964165804232897e-01 1.050393368208234340e-01 6.440091112815501950e-02
9.389916791816904640e-01 1.051968479181450145e-01 6.424322733612619629e-02
9.367081171344460166e-01 1.053543590154665810e-01 6.408699230338862907e-02
9.344456949923929390e-01 1.055118701127881475e-01 6.393220360480413034e-02
9.322043767318781704e-01 1.056693812101097280e-01 6.377885877573349904e-02
9.299841219506048695e-01 1.058268923074312945e-01 6.362695505196271084e-02
9.277848253153030411e-01 1.059844034047528749e-01 6.347648522687929229e-02
9.256063287774355386e-01 1.061419145020744415e-01 6.332743848723711155e-02
9.234484744005331258e-01 1.062994255993960080e-01 6.317980402745743129e-02
9.213111059947145520e-01 1.064569366967175884e-01 6.303357116145831551e-02
9.191940690965271221e-01 1.066144477940391549e-01 6.288872932127528848e-02
9.170972109490547197e-01 1.067719588913607354e-01 6.274526805570043719e-02
9.150203804822506504e-01 1.069294699886823019e-01 6.260317702893673786e-02
9.129634282935948919e-01 1.070869810860038684e-01 6.246244601927484347e-02
9.109262066289556259e-01 1.072444921833254489e-01 6.232306491778354107e-02
9.089085693637196650e-01 1.074020032806470154e-01 6.218502372701883996e-02
9.069103719841870026e-01 1.075595143779685958e-01 6.204831255975093440e-02
9.049314715691962885e-01 1.077170254752901624e-01 6.191292163770720919e-02
9.029717267719914453e-01 1.078745365726117289e-01 6.177884129033147514e-02
9.010309978023355315e-01 1.080320476699333093e-01 6.164606195356027440e-02
8.991091464088611929e-01 1.081895587672548759e-01 6.151457416861545041e-02
8.972060358616498199e-01 1.083470698645764424e-01 6.138436858081212227e-02
8.953215309350328610e-01 1.085045809618980228e-01 6.125543593838210510e-02
8.934554978906337208e-01 1.086620920592195894e-01 6.112776709131357428e-02
8.916078044606198238e-01 1.088196031565411698e-01 6.100135299020536389e-02
8.897783198311883801e-01 1.089771142538627363e-01 6.087618468513696784e-02
8.879669146262477719e-01 1.091346253511843029e-01 6.075225332455210653e-02
8.861734608913396372e-01 1.092921364485058833e-01 6.062955015415880805e-02
8.843978320777383662e-01 1.094496475458274498e-01 6.050806651584139662e-02
8.826399030267932933e-01 1.096071586431490302e-01 6.038779384658934934e-02
8.808995499544497454e-01 1.097646697404705968e-01 6.026872367743818515e-02
8.791766504359883605e-01 1.099221808377921633e-01 6.015084763242543181e-02
8.774710833909383778e-01 1.100796919351137437e-01 6.003415742755838225e-02
8.757827290682295152e-01 1.102372030324353103e-01 5.991864486979831678e-02
8.741114690314980562e-01 1.103947141297568907e-01 5.980430185605500881e-02
8.724571861445937770e-01 1.105522252270784572e-01 5.969112037219535122e-02
8.708197645572984813e-01 1.107097363244000238e-01 5.957909249206615188e-02
8.691990896911947484e-01 1.108672474217216042e-01 5.946821037652728209e-02
8.675950482257339669e-01 1.110247585190431707e-01 5.935846627249863339e-02
8.660075278930449150e-01 1.111822696163647373e-01 5.924985249892126410e-02
8.644363781587174334e-01 1.113397807136863177e-01 5.914235875664502345e-02
8.628813629919509509e-01 1.114972918110078842e-01 5.903596889709186724e-02
8.613422378334928409e-01 1.116548029083294646e-01 5.893066618819062241e-02
8.598187614244278132e-01 1.118123140056510312e-01 5.882643412366998781e-02
8.583106957490147515e-01 1.119698251029725977e-01 5.872325641914784289e-02
8.568178059787033840e-01 1.121273362002941781e-01 5.862111700830081179e-02
8.553398604173203523e-01 1.122848472976157447e-01 5.852000003911414505e-02
8.538766304474149083e-01 1.124423583949373251e-01 5.841988987021084351e-02
8.524278904777099486e-01 1.125998694922588916e-01 5.832077106725639531e-02
8.509934178916431780e-01 1.127573805895804582e-01 5.822262839943803669e-02
8.495729929970031735e-01 1.129148916869020386e-01 5.812544683601907763e-02
8.481663989765619860e-01 1.130724027842236051e-01 5.802921154296134670e-02
8.467734218397827695e-01 1.132299138815451855e-01 5.793390787962097999e-02
8.453938503754763190e-01 1.133874249788667521e-01 5.783952139550953969e-02
8.440274761054792352e-01 1.135449360761883186e-01 5.774603782712461192e-02
8.426740932392323691e-01 1.137024471735098990e-01 5.765344309484232016e-02
8.413334986293479201e-01 1.138599582708314656e-01 5.756172329987729874e-02
8.400054917280368461e-01 1.140174693681530321e-01 5.747086472130158441e-02
8.386898745444627545e-01 1.141749804654746125e-01 5.738085381312688082e-02
8.373864516029538851e-01 1.143324915627961791e-01 5.729167720144543591e-02
8.360950299020598608e-01 1.144900026601177595e-01 5.720332168162906017e-02
8.348154188744565385e-01 1.146475137574393260e-01 5.711577421558572398e-02
8.335474303476488878e-01 1.148050248547608926e-01 5.702902192907100681e-02
8.322908785054935477e-01 1.149625359520824730e-01 5.694305210905560577e-02
8.310455798504654545e-01 1.151200470494040395e-01 5.685785220114367849e-02
8.298113531667230536e-01 1.152775581467256200e-01 5.677340980704592005e-02
8.285880194838980417e-01 1.154350692440471865e-01 5.668971268210213493e-02
8.273754020416194122e-01 1.155925803413687530e-01 5.660674873285397729e-02
8.261733262547467094e-01 1.157500914386903335e-01 5.652450601466650626e-02
8.249816196793043899e-01 1.159076025360119000e-01 5.644297272939734905e-02
8.238001119791079629e-01 1.160651136333334804e-01 5.636213722311336771e-02
8.226286348930342829e-01 1.162226247306550470e-01 5.628198798385142948e-02
8.214670222029712976e-01 1.163801358279766135e-01 5.620251363942560530e-02
8.203151097023920757e-01 1.165376469252981939e-01 5.612370295527715353e-02
8.191727351655468947e-01 1.166951580226197605e-01 5.604554483236650481e-02
8.180397383108016784e-01 1.168526691199413270e-01 5.596802830466528905e-02
8.169159412005571053e-01 1.170101802172629074e-01 5.589114119817244208e-02
8.158011055183147509e-01 1.171676913145844739e-01 5.581486720792885881e-02
8.146949834525144540e-01 1.173252024119060544e-01 5.573918937934932427e-02
8.135973302789187844e-01 1.174827135092276209e-01 5.566409096907481285e-02
8.125079043129407319e-01 1.176402246065491874e-01 5.558955544171083341e-02
8.114264668631691046e-01 1.177977357038707679e-01 5.551556646664769501e-02
8.103527821860482261e-01 1.179552468011923344e-01 5.544210791495987611e-02
8.092866174416902814e-01 1.181127578985139148e-01 5.536916385638286642e-02
8.082277426508056584e-01 1.182702689958354814e-01 5.529671855636639904e-02
8.071759306526897770e-01 1.184277800931570479e-01 5.522475647319999986e-02
8.061309570642825051e-01 1.185852911904786283e-01 5.515326225521204745e-02
8.050926002402459813e-01 1.187428022878001949e-01 5.508222073803828445e-02
8.040606412340397524e-01 1.189003133851217753e-01 5.501161694195882274e-02
8.030348637599737938e-01 1.190578244824433418e-01 5.494143606930174811e-02
8.020150541562274249e-01 1.192153355797649084e-01 5.487166350191313713e-02
8.010010013487737224e-01 1.193728466770864888e-01 5.480228479868878150e-02
7.999924968162405170e-01 1.195303577744080553e-01 5.473328569317009035e-02
7.989893345556331461e-01 1.196878688717296219e-01 5.466465209119888979e-02
7.979913110489229577e-01 1.198453799690512023e-01 5.459637006863159864e-02
7.969982252304945725e-01 1.200028910663727688e-01 5.452842586911198219e-02
7.960098784553956142e-01 1.201604021636943492e-01 5.446080590189889686e-02
7.950260744683985692e-01 1.203179132610159158e-01 5.439349673974965688e-02
7.940466193738409117e-01 1.204754243583374823e-01 5.432648511685643500e-02
7.930713216062387216e-01 1.206329354556590627e-01 5.425975792683587068e-02
7.920999919016136204e-01 1.207904465529806293e-01 5.419330222076727821e-02
7.911324432695872044e-01 1.209479576503022097e-01 5.412710520528338926e-02
7.901684909661526035e-01 1.211054687476237762e-01 5.406115424070754433e-02
7.892079524671535840e-01 1.212629798449453428e-01 5.399543683923910264e-02
7.882506474424169074e-01 1.214204909422669232e-01 5.392994066318377439e-02
7.872963977305721395e-01 1.215780020395884897e-01 5.386465352323073497e-02
7.863450273144765301e-01 1.217355131369100563e-01 5.379956337677132411e-02
7.853963622973044734e-01 1.218930242342316367e-01 5.373465832626320160e-02
7.844502308792006273e-01 1.220505353315532032e-01 5.366992661763284739e-02
7.835064633345646401e-01 1.222080464288747836e-01 5.360535663872170731e-02
7.825648919898978706e-01 1.223655575261963502e-01 5.354093691777027375e-02
7.816253512022173222e-01 1.225230686235179167e-01 5.347665612194136414e-02
7.806876773380142520e-01 1.226805797208394971e-01 5.341250305588050168e-02
7.797517087497390920e-01 1.228380908181610637e-01 5.334846666010706340e-02
7.788172814111244957e-01 1.229956019154826441e-01 5.328453571239513686e-02
7.778842203098046415e-01 1.231531130128042106e-01 5.322069823888012780e-02
7.769523501636602658e-01 1.233106241101257772e-01 5.315694224724164252e-02
7.760214978460840962e-01 1.234681352074473576e-01 5.309325589263352851e-02
7.750914923657826749e-01 1.236256463047689241e-01 5.302962747630200063e-02
7.741621648471141981e-01 1.237831574020905046e-01 5.296604544424016181e-02
7.732333485110040039e-01 1.239406684994120711e-01 5.290249838588257508e-02
7.723048786563572188e-01 1.240981795967336376e-01 5.283897503283348923e-02
7.713765926420030894e-01 1.242556906940552180e-01 5.277546425763143811e-02
7.704483298691335857e-01 1.244132017913767846e-01 5.271195507254782670e-02
7.695199317642255066e-01 1.245707128886983511e-01 5.264843662841846988e-02
7.685912417624471971e-01 1.247282239860199315e-01 5.258489821350829235e-02
7.676621052915103549e-01 1.248857350833414981e-01 5.252132925240664968e-02
7.667323697559877971e-01 1.250432461806630924e-01 5.245771930495417290e-02
7.658018845220390114e-01 1.252007572779846589e-01 5.239405806519796538e-02
7.648705009025968948e-01 1.253582683753062255e-01 5.233033536037793448e-02
7.639380721429223087e-01 1.255157794726277920e-01 5.226654114993856820e-02
7.630044534065880679e-01 1.256732905699493585e-01 5.220266552457002857e-02
7.620695017618360767e-01 1.258308016672709251e-01 5.213869870527464839e-02
7.611330761683231527e-01 1.259883127645924916e-01 5.207463104246015662e-02
7.601950374642092445e-01 1.261458238619140859e-01 5.201045301505636403e-02
7.592552483536247898e-01 1.263033349592356525e-01 5.194615522965754378e-02
7.583135733944629253e-01 1.264608460565572190e-01 5.188172841968739790e-02
7.573698789865154213e-01 1.266183571538787855e-01 5.181716344458726919e-02
7.564240333599270283e-01 1.267758682512003521e-01 5.175245128902614816e-02
7.554759065639594651e-01 1.269333793485219464e-01 5.168758306213206560e-02
7.545253704560694885e-01 1.270908904458435129e-01 5.162254999674475292e-02
7.535722986912654076e-01 1.272484015431650795e-01 5.155734344868746072e-02
7.526165667117508118e-01 1.274059126404866460e-01 5.149195489605845610e-02
7.516580517368653958e-01 1.275634237378082125e-01 5.142637593854276074e-02
7.506966327532518246e-01 1.277209348351298068e-01 5.136059829673941118e-02
7.497321905053089264e-01 1.278784459324513734e-01 5.129461381150823840e-02
7.487646074858883560e-01 1.280359570297729399e-01 5.122841444333344624e-02
7.477937679272186333e-01 1.281934681270945064e-01 5.116199227170261515e-02
7.468195577920676564e-01 1.283509792244160730e-01 5.109533949450208168e-02
7.458418647651413602e-01 1.285084903217376673e-01 5.102844842742840226e-02
7.448605782446675594e-01 1.286660014190592338e-01 5.096131150341260546e-02
7.438755893342127168e-01 1.288235125163808004e-01 5.089392127206034816e-02
7.428867908346852289e-01 1.289810236137023669e-01 5.082627039910465189e-02
7.418940772804789585e-01 1.291385347110239334e-01 5.075835166887893851e-02
7.408973578588881059e-01 1.292960458083455277e-01 5.069015886822772488e-02
7.398965741709269128e-01 1.294535569056670943e-01 5.062168800165304378e-02
7.388916734326236302e-01 1.296110680029886608e-01 5.055293545782080927e-02
7.378826039070001119e-01 1.297685791003102274e-01 5.048389769702927438e-02
7.368693148991194430e-01 1.299260901976317939e-01 5.041457125087032282e-02
7.358517567511922985e-01 1.300836012949533882e-01 5.034495272189466741e-02
7.348298808377297098e-01 1.302411123922749547e-01 5.027503878328010156e-02
7.338036395607304696e-01 1.303986234895965213e-01 5.020482617850235973e-02
7.327729863449217174e-01 1.305561345869180878e-01 5.013431172100940580e-02
7.317378756330263911e-01 1.307136456842396544e-01 5.006349229389763650e-02
7.306982628810723135e-01 1.308711567815612486e-01 4.999236484959109633e-02
7.296541045537453529e-01 1.310286678788828152e-01 4.992092640952330157e-02
7.286053581197501350e-01 1.311861789762043817e-01 4.984917406382006339e-02
7.275519820472319266e-01 1.313436900735259483e-01 4.977710497098614129e-02
7.264939357992039604e-01 1.315012011708475148e-01 4.970471635759243778e-02
7.254311798290040691e-01 1.316587122681690813e-01 4.963200551796510124e-02
7.243636755757949519e-01 1.318162233654906756e-01 4.955896981387776512e-02
7.232913854600601100e-01 1.319737344628122422e-01 4.948560667424324599e-02
7.222142728791411947e-01 1.321312455601338087e-01 4.941191359480842649e-02
7.211323022027751328e-01 1.322887566574553753e-01 4.933788813784870109e-02
7.200454387686754387e-01 1.324462677547769418e-01 4.926352793186578038e-02
7.189536488781050894e-01 1.326037788520985361e-01 4.918883067128481529e-02
7.178568997914723804e-01 1.327612899494201026e-01 4.911379411615299923e-02
7.167551597239455452e-01 1.329188010467416692e-01 4.903841609183958589e-02
7.156483978410580482e-01 1.330763121440632357e-01 4.896269448873521307e-02
7.145365842543567325e-01 1.332338232413848023e-01 4.888662726195416863e-02
7.134196900170224342e-01 1.333913343387063966e-01 4.881021243103467189e-02
7.122976871195197957e-01 1.335488454360279631e-01 4.873344807964139630e-02
7.111705484852421932e-01 1.337063565333495296e-01 4.865633235526743011e-02
7.100382479661673241e-01 1.338638676306710962e-01 4.857886346893700719e-02
7.089007603385120149e-01 1.340213787279926627e-01 4.850103969490828643e-02
7.077580612983750408e-01 1.341788898253142570e-01 4.842285937037520138e-02
7.066101274574155822e-01 1.343364009226358236e-01 4.834432089517181480e-02
7.054569363384792791e-01 1.344939120199573901e-01 4.826542273147308576e-02
7.042984663712674731e-01 1.346514231172789566e-01 4.818616340349850952e-02
7.031346968879759185e-01 1.348089342146005232e-01 4.810654149721375894e-02
7.019656081189449282e-01 1.349664453119221175e-01 4.802655566003316556e-02
7.007911811882849840e-01 1.351239564092436840e-01 4.794620460052025773e-02
6.996113981095155587e-01 1.352814675065652505e-01 4.786548708808953390e-02
6.984262417811701873e-01 1.354389786038868171e-01 4.778440195270570318e-02
6.972356959824301814e-01 1.355964897012083836e-01 4.770294808458495212e-02
6.960397455028211056e-01 1.357540007985299779e-01 4.762112444306854098e-02
6.948384009520437443e-01 1.359115118958515445e-01 4.753893175404294569e-02
6.936317273620238311e-01 1.360690229931731110e-01 4.745637446681360422e-02
6.924197965615502826e-01 1.362265340904946775e-01 4.737345749570869707e-02
6.912026800446783303e-01 1.363840451878162441e-01 4.729018573215472421e-02
6.899804489690122278e-01 1.365415562851378384e-01 4.720656404455923771e-02
6.887531741540059427e-01 1.366990673824594049e-01 4.712259727819440719e-02
6.875209260793418986e-01 1.368565784797809715e-01 4.703829025508626110e-02
6.862837748833485740e-01 1.370140895771025380e-01 4.695364777390619720e-02
6.850417903614846038e-01 1.371716006744241045e-01 4.686867460986753053e-02
6.837950419648731737e-01 1.373291117717456711e-01 4.678337551462499744e-02
6.825435987988776043e-01 1.374866228690672654e-01 4.669775521617746533e-02
6.812875296217425491e-01 1.376441339663888319e-01 4.661181841877483356e-02
6.800269028432840424e-01 1.378016450637103985e-01 4.652556980282853555e-02
6.787617865236159620e-01 1.379591561610319650e-01 4.643901402482428914e-02
6.774922483719527655e-01 1.381166672583535315e-01 4.635215571724028011e-02
6.762183557454364280e-01 1.382741783556751258e-01 4.626499948846686527e-02
6.749401756480237768e-01 1.384316894529966924e-01 4.617754992273040426e-02
6.736577747294255625e-01 1.385892005503182589e-01 4.608981158002072726e-02
6.723712192840805013e-01 1.387467116476398254e-01 4.600178899602097582e-02
6.710805752501936006e-01 1.389042227449613920e-01 4.591348668204173894e-02
6.697859082088035709e-01 1.390617338422829863e-01 4.582490912495720131e-02
6.684872833829069716e-01 1.392192449396045528e-01 4.573606078714542028e-02
6.671847656366264312e-01 1.393767560369261194e-01 4.564694610643112854e-02
6.658784194744219453e-01 1.395342671342476859e-01 4.555756949603206180e-02
6.645683090403421422e-01 1.396917782315692524e-01 4.546793534450754848e-02
6.632544981173300602e-01 1.398492893288908467e-01 4.537804801571108243e-02
6.619370501265576801e-01 1.400068004262124133e-01 4.528791184874476211e-02
6.606160281268196321e-01 1.401643115235339798e-01 4.519753115791780990e-02
6.592914948139514397e-01 1.403218226208555464e-01 4.510691023270683997e-02
6.579635125203017187e-01 1.404793337181771129e-01 4.501605333771960954e-02
6.566321432142407932e-01 1.406368448154987072e-01 4.492496471266154562e-02
6.552974484997107218e-01 1.407943559128202737e-01 4.483364857230489470e-02
6.539594896158145154e-01 1.409518670101418403e-01 4.474210910646061329e-02
6.526183274364319997e-01 1.411093781074634068e-01 4.465035047995201400e-02
6.512740224699087310e-01 1.412668892047849734e-01 4.455837683259374071e-02
6.499266348587435793e-01 1.414244003021065677e-01 4.446619227917000816e-02
6.485762243793358195e-01 1.415819113994281342e-01 4.437380090941762251e-02
6.472228504417664174e-01 1.417394224967497007e-01 4.428120678801088922e-02
6.458665720896152873e-01 1.418969335940712673e-01 4.418841395454910226e-02
6.445074479998018635e-01 1.420544446913928338e-01 4.409542642354565695e-02
6.431455364824891774e-01 1.422119557887144281e-01 4.400224818442145802e-02
6.417808954809969268e-01 1.423694668860359946e-01 4.390888320149907709e-02
6.404135825717534036e-01 1.425269779833575612e-01 4.381533541399928317e-02
6.390436549768571117e-01 1.426844890806791277e-01 4.372160873690066757e-02
6.376711878599158334e-01 1.428420001780006943e-01 4.362770831269046495e-02
6.362963104934037384e-01 1.429995112753222608e-01 4.353364298583570213e-02
6.349191608640434303e-01 1.431570223726438551e-01 4.343942219700831081e-02
6.335398753297363239e-01 1.433145334699654216e-01 4.334505527544076087e-02
6.321585886264354803e-01 1.434720445672869882e-01 4.325055143939627450e-02
6.307754338752485923e-01 1.436295556646085547e-01 4.315591979665479860e-02
6.293905425897723394e-01 1.437870667619301213e-01 4.306116934501479782e-02
6.280040446836294699e-01 1.439445778592517156e-01 4.296630897280891148e-02
6.266160684782240420e-01 1.441020889565732821e-01 4.287134745943458475e-02
6.252267407106997243e-01 1.442596000538948486e-01 4.277629347589850112e-02
6.238361865420694041e-01 1.444171111512164152e-01 4.268115558537281112e-02
6.224445295655673949e-01 1.445746222485379817e-01 4.258594224376661269e-02
6.210518918151529677e-01 1.447321333458595760e-01 4.249066180030759698e-02
6.196583937741980685e-01 1.448896444431811426e-01 4.239532249813662834e-02
6.182641543843474530e-01 1.450471555405027091e-01 4.229993247491385666e-02
6.168692910545274799e-01 1.452046666378242756e-01 4.220449976343493281e-02
6.154739196701249915e-01 1.453621777351458422e-01 4.210903229225923528e-02
6.140781546022965331e-01 1.455196888324674365e-01 4.201353788634664549e-02
6.126821087174401104e-01 1.456771999297890030e-01 4.191802426770556422e-02
6.112858933867787448e-01 1.458347110271105695e-01 4.182249905604872031e-02
6.098896184961074551e-01 1.459922221244321361e-01 4.172696976945983877e-02
6.084933924556324980e-01 1.461497332217537026e-01 4.163144382506700492e-02
6.070973222099487199e-01 1.463072443190752969e-01 4.153592853972512544e-02
6.057015132481273767e-01 1.464647554163968635e-01 4.144043113070630668e-02
6.043060696139093135e-01 1.466222665137184300e-01 4.134495871639701225e-02
6.029110939160075011e-01 1.467797776110399965e-01 4.124951831700307547e-02
6.015166873384992785e-01 1.469372887083615631e-01 4.115411685526070007e-02
6.001229496513154071e-01 1.470947998056831574e-01 4.105876115715410141e-02
5.987299792208196081e-01 1.472523109030047239e-01 4.096345795263917067e-02
5.973378730204710330e-01 1.474098220003262905e-01 4.086821387637328690e-02
5.959467266415584552e-01 1.475673330976478570e-01 4.077303546844936871e-02
5.945566343040171731e-01 1.477248441949694235e-01 4.067792917513620571e-02
5.931676888673045323e-01 1.478823552922910178e-01 4.058290134962241197e-02
5.917799818413530533e-01 1.480398663896125844e-01 4.048795825276572946e-02
5.903936033975748510e-01 1.481973774869341509e-01 4.039310605384618252e-02
5.890086423799176796e-01 1.483548885842557175e-01 4.029835083132222995e-02
5.876251863159914768e-01 1.485123996815772840e-01 4.020369857359208654e-02
5.862433214282166682e-01 1.486699107788988505e-01 4.010915517975659206e-02
5.848631326450351997e-01 1.488274218762204448e-01 4.001472646038607694e-02
5.834847036121645347e-01 1.489849329735420114e-01 3.992041813829039915e-02
5.821081167038619775e-01 1.491424440708635779e-01 3.982623584928962623e-02
5.807334530342531664e-01 1.492999551681851444e-01 3.973218514298904741e-02
5.793607924686594579e-01 1.494574662655067110e-01 3.963827148355426877e-02
5.779902136349820418e-01 1.496149773628283053e-01 3.954450025048992373e-02
5.766217939350755106e-01 1.497724884601498718e-01 3.945087673941796713e-02
5.752556095561616178e-01 1.499299995574714384e-01 3.935740616285855753e-02
5.738917380269392687e-01 1.500875106547930049e-01 3.926409382511188151e-02
5.725302797082491013e-01 1.502450217521145714e-01 3.917094659259060668e-02
5.711713466032193320e-01 1.504025328494361657e-01 3.907797212824062200e-02
5.698150490612953201e-01 1.505600439467577323e-01 3.898517798186735411e-02
5.684614956550511078e-01 1.507175550440792988e-01 3.889257158170765505e-02
5.671107931980913230e-01 1.508750661414008654e-01 3.880016023565446837e-02
5.657630467630182514e-01 1.510325772387224319e-01 3.870795113248615138e-02
5.644183596994397645e-01 1.511900883360440262e-01 3.861595134309856597e-02
5.630768336520552975e-01 1.513475994333655927e-01 3.852416782174237359e-02
5.617385685787583682e-01 1.515051105306871593e-01 3.843260740726167635e-02
5.604036627687817296e-01 1.516626216280087258e-01 3.834127682433532275e-02
5.590722128608960340e-01 1.518201327253302924e-01 3.825018268472216848e-02
5.577443138615926221e-01 1.519776438226518867e-01 3.815933148850494949e-02
5.564200591633193804e-01 1.521351549199734532e-01 3.806872962533803390e-02
5.550995405627158208e-01 1.522926660172950197e-01 3.797838337569492406e-02
5.537828482788458295e-01 1.524501771146165863e-01 3.788829891211575179e-02
5.524700709714518432e-01 1.526076882119381528e-01 3.779848230045618901e-02
5.511612957591851547e-01 1.527651993092597471e-01 3.770893950113467924e-02
5.498566082378465447e-01 1.529227104065813136e-01 3.761967637038040463e-02
5.485560924985878328e-01 1.530802215039028802e-01 3.753069866147864392e-02
5.472598311461239762e-01 1.532377326012244467e-01 3.744201202601671330e-02
5.459679053168922103e-01 1.533952436985460133e-01 3.735362201512644476e-02
5.446803946972120780e-01 1.535527547958676076e-01 3.726553408072656032e-02
5.433973775413871721e-01 1.537102658931891741e-01 3.717775357676123688e-02
5.421189306897791216e-01 1.538677769905107406e-01 3.709028576043663095e-02
5.408451295868529352e-01 1.540252880878323072e-01 3.700313579345543280e-02
5.395760482991549534e-01 1.541827991851538737e-01 3.691630874324700745e-02
5.383117595332603811e-01 1.543403102824754403e-01 3.682980958419519030e-02
5.370523346536607567e-01 1.544978213797970346e-01 3.674364319886214841e-02
5.357978437005886940e-01 1.546553324771186011e-01 3.665781437920789809e-02
5.345483554077984367e-01 1.548128435744401676e-01 3.657232782780680397e-02
5.333039372202728057e-01 1.549703546717617342e-01 3.648718815905908214e-02
5.320646553118623112e-01 1.551278657690833007e-01 3.640239990039745299e-02
5.308305746028622041e-01 1.552853768664048950e-01 3.631796749348996378e-02
5.296017587775113666e-01 1.554428879637264616e-01 3.623389529543699639e-02
5.283782703014227033e-01 1.556003990610480281e-01 3.615018757996393828e-02
5.271601704389278220e-01 1.557579101583695946e-01 3.606684853860785134e-02
5.259475192703475521e-01 1.559154212556911612e-01 3.598388228189894344e-02
5.247403757091737564e-01 1.560729323530127555e-01 3.590129284053625303e-02
5.235387975191729826e-01 1.562304434503343220e-01 3.581908416655776861e-02
5.223428413313930818e-01 1.563879545476558885e-01 3.573726013450398420e-02
5.211525626610964412e-01 1.565454656449774551e-01 3.565582454257644474e-02
5.199680159245713140e-01 1.567029767422990216e-01 3.557478111378784696e-02
5.187892544558924124e-01 1.568604878396206159e-01 3.549413349710885124e-02
5.176163305235386147e-01 1.570179989369421825e-01 3.541388526860499847e-02
5.164492953469509429e-01 1.571755100342637490e-01 3.533403993256952619e-02
5.152881991129665273e-01 1.573330211315853155e-01 3.525460092264773998e-02
5.141330909921677517e-01 1.574905322289068821e-01 3.517557160295563951e-02
5.129840191551192641e-01 1.576480433262284764e-01 3.509695526919069664e-02
5.118410270180346888e-01 1.578055544235500429e-01 3.501875489177081607e-02
5.107041410296853101e-01 1.579630655208716095e-01 3.494097228024816565e-02
5.095733827072055355e-01 1.581205766181931760e-01 3.486360890676590274e-02
5.095733827072055355e-01 1.581205766181931760e-01 3.486360890676589580e-02
3.983202387087276253e-01 1.826842454521749870e-01 2.801561155579608206e-02
3.394086455152595661e-01 2.073525430377324841e-01 1.771289493112489927e-02
2.707846198060384624e-01 2.322407203492417860e-01 1.598855256395345301e-02
2.360452637691558275e-01 2.568837818198746459e-01 1.520513334955642289e-02
2.002326264196526706e-01 2.811184729179193598e-01 9.934235629608021562e-03
1.764088709167548896e-01 3.057758170190760794e-01 7.560904276026350450e-03
1.544399603368903640e-01 3.308749588216616799e-01 6.519622696368041447e-03
1.352537661378367950e-01 3.553458836143503774e-01 5.283363832783004137e-03
1.226424688651806122e-01 3.797183506574301481e-01 5.687276309923054891e-03
1.084253254111350456e-01 4.042043120935024936e-01 3.051341169925055313e-03
9.885336256999061044e-02 4.287407985369371399e-01 2.446013524067879724e-03
9.029164122782254442e-02 4.533371424922238990e-01 2.234628151074268768e-03
8.166124300426963467e-02 4.779959634912051558e-01 3.048496559091310506e-03
7.473916973255005647e-02 5.026629933946460405e-01 2.127355910473354740e-03
6.961915236608078039e-02 5.271487506500315279e-01 2.366246280327883970e-03
6.474421942066724278e-02 5.515427964227138657e-01 1.678398833275069821e-03
6.058150406598999255e-02 5.762240530263548210e-01 1.396222285101372763e-03
5.678851326162843299e-02 6.007285446297923048e-01 1.301164843270450917e-03
5.293044084492837947e-02 6.252568531449649303e-01 1.833761054285667916e-03
5.084109643605153744e-02 6.499965502683907603e-01 1.774597548694675352e-03
4.847316953566858933e-02 6.746857991314229031e-01 1.414191999551984340e-03
4.690074565187304229e-02 6.991270364754236244e-01 1.113460897625980850e-03
4.563724741197537627e-02 7.235756604093172006e-01 9.878962144864559831e-04
4.529553567612956688e-02 7.479714013051395050e-01 1.271727648873672732e-03
4.506269808851086356e-02 7.726132299420060967e-01 1.083401511323403652e-03
4.477142195453763518e-02 7.972349387995918413e-01 1.080751943805158613e-03
4.330699866757925509e-02 8.217736356692634248e-01 1.205026794042150491e-03
4.206996840764571505e-02 8.463200505719705724e-01 1.036746480662907978e-03
4.098293574315471643e-02 8.708218859006343626e-01 8.558979978342354808e-04
4.043819474419934473e-02 8.954790463233904818e-01 9.542134796341871644e-04
3.987485090232491952e-02 9.199626960429320155e-01 1.037658573540730430e-03
4.011475985391595167e-02 9.443606208269833546e-01 1.108525885655277377e-03
4.032282173447672424e-02 9.688687146412832130e-01 1.208727044168082972e-03
4.020722478797487953e-02 9.930926048855095445e-01 1.431471346221931682e-03
4.111946459793328068e-02 1.017620455362175491e+00 1.131935838988203059e-03
4.260412080337444563e-02 1.042409919186157552e+00 1.378053975265863687e-03
4.480394260470205170e-02 1.066789561870425063e+00 1.392674395211969699e-03
4.609971649850447967e-02 1.090909765172895618e+00 1.644300938966139665e-03
4.571718414582758711e-02 1.115651582439790346e+00 2.553556644598014517e-03
4.706071629320017491e-02 1.140641543091339027e+00 1.548469561379485233e-03
4.790817409660002441e-02 1.164692026865203012e+00 2.767622876986672482e-03
4.948826286692110943e-02 1.188605021497627590e+00 2.476042258690033717e-03
5.324451550763383001e-02 1.214006438167991364e+00 2.412833712732555345e-03
5.731988142295004612e-02 1.240498485730926914e+00 3.469667978814097112e-03
6.550476481681646868e-02 1.264816150349954427e+00 7.249157004662950578e-03
7.058327656589474808e-02 1.284554513240047102e+00 9.277331875194829575e-03
7.544821795404767217e-02 1.309527810458392949e+00 1.303711201410677305e-02
1.111277364905119830e-01 1.335814856768205550e+00 2.244469790177506738e-02
1.037989872629032917e-01 1.360349523175663267e+00 1.254528415866990043e-01
