4.668768046083588388e+02 7.669903939428205850e-04 3.261356712577677541e+01
5.564712745055949199e+02 9.245014912643925459e-04 3.887216731591263397e+01
6.444115623564136968e+02 1.082012588585964507e-03 4.501521501623408739e+01
7.307029797844170389e+02 1.239523685907536251e-03 5.104308126893295849e+01
8.153443187881031236e+02 1.397034783229108429e-03 5.695568168935427167e+01
8.983314016524356020e+02 1.554545880550680173e-03 6.275272444421690210e+01
9.796619706567348658e+02 1.712056977872252134e-03 6.843405182098469197e+01
1.059335677675545412e+03 1.869568075193824095e-03 7.399963950143748548e+01
1.137356844104360107e+03 2.027079172515396273e-03 7.944978935562025413e+01
1.213729784927495075e+03 2.184590269836968017e-03 8.478480280572662764e+01
1.288465778274758804e+03 2.342101367158539761e-03 9.000546768280747756e+01
1.361576260411623025e+03 2.499612464480111939e-03 9.511258286444234500e+01
1.433074565538716797e+03 2.657123561801683683e-03 1.001070798080156834e+02
1.502978699680148338e+03 2.814634659123255861e-03 1.049902163200198260e+02
1.571307579326120504e+03 2.972145756444827605e-03 1.097633138073374255e+02
1.638079873677343585e+03 3.129656853766399783e-03 1.144276764025031241e+02
1.703316870480251282e+03 3.287167951087971527e-03 1.189847911559347011e+02
1.767042007436867607e+03 3.444679048409543271e-03 1.234362953026813159e+02
1.829278787977971660e+03 3.602190145731115449e-03 1.277838306692588191e+02
1.890050064803392615e+03 3.759701243052687193e-03 1.320289936255286136e+02
1.949379857016793039e+03 3.917212340374259805e-03 1.361734620202120709e+02
2.007293176715705158e+03 4.074723437695831549e-03 1.402189830673786730e+02
2.063815716572070869e+03 4.232234535017403293e-03 1.441673515224604216e+02
2.118972535483980664e+03 4.389745632338975037e-03 1.480203178687685295e+02
2.172787847701680221e+03 4.547256729660546781e-03 1.517795735869421208e+02
2.225286210205088537e+03 4.704767826982118525e-03 1.554468340989191972e+02
2.276492449655726432e+03 4.862278924303691137e-03 1.590238336651813427e+02
2.326431535379916113e+03 5.019790021625262881e-03 1.625123165120257624e+02
2.375128457123963017e+03 5.177301118946834625e-03 1.659140282921824507e+02
2.422607358716974886e+03 5.334812216268406369e-03 1.692306555670387525e+02
2.468891212491949773e+03 5.492323313589978981e-03 1.724638030634024517e+02
2.514002901778808791e+03 5.649834410911550725e-03 1.756150692907926327e+02
2.557965249479412705e+03 5.807345508233122469e-03 1.786860485375408416e+02
2.600800961503220151e+03 5.964856605554694213e-03 1.816783269195023536e+02
2.642532579042765974e+03 6.122367702876265957e-03 1.845934790462714545e+02
2.683182438438387180e+03 6.279878800197838569e-03 1.874330652175410989e+02
2.722772409464500925e+03 6.437389897519410313e-03 1.901986131411541692e+02
2.761322812162963146e+03 6.594900994840982057e-03 1.928915422687570640e+02
2.798853348676416772e+03 6.752412092162553801e-03 1.955132288887953393e+02
2.835383576117465054e+03 6.909923189484126413e-03 1.980650391586756598e+02
2.870932880080243194e+03 7.067434286805698157e-03 2.005483272544234126e+02
2.905520451450429846e+03 7.224945384127269901e-03 2.029644337507515957e+02
2.939165266707633691e+03 7.382456481448841645e-03 2.053146842450883582e+02
2.971886071292008182e+03 7.539967578770413389e-03 2.076003881956564214e+02
3.003701365662286207e+03 7.697478676091986001e-03 2.098228379475601173e+02
3.034629282834434434e+03 7.854989773413558612e-03 2.119833001782773465e+02
3.064686446331621028e+03 8.012500870735128622e-03 2.140829361200291316e+02
3.093888526246779747e+03 8.170011968056702101e-03 2.161228404033961681e+02
3.122251062308322616e+03 8.327523065378272110e-03 2.181040985523770530e+02
3.149789462654780436e+03 8.485034162699845589e-03 2.200277868987901400e+02
3.176518990816301084e+03 8.642545260021415598e-03 2.218949716728706676e+02
3.202454754387217235e+03 8.800056357342989077e-03 2.237067082119944814e+02
3.227611695215610325e+03 8.957567454664562556e-03 2.254640402753730086e+02
3.252004580954406720e+03 9.115078551986132566e-03 2.271679994538569076e+02
3.275647997834621037e+03 9.272589649307706045e-03 2.288196046651126494e+02
3.298556344536444158e+03 9.430100746629276054e-03 2.304198617254889996e+02
3.320743810786123049e+03 9.587611843950849533e-03 2.319697618549071478e+02
3.342223505831287639e+03 9.745122941272419542e-03 2.334702207967136474e+02
3.363007095708743236e+03 9.902634038593993021e-03 2.349220534791095929e+02
3.383106090612901426e+03 1.006014513591556303e-02 2.363260639439629358e+02
3.402531947809812664e+03 1.021765623323713651e-02 2.376830525358435295e+02
3.421296061725840900e+03 1.037516733055870999e-02 2.389938152096702879e+02
3.439409755008215143e+03 1.053267842788028000e-02 2.402591429062474617e+02
3.456884270476470192e+03 1.069018952520185348e-02 2.414798209900354209e+02
3.473730763890441722e+03 1.084770062252342349e-02 2.426566287439597147e+02
3.489960297467244345e+03 1.100521171984499696e-02 2.437903389165417707e+02
3.505583834085795843e+03 1.116272281716656697e-02 2.448817173170569959e+02
3.520612232122296064e+03 1.132023391448814045e-02 2.459315224547688388e+02
3.535056240865306336e+03 1.147774501180971046e-02 2.469405052186493492e+02
3.548926496463168405e+03 1.163525610913128394e-02 2.479094085942883510e+02
3.562233491566369594e+03 1.179276720645285742e-02 2.488389655432669656e+02
3.574986653418819515e+03 1.195027830377442743e-02 2.497298346034458234e+02
3.587194181310909698e+03 1.210778940109600091e-02 2.505825885342872823e+02
3.598864212234916067e+03 1.226530049841757092e-02 2.513977957434336759e+02
3.610004889849410119e+03 1.242281159573914440e-02 2.521760251041998799e+02
3.620624356388980232e+03 1.258032269306071441e-02 2.529178453904287949e+02
3.630730745172339539e+03 1.273783379038228789e-02 2.536238247531469199e+02
3.640332173668129144e+03 1.289534488770385789e-02 2.542945302361779056e+02
3.649436737080624880e+03 1.305285598502543137e-02 2.549305273280732251e+02
3.658052502420641758e+03 1.321036708234700485e-02 2.555323795479373530e+02
3.666187503029115305e+03 1.336787817966857486e-02 2.561006480628729491e+02
3.673849733523927171e+03 1.352538927699014834e-02 2.566358913349934028e+02
3.681047145141521924e+03 1.368290037431171835e-02 2.571386647960121081e+02
3.687787641448185695e+03 1.384041147163329183e-02 2.576095205476547676e+02
3.694079074396559463e+03 1.399792256895486184e-02 2.580490070861886807e+02
3.699929240705267148e+03 1.415543366627643532e-02 2.584576690495219395e+02
3.705345878540833837e+03 1.431294476359800533e-02 2.588360469854197845e+02
3.710336658905098375e+03 1.447045586091957881e-02 2.591846767498743702e+02
3.714908667372368200e+03 1.462796695824115228e-02 2.595040533039784236e+02
3.719068024598945158e+03 1.478547805556272229e-02 2.597946042047087758e+02
3.722820770926964542e+03 1.494298915288429577e-02 2.600567513987154484e+02
3.726172962801484118e+03 1.510050025020586578e-02 2.602909179575141820e+02
3.729130667190739587e+03 1.525801134752743926e-02 2.604975276877150918e+02
3.731699956347655643e+03 1.541552244484900927e-02 2.606770047650886113e+02
3.733886902893583283e+03 1.557303354217058275e-02 2.608297733911418277e+02
3.735697575205913381e+03 1.573054463949215276e-02 2.609562574709207183e+02
3.737138033092627666e+03 1.588805573681372624e-02 2.610568803108571956e+02
3.738214323737901850e+03 1.604556683413529972e-02 2.611320643355506945e+02
3.738932477903637391e+03 1.620307793145686973e-02 2.611822308224261064e+02
3.739298506373284908e+03 1.636058902877844320e-02 2.612077996533190571e+02
3.739318396624367324e+03 1.651810012610001321e-02 2.612091890820342996e+02
3.738998109717561874e+03 1.667561122342158669e-02 2.611868155170349155e+02
3.738343577390623068e+03 1.683312232074316017e-02 2.611410933184379246e+02
3.737360699346214460e+03 1.699063341806473018e-02 2.610724346085569891e+02
3.736055340723258723e+03 1.714814451538630366e-02 2.609812490952635358e+02
3.734433329741985290e+03 1.730565561270787367e-02 2.608679439074831521e+02
3.732500455513645193e+03 1.746316671002944715e-02 2.607329234421924298e+02
3.730262466005987335e+03 1.762067780735101716e-02 2.605765892222989351e+02
3.727725065931380414e+03 1.777818890467259064e-02 2.603993397491161090e+02
3.724893864147664772e+03 1.793570000199416065e-02 2.602015668280619138e+02
3.721774311552048857e+03 1.809321109931573412e-02 2.599836512302526330e+02
3.718371804672075086e+03 1.825072219663730760e-02 2.597459699288245361e+02
3.714691700394000236e+03 1.840823329395887761e-02 2.594888971277811152e+02
3.710739314340255078e+03 1.856574439128045109e-02 2.592128041486515713e+02
3.706519919366196518e+03 1.872325548860202110e-02 2.589180593254812379e+02
3.702038744170272366e+03 1.888076658592359458e-02 2.586050279077451819e+02
3.697300972011502381e+03 1.903827768324516459e-02 2.582740719707580865e+02
3.692311739529102397e+03 1.919578878056673807e-02 2.579255503332196895e+02
3.687076135658994190e+03 1.935329987788830808e-02 2.575598184815270315e+02
3.681599200642121104e+03 1.951081097520988156e-02 2.571772285005015988e+02
3.675885925120097454e+03 1.966832207253145504e-02 2.567781290102155936e+02
3.669941249313661501e+03 1.982583316985302505e-02 2.563628651086028185e+02
3.663770062279596459e+03 1.998334426717459852e-02 2.559317783195513130e+02
3.657377201242279625e+03 2.014085536449616853e-02 2.554852065462090707e+02
3.650767450995991567e+03 2.029836646181774201e-02 2.550234840292321508e+02
3.643945543374165482e+03 2.045587755913931202e-02 2.545469413097091262e+02
3.636916156782433518e+03 2.061338865646088550e-02 2.540559051965426534e+02
3.629683915791852996e+03 2.077089975378245551e-02 2.535506987380339012e+02
3.622253390789414880e+03 2.092841085110402899e-02 2.530316411974690709e+02
3.614629097682692645e+03 2.108592194842560247e-02 2.524990480324878774e+02
3.606815497655858962e+03 2.124343304574717248e-02 2.519532308780397898e+02
3.598816996974368067e+03 2.140094414306874596e-02 2.513944975327407292e+02
3.590637946835635375e+03 2.155845524039031597e-02 2.508231519484417049e+02
3.582282643263378304e+03 2.171596633771188944e-02 2.502394942228481796e+02
3.573755331160738479e+03 2.187347743503345945e-02 2.496438208826504876e+02
3.565060650795524452e+03 2.203098853235503293e-02 2.490364560726424941e+02
3.556204006580785517e+03 2.218849962967660294e-02 2.484177773168006809e+02
3.547190773333484685e+03 2.234601072699817642e-02 2.477881600716738717e+02
3.538026201058835795e+03 2.250352182431974990e-02 2.471479710751161747e+02
3.528715417526799229e+03 2.266103292164131991e-02 2.464975685262673153e+02
3.519263430807238819e+03 2.281854401896289339e-02 2.458373022626458066e+02
3.509675131763883201e+03 2.297605511628446340e-02 2.451675139343633418e+02
3.499955296506870127e+03 2.313356621360603688e-02 2.444885371754472487e+02
3.490108588803807834e+03 2.329107731092760689e-02 2.438006977722643853e+02
3.480139562449423920e+03 2.344858840824918036e-02 2.431043138290525292e+02
3.470052663593844954e+03 2.360609950557075037e-02 2.423996959305614780e+02
3.459852233029686886e+03 2.376361060289232385e-02 2.416871473018176459e+02
3.449542508438112236e+03 2.392112170021389733e-02 2.409669639650215345e+02
3.439127626594040066e+03 2.407863279753546734e-02 2.402394348935920334e+02
3.428611625530963011e+03 2.423614389485704082e-02 2.395048421633896965e+02
3.417998446665366373e+03 2.439365499217861083e-02 2.387634611011170023e+02
3.407291936881371385e+03 2.455116608950018431e-02 2.380155604299410186e+02
3.396495850575859549e+03 2.470867718682175432e-02 2.372614024123546415e+02
3.385613851664454614e+03 2.486618828414332780e-02 2.365012429903043767e+02
3.374649515548798718e+03 2.502369938146489781e-02 2.357353319226138808e+02
3.363606331045551542e+03 2.518121047878647129e-02 2.349639129197335023e+02
3.352487702277661811e+03 2.533872157610804476e-02 2.341872237758545339e+02
3.341296950528175330e+03 2.549623267342961477e-02 2.334054964984072740e+02
3.330037316057347198e+03 2.565374377075118825e-02 2.326189574349940017e+02
3.318711959883308737e+03 2.581125486807275826e-02 2.318278273977774688e+02
3.307323965526876236e+03 2.596876596539433174e-02 2.310323217853643030e+02
3.295876340721228189e+03 2.612627706271590175e-02 2.302326507022337410e+02
3.284372019086551518e+03 2.628378816003747523e-02 2.294290190757196797e+02
3.272813861770574022e+03 2.644129925735904524e-02 2.286216267706101917e+02
3.261204659055456887e+03 2.659881035468061872e-02 2.278106687013957981e+02
3.249547131931262356e+03 2.675632145200219220e-02 2.269963349421839780e+02
3.237843946371076527e+03 2.691383254932376221e-02 2.261788117238851328e+02
3.226098351738150086e+03 2.707134364664533568e-02 2.253583260299889162e+02
3.214314440390313393e+03 2.722885474396690569e-02 2.245351637311695470e+02
3.202496237525270772e+03 2.738636584128847917e-02 2.237096060066464815e+02
3.190647627783228018e+03 2.754387693861004918e-02 2.228819242170286827e+02
3.178772359352527928e+03 2.770138803593162266e-02 2.220523801911134569e+02
3.166874047973959932e+03 2.785889913325319267e-02 2.212212265056057277e+02
3.154956180845098515e+03 2.801641023057476615e-02 2.203887067578549193e+02
3.143022120426106085e+03 2.817392132789633963e-02 2.195550558317088701e+02
3.131075108148487288e+03 2.833143242521790964e-02 2.187205001565871783e+02
3.119118268028413695e+03 2.848894352253948312e-02 2.178852579598896284e+02
3.107154610186205446e+03 2.864645461986105313e-02 2.170495395128488383e+02
3.095187034273610607e+03 2.880396571718262660e-02 2.162135473699415797e+02
3.083218332810601169e+03 2.896147681450419661e-02 2.153774766019801064e+02
3.071251194433335513e+03 2.911898791182577009e-02 2.145415150229983681e+02
3.059288207055142720e+03 2.927649900914734010e-02 2.137058434110603855e+02
3.047331860942047570e+03 2.943401010646891358e-02 2.128706357231017705e+02
3.035384551704858495e+03 2.959152120379048706e-02 2.120360593039405899e+02
3.023448583209373282e+03 2.974903230111205707e-02 2.112022750895690990e+02
3.011526170406591518e+03 2.990654339843363055e-02 2.103694378048577676e+02
2.999619442084569528e+03 3.006405449575520056e-02 2.095376961557852553e+02
2.987730443543780439e+03 3.022156559307677404e-02 2.087071930163251636e+02
2.975861139197650573e+03 3.037907669039834405e-02 2.078780656101061766e+02
2.964013415100045677e+03 3.053658778771991752e-02 2.070504456869679757e+02
2.952189081401377280e+03 3.069409888504148753e-02 2.062244596945334365e+02
2.940389874735083140e+03 3.085160998236306101e-02 2.054002289449144314e+02
2.928617460536082945e+03 3.100912107968463102e-02 2.045778697766674838e+02
2.916873435292980503e+03 3.116663217700620450e-02 2.037574937121207199e+02
2.905159328735514919e+03 3.132414327432777451e-02 2.029392076101781299e+02
2.893476605959029257e+03 3.148165437164934799e-02 2.021231138147230979e+02
2.881826669487420531e+03 3.163916546897092147e-02 2.013093102987258192e+02
2.870210861276177184e+03 3.179667656629248801e-02 2.004978908041648822e+02
2.858630464657109314e+03 3.195418766361406149e-02 1.996889449778758774e+02
2.847086706226188653e+03 3.211169876093563497e-02 1.988825585034259689e+02
2.835580757676036683e+03 3.226920985825720151e-02 1.980788132291219767e+02
2.824113737574527022e+03 3.242672095557877499e-02 1.972777872922542599e+02
2.812686713090916783e+03 3.258423205290034846e-02 1.964795552396751361e+02
2.801300701670908893e+03 3.274174315022192194e-02 1.956841881448099230e+02
2.789956672662001438e+03 3.289925424754349542e-02 1.948917537211954993e+02
2.778655549034366231e+03 3.305676534486506196e-02 1.941023164426916878e+02
2.767398365246303456e+03 3.321427644218663544e-02 1.933159485711346690e+02
2.756186555663972740e+03 3.337178753950820892e-02 1.925327503038284362e+02
2.745021566491528574e+03 3.352929863682978240e-02 1.917528226650169358e+02
2.733904773936840229e+03 3.368680973415134894e-02 1.909762617893704828e+02
2.722837486569128032e+03 3.384432083147292242e-02 1.902031590866779709e+02
2.711820947607642665e+03 3.400183192879449590e-02 1.894336014017218304e+02
2.700856337143327437e+03 3.415934302611606938e-02 1.886676711694716460e+02
2.689944774294770923e+03 3.431685412343764285e-02 1.879054465656876403e+02
2.679087319300385843e+03 3.447436522075920939e-02 1.871470016530698501e+02
2.668284975548153398e+03 3.463187631808078287e-02 1.863924065230447411e+02
2.657538691544573794e+03 3.478938741540235635e-02 1.856417274333062153e+02
2.646849362824480977e+03 3.494689851272392983e-02 1.848950269412253249e+02
2.636217833802982113e+03 3.510440961004549637e-02 1.841523640332164860e+02
2.625644899571364022e+03 3.526192070736706985e-02 1.834137942501908469e+02
2.615131307638147064e+03 3.541943180468864333e-02 1.826793698091766203e+02
2.604677759616880849e+03 3.557694290201021681e-02 1.819491397212199217e+02
2.594284912862056444e+03 3.573445399933179029e-02 1.812231499056610176e+02
2.583953382054614394e+03 3.589196509665335683e-02 1.805014433008894059e+02
2.573683740738248162e+03 3.604947619397493030e-02 1.797840599716620602e+02
2.563476522808071422e+03 3.620698729129650378e-02 1.790710372130940584e+02
2.553332223952729692e+03 3.636449838861807726e-02 1.783624096513968595e+02
2.543251303051484683e+03 3.652200948593964380e-02 1.776582093414709220e+02
2.533234183527286859e+03 3.667952058326121728e-02 1.769584658614249975e+02
2.523281254657287263e+03 3.683703168058279076e-02 1.762632064041210640e+02
2.513392872841847293e+03 3.699454277790436424e-02 1.755724558658208139e+02
2.503569362833309242e+03 3.715205387522593772e-02 1.748862369320209780e+02
2.493811018925653116e+03 3.730956497254750426e-02 1.742045701605570684e+02
2.484118106106109281e+03 3.746707606986907774e-02 1.735274740620484692e+02
2.474490861169970231e+03 3.762458716719065122e-02 1.728549651777734653e+02
2.464929493799466854e+03 3.778209826451222469e-02 1.721870581550338954e+02
2.455434187607985223e+03 3.793960936183379123e-02 1.715237658200988164e+02
2.446005101150455630e+03 3.809712045915536471e-02 1.708650992487849010e+02
2.436642368900989823e+03 3.825463155647693819e-02 1.702110678347488602e+02
2.427346102198715926e+03 3.841214265379851167e-02 1.695616793555588515e+02
2.418116390162851985e+03 3.856965375112008515e-02 1.689169400366164098e+02
2.408953300577703430e+03 3.872716484844165169e-02 1.682768546129778144e+02
2.399856880748754520e+03 3.888467594576322517e-02 1.676414263891564929e+02
2.390827158330554994e+03 3.904218704308479865e-02 1.670106572969542924e+02
2.381864142127250034e+03 3.919969814040637213e-02 1.663845479513827001e+02
2.372967822866737151e+03 3.935720923772793867e-02 1.657630977047410568e+02
2.364138173948981603e+03 3.951472033504951215e-02 1.651463046988905887e+02
2.355375152169603552e+03 3.967223143237108562e-02 1.645341659157996048e+02
2.346678698419221291e+03 3.982974252969265910e-02 1.639266772263963503e+02
2.338048738359374056e+03 3.998725362701423258e-02 1.633238334377855665e+02
2.329485183075880741e+03 4.014476472433579912e-02 1.627256283388883844e+02
2.320987929710077879e+03 4.030227582165737260e-02 1.621320547445377827e+02
2.312556862068852752e+03 4.045978691897894608e-02 1.615431045380915123e+02
2.304191851214005965e+03 4.061729801630051956e-02 1.609587687126027049e+02
2.295892745661879871e+03 4.077480911362208610e-02 1.603790366862168639e+02
2.287659312751991820e+03 4.093232021094365958e-02 1.598038922064915823e+02
2.279491282828777457e+03 4.108983130826523306e-02 1.592333164367025518e+02
2.271388379512103711e+03 4.124734240558680654e-02 1.586672900703815685e+02
2.263350320162930529e+03 4.140485350290838001e-02 1.581057933638464021e+02
2.255376816237242110e+03 4.156236460022994655e-02 1.575488061609241868e+02
2.247467573627225647e+03 4.171987569755152003e-02 1.569963079167841897e+02
2.239622292989897687e+03 4.187738679487309351e-02 1.564482777208940831e+02
2.231840670063787002e+03 4.203489789219466699e-02 1.559046943191418961e+02
2.224122395973860876e+03 4.219240898951623353e-02 1.553655361351363808e+02
2.216467157525308721e+03 4.234992008683780701e-02 1.548307812907292487e+02
2.208874637486369465e+03 4.250743118415938049e-02 1.543004076257717543e+02
2.201344514860679737e+03 4.266494228148095397e-02 1.537743927171401026e+02
2.193876465149445266e+03 4.282245337880252745e-02 1.532527138970490626e+02
2.186470160603765635e+03 4.297996447612409399e-02 1.527353482706776902e+02
2.179125270467478003e+03 4.313747557344566746e-02 1.522222727331336500e+02
2.171841461210819034e+03 4.329498667076724094e-02 1.517134639857754053e+02
2.164618396755178765e+03 4.345249776808881442e-02 1.512088985519123128e+02
2.157455738689349346e+03 4.361000886541038096e-02 1.507085527919106482e+02
2.150353146477390965e+03 4.376751996273195444e-02 1.502124029177140869e+02
2.143310277658566520e+03 4.392503106005352792e-02 1.497204250068100748e+02
2.136326788039482381e+03 4.408254215737510140e-02 1.492325950156516114e+02
2.129402331878814493e+03 4.424005325469667488e-02 1.487488887925616723e+02
2.122536562064732607e+03 4.439756435201824142e-02 1.482692820901265236e+02
2.115729130285378687e+03 4.455507544933981490e-02 1.477937505771049302e+02
2.108979687192643269e+03 4.471258654666138838e-02 1.473222698498685475e+02
2.102287882559345235e+03 4.487009764398296185e-02 1.468548154433816819e+02
2.095653365430180202e+03 4.502760874130452839e-02 1.463913628417459734e+02
2.089075784266580285e+03 4.518511983862610187e-02 1.459318874883188926e+02
2.082554787085668977e+03 4.534263093594767535e-02 1.454763647954212900e+02
2.076090021593586243e+03 4.550014203326924883e-02 1.450247701536499676e+02
2.069681135313348022e+03 4.565765313059082231e-02 1.445770789408098551e+02
2.063327775707332876e+03 4.581516422791238885e-02 1.441332665304700242e+02
2.057029590294788704e+03 4.597267532523396233e-02 1.436933083001722480e+02
2.050786226764284493e+03 4.613018642255553581e-02 1.432571796392859085e+02
2.044597333081513852e+03 4.628769751987710929e-02 1.428248559565391531e+02
2.038462557592403300e+03 4.644520861719867583e-02 1.423963126872209841e+02
2.032381549121867693e+03 4.660271971452024931e-02 1.419715253000802022e+02
2.026353957068234195e+03 4.676023081184182278e-02 1.415504693039210338e+02
2.020379431493539187e+03 4.691774190916339626e-02 1.411331202539111018e+02
2.014457623209852727e+03 4.707525300648496974e-02 1.407194537576112623e+02
2.008588183861735615e+03 4.723276410380653628e-02 1.403094454807360592e+02
2.002770766004981851e+03 4.739027520112810976e-02 1.399030711526537800e+02
1.997005023181825663e+03 4.754778629844968324e-02 1.395003065716402944e+02
1.991290609992578993e+03 4.770529739577125672e-02 1.391011276098834628e+02
1.985627182164048236e+03 4.786280849309282326e-02 1.387055102182618782e+02
1.980014396614672478e+03 4.802031959041439674e-02 1.383134304308954938e+02
1.974451911516558766e+03 4.817783068773597022e-02 1.379248643694788257e+02
1.968939386354529688e+03 4.833534178505754370e-02 1.375397882474059088e+02
1.963476481982303540e+03 4.849285288237911717e-02 1.371581783736947102e+02
1.958062860675847787e+03 4.865036397970068371e-02 1.367800111567138970e+02
1.952698186184069527e+03 4.880787507702225719e-02 1.364052631077241529e+02
1.947382123776911840e+03 4.896538617434383067e-02 1.360339108442376812e+02
1.942114340290975861e+03 4.912289727166540415e-02 1.356659310932051881e+02
1.936894504172699499e+03 4.928040836898697069e-02 1.353013006940321361e+02
1.931722285519215347e+03 4.943791946630854417e-02 1.349399966014330516e+02
1.926597356117024219e+03 4.959543056363011765e-02 1.345819958881325817e+02
1.921519389478478161e+03 4.975294166095169113e-02 1.342272757474145521e+02
1.916488060876156169e+03 4.991045275827326461e-02 1.338758134955228343e+02
1.911503043581443535e+03 5.006796385559483115e-02 1.335275863089084112e+02
1.906563890341956494e+03 5.022547495291640463e-02 1.331825629448635198e+02
1.901670014016734967e+03 5.038298605023797810e-02 1.328407023887972400e+02
1.896820828603151995e+03 5.054049714755955158e-02 1.325019637056367117e+02
1.892015757779214482e+03 5.069800824488111812e-02 1.321663066365474890e+02
1.887254234709066623e+03 5.085551934220269160e-02 1.318336915853468270e+02
1.882535701853075579e+03 5.101303043952426508e-02 1.315040796052375924e+02
1.877859610782286381e+03 5.117054153684583856e-02 1.311774323858466573e+02
1.873225421997417698e+03 5.132805263416741204e-02 1.308537122405813307e+02
1.868632604751893950e+03 5.148556373148897858e-02 1.305328820942668813e+02
1.864080636879072017e+03 5.164307482881055206e-02 1.302149054710778557e+02
1.859569004623498813e+03 5.180058592613212554e-02 1.298997464827503450e+02
1.855097202476042867e+03 5.195809702345369901e-02 1.295873698170652801e+02
1.850664733012793931e+03 5.211560812077526555e-02 1.292777407265948568e+02
1.846271106737712671e+03 5.227311921809683903e-02 1.289708250177107232e+02
1.841915841928838972e+03 5.243063031541841251e-02 1.286665890398409715e+02
1.837598464441714441e+03 5.258814141273998599e-02 1.283649996717382180e+02
1.833318494802141686e+03 5.274565251006155947e-02 1.280660234198475962e+02
1.829075431176243455e+03 5.290316360738312601e-02 1.277696252286839211e+02
1.824868775767067063e+03 5.306067470470469949e-02 1.274757703247607026e+02
1.820698039068709249e+03 5.321818580202627297e-02 1.271844245137604190e+02
1.816562739699980511e+03 5.337569689934784645e-02 1.268955541689157087e+02
1.812462404241987770e+03 5.353320799666941299e-02 1.266091262196633949e+02
1.808396567079514625e+03 5.369071909399098647e-02 1.263251081405642680e+02
1.804364770246143735e+03 5.384823019131255994e-02 1.260434679404842626e+02
1.800366563272912117e+03 5.400574128863413342e-02 1.257641741520218943e+02
1.796401503040565331e+03 5.416325238595570690e-02 1.254871958211881946e+02
1.792469153635179737e+03 5.432076348327727344e-02 1.252125024973206422e+02
1.788569086207113969e+03 5.447827458059884692e-02 1.249400642232304079e+02
1.784700878833213892e+03 5.463578567792042040e-02 1.246698515255767887e+02
1.780864116382158045e+03 5.479329677524199388e-02 1.244018354054610427e+02
1.777058390382902189e+03 5.495080787256356042e-02 1.241359873292364000e+02
1.773283298896077895e+03 5.510831896988513390e-02 1.238722792195247564e+02
1.769538446363105322e+03 5.526583006720670738e-02 1.236106834446764253e+02
1.765823406467376799e+03 5.542334116452828086e-02 1.233511702244470882e+02
1.762137649385219675e+03 5.558085226184985433e-02 1.230937025481312901e+02
1.758480634483879157e+03 5.573836335917142087e-02 1.228382426499578202e+02
1.754851831194444458e+03 5.589587445649299435e-02 1.225847534671626136e+02
1.751250718799500646e+03 5.605338555381456783e-02 1.223331986251556600e+02
1.747676786226111290e+03 5.621089665113614131e-02 1.220835424230596828e+02
1.744129531843973155e+03 5.636840774845770785e-02 1.218357498196102000e+02
1.740608463268637706e+03 5.652591884577928133e-02 1.215897864194097764e+02
1.737113097169558387e+03 5.668342994310085481e-02 1.213456184595191445e+02
1.733642959082951393e+03 5.684094104042242829e-02 1.211032127963845255e+02
1.730197583229235079e+03 5.699845213774400177e-02 1.208625368930850073e+02
1.726776512334937252e+03 5.715596323506556831e-02 1.206235588068919640e+02
1.723379297458983729e+03 5.731347433238714179e-02 1.203862471771344360e+02
1.720005497823205815e+03 5.747098542970871526e-02 1.201505712133592283e+02
1.716654680646945053e+03 5.762849652703028874e-02 1.199165006837773433e+02
1.713326420985653840e+03 5.778600762435185528e-02 1.196840059039893447e+02
1.710020301573430515e+03 5.794351872167342876e-02 1.194530577259858717e+02
1.706735912604601253e+03 5.810102981899500224e-02 1.192236275228899984e+02
1.703472815769625413e+03 5.825854091631657572e-02 1.189956846766937844e+02
1.700230485891132957e+03 5.841605201363814920e-02 1.187691925012582885e+02
1.697008392427607077e+03 5.857356311095971574e-02 1.185441139357331082e+02
1.693806015167098849e+03 5.873107420828128922e-02 1.183204126408374321e+02
1.690622844017018906e+03 5.888858530560286270e-02 1.180980529841758511e+02
1.687458378799259208e+03 5.904609640292443618e-02 1.178770000259267050e+02
1.684312129050425483e+03 5.920360750024600272e-02 1.176572195048872373e+02
1.681183613827152158e+03 5.936111859756757619e-02 1.174386778248742047e+02
1.678072361516211004e+03 5.951862969488914967e-02 1.172213420414586835e+02
1.674977909649442608e+03 5.967614079221072315e-02 1.170051798490383561e+02
1.671899804723134594e+03 5.983365188953229663e-02 1.167901595682202753e+02
1.668837602021999373e+03 5.999116298685386317e-02 1.165762501335248089e+02
1.665790865447322631e+03 6.014867408417543665e-02 1.163634210813808778e+02
1.662759167349425070e+03 6.030618518149701013e-02 1.161516425384228199e+02
1.659742088364132769e+03 6.046369627881858361e-02 1.159408852100669094e+02
1.656739217253197239e+03 6.062120737614015015e-02 1.157311203693640067e+02
1.653750150748573333e+03 6.077871847346172363e-02 1.155223198461216043e+02
1.650774493400424944e+03 6.093622957078329710e-02 1.153144560162863428e+02
1.647811857030196961e+03 6.109374066810487058e-02 1.151075017637383979e+02
1.644861817535173941e+03 6.125125176542643712e-02 1.149014274628843850e+02
1.641923877557679134e+03 6.140876286274801060e-02 1.146961983709231703e+02
1.638997540772590582e+03 6.156627396006958408e-02 1.144917798171824614e+02
1.636082320914412094e+03 6.172378505739115756e-02 1.142881378337027627e+02
1.633177741589218158e+03 6.188129615471273104e-02 1.140852391421007752e+02
1.630283336091357114e+03 6.203880725203429758e-02 1.138830511407652182e+02
1.627398647224622891e+03 6.219631834935587106e-02 1.136815418923647769e+02
1.624523227127866676e+03 6.235382944667744454e-02 1.134806801116664730e+02
1.621656637104875927e+03 6.251134054399902495e-02 1.132804351536516805e+02
1.618798447458405462e+03 6.266885164132059149e-02 1.130807770019224137e+02
1.615948237328206233e+03 6.282636273864215803e-02 1.128816762573870278e+02
1.613105594532930581e+03 6.298387383596373845e-02 1.126831041272164384e+02
1.610270115415868304e+03 6.314138493328530499e-02 1.124850324140679874e+02
1.607441404694266566e+03 6.329889603060687153e-02 1.122874335055599033e+02
1.604619075312287350e+03 6.345640712792845195e-02 1.120902803639994545e+02
1.601802748297333892e+03 6.361391822525001849e-02 1.118935465163469161e+02
1.598992052619766355e+03 6.377142932257158503e-02 1.116972060444158643e+02
1.596186625055835066e+03 6.392894041989316545e-02 1.115012335752983574e+02
1.593386110053785387e+03 6.408645151721473199e-02 1.113056042720119905e+02
1.590590158429415624e+03 6.424396261453631241e-02 1.111102937423781754e+02
1.587798387068072998e+03 6.440147371185787895e-02 1.109152752240147919e+02
1.585010369811475584e+03 6.455898480917944549e-02 1.107205189477372613e+02
1.582225686484526932e+03 6.471649590650102590e-02 1.105259955623151740e+02
1.579443926007397295e+03 6.487400700382259244e-02 1.103316763518656103e+02
1.576664686245565008e+03 6.503151810114417286e-02 1.101375332253781494e+02
1.573887573863379430e+03 6.518902919846573940e-02 1.099435387064853131e+02
1.571112204181002653e+03 6.534654029578730594e-02 1.097496659234693368e+02
1.568338201034633812e+03 6.550405139310888636e-02 1.095558885994981324e+02
1.565565196639953456e+03 6.566156249043045290e-02 1.093621810430864514e+02
1.562792831458587216e+03 6.581907358775203332e-02 1.091685181387673964e+02
1.560020754067639700e+03 6.597658468507359986e-02 1.089748753379789576e+02
1.557248621032021902e+03 6.613409578239516640e-02 1.087812286501454935e+02
1.554476096779696945e+03 6.629160687971674681e-02 1.085875546339627249e+02
1.551702853479555642e+03 6.644911797703831335e-02 1.083938303888674426e+02
1.548928570921942764e+03 6.660662907435987989e-02 1.082000335466908609e+02
1.546152936401781972e+03 6.676414017168146031e-02 1.080061422634950645e+02
1.543375644604120907e+03 6.692165126900302685e-02 1.078121352115771856e+02
1.540596397492085316e+03 6.707916236632460727e-02 1.076179915716430600e+02
1.537814904197183068e+03 6.723667346364617381e-02 1.074236910251438530e+02
1.535030880911821441e+03 6.739418456096774035e-02 1.072292137467683943e+02
1.532244049473040150e+03 6.755169565828932077e-02 1.070345403055098501e+02
1.529454115217715753e+03 6.770920675561088731e-02 1.068396501177463733e+02
1.526660770656844761e+03 6.786671785293246772e-02 1.066445217039075288e+02
1.523863715237767110e+03 6.802422895025403426e-02 1.064491340689592676e+02
1.521062655906318469e+03 6.818174004757560080e-02 1.062534667416734493e+02
1.518257306998930744e+03 6.833925114489718122e-02 1.060574997670899222e+02
1.515447390136776221e+03 6.849676224221874776e-02 1.058612136991225725e+02
1.512632634122042873e+03 6.865427333954032818e-02 1.056645895933133517e+02
1.509812774836228300e+03 6.881178443686189472e-02 1.054676089997276307e+02
1.506987555140345876e+03 6.896929553418346126e-02 1.052702539559832360e+02
1.504156724777063118e+03 6.912680663150504168e-02 1.050725069804142748e+02
1.501320040274626763e+03 6.928431772882660822e-02 1.048743510653598321e+02
1.498477264852584995e+03 6.944182882614817476e-02 1.046757696705783047e+02
1.495628168329192476e+03 6.959933992346975518e-02 1.044767467167791324e+02
1.492772527030516358e+03 6.975685102079132172e-02 1.042772665792734017e+02
1.489910123701120483e+03 6.991436211811290213e-02 1.040773140817347837e+02
1.487040747416319618e+03 7.007187321543446867e-02 1.038768744900699375e+02
1.484164193495912514e+03 7.022938431275603521e-02 1.036759335063926670e+02
1.481280263419434959e+03 7.038689541007761563e-02 1.034744772631035090e+02
1.478388764742788226e+03 7.054440650739918217e-02 1.032724923170661526e+02
1.475489511016218785e+03 7.070191760472076259e-02 1.030699656438778220e+02
1.472582321703680918e+03 7.085942870204232913e-02 1.028668846322363777e+02
1.469667022708410741e+03 7.101693979936389567e-02 1.026632371206541450e+02
1.466743453760203010e+03 7.117445089668547609e-02 1.024590119134944359e+02
1.463811465836102116e+03 7.133196199400704263e-02 1.022541986007943819e+02
1.460870915336524376e+03 7.148947309132862304e-02 1.020487871514396545e+02
1.457921663887396335e+03 7.164698418865018958e-02 1.018427678993424763e+02
1.454963578270069092e+03 7.180449528597175612e-02 1.016361315385461239e+02
1.451996530352216041e+03 7.196200638329333654e-02 1.014288691183977136e+02
1.449020397019746497e+03 7.211951748061490308e-02 1.012209720387919276e+02
1.446035060109609049e+03 7.227702857793646962e-02 1.010124320454772118e+02
1.443040406343541918e+03 7.243453967525805004e-02 1.008032412254277688e+02
1.440036327262686882e+03 7.259205077257961658e-02 1.005933920022760617e+02
1.437022719163077682e+03 7.274956186990119700e-02 1.003828771318064668e+02
1.433999483031968566e+03 7.290707296722276354e-02 1.001716896975073610e+02
1.430966524484942283e+03 7.306458406454433008e-02 9.995982310617793587e+01
1.427923753703849798e+03 7.322209516186591050e-02 9.974727108359294903e+01
1.424871085375489884e+03 7.337960625918747704e-02 9.953402767021930231e+01
1.421808438631049057e+03 7.353711735650905745e-02 9.932008721698528575e+01
1.418735736986239999e+03 7.369462845383062399e-02 9.910544438109938881e+01
1.415652908282178942e+03 7.385213955115219053e-02 9.889009412192021387e+01
1.412559884626922894e+03 7.400965064847377095e-02 9.867403169687226239e+01
1.409456602337676259e+03 7.416716174579533749e-02 9.845725265740922794e+01
1.406343001883652050e+03 7.432467284311691791e-02 9.823975284502222394e+01
1.403219027829577726e+03 7.448218394043848445e-02 9.802152838729355722e+01
1.400084631146374704e+03 7.463969503776005099e-02 9.780257585930876019e+01
1.396939805369455144e+03 7.479720613508163141e-02 9.758289480948565142e+01
1.393784578493041408e+03 7.495471723240319795e-02 9.736248719335381452e+01
1.390618981746963300e+03 7.511222832972476449e-02 9.714135519246556782e+01
1.387443048622368678e+03 7.526973942704634490e-02 9.691950114633698377e+01
1.384256814834548095e+03 7.542725052436791144e-02 9.669692754985112515e+01
1.381060318286212350e+03 7.558476162168949186e-02 9.647363705069277273e+01
1.377853599030977421e+03 7.574227271901105840e-02 9.624963244679761942e+01
1.374636699237284120e+03 7.589978381633262494e-02 9.602491668383200363e+01
1.371409663152563098e+03 7.605729491365420536e-02 9.579949285268958192e+01
1.368172537067764097e+03 7.621480601097577190e-02 9.557336418701352443e+01
1.364925369282171914e+03 7.637231710829735232e-02 9.534653406073873327e+01
1.361668210068555254e+03 7.652982820561891886e-02 9.511900598565748055e+01
1.358401111638598650e+03 7.668733930294048540e-02 9.489078360900445830e+01
1.355124128108652258e+03 7.684485040026206581e-02 9.466187071106425321e+01
1.351837315465769279e+03 7.700236149758363235e-02 9.443227120279901499e+01
1.348540731534051929e+03 7.715987259490521277e-02 9.420198912349758302e+01
1.345234435941260926e+03 7.731738369222677931e-02 9.397102863844283149e+01
1.341918490085751046e+03 7.747489478954834585e-02 9.373939403660216385e+01
1.338592957103659501e+03 7.763240588686992627e-02 9.350708972833518828e+01
1.335257901836380825e+03 7.778991698419149281e-02 9.327412024312202732e+01
1.331913390798327328e+03 7.794742808151305935e-02 9.304049022731099683e+01
1.328559492144976957e+03 7.810493917883463977e-02 9.280620444188660656e+01
1.325196275641155353e+03 7.826245027615620631e-02 9.257126776025405945e+01
1.321823813473742575e+03 7.841996137347778673e-02 9.233568522501046516e+01
1.318442225346350142e+03 7.857747247079935327e-02 9.209946519802291220e+01
1.315051699926557149e+03 7.873498356812091981e-02 9.186262085861987714e+01
1.311652430397570470e+03 7.889249466544250022e-02 9.162516570156789442e+01
1.308244608740231115e+03 7.905000576276406676e-02 9.138711313764250121e+01
1.304828425730254366e+03 7.920751686008564718e-02 9.114847649343550984e+01
1.301404070935613390e+03 7.936502795740721372e-02 9.090926901117218506e+01
1.297971732714132258e+03 7.952253905472878026e-02 9.066950384854317235e+01
1.294531598211189475e+03 7.968005015205036068e-02 9.042919407854394365e+01
1.291083853357640919e+03 7.983756124937192722e-02 9.018835268932976135e+01
1.287628682867855559e+03 7.999507234669350764e-02 8.994699258407854359e+01
1.284166270237938079e+03 8.015258344401507418e-02 8.970512658086670399e+01
1.280696797744095647e+03 8.031009454133664072e-02 8.946276741255485376e+01
1.277220446441169997e+03 8.046760563865822113e-02 8.921992772668558302e+01
1.273737396161289325e+03 8.062511673597978767e-02 8.897662008538897283e+01
1.270247825512717782e+03 8.078262783330135421e-02 8.873285696530253119e+01
1.266751911878815235e+03 8.094013893062293463e-02 8.848865075749826303e+01
1.263249831417153473e+03 8.109765002794450117e-02 8.824401376742098080e+01
1.259741759058769503e+03 8.125516112526608159e-02 8.799895821483637803e+01
1.256227868507573703e+03 8.141267222258764813e-02 8.775349623378937736e+01
1.252708332239885522e+03 8.157018331990921467e-02 8.750763987257187182e+01
1.249183321504109244e+03 8.172769441723079509e-02 8.726140109370014386e+01
1.245653006320523218e+03 8.188520551455236163e-02 8.701479177389975916e+01
1.242117555481260979e+03 8.204271661187394205e-02 8.676782370410481349e+01
1.238577136550332852e+03 8.220022770919550859e-02 8.652050858945894163e+01
1.235031915863871063e+03 8.235773880651707513e-02 8.627285804933282520e+01
1.231482075087657222e+03 8.251524990383865554e-02 8.602488477394604161e+01
1.227927890453730015e+03 8.267276100116022208e-02 8.577660805942126387e+01
1.224369669006729964e+03 8.283027209848178862e-02 8.552804935428818567e+01
1.220807713261054232e+03 8.298778319580336904e-02 8.527922979061749231e+01
1.217242321191231895e+03 8.314529429312493558e-02 8.503017018334826105e+01
1.213673786271211384e+03 8.330280539044651600e-02 8.478089103303274499e+01
1.210102397513806181e+03 8.346031648776808254e-02 8.453141252859178678e+01
1.206528439510261251e+03 8.361782758508964908e-02 8.428175455007837513e+01
1.202952192469971351e+03 8.377533868241122950e-02 8.403193667145256995e+01
1.199373932260310994e+03 8.393284977973279604e-02 8.378197816336360404e+01
1.195793930446526701e+03 8.409036087705437645e-02 8.353189799593657483e+01
1.192212454331747267e+03 8.424787197437594299e-02 8.328171484156737847e+01
1.188629766997030856e+03 8.440538307169750953e-02 8.303144707772023025e+01
1.185046127341456895e+03 8.456289416901908995e-02 8.278111278972811249e+01
1.181461790122288676e+03 8.472040526634065649e-02 8.253072977359856566e+01
1.177877005995106629e+03 8.487791636366223691e-02 8.228031553881699267e+01
1.174292021554003441e+03 8.503542746098380345e-02 8.202988731115455323e+01
1.170707079371720738e+03 8.519293855830536999e-02 8.177946203547186599e+01
1.167122418039820786e+03 8.535044965562695041e-02 8.152905637852522602e+01
1.163538272208790659e+03 8.550796075294851695e-02 8.127868673176816117e+01
1.159954872628112525e+03 8.566547185027008349e-02 8.102836921415030247e+01
1.156372446186313709e+03 8.582298294759166390e-02 8.077811967491523149e+01
1.152791215950916694e+03 8.598049404491323044e-02 8.052795369639130740e+01
1.149211401208326606e+03 8.613800514223481086e-02 8.027788659677766248e+01
1.145633217503652531e+03 8.629551623955637740e-02 8.002793343292611894e+01
1.142056876680407868e+03 8.645302733687794394e-02 7.977810900311452258e+01
1.138482586944026480e+03 8.661053843419952436e-02 7.952842785148347104e+01
1.134910584843156357e+03 8.676804953152109090e-02 7.927890650208193790e+01
1.131341197168610506e+03 8.692556062884267132e-02 7.902956778280379524e+01
1.127774761623182258e+03 8.708307172616423786e-02 7.878043528379659222e+01
1.124211609080805374e+03 8.724058282348580440e-02 7.853153211817954116e+01
1.120652063670456300e+03 8.739809392080738482e-02 7.828288092790452879e+01
1.117096442860007528e+03 8.755560501812895136e-02 7.803450388961351791e+01
1.113545057539913159e+03 8.771311611545053177e-02 7.778642272048466566e+01
1.109998212106757364e+03 8.787062721277209831e-02 7.753865868406820994e+01
1.106456204546603885e+03 8.802813831009366485e-02 7.729123259610912555e+01
1.102919326518127491e+03 8.818564940741524527e-02 7.704416483035417684e+01
1.099387863435519876e+03 8.834316050473681181e-02 7.679747532434321045e+01
1.095862094551077462e+03 8.850067160205837835e-02 7.655118358517830757e+01
1.092342293037545232e+03 8.865818269937995877e-02 7.630530869527605375e+01
1.088828726070087441e+03 8.881569379670152531e-02 7.605986931809341911e+01
1.085321654907941138e+03 8.897320489402310573e-02 7.581488370383165432e+01
1.081821334975682248e+03 8.913071599134467227e-02 7.557036969511327129e+01
1.078328015944107165e+03 8.928822708866623881e-02 7.532634473263183850e+01
1.074841941810702565e+03 8.944573818598781922e-02 7.508282586077311294e+01
1.071363350979663892e+03 8.960324928330938576e-02 7.483982973320505039e+01
1.067892476341493420e+03 8.976076038063096618e-02 7.459737261843768863e+01
1.064429545352102195e+03 8.991827147795253272e-02 7.435547040534919461e+01
1.060974780111419932e+03 9.007578257527409926e-02 7.411413860867686765e+01
1.057528397441542438e+03 9.023329367259567968e-02 7.387339237447606877e+01
1.054090608964301737e+03 9.039080476991724622e-02 7.363324648553913221e+01
1.050661621178354835e+03 9.054831586723882664e-02 7.339371536678017094e+01
1.047241635535690193e+03 9.070582696456039318e-02 7.315481309057948067e+01
1.043830848517590539e+03 9.086333806188195972e-02 7.291655338208992987e+01
1.040429451710015428e+03 9.102084915920354014e-02 7.267894962450272089e+01
1.037037647218363418e+03 9.117836025652510668e-02 7.244201593584196530e+01
1.033655702238241474e+03 9.133587135384667322e-02 7.220577098099263935e+01
1.030283897366440897e+03 9.149338245116825363e-02 7.197023436097630622e+01
1.026922506173690408e+03 9.165089354848982017e-02 7.173542518601048812e+01
1.023571795314251290e+03 9.180840464581140059e-02 7.150136208316465058e+01
1.020232024636624374e+03 9.196591574313296713e-02 7.126806320409343698e+01
1.016903447293540694e+03 9.212342684045453367e-02 7.103554623272009394e+01
1.013586309851137798e+03 9.228093793777611409e-02 7.080382839286298235e+01
1.010280852397426315e+03 9.243844903509768063e-02 7.057292645581247825e+01
1.006987308649870670e+03 9.259596013241926105e-02 7.034285674784597120e+01
1.003705906062193435e+03 9.275347122974082759e-02 7.011363515768860566e+01
1.000436865930280192e+03 9.291098232706239413e-02 6.988527714391140933e+01
9.971804034972419686e+02 9.306849342438397454e-02 6.965779774227020482e+01
9.939367280575850145e+02 9.322600452170554108e-02 6.943121157298253365e+01
9.907060430604389012e+02 9.338351561902712150e-02 6.920553284793844284e+01
9.874885462118983241e+02 9.354102671634868804e-02 6.898077537784976698e+01
9.842844295763997025e+02 9.369853781367025458e-02 6.875695257933162452e+01
9.810938796771531543e+02 9.385604891099183500e-02 6.853407748191808935e+01
9.779170775955972204e+02 9.401356000831340154e-02 6.831216273500956504e+01
9.747541990698950940e+02 9.417107110563496808e-02 6.809122061475324017e+01
9.716054145924045997e+02 9.432858220295654850e-02 6.787126303085189249e+01
9.684708895061991143e+02 9.448609330027811504e-02 6.765230153330617213e+01
9.653507841005389309e+02 9.464360439759969545e-02 6.743434731908396884e+01
9.622452537053333117e+02 9.480111549492126199e-02 6.721741123871875345e+01
9.591544487845981166e+02 9.495862659224282853e-02 6.700150380283824347e+01
9.560785150288628529e+02 9.511613768956440895e-02 6.678663518861939963e+01
9.530175934465606815e+02 9.527364878688597549e-02 6.657281524617249602e+01
9.499718204543598858e+02 9.543115988420755591e-02 6.636005350485115173e+01
9.469413279664722722e+02 9.558867098152912245e-02 6.614835917949098132e+01
9.439262437847021374e+02 9.574618207885068899e-02 6.593774119765629393e+01
9.409267057709959090e+02 9.590369317617226941e-02 6.572820918966036174e+01
9.379428675505606634e+02 9.606120427349383595e-02 6.551977388695505056e+01
9.349748793527252246e+02 9.621871537081541637e-02 6.531244578377413745e+01
9.320228865342890003e+02 9.637622646813698291e-02 6.510623503398193179e+01
9.290870296776253099e+02 9.653373756545854945e-02 6.490115145792637463e+01
9.261674446876622824e+02 9.669124866278012986e-02 6.469720454921359476e+01
9.232642628876865274e+02 9.684875976010169640e-02 6.449440348140028334e+01
9.203776111140019793e+02 9.700627085742326294e-02 6.429275711460600462e+01
9.175076118094094682e+02 9.716378195474484336e-02 6.409227400204318315e+01
9.146543831155461248e+02 9.732129305206640990e-02 6.389296239646757414e+01
9.118180389640373278e+02 9.747880414938799032e-02 6.369483025654549380e+01
9.089986891665082567e+02 9.763631524670955686e-02 6.349788525314166066e+01
9.061964395034108293e+02 9.779382634403112340e-02 6.330213477552418055e+01
9.034113918117111552e+02 9.795133744135270382e-02 6.310758593748986556e+01
9.006436440714006721e+02 9.810884853867427036e-02 6.291424558340744255e+01
8.978932904908539285e+02 9.826635963599585077e-02 6.272212029418041368e+01
8.951604215910579114e+02 9.842387073331741731e-02 6.253121639313051361e+01
8.924451242886362934e+02 9.858138183063898385e-02 6.234153995179766383e+01
8.897474819778016126e+02 9.873889292796056427e-02 6.215309679566452417e+01
8.870675746110989621e+02 9.889640402528213081e-02 6.196589250979703678e+01
8.844054787790593082e+02 9.905391512260371123e-02 6.177993244440823872e+01
8.817612677887111658e+02 9.921142621992527777e-02 6.159522172034311183e+01
8.791350117409491531e+02 9.936893731724684431e-02 6.141176523448274338e+01
8.765267776068158128e+02 9.952644841456842473e-02 6.122956766507325455e+01
8.739366293026541825e+02 9.968395951188999127e-02 6.104863347697551745e+01
8.713646277641572624e+02 9.984147060921155781e-02 6.086896692683766474e+01
8.688108310193264288e+02 9.999898170653313823e-02 6.069057206819179839e+01
8.662752942603472093e+02 1.001564928038547048e-01 6.051345275647484812e+01
8.637580699143666152e+02 1.003140039011762852e-01 6.033761265397254903e+01
8.612592077132164832e+02 1.004715149984978517e-01 6.016305523469009131e+01
8.587787546257635540e+02 1.006290260958194183e-01 5.998978377962637865e+01
8.563167407444578885e+02 1.007865371931409987e-01 5.981780039088229728e+01
8.538731673530185162e+02 1.009440482904625652e-01 5.964710515813170844e+01
8.514480312512333740e+02 1.011015593877841456e-01 5.947769785782459451e+01
8.490413277627087609e+02 1.012590704851057122e-01 5.930957816329259202e+01
8.466530507795582707e+02 1.014165815824272787e-01 5.914274564787075406e+01
8.442831928063360465e+02 1.015740926797488591e-01 5.897719978796648377e+01
8.419317450031940098e+02 1.017316037770704257e-01 5.881293996607438146e+01
8.395986972282388479e+02 1.018891148743920061e-01 5.864996547373484503e+01
8.372840380791643611e+02 1.020466259717135726e-01 5.848827551444257011e+01
8.349877549341266558e+02 1.022041370690351392e-01 5.832786920650166707e+01
8.327098339918753709e+02 1.023616481663567196e-01 5.816874558582908605e+01
8.304502603111790222e+02 1.025191592636782861e-01 5.801090360870872331e+01
8.282090178495027430e+02 1.026766703609998527e-01 5.785434215449310358e+01
8.259860895010176591e+02 1.028341814583214331e-01 5.769906002825869251e+01
8.237814571338926726e+02 1.029916925556429996e-01 5.754505596341080320e+01
8.215951016268962803e+02 1.031492036529645800e-01 5.739232862424034209e+01
8.194270029053467397e+02 1.033067147502861466e-01 5.724087660843525782e+01
8.172771399763731779e+02 1.034642258476077131e-01 5.709069844954361628e+01
8.151454909635410786e+02 1.036217369449292935e-01 5.694179261939229519e+01
8.130320331408223637e+02 1.037792480422508601e-01 5.679415753046011872e+01
8.109367429659230311e+02 1.039367591395724405e-01 5.664779153820571622e+01
8.088595961130118894e+02 1.040942702368940070e-01 5.650269294335406300e+01
8.068005675048030980e+02 1.042517813342155736e-01 5.635885999413728342e+01
8.047596313440554923e+02 1.044092924315371540e-01 5.621629088849537936e+01
8.027367611444553859e+02 1.045668035288587205e-01 5.607498377623323904e+01
8.007319297609419664e+02 1.047243146261803010e-01 5.593493676113912016e+01
7.987451094194275356e+02 1.048818257235018675e-01 5.579614790306080607e+01
7.967762717459518171e+02 1.050393368208234340e-01 5.565861521994213490e+01
7.948253877952968196e+02 1.051968479181450145e-01 5.552233668982184156e+01
7.928924280790429293e+02 1.053543590154665810e-01 5.538731025279345488e+01
7.909773625930729395e+02 1.055118701127881475e-01 5.525353381292655541e+01
7.890801608445560760e+02 1.056693812101097280e-01 5.512100524015177427e+01
7.872007886342848906e+02 1.058268923074312945e-01 5.498972214549169024e+01
7.853391568011315940e+02 1.059844034047528749e-01 5.485967830061711226e+01
7.834951315622388393e+02 1.061419145020744415e-01 5.473086436015866241e+01
7.816685792296113959e+02 1.062994255993960080e-01 5.460327098537349144e+01
7.798593675936820091e+02 1.064569366967175884e-01 5.447688894079406907e+01
7.780673659062496199e+02 1.066144477940391549e-01 5.435170909303613485e+01
7.762924448636383659e+02 1.067719588913607354e-01 5.422772240962247281e+01
7.745344765900522361e+02 1.069294699886823019e-01 5.410491995782006569e+01
7.727933346212016659e+02 1.070869810860038684e-01 5.398329290349627740e+01
7.710688938881027070e+02 1.072444921833254489e-01 5.386283250998727823e+01
7.693610307011053919e+02 1.074020032806470154e-01 5.374353013698225112e+01
7.676696227341436725e+02 1.075595143779685958e-01 5.362537723942321577e+01
7.659945490091836291e+02 1.077170254752901624e-01 5.350836536641865138e+01
7.643356898808731330e+02 1.078745365726117289e-01 5.339248616017120241e+01
7.626929270214017151e+02 1.080320476699333093e-01 5.327773135492007839e+01
7.610661434055614336e+02 1.081895587672548759e-01 5.316409277589742999e+01
7.594552232959999856e+02 1.083470698645764424e-01 5.305156233829836054e+01
7.578600522286634487e+02 1.085045809618980228e-01 5.294013204626376279e+01
7.562805169984407030e+02 1.086620920592195894e-01 5.282979399187787095e+01
7.547165056449883878e+02 1.088196031565411698e-01 5.272054035417769313e+01
7.531679074387501487e+02 1.089771142538627363e-01 5.261236339817669005e+01
7.516346128671453926e+02 1.091346253511843029e-01 5.250525547389980829e+01
7.501165136209585853e+02 1.092921364485058833e-01 5.239920901543281673e+01
7.486135025808810042e+02 1.094496475458274498e-01 5.229421653998207375e+01
7.471254738042557619e+02 1.096071586431490302e-01 5.219027064694877538e+01
7.456523225119761946e+02 1.097646697404705968e-01 5.208736401701353458e+01
7.441939450755683083e+02 1.099221808377921633e-01 5.198548941123416256e+01
7.427502390044194271e+02 1.100796919351137437e-01 5.188463967015353262e+01
7.413211029332112503e+02 1.102372030324353103e-01 5.178480771292165485e+01
7.399064366094803518e+02 1.103947141297568907e-01 5.168598653642676766e+01
7.385061408813514845e+02 1.105522252270784572e-01 5.158816921443840897e+01
7.371201176854476671e+02 1.107097363244000238e-01 5.149134889676292204e+01
7.357482700349301012e+02 1.108672474217216042e-01 5.139551880840799214e+01
7.343905020077036170e+02 1.110247585190431707e-01 5.130067224875862308e+01
7.330467185727297874e+02 1.111822696163647373e-01 5.120680257944451341e+01
7.317167923076115130e+02 1.113397807136863177e-01 5.111390089940461223e+01
7.304005234200853920e+02 1.114972918110078842e-01 5.102195325219839361e+01
7.290977048988360139e+02 1.116548029083294646e-01 5.093094517710002833e+01
7.278081325261741767e+02 1.118123140056510312e-01 5.084086240853194738e+01
7.265316048296502913e+02 1.119698251029725977e-01 5.075169087268444912e+01
7.252679230346664099e+02 1.121273362002941781e-01 5.066341668420576383e+01
7.240168910180776720e+02 1.122848472976157447e-01 5.057602614296062882e+01
7.227783152627768004e+02 1.124423583949373251e-01 5.048950573085802063e+01
7.215520048132112834e+02 1.125998694922588916e-01 5.040384210874363902e+01
7.203377712318279009e+02 1.127573805895804582e-01 5.031902211335739139e+01
7.191354285564375459e+02 1.129148916869020386e-01 5.023503275435524529e+01
7.179447932584316732e+02 1.130724027842236051e-01 5.015186121139027620e+01
7.167656842019005126e+02 1.132299138815451855e-01 5.006949483125698208e+01
7.155979226035608463e+02 1.133874249788667521e-01 4.998792112509201502e+01
7.144413319935457594e+02 1.135449360761883186e-01 4.990712776563522368e+01
7.132957381769556378e+02 1.137024471735098990e-01 4.982710258454365970e+01
7.121609691962482884e+02 1.138599582708314656e-01 4.974783356976450222e+01
7.110368552943558598e+02 1.140174693681530321e-01 4.966930886295850911e+01
7.099232288785864284e+02 1.141749804654746125e-01 4.959151675697842165e+01
7.088199244852514767e+02 1.143324915627961791e-01 4.951444569339800239e+01
7.077267787450091419e+02 1.144900026601177595e-01 4.943808426009109525e+01
7.066436303489250577e+02 1.146475137574393260e-01 4.936242118886075758e+01
7.055703200152083809e+02 1.148050248547608926e-01 4.928744535311577835e+01
7.045066904566413086e+02 1.149625359520824730e-01 4.921314576559527154e+01
7.034525863486410344e+02 1.151200470494040395e-01 4.913951157613781362e+01
7.024078542979930262e+02 1.152775581467256200e-01 4.906653206949722090e+01
7.013723428122024188e+02 1.154350692440471865e-01 4.899419666320161326e+01
7.003459022694636360e+02 1.155925803413687530e-01 4.892249490545562907e+01
6.993283848892318701e+02 1.157500914386903335e-01 4.885141647308490320e+01
6.983196447033874392e+02 1.159076025360119000e-01 4.878095116952135157e+01
6.973195375279859718e+02 1.160651136333334804e-01 4.871108892283019287e+01
6.963279209355544026e+02 1.162226247306550470e-01 4.864181978377449411e+01
6.953446542279602909e+02 1.163801358279766135e-01 4.857313392391996132e+01
6.943695984098117151e+02 1.165376469252981939e-01 4.850502163377685605e+01
6.934026161623793314e+02 1.166951580226197605e-01 4.843747332097831304e+01
6.924435718125631638e+02 1.168526691199413270e-01 4.837047950811248853e+01
6.914923147420724945e+02 1.170101802172629074e-01 4.830402967377483492e+01
6.905486432238769794e+02 1.171676913145844739e-01 4.823810972637208039e+01
6.896123474936904358e+02 1.173252024119060544e-01 4.817270501287033113e+01
6.886832204005427229e+02 1.174827135092276209e-01 4.810780106278831170e+01
6.877610573664278490e+02 1.176402246065491874e-01 4.804338358537853537e+01
6.868456563469640059e+02 1.177977357038707679e-01 4.797943846687915936e+01
6.859368177930310821e+02 1.179552468011923344e-01 4.791595176783432919e+01
6.850343446133682619e+02 1.181127578985139148e-01 4.785290972048130698e+01
6.841380421381162478e+02 1.182702689958354814e-01 4.779029872620380814e+01
6.832477180832548811e+02 1.184277800931570479e-01 4.772810535304774504e+01
6.823631825159478694e+02 1.185852911904786283e-01 4.766631633330044338e+01
6.814842478207499425e+02 1.187428022878001949e-01 4.760491856112999898e+01
6.806107286666597247e+02 1.189003133851217753e-01 4.754389909028377303e+01
6.797424419749962681e+02 1.190578244824433418e-01 4.748324513184449813e+01
6.788792068880979969e+02 1.192153355797649084e-01 4.742294405204359720e+01
6.780208447387852857e+02 1.193728466770864888e-01 4.736298337012809156e+01
6.771671790206155492e+02 1.195303577744080553e-01 4.730335075628286035e+01
6.763180353588700200e+02 1.196878688717296219e-01 4.724403402960376042e+01
6.754732414822714190e+02 1.198453799690512023e-01 4.718502115612205472e+01
6.746326271954287677e+02 1.200028910663727688e-01 4.712630024687958752e+01
6.737960243519629557e+02 1.201604021636943492e-01 4.706785955605134575e+01
6.729632668283169323e+02 1.203179132610159158e-01 4.700968747911618095e+01
6.721341904982282358e+02 1.204754243583374823e-01 4.695177255107338965e+01
6.713086332078527221e+02 1.206329354556590627e-01 4.689410344470510950e+01
6.704864347514952669e+02 1.207904465529806293e-01 4.683666896888101405e+01
6.696674368479873465e+02 1.209479576503022097e-01 4.677945806690798491e+01
6.688514831176398729e+02 1.211054687476237762e-01 4.672245981492042688e+01
6.680384190597937959e+02 1.212629798449453428e-01 4.666566342031185854e+01
6.672280920309239036e+02 1.214204909422669232e-01 4.660905822020549039e+01
6.664203512233253832e+02 1.215780020395884897e-01 4.655263367996526824e+01
6.656150476443106072e+02 1.217355131369100563e-01 4.649637939174281343e+01
6.648120340959703753e+02 1.218930242342316367e-01 4.644028507306344267e+01
6.640111651554116179e+02 1.220505353315532032e-01 4.638434056544591755e+01
6.632122971555294271e+02 1.222080464288747836e-01 4.632853583305907819e+01
6.624152881662550953e+02 1.223655575261963502e-01 4.627286096141202165e+01
6.616199979762839121e+02 1.225230686235179167e-01 4.621730615607778958e+01
6.608262880752650972e+02 1.226805797208394971e-01 4.616186174144899468e+01
6.600340216338966002e+02 1.228380908181610637e-01 4.610651815934760833e+01
6.592430598093699246e+02 1.229956019154826441e-01 4.605126571094259447e+01
6.584532544595082300e+02 1.231531130128042106e-01 4.599609404779769051e+01
6.576644572137972773e+02 1.233106241101257772e-01 4.594099280552631370e+01
6.568765215262920947e+02 1.234681352074473576e-01 4.588595174719660008e+01
6.560893026585205234e+02 1.236256463047689241e-01 4.583096076213729475e+01
6.553026576628394650e+02 1.237831574020905046e-01 4.577600986477514056e+01
6.545164453662803226e+02 1.239406684994120711e-01 4.572108919350630174e+01
6.537305263548157654e+02 1.240981795967336376e-01 4.566618900959736038e+01
6.529447629580761259e+02 1.242556906940552180e-01 4.561129969611766910e+01
6.521590192344843899e+02 1.244132017913767846e-01 4.555641175690097811e+01
6.513731609567997793e+02 1.245707128886983511e-01 4.550151581553566160e+01
6.505870555980723111e+02 1.247282239860199315e-01 4.544660261438338011e+01
6.498005723179747974e+02 1.248857350833414981e-01 4.539166301362448053e+01
6.490135819495267242e+02 1.250432461806630924e-01 4.533668799033060992e+01
6.482259569861664659e+02 1.252007572779846589e-01 4.528166863756145233e+01
6.474375715692111726e+02 1.253582683753062255e-01 4.522659616348892797e+01
6.466483014756297507e+02 1.255157794726277920e-01 4.517146189054302852e+01
6.458580241061791867e+02 1.256732905699493585e-01 4.511625725458304004e+01
6.450666184738549873e+02 1.258308016672709251e-01 4.506097380409084963e+01
6.442739651926735860e+02 1.259883127645924916e-01 4.500560319938720966e+01
6.434799464667419215e+02 1.261458238619140859e-01 4.495013721186824540e+01
6.426844460796488647e+02 1.263033349592356525e-01 4.489456772326449396e+01
6.418873493841327900e+02 1.264608460565572190e-01 4.483888672491899285e+01
6.410885432920374569e+02 1.266183571538787855e-01 4.478308631708575405e+01
6.402879162645405131e+02 1.267758682512003521e-01 4.472715870824708162e+01
6.394853583026416572e+02 1.269333793485219464e-01 4.467109621444925693e+01
6.386807609379180803e+02 1.270908904458435129e-01 4.461489125865656291e+01
6.378740172235143291e+02 1.272484015431650795e-01 4.455853637012215529e+01
6.370650217253772780e+02 1.274059126404866460e-01 4.450202418377554636e+01
6.362536705137405306e+02 1.275634237378082125e-01 4.444534743962780965e+01
6.354398611548009512e+02 1.277209348351298068e-01 4.438849898219026358e+01
6.346234927026381456e+02 1.278784459324513734e-01 4.433147175990981737e+01
6.338044656913388053e+02 1.280359570297729399e-01 4.427425882461903228e+01
6.329826821273150017e+02 1.281934681270945064e-01 4.421685333099927817e+01
6.321580454818227963e+02 1.283509792244160730e-01 4.415924853605834954e+01
6.313304606836819630e+02 1.285084903217376673e-01 4.410143779862179514e+01
6.304998341121520298e+02 1.286660014190592338e-01 4.404341457883521116e+01
6.296660735900048849e+02 1.288235125163808004e-01 4.398517243768048957e+01
6.288290883767565447e+02 1.289810236137023669e-01 4.392670503650286662e+01
6.279887891992607365e+02 1.291385347110239334e-01 4.386800613914818570e+01
6.271450991875670979e+02 1.292960458083455277e-01 4.380907037588446684e+01
6.262979689088664372e+02 1.294535569056670943e-01 4.374989429359469284e+01
6.254473536832726950e+02 1.296110680029886608e-01 4.369047477117619138e+01
6.245932097171461237e+02 1.297685791003102274e-01 4.363080874943473475e+01
6.237354940988997214e+02 1.299260901976317939e-01 4.357089323079172516e+01
6.228741647948581885e+02 1.300836012949533882e-01 4.351072527899483333e+01
6.220091806451536058e+02 1.302411123922749547e-01 4.345030201883140109e+01
6.211405013596530580e+02 1.303986234895965213e-01 4.338962063584384765e+01
6.202680875139292311e+02 1.305561345869180878e-01 4.332867837604826633e+01
6.193919005452542024e+02 1.307136456842396544e-01 4.326747254565458434e+01
6.185119027486296091e+02 1.308711567815612486e-01 4.320600051078913140e+01
6.176280572728521747e+02 1.310286678788828152e-01 4.314425969721998655e+01
6.167403281165877615e+02 1.311861789762043817e-01 4.308224759008256655e+01
6.158486801244956723e+02 1.313436900735259483e-01 4.301996173360905829e+01
6.149530789833576137e+02 1.315012011708475148e-01 4.295739973085774466e+01
6.140534912182328071e+02 1.316587122681690813e-01 4.289455924344471072e+01
6.131498841886481159e+02 1.318162233654906756e-01 4.283143799127754647e+01
6.122422260847863527e+02 1.319737344628122422e-01 4.276803375228912785e+01
6.113304859237084656e+02 1.321312455601338087e-01 4.270434436217361451e+01
6.104146335455751569e+02 1.322887566574553753e-01 4.264036771412272486e+01
6.094946396099084041e+02 1.324462677547769418e-01 4.257610175856440549e+01
6.085704755918418414e+02 1.326037788520985361e-01 4.251154450290093223e+01
6.076421137783946733e+02 1.327612899494201026e-01 4.244669401124871655e+01
6.067095272647580941e+02 1.329188010467416692e-01 4.238154840417878688e+01
6.057726899505769325e+02 1.330763121440632357e-01 4.231610585845709238e+01
6.048315765362642651e+02 1.332338232413848023e-01 4.225036460678705907e+01
6.038861625192952260e+02 1.333913343387063966e-01 4.218432293755073204e+01
6.029364241905252584e+02 1.335488454360279631e-01 4.211797919455145234e+01
6.019823386305025679e+02 1.337063565333495296e-01 4.205133177675642742e+01
6.010238837057913770e+02 1.338638676306710962e-01 4.198437913803983434e+01
6.000610380652939284e+02 1.340213787279926627e-01 4.191711978692584495e+01
5.990937811365619154e+02 1.341788898253142570e-01 4.184955228633106117e+01
5.981220931221387218e+02 1.343364009226358236e-01 4.178167525330884757e+01
5.971459549958568687e+02 1.344939120199573901e-01 4.171348735879086433e+01
5.961653484991722962e+02 1.346514231172789566e-01 4.164498732733093789e+01
5.951802561374724974e+02 1.348089342146005232e-01 4.157617393684703444e+01
5.941906611763947694e+02 1.349664453119221175e-01 4.150704601836430641e+01
5.931965476381229792e+02 1.351239564092436840e-01 4.143760245575624879e+01
5.921979002976966058e+02 1.352814675065652505e-01 4.136784218548690006e+01
5.911947046792902256e+02 1.354389786038868171e-01 4.129776419635091855e+01
5.901869470525173256e+02 1.355964897012083836e-01 4.122736752921548486e+01
5.891746145422147265e+02 1.357540007985299779e-01 4.115665128468916123e+01
5.881577161291430684e+02 1.359115118958515445e-01 4.108561609012078719e+01
5.871363068606757452e+02 1.360690229931731110e-01 4.101426579083145896e+01
5.861104475375058200e+02 1.362265340904946775e-01 4.094260463403900019e+01
5.850801986769857876e+02 1.363840451878162441e-01 4.087063684716851952e+01
5.840456205116729507e+02 1.365415562851378384e-01 4.079836663775085981e+01
5.830067729878920773e+02 1.366990673824594049e-01 4.072579819332216289e+01
5.819637157643621777e+02 1.368565784797809715e-01 4.065293568132789659e+01
5.809165082108578417e+02 1.370140895771025380e-01 4.057978324902943257e+01
5.798652094069252598e+02 1.371716006744241045e-01 4.050634502341429766e+01
5.788098781406424678e+02 1.373291117717456711e-01 4.043262511110955870e+01
5.777505729074129022e+02 1.374866228690672654e-01 4.035862759829757351e+01
5.766873519088156854e+02 1.376441339663888319e-01 4.028435655063572796e+01
5.756202730514964969e+02 1.378016450637103985e-01 4.020981601317880205e+01
5.745493939460899355e+02 1.379591561610319650e-01 4.013501001030389403e+01
5.734747719062055467e+02 1.381166672583535315e-01 4.005994254563938028e+01
5.723964639474355636e+02 1.382741783556751258e-01 3.998461760199584347e+01
5.713145267864123298e+02 1.384316894529966924e-01 3.990903914129996366e+01
5.702290168399109689e+02 1.385892005503182589e-01 3.983321110453206870e+01
5.691399902239799076e+02 1.387467116476398254e-01 3.975713741166524784e+01
5.680475027531284695e+02 1.389042227449613920e-01 3.968082196160862907e+01
5.669516099395357287e+02 1.390617338422829863e-01 3.960426863215215576e+01
5.658523669923101806e+02 1.392192449396045528e-01 3.952748127991488758e+01
5.647498288167857936e+02 1.393767560369261194e-01 3.945046374029571012e+01
5.636440500138531888e+02 1.395342671342476859e-01 3.937321982742674464e+01
5.625350848793275418e+02 1.396917782315692524e-01 3.929575333412915938e+01
5.614229874033597980e+02 1.398492893288908467e-01 3.921806803187195101e+01
5.603078112698732411e+02 1.400068004262124133e-01 3.914016767073268710e+01
5.591896098560514474e+02 1.401643115235339798e-01 3.906205597936178009e+01
5.580684362318445437e+02 1.403218226208555464e-01 3.898373666494777723e+01
5.569443431595233278e+02 1.404793337181771129e-01 3.890521341318649462e+01
5.558173830932629471e+02 1.406368448154987072e-01 3.882648988825170733e+01
5.546876081787618205e+02 1.407943559128202737e-01 3.874756973276871008e+01
5.535550702528945521e+02 1.409518670101418403e-01 3.866845656778989593e+01
5.524198208433864465e+02 1.411093781074634068e-01 3.858915399277216096e+01
5.512819111685497546e+02 1.412668892047849734e-01 3.850966558555843733e+01
5.501413921370198068e+02 1.414244003021065677e-01 3.842999490235920490e+01
5.489983143475409406e+02 1.415819113994281342e-01 3.835014547773757698e+01
5.478527280887807365e+02 1.417394224967497007e-01 3.827012082459641107e+01
5.467046833391763130e+02 1.418969335940712673e-01 3.818992443416739491e+01
5.455542297667982439e+02 1.420544446913928338e-01 3.810955977600171707e+01
5.444014167292701813e+02 1.422119557887144281e-01 3.802903029796429735e+01
5.432462932736953007e+02 1.423694668860359946e-01 3.794833942622873479e+01
5.420889081366149185e+02 1.425269779833575612e-01 3.786749056527448687e+01
5.409293097546421905e+02 1.426844890806791277e-01 3.778648709862950739e+01
5.397675617512842337e+02 1.428420001780006943e-01 3.770533347069859786e+01
5.386037735514129281e+02 1.429995112753222608e-01 3.762403732532997225e+01
5.374380619562235779e+02 1.431570223726438551e-01 3.754260682164301954e+01
5.362705423881679963e+02 1.433145334699654216e-01 3.746105002244546966e+01
5.351013288967720882e+02 1.434720445672869882e-01 3.737937489463956808e+01
5.339305341646493162e+02 1.436295556646085547e-01 3.729758930964221975e+01
5.327582695137077735e+02 1.437870667619301213e-01 3.721570104381858357e+01
5.315846449115305177e+02 1.439445778592517156e-01 3.713371777892778880e+01
5.304097689779403026e+02 1.441020889565732821e-01 3.705164710258149796e+01
5.292337489917359790e+02 1.442596000538948486e-01 3.696949650871442827e+01
5.280566908975735032e+02 1.444171111512164152e-01 3.688727339806514038e+01
5.268786993130365772e+02 1.445746222485379817e-01 3.680498507866978031e+01
5.256998775358339344e+02 1.447321333458595760e-01 3.672263876636503710e+01
5.245203275511532865e+02 1.448896444431811426e-01 3.664024158530169473e+01
5.233401500391616992e+02 1.450471555405027091e-01 3.655780056846865733e+01
5.221594443826304541e+02 1.452046666378242756e-01 3.647532265822555786e+01
5.209783086747052039e+02 1.453621777351458422e-01 3.639281470684557718e+01
5.197968397267857199e+02 1.455196888324674365e-01 3.631028347706576653e+01
5.186151330765436569e+02 1.456771999297890030e-01 3.622773564264727497e+01
5.174332829960341087e+02 1.458347110271105695e-01 3.614517778894188638e+01
5.162513824999467715e+02 1.459922221244321361e-01 3.606261641346839042e+01
5.150695233539344144e+02 1.461497332217537026e-01 3.598005792649447443e+01
5.138877960830579923e+02 1.463072443190752969e-01 3.589750865162650229e+01
5.127062899803258915e+02 1.464647554163968635e-01 3.581497482640617847e+01
5.115250931153223632e+02 1.466222665137184300e-01 3.573246260291315224e+01
5.103442923429278153e+02 1.467797776110399965e-01 3.564997804837427964e+01
5.091639733121157860e+02 1.469372887083615631e-01 3.556752714577801555e+01
5.079842204748316590e+02 1.470947998056831574e-01 3.548511579449473174e+01
5.068051170949473772e+02 1.472523109030047239e-01 3.540274981090224315e+01
5.056267452572880075e+02 1.474098220003262905e-01 3.532043492901629378e+01
5.044491858767162284e+02 1.475673330976478570e-01 3.523817680112519923e+01
5.032725187072898620e+02 1.477248441949694235e-01 3.515598099842949154e+01
5.020968223514674378e+02 1.478823552922910178e-01 3.507385301168510949e+01
5.009221742693785018e+02 1.480398663896125844e-01 3.499179825185073156e+01
4.997486507881402531e+02 1.481973774869341509e-01 3.490982205073886036e+01
4.985763271112148232e+02 1.483548885842557175e-01 3.482792966166929460e+01
4.974052773278278323e+02 1.485123996815772840e-01 3.474612626012709171e+01
4.962355744224053637e+02 1.486699107788988505e-01 3.466441694442183064e+01
4.950672902840635174e+02 1.488274218762204448e-01 3.458280673635044167e+01
4.939004957161345146e+02 1.489849329735420114e-01 3.450130058186271498e+01
4.927352604457016696e+02 1.491424440708635779e-01 3.441990335172732784e+01
4.915716531331884198e+02 1.492999551681851444e-01 3.433861984220165908e+01
4.904097413819467306e+02 1.494574662655067110e-01 3.425745477570164610e+01
4.892495917478935326e+02 1.496149773628283053e-01 3.417641280147488914e+01
4.880912697491376093e+02 1.497724884601498718e-01 3.409549849627316576e+01
4.869348398756413303e+02 1.499299995574714384e-01 3.401471636502729723e+01
4.857803677528832509e+02 1.500875106547930049e-01 3.393407099198935128e+01
4.846279383329940629e+02 1.502450217521145714e-01 3.385356831146999923e+01
4.834776464229161661e+02 1.504025328494361657e-01 3.377321494618546893e+01
4.823295854298038421e+02 1.505600439467577323e-01 3.369301742107013808e+01
4.811838472567486065e+02 1.507175550440792988e-01 3.361298215599234851e+01
4.800405223179325844e+02 1.508750661414008654e-01 3.353311546681310062e+01
4.788996995538371948e+02 1.510325772387224319e-01 3.345342356644840720e+01
4.777614664464857697e+02 1.511900883360440262e-01 3.337391256593399191e+01
4.766259090347533629e+02 1.513475994333655927e-01 3.329458847549480538e+01
4.754931119296894053e+02 1.515051105306871593e-01 3.321545720561542936e+01
4.743631583298774785e+02 1.516626216280087258e-01 3.313652456811290392e+01
4.732361300368391994e+02 1.518201327253302924e-01 3.305779627721293679e+01
4.721121074704260536e+02 1.519776438226518867e-01 3.297927795062494738e+01
4.709911696842552260e+02 1.521351549199734532e-01 3.290097511062034386e+01
4.698733943811446352e+02 1.522926660172950197e-01 3.282289318511088538e+01
4.687588579285468882e+02 1.524501771146165863e-01 3.274503750872658259e+01
4.676476353740001741e+02 1.526076882119381528e-01 3.266741332389523933e+01
4.665398004605606275e+02 1.527651993092597471e-01 3.259002578192033894e+01
4.654354256422412277e+02 1.529227104065813136e-01 3.251287994405955573e+01
4.643345820994198903e+02 1.530802215039028802e-01 3.243598078260109929e+01
4.632373397542544353e+02 1.532377326012244467e-01 3.235933318194054209e+01
4.621437672860545263e+02 1.533952436985460133e-01 3.228294193965457737e+01
4.610539321466530396e+02 1.535527547958676076e-01 3.220681176757477715e+01
4.599679005757287200e+02 1.537102658931891741e-01 3.213094729285801776e+01
4.588857376161053025e+02 1.538677769905107406e-01 3.205535305905512899e+01
4.578075071290260780e+02 1.540252880878323072e-01 3.198003352717794101e+01
4.567332718093720132e+02 1.541827991851538737e-01 3.190499307676232377e+01
4.556630932008532113e+02 1.543403102824754403e-01 3.183023600692935418e+01
4.545970317111505210e+02 1.544978213797970346e-01 3.175576653744309397e+01
4.535351466270035985e+02 1.546553324771186011e-01 3.168158880976451286e+01
4.524774961292608850e+02 1.548128435744401676e-01 3.160770688810279694e+01
4.514241373078691026e+02 1.549703546717617342e-01 3.153412476046249679e+01
4.503751261768028940e+02 1.551278657690833007e-01 3.146084633968635202e+01
4.493305176889443828e+02 1.552853768664048950e-01 3.138787546449475130e+01
4.482903657508945798e+02 1.554428879637264616e-01 3.131521590052038206e+01
4.472547232377280579e+02 1.556003990610480281e-01 3.124287134133885857e+01
4.462236420076741865e+02 1.557579101583695946e-01 3.117084540949438320e+01
4.451971729167370313e+02 1.559154212556911612e-01 3.109914165752088522e+01
4.441753658332380041e+02 1.560729323530127555e-01 3.102776356895801513e+01
4.431582696522941092e+02 1.562304434503343220e-01 3.095671455936239980e+01
4.421459323102137660e+02 1.563879545476558885e-01 3.088599797731338725e+01
4.411384007988297071e+02 1.565454656449774551e-01 3.081561710541416943e+01
4.401357211797294440e+02 1.567029767422990216e-01 3.074557516128586698e+01
4.391379385984424744e+02 1.568604878396206159e-01 3.067587529855863338e+01
4.381450972985069257e+02 1.570179989369421825e-01 3.060652060785418982e+01
4.371572406354845839e+02 1.571755100342637490e-01 3.053751411776489988e+01
4.361744110908729226e+02 1.573330211315853155e-01 3.046885879582558943e+01
4.351966502859427806e+02 1.574905322289068821e-01 3.040055754948011568e+01
4.342239989954833845e+02 1.576480433262284764e-01 3.033261322704160534e+01
4.332564939698830244e+02 1.578055544235500429e-01 3.026502839569960202e+01
4.322941575971515249e+02 1.579630655208716095e-01 3.019780461936319682e+01
4.313370080908310342e+02 1.581205766181931760e-01 3.013094317033495173e+01
4.313370080908310342e+02 1.581205766181931760e-01 3.013094317033495884e+01
3.166440353651469763e+02 1.826842454521749870e-01 1.969615883562266490e+01
2.513827023449228193e+02 2.073525430377324841e-01 1.399876649262480122e+01
1.875149051275243437e+02 2.322407203492417860e-01 9.593292370892857690e+00
1.543468170776849036e+02 2.568837818198746459e-01 8.201378126295713500e+00
1.235910239116195584e+02 2.811184729179193598e-01 4.392423959146761980e+00
1.017429954119931494e+02 3.057758170190760794e-01 2.843227760264444903e+00
8.372729260102471471e+01 3.308749588216616799e-01 2.899887085044233537e+00
7.019986341206988811e+01 3.553458836143503774e-01 2.181742542796380135e+00
6.049911730093342044e+01 3.797183506574301481e-01 1.641401730319891561e+00
5.171547109274951026e+01 4.042043120935024936e-01 1.428680026476721654e+00
4.489808048863039147e+01 4.287407985369371399e-01 9.430018165245628303e-01
3.946094106771820265e+01 4.533371424922238990e-01 9.141837845543820951e-01
3.444520184001705587e+01 4.779959634912051558e-01 7.158737273404850443e-01
3.063044083421450381e+01 5.026629933946460405e-01 5.618365413897067340e-01
2.750217761534279504e+01 5.271487506500315279e-01 5.967679568528985179e-01
2.502819010230174612e+01 5.515427964227138657e-01 4.065475071602643875e-01
2.277910449291586303e+01 5.762240530263548210e-01 3.235974041764711484e-01
2.067580681107959606e+01 6.007285446297923048e-01 2.631784499038889447e-01
1.887556295450811916e+01 6.252568531449649303e-01 3.635121487012626385e-01
1.766616333153642060e+01 6.499965502683907603e-01 3.192639629778777355e-01
1.653043665742338320e+01 6.746857991314229031e-01 2.751647335090472990e-01
1.567557826920852193e+01 6.991270364754236244e-01 2.388277435028707818e-01
1.499001441413468605e+01 7.235756604093172006e-01 2.081211796194173957e-01
1.467653967776991841e+01 7.479714013051395050e-01 2.744169889012542107e-01
1.452287222309549009e+01 7.726132299420060967e-01 2.099530223033496124e-01
1.424785539643440835e+01 7.972349387995918413e-01 2.702333711752651357e-01
1.362469683854919822e+01 8.217736356692634248e-01 2.262935645439066445e-01
1.311070332994116683e+01 8.463200505719705724e-01 1.153266747970962819e-01
1.275074519278454055e+01 8.708218859006343626e-01 2.419007959736751145e-01
1.253211559606704206e+01 8.954790463233904818e-01 2.225906948267530605e-01
1.240228162386291899e+01 9.199626960429320155e-01 1.422851413205035165e-01
1.249942125394401771e+01 9.443606208269833546e-01 1.871885810349528390e-01
1.258389861140077848e+01 9.688687146412832130e-01 1.298990991277097495e-01
1.295691021026300938e+01 9.930926048855095445e-01 1.121534204960590447e-01
1.375241196480206085e+01 1.017620455362175491e+00 2.011178124627744090e-01
1.434937331367505564e+01 1.042409919186157552e+00 2.566372166188370940e-01
1.543146477300351904e+01 1.066789561870425063e+00 3.466834629091485875e-01
1.631631280084899416e+01 1.090909765172895618e+00 4.035481770729342221e-01
1.751103720720193735e+01 1.115651582439790346e+00 5.885722442976732971e-01
1.901380030894074480e+01 1.140641543091339027e+00 6.697777128994970575e-01
2.081790545513935342e+01 1.164692026865203012e+00 9.727286004641343409e-01
2.364581825951108129e+01 1.188605021497627590e+00 1.097140504178410580e+00
2.701365935144914587e+01 1.214006438167991364e+00 1.299845189478133767e+00
3.080817893389054873e+01 1.240498485730926914e+00 2.146865087687791718e+00
3.603308072726548517e+01 1.264816150349954427e+00 3.474318004699054274e+00
4.198629420637232101e+01 1.284554513240047102e+00 4.522934708760875111e+00
4.970332397247243961e+01 1.309527810458392949e+00 5.831125631940329512e+00
6.511689871875157110e+01 1.335814856768205550e+00 1.757674678756842823e+01
9.374472969619287710e+01 1.360349523175663267e+00 1.698424786188847122e+02
