9.459744903943527561e+01 7.669903939428205850e-04 6.403673930340712417e+00
1.127508638517831230e+02 9.245014912643925459e-04 7.632550082508748446e+00
1.305691122984144954e+02 1.082012588585964507e-03 8.838737503212461988e+00
1.480532706076577369e+02 1.239523685907536251e-03 1.002230904658649280e+01
1.652030940171700877e+02 1.397034783229108429e-03 1.118324814370378384e+01
1.820177360484344149e+02 1.554545880550680173e-03 1.232149749309936837e+01
1.984967392475467136e+02 1.712056977872252134e-03 1.343702612791662787e+01
2.146400330781691537e+02 1.869568075193824095e-03 1.452982927327303209e+01
2.304484931310054492e+02 2.027079172515396273e-03 1.559996620135213163e+01
2.459229936977422426e+02 2.184590269836968017e-03 1.664749609640189831e+01
2.610658199257659362e+02 2.342101367158539761e-03 1.767257364904975248e+01
2.758792890035286405e+02 2.499612464480111939e-03 1.867535571890908841e+01
2.903661026745137974e+02 2.657123561801683683e-03 1.965602519763803713e+01
3.045299092757799144e+02 2.814634659123255861e-03 2.061482905554233724e+01
3.183745416208236634e+02 2.972145756444827605e-03 2.155202675086442454e+01
3.319037824179427503e+02 3.129656853766399783e-03 2.246787435002849875e+01
3.451219449388365774e+02 3.287167951087971527e-03 2.336266383538522007e+01
3.580337780740066478e+02 3.444679048409543271e-03 2.423671667803777652e+01
3.706440440317560956e+02 3.602190145731115449e-03 2.509035525062380501e+01
3.829573731708564424e+02 3.759701243052687193e-03 2.592389300036682442e+01
3.949786321840032315e+02 3.917212340374259805e-03 2.673765937286458083e+01
4.067128889619085044e+02 4.074723437695831549e-03 2.753199743360097784e+01
4.181653492916249206e+02 4.232234535017403293e-03 2.830725958280643084e+01
4.293410905464803591e+02 4.389745632338975037e-03 2.906378952788051251e+01
4.402450189592992160e+02 4.547256729660546781e-03 2.980191939104797072e+01
4.508821102059631016e+02 4.704767826982118525e-03 3.052198599540767177e+01
4.612573946045876596e+02 4.862278924303691137e-03 3.122432986300653468e+01
4.713759313796859374e+02 5.019790021625262881e-03 3.190929347267934091e+01
4.812427838932180748e+02 5.177301118946834625e-03 3.257721958334097678e+01
4.908628441094477921e+02 5.334812216268406369e-03 3.322843935132117110e+01
5.002407666269300535e+02 5.492323313589978981e-03 3.386326786472982064e+01
5.093811880106315471e+02 5.649834410911550725e-03 3.448201899091228029e+01
5.182887325817316651e+02 5.807345508233122469e-03 3.508500576838364537e+01
5.269680009566924355e+02 5.964856605554694213e-03 3.567253963099339842e+01
5.354235603774307037e+02 6.122367702876265957e-03 3.624492975333649980e+01
5.436599365792067147e+02 6.279878800197838569e-03 3.680248250025892531e+01
5.516815607628220732e+02 6.437389897519410313e-03 3.734549783719676697e+01
5.594925501260152032e+02 6.594900994840982057e-03 3.787425447348191199e+01
5.670968966692801132e+02 6.752412092162553801e-03 3.838902264335172987e+01
5.744985630074746723e+02 6.909923189484126413e-03 3.889007059181402326e+01
5.817014770027999475e+02 7.067434286805698157e-03 3.937766421133248684e+01
5.887095270661003497e+02 7.224945384127269901e-03 3.985206672375300485e+01
5.955265581657805569e+02 7.382456481448841645e-03 4.031353841013162054e+01
6.021563684575902471e+02 7.539967578770413389e-03 4.076233638259142111e+01
6.086027064597354865e+02 7.697478676091986001e-03 4.119871439309454786e+01
6.148692462400581462e+02 7.854989773413558612e-03 4.162292115376486379e+01
6.209593560166192674e+02 8.012500870735128622e-03 4.203518467254982482e+01
6.268762108257527643e+02 8.170011968056702101e-03 4.243571988016483942e+01
6.326229592896469285e+02 8.327523065378272110e-03 4.282473991924773316e+01
6.382027233680678364e+02 8.485034162699845589e-03 4.320245612755204689e+01
6.436185957205799468e+02 8.642545260021415598e-03 4.356907785938519595e+01
6.488736374114100727e+02 8.800056357342989077e-03 4.392481233024173548e+01
6.539708759216811131e+02 8.957567454664562556e-03 4.426986448224366910e+01
6.589133034375142870e+02 9.115078551986132566e-03 4.460443686825532694e+01
6.637038753857616484e+02 9.272589649307706045e-03 4.492872955276126845e+01
6.683455091921814528e+02 9.430100746629276054e-03 4.524294002780240476e+01
6.728410799447890440e+02 9.587611843950849533e-03 4.554726291941096150e+01
6.771932438076350991e+02 9.745122941272419542e-03 4.584187803379379034e+01
6.814043645248838175e+02 9.902634038593993021e-03 4.612694538210381268e+01
6.854767742642901567e+02 1.006014513591556303e-02 4.640262283796239018e+01
6.894127944693925656e+02 1.021765623323713651e-02 4.666906754902642263e+01
6.932147338513043451e+02 1.037516733055870999e-02 4.692643580104488876e+01
6.968848865774239130e+02 1.053267842788028000e-02 4.717488289524530387e+01
7.004255306406553245e+02 1.069018952520185348e-02 4.741456303794006288e+01
7.038389263940772480e+02 1.084770062252342349e-02 4.764562924133220179e+01
7.071273152373680659e+02 1.100521171984499696e-02 4.786823323459448432e+01
7.102929184425411222e+02 1.116272281716656697e-02 4.808252538437879764e+01
7.133379361075218412e+02 1.132023391448814045e-02 4.828865462397946828e+01
7.162645462271618726e+02 1.147774501180971046e-02 4.848676839044686204e+01
7.190749038721156694e+02 1.163525610913128394e-02 4.867701256900206630e+01
7.217711350378491488e+02 1.179276720645285742e-02 4.885953107665211803e+01
7.243551498497240573e+02 1.195027830377442743e-02 4.903445321730645645e+01
7.268286096281300388e+02 1.210778940109600091e-02 4.920189145228592054e+01
7.291931630707631484e+02 1.226530049841757092e-02 4.936195738843159120e+01
7.314504602260287811e+02 1.242281159573914440e-02 4.951476272401922785e+01
7.336021508538071885e+02 1.258032269306071441e-02 4.966041913779332617e+01
7.356498829074664627e+02 1.273783379038228789e-02 4.979903818620842060e+01
7.375953011288710286e+02 1.289534488770385789e-02 4.993073120831967060e+01
7.394400457487334961e+02 1.305285598502543137e-02 5.005560923780463867e+01
7.411857512852759555e+02 1.321036708234700485e-02 5.017378292163989073e+01
7.428340454346100614e+02 1.336787817966857486e-02 5.028536244498649666e+01
7.443865480468771239e+02 1.352538927699014834e-02 5.039045746188082830e+01
7.458448701823758711e+02 1.368290037431171835e-02 5.048917703134024748e+01
7.472106132425927854e+02 1.384041147163329183e-02 5.058162955853904919e+01
7.484853681711826994e+02 1.399792256895486184e-02 5.066792274071968194e+01
7.496707147204173225e+02 1.415543366627643532e-02 5.074816351753587185e+01
7.507682207788838014e+02 1.431294476359800533e-02 5.082245802554171377e+01
7.517794406264226836e+02 1.447045586091957881e-02 5.089091148006168908e+01
7.527058099249643419e+02 1.462796695824115228e-02 5.095362106670674507e+01
7.535485688270862283e+02 1.478547805556272229e-02 5.101067073628961879e+01
7.543089412123036936e+02 1.494298915288429577e-02 5.106214333803534089e+01
7.549881542228670241e+02 1.510050025020586578e-02 5.110812194203635528e+01
7.555874371332077999e+02 1.525801134752743926e-02 5.114868976272091317e+01
7.561080202885282233e+02 1.541552244484900927e-02 5.118393008700184765e+01
7.565511341086803441e+02 1.557303354217058275e-02 5.121392620684541441e+01
7.569180081536147782e+02 1.573054463949215276e-02 5.123876135600769999e+01
7.572098702469697855e+02 1.588805573681372624e-02 5.125851865070699631e+01
7.574279456545783660e+02 1.604556683413529972e-02 5.127328103401362824e+01
7.575734563148317875e+02 1.620307793145686973e-02 5.128313122375040223e+01
7.576476201181365013e+02 1.636058902877844320e-02 5.128815166371595069e+01
7.576516502327076523e+02 1.651810012610001321e-02 5.128842447804527183e+01
7.575867544742430937e+02 1.667561122342158669e-02 5.128403142854033092e+01
7.574541347171013967e+02 1.683312232074316017e-02 5.127505387481051002e+01
7.572549863447680991e+02 1.699063341806473018e-02 5.126157273707234197e+01
7.569904977375072122e+02 1.714814451538630366e-02 5.124366846146674703e+01
7.566618497952066491e+02 1.730565561270787367e-02 5.122142098775851338e+01
7.562702154935874432e+02 1.746316671002944715e-02 5.119490971929438672e+01
7.558167594719736826e+02 1.762067780735101716e-02 5.116421349509755601e+01
7.553026376053891227e+02 1.777818890467259064e-02 5.112941056090115666e+01
7.547289863470447244e+02 1.793570000199416065e-02 5.109057784769937882e+01
7.540969101445501792e+02 1.809321109931573412e-02 5.104779011990117965e+01
7.534075024292650369e+02 1.825072219663730760e-02 5.100112139618215679e+01
7.526618486005274917e+02 1.840823329395887761e-02 5.095064515149871198e+01
7.518610256968988779e+02 1.856574439128045109e-02 5.089643429483334103e+01
7.510061020915795780e+02 1.872325548860202110e-02 5.083856114857614727e+01
7.500981372108036567e+02 1.888076658592359458e-02 5.077709742946183979e+01
7.491381812739787165e+02 1.903827768324516459e-02 5.071211423097877002e+01
7.481272750545197141e+02 1.919578878056673807e-02 5.064368200717883184e+01
7.470664496603160387e+02 1.935329987788830808e-02 5.057187055781646023e+01
7.459567263327979845e+02 1.951081097520988156e-02 5.049674901474656252e+01
7.447991162637000571e+02 1.966832207253145504e-02 5.041838582952059511e+01
7.435946204286007060e+02 1.982583316985302505e-02 5.033684876211811599e+01
7.423442294363612746e+02 1.998334426717459852e-02 5.025220487075485920e+01
7.410489233936868914e+02 2.014085536449616853e-02 5.016452050271412588e+01
7.397096717840225892e+02 2.029836646181774201e-02 5.007386128614899690e+01
7.383274333600153341e+02 2.045587755913931202e-02 4.998029212280254541e+01
7.369031560488996320e+02 2.061338865646088550e-02 4.988387718160294781e+01
7.354377768700790057e+02 2.077089975378245551e-02 4.978467989308447272e+01
7.339322218643126234e+02 2.092841085110402899e-02 4.968276294459360543e+01
7.323874060338713434e+02 2.108592194842560247e-02 4.957818827623812297e+01
7.308042332931030387e+02 2.124343304574717248e-02 4.947101707754057287e+01
7.291835964288579817e+02 2.140094414306874596e-02 4.936130978475947728e+01
7.275263770702334796e+02 2.155845524039031597e-02 4.924912607884098747e+01
7.258334456671652788e+02 2.171596633771188944e-02 4.913452488396981721e+01
7.241056623116620585e+02 2.187347743503345945e-02 4.901756442316183637e+01
7.223439672035650574e+02 2.203098853235503293e-02 4.889830834224757439e+01
7.205494553719761370e+02 2.218849962967660294e-02 4.877683076806010121e+01
7.187232158493094403e+02 2.234601072699817642e-02 4.865320542149304117e+01
7.168663123789248175e+02 2.250352182431974990e-02 4.852750431152440314e+01
7.149797839371706232e+02 2.266103292164131991e-02 4.839979777055551580e+01
7.130646452470505210e+02 2.281854401896289339e-02 4.827015448918332652e+01
7.111218872835455613e+02 2.297605511628446340e-02 4.813864155040764103e+01
7.091524777705408269e+02 2.313356621360603688e-02 4.800532446326996450e+01
7.071573616693499389e+02 2.329107731092760689e-02 4.787026719592363122e+01
7.051374616588477693e+02 2.344858840824918036e-02 4.773353220813601894e+01
7.030936786072203404e+02 2.360609950557075037e-02 4.759518048322297545e+01
7.010268920353693147e+02 2.376361060289232385e-02 4.745527155941866226e+01
6.989379605720035897e+02 2.392112170021389733e-02 4.731386356068239252e+01
6.968277224004524442e+02 2.407863279753546734e-02 4.717101322694519894e+01
6.946969956972966429e+02 2.423614389485704082e-02 4.702677594380248394e+01
6.925465790628122704e+02 2.439365499217861083e-02 4.688120577165249614e+01
6.903772519433566686e+02 2.455116608950018431e-02 4.673435547428933035e+01
6.881897750457462735e+02 2.470867718682175432e-02 4.658627654695364129e+01
6.859848907437035450e+02 2.486618828414332780e-02 4.643701924384686208e+01
6.837633234764625740e+02 2.502369938146489781e-02 4.628663260511414279e+01
6.815257801396173818e+02 2.518121047878647129e-02 4.613516448330263842e+01
6.792729504683271671e+02 2.533872157610804476e-02 4.598266156930200310e+01
6.770055074129305694e+02 2.549623267342961477e-02 4.582916941777133957e+01
6.747241075071239038e+02 2.565374377075118825e-02 4.567473247206253006e+01
6.724293912287562307e+02 2.581125486807275826e-02 4.551939408864390657e+01
6.701219833533582459e+02 2.596876596539433174e-02 4.536319656103205489e+01
6.678024933005523280e+02 2.612627706271590175e-02 4.520618114324160786e+01
6.654715154733661393e+02 2.628378816003747523e-02 4.504838807275476142e+01
6.631296295906329306e+02 2.644129925735904524e-02 4.488985659302279885e+01
6.607774010125757513e+02 2.659881035468061872e-02 4.473062497550601790e+01
6.584153810596206995e+02 2.675632145200219220e-02 4.457073054125572042e+01
6.560441099047870921e+02 2.691383254932376221e-02 4.441020985671120513e+01
6.536642459261980775e+02 2.707134364664533568e-02 4.424910749008084565e+01
6.512766183075004847e+02 2.722885474396690569e-02 4.408747957207175006e+01
6.488820426245183626e+02 2.738636584128847917e-02 4.392538131222389097e+01
6.464813059736554806e+02 2.754387693861004918e-02 4.376286599219304918e+01
6.440751678037690908e+02 2.770138803593162266e-02 4.359998502206375548e+01
6.416643607275134400e+02 2.785889913325319267e-02 4.343678799527222623e+01
6.392495913124278104e+02 2.801641023057476615e-02 4.327332274215824270e+01
6.368315408520580831e+02 2.817392132789633963e-02 4.310963538216545032e+01
6.344108661174167310e+02 2.833143242521790964e-02 4.294577037471060521e+01
6.319882000891051348e+02 2.848894352253948312e-02 4.278177056874380924e+01
6.295641526704227999e+02 2.864645461986105313e-02 4.261767725102173188e+01
6.271393113817943004e+02 2.880396571718262660e-02 4.245353019311607312e+01
6.247142420368629701e+02 2.896147681450419661e-02 4.228936769718099953e+01
6.222894894005846709e+02 2.911898791182577009e-02 4.212522664050211318e+01
6.198655778296998733e+02 2.927649900914734010e-02 4.196114251885251889e+01
6.174430118958874800e+02 2.943401010646891358e-02 4.179714948867663793e+01
6.150222769920160317e+02 2.959152120379048706e-02 4.163328040812960751e+01
6.126038399218020913e+02 2.974903230111205707e-02 4.146956687699365318e+01
6.101881494732598412e+02 2.990654339843363055e-02 4.130603927549718435e+01
6.077756369762774966e+02 3.006405449575520056e-02 4.114272680205929333e+01
6.053667168446902451e+02 3.022156559307677404e-02 4.097965750998474732e+01
6.029617871031957748e+02 3.037907669039834405e-02 4.081685834313312711e+01
6.005612298994668663e+02 3.053658778771991752e-02 4.065435517058558901e+01
5.981654120018026788e+02 3.069409888504148753e-02 4.049217282033298204e+01
5.957746852826697932e+02 3.085160998236306101e-02 4.033033511200854093e+01
5.933893871884644113e+02 3.100912107968463102e-02 4.016886488868797755e+01
5.910098411958462066e+02 3.116663217700620450e-02 4.000778404778048269e+01
5.886363572549553282e+02 3.132414327432777451e-02 3.984711357103191887e+01
5.862692322198671491e+02 3.148165437164934799e-02 3.968687355366387948e+01
5.839087502665814782e+02 3.163916546897092147e-02 3.952708323266913482e+01
5.815551832988743399e+02 3.179667656629248801e-02 3.936776101428527852e+01
5.792087913423331429e+02 3.195418766361406149e-02 3.920892450066850898e+01
5.768698229268671867e+02 3.211169876093563497e-02 3.905059051578730589e+01
5.745385154580021663e+02 3.226920985825720151e-02 3.889277513055683499e+01
5.722150955772550560e+02 3.242672095557877499e-02 3.873549368723404029e+01
5.698997795118798422e+02 3.258423205290034846e-02 3.857876082309346089e+01
5.675927734142645704e+02 3.274174315022192194e-02 3.842259049340225374e+01
5.652942736912548298e+02 3.289925424754349542e-02 3.826699599371340810e+01
5.630044673528346948e+02 3.305676534486506196e-02 3.811198998346933564e+01
5.607235639984430691e+02 3.321427644218663544e-02 3.795758665128163756e+01
5.584518542558824947e+02 3.337178753950820892e-02 3.780380567089101618e+01
5.561896311515411071e+02 3.352929863682978240e-02 3.765066687840785420e+01
5.539371735293290158e+02 3.368680973415134894e-02 3.749818914987478990e+01
5.516947465283770953e+02 3.384432083147292242e-02 3.734639043360389365e+01
5.494626020467632088e+02 3.400183192879449590e-02 3.719528778156824700e+01
5.472409791916602444e+02 3.415934302611606938e-02 3.704489737987422160e+01
5.450301047161703991e+02 3.431685412343764285e-02 3.689523457833240627e+01
5.428301934432365670e+02 3.447436522075920939e-02 3.674631391915399092e+01
5.406414486769045880e+02 3.463187631808078287e-02 3.659814916479061253e+01
5.384640626012680968e+02 3.478938741540235635e-02 3.645075332494056397e+01
5.362982166674291875e+02 3.494689851272392983e-02 3.630413868274363409e+01
5.341440819687345538e+02 3.510440961004549637e-02 3.615831682018239235e+01
5.320018196046580670e+02 3.526192070736706985e-02 3.601329864271474435e+01
5.298715810335681908e+02 3.541943180468864333e-02 3.586909440315425712e+01
5.277535084147056068e+02 3.557694290201021681e-02 3.572571372481984753e+01
5.256477349396475347e+02 3.573445399933179029e-02 3.558316562397400418e+01
5.235543851535594513e+02 3.589196509665335683e-02 3.544145853156957315e+01
5.214735752664777237e+02 3.604947619397493030e-02 3.530060031432159917e+01
5.194054134549388664e+02 3.620698729129650378e-02 3.516059829512595769e+01
5.173500001541775646e+02 3.636449838861807726e-02 3.502145927283928728e+01
5.153074283411997385e+02 3.652200948593964380e-02 3.488318954144131823e+01
5.132777838089400575e+02 3.667952058326121728e-02 3.474579490859375142e+01
5.112611454317932953e+02 3.683703168058279076e-02 3.460928071361503555e+01
5.092575854227384866e+02 3.699454277790436424e-02 3.447365184488613465e+01
5.072671695823102027e+02 3.715205387522593772e-02 3.433891275670443832e+01
5.052899575396425575e+02 3.730956497254750426e-02 3.420506748560089960e+01
5.033260029858077473e+02 3.746707606986907774e-02 3.407211966613567711e+01
5.013753538996948009e+02 3.762458716719065122e-02 3.394007254618873048e+01
4.994380527666106673e+02 3.778209826451222469e-02 3.380892900175786764e+01
4.975141367898552858e+02 3.793960936183379123e-02 3.367869155128095571e+01
4.956036380954453193e+02 3.809712045915536471e-02 3.354936236949465211e+01
4.937065839302000541e+02 3.825463155647693819e-02 3.342094330084341891e+01
4.918229968533841543e+02 3.841214265379851167e-02 3.329343587245279679e+01
4.899528949221183325e+02 3.856965375112008515e-02 3.316684130668036801e+01
4.880962918706945288e+02 3.872716484844165169e-02 3.304116053325446956e+01
4.862531972840355934e+02 3.888467594576322517e-02 3.291639420101626001e+01
4.844236167654394762e+02 3.904218704308479865e-02 3.279254268927508775e+01
4.826075520987806726e+02 3.919969814040637213e-02 3.266960611878841547e+01
4.808050014053683867e+02 3.935720923772793867e-02 3.254758436238027741e+01
4.790159592955678249e+02 3.951472033504951215e-02 3.242647705520505497e+01
4.772404170154120493e+02 3.967223143237108562e-02 3.230628360467223814e+01
4.754783625883010814e+02 3.982974252969265910e-02 3.218700320003863169e+01
4.737297809519557177e+02 3.998725362701423258e-02 3.206863482167918278e+01
4.719946540907997701e+02 4.014476472433579912e-02 3.195117725004860887e+01
4.702729611638594633e+02 4.030227582165737260e-02 3.183462907433932187e+01
4.685646786283672895e+02 4.045978691897894608e-02 3.171898870084862310e+01
4.668697803591771276e+02 4.061729801630051956e-02 3.160425436106248043e+01
4.651882356630368918e+02 4.077480911362208610e-02 3.149042397723377107e+01
4.635199973988418378e+02 4.093232021094365958e-02 3.137749435819542754e+01
4.618650109296339110e+02 4.108983130826523306e-02 3.126546180535654429e+01
4.602232202559390544e+02 4.124734240558680654e-02 3.115432252789216605e+01
4.585945681101181890e+02 4.140485350290838001e-02 3.104407264913023212e+01
4.569789960280809282e+02 4.156236460022994655e-02 3.093470821140616422e+01
4.553764444184134277e+02 4.171987569755152003e-02 3.082622518074245832e+01
4.537868526289641977e+02 4.187738679487309351e-02 3.071861945135607286e+01
4.522101590110099778e+02 4.203489789219466699e-02 3.061188685000212217e+01
4.506463009810386211e+02 4.219240898951623353e-02 3.050602314015612393e+01
4.490952150802748974e+02 4.234992008683780701e-02 3.040102402604366105e+01
4.475568370319866176e+02 4.250743118415938049e-02 3.029688515651954717e+01
4.460311017966669738e+02 4.266494228148095397e-02 3.019360212880338068e+01
4.445179436251552829e+02 4.282245337880252745e-02 3.009117049207549854e+01
4.430172961097616167e+02 4.297996447612409399e-02 2.998958575093780254e+01
4.415290922334722268e+02 4.313747557344566746e-02 2.988884336874467706e+01
4.400532644172932919e+02 4.329498667076724094e-02 2.978893877080781749e+01
4.385897445657895446e+02 4.345249776808881442e-02 2.968986734747902290e+01
4.371384641109004860e+02 4.361000886541038096e-02 2.959162445711617551e+01
4.356993540540574372e+02 4.376751996273195444e-02 2.949420542893438935e+01
4.342723450066941950e+02 4.392503106005352792e-02 2.939760556574832862e+01
4.328573672291776120e+02 4.408254215737510140e-02 2.930182014660751832e+01
4.314543506682369411e+02 4.424005325469667488e-02 2.920684442933012193e+01
4.300632249929125237e+02 4.439756435201824142e-02 2.911267365293645781e+01
4.286839196290981704e+02 4.455507544933981490e-02 2.901930303998732796e+01
4.273163637927245304e+02 4.471258654666138838e-02 2.892672779883022471e+01
4.259604865216074359e+02 4.487009764398296185e-02 2.883494312575545138e+01
4.246162167060317643e+02 4.502760874130452839e-02 2.874394420706623876e+01
4.232834831181029926e+02 4.518511983862610187e-02 2.865372622106588096e+01
4.219622144399020840e+02 4.534263093594767535e-02 2.856428433996352467e+01
4.206523392904990146e+02 4.550014203326924883e-02 2.847561373170287524e+01
4.193537862518597308e+02 4.565765313059082231e-02 2.838770956171587301e+01
4.180664838936640422e+02 4.581516422791238885e-02 2.830056699460280711e+01
4.167903607971143174e+02 4.597267532523396233e-02 2.821418119574394723e+01
4.155253455777204294e+02 4.613018642255553581e-02 2.812854733284201458e+01
4.142713669071427489e+02 4.628769751987710929e-02 2.804366057740070417e+01
4.130283535340831236e+02 4.644520861719867583e-02 2.795951610613902361e+01
4.117962343042952398e+02 4.660271971452024931e-02 2.787610910234576878e+01
4.105749381797161277e+02 4.676023081184182278e-02 2.779343475717465850e+01
4.093643942567617273e+02 4.691774190916339626e-02 2.771148827088279276e+01
4.081645317838181768e+02 4.707525300648496974e-02 2.763026485401476151e+01
4.069752801779490596e+02 4.723276410380653628e-02 2.754975972853356581e+01
4.057965690408494197e+02 4.739027520112810976e-02 2.746996812890068540e+01
4.046283281740846860e+02 4.754778629844968324e-02 2.739088530310755587e+01
4.034704875936054123e+02 4.770529739577125672e-02 2.731250651365821724e+01
4.023229775436097384e+02 4.786280849309282326e-02 2.723482703850771713e+01
4.011857285097415229e+02 4.802031959041439674e-02 2.715784217195543349e+01
4.000586712316596731e+02 4.817783068773597022e-02 2.708154722549609161e+01
3.989417367150026053e+02 4.833534178505754370e-02 2.700593752862960883e+01
3.978348562427707975e+02 4.849285288237911717e-02 2.693100842963160346e+01
3.967379613861376129e+02 4.865036397970068371e-02 2.685675529628528224e+01
3.956509840147197679e+02 4.880787507702225719e-02 2.678317351657664247e+01
3.945738563063226820e+02 4.896538617434383067e-02 2.671025849935420027e+01
3.935065107561841842e+02 4.912289727166540415e-02 2.663800567495469451e+01
3.924488801857234535e+02 4.928040836898697069e-02 2.656641049579540592e+01
3.914008977508191833e+02 4.943791946630854417e-02 2.649546843693445197e+01
3.903624969496460153e+02 4.959543056363011765e-02 2.642517499660134561e+01
3.893336116300663434e+02 4.975294166095169113e-02 2.635552569669733458e+01
3.883141759965953952e+02 4.991045275827326461e-02 2.628651608326687494e+01
3.873041238482714448e+02 5.006796385559483115e-02 2.621814167490613201e+01
3.863033645638981852e+02 5.022547495291640463e-02 2.615039633710938816e+01
3.853117791783942607e+02 5.038298605023797810e-02 2.608327201666168449e+01
3.843292489573245234e+02 5.054049714755955158e-02 2.601676067596142872e+01
3.833556571277205762e+02 5.069800824488111812e-02 2.595085441018646222e+01
3.823908888386720832e+02 5.085551934220269160e-02 2.588554544462627405e+01
3.814348311228471289e+02 5.101303043952426508e-02 2.582082613207717969e+01
3.804873728588971744e+02 5.117054153684583856e-02 2.575668895029743410e+01
3.795484047347825936e+02 5.132805263416741204e-02 2.569312649952450656e+01
3.786178192119156733e+02 5.148556373148897858e-02 2.563013150004782048e+01
3.776955104901542200e+02 5.164307482881055206e-02 2.556769678983900818e+01
3.767813744736107537e+02 5.180058592613212554e-02 2.550581532223744929e+01
3.758753087372474511e+02 5.195809702345369901e-02 2.544448016368886556e+01
3.749772124942347773e+02 5.211560812077526555e-02 2.538368449153580286e+01
3.740869865640689227e+02 5.227311921809683903e-02 2.532342159185930441e+01
3.732045333414114339e+02 5.243063031541841251e-02 2.526368485736954028e+01
3.723297567562588029e+02 5.258814141273998599e-02 2.520446778470959615e+01
3.714625596587088125e+02 5.274565251006155947e-02 2.514576379741991019e+01
3.706028403683946522e+02 5.290316360738312601e-02 2.508756601235594630e+01
3.697504980229019793e+02 5.306067470470469949e-02 2.502986760174361081e+01
3.689054334397283696e+02 5.321818580202627297e-02 2.497266185152864537e+01
3.680675490825813085e+02 5.337569689934784645e-02 2.491594215909522347e+01
3.672367490284698306e+02 5.353320799666941299e-02 2.485970203103825682e+01
3.664129389355645685e+02 5.369071909399098647e-02 2.480393508098774547e+01
3.655960260118178553e+02 5.384823019131255994e-02 2.474863502748445754e+01
3.647859189842976662e+02 5.400574128863413342e-02 2.469379569190413193e+01
3.639825280692523961e+02 5.416325238595570690e-02 2.463941099643097132e+01
3.631857649428570198e+02 5.432076348327727344e-02 2.458547496207735250e+01
3.623955427126344375e+02 5.447827458059884692e-02 2.453198170674925294e+01
3.616117758895355223e+02 5.463578567792042040e-02 2.447892544335624265e+01
3.608343803606558140e+02 5.479329677524199388e-02 2.442630047796446391e+01
3.600632733625802757e+02 5.495080787256356042e-02 2.437410120799239266e+01
3.592983734553261002e+02 5.510831896988513390e-02 2.432232212044679542e+01
3.585396004917704431e+02 5.526583006720670738e-02 2.427095778985322028e+01
3.577868680926733305e+02 5.542334116452828086e-02 2.422000236886072599e+01
3.570400689064435369e+02 5.558085226184985433e-02 2.416944859041722893e+01
3.562990933913796994e+02 5.573836335917142087e-02 2.411928903921350908e+01
3.555638340448924168e+02 5.589587445649299435e-02 2.406951643797584950e+01
3.548341853604782159e+02 5.605338555381456783e-02 2.402012364455344695e+01
3.541100437857748489e+02 5.621089665113614131e-02 2.397110364907903346e+01
3.533913076816633634e+02 5.636840774845770785e-02 2.392244957120031756e+01
3.526778772823976169e+02 5.652591884577928133e-02 2.387415465738096287e+01
3.519696546567112705e+02 5.668342994310085481e-02 2.382621227826780697e+01
3.512665436698997041e+02 5.684094104042242829e-02 2.377861592612405772e+01
3.505684499468306399e+02 5.699845213774400177e-02 2.373135921232526968e+01
3.498752808358590300e+02 5.715596323506556831e-02 2.368443586491666508e+01
3.491869453736301239e+02 5.731347433238714179e-02 2.363783972623043894e+01
3.485033542507375159e+02 5.747098542970871526e-02 2.359156475056110480e+01
3.478244197782106539e+02 5.762849652703028874e-02 2.354560500189689165e+01
3.471500558548131039e+02 5.778600762435185528e-02 2.349995465170590592e+01
3.464801779351370214e+02 5.794351872167342876e-02 2.345460797677652209e+01
3.458147029853477648e+02 5.810102981899500224e-02 2.340955935622138995e+01
3.451535421962262831e+02 5.825854091631657572e-02 2.336480277819469364e+01
3.444965891576039212e+02 5.841605201363814920e-02 2.332033103937295593e+01
3.438437363724418105e+02 5.857356311095971574e-02 2.327613686285821970e+01
3.431948784366527434e+02 5.873107420828128922e-02 2.323221311343264261e+01
3.425499119965099339e+02 5.888858530560286270e-02 2.318855279467535624e+01
3.419087357071348947e+02 5.904609640292443618e-02 2.314514904615236901e+01
3.412712501920206591e+02 5.920360750024600272e-02 2.310199514067649318e+01
3.406373580035856889e+02 5.936111859756757619e-02 2.305908448163710744e+01
3.400069635846983829e+02 5.951862969488914967e-02 2.301641060039556308e+01
3.393799732311784965e+02 5.967614079221072315e-02 2.297396715374685172e+01
3.387562950552008374e+02 5.983365188953229663e-02 2.293174792144212049e+01
3.381358389496290897e+02 5.999116298685386317e-02 2.288974680377440762e+01
3.375185165531966049e+02 6.014867408417543665e-02 2.284795781922154134e+01
3.369042412165595692e+02 6.030618518149701013e-02 2.280637510214812380e+01
3.362929279691632587e+02 6.046369627881858361e-02 2.276499290056262126e+01
3.356844934869083659e+02 6.062120737614015015e-02 2.272380557392856559e+01
3.350788560605988096e+02 6.077871847346172363e-02 2.268280759102862376e+01
3.344759355651451642e+02 6.093622957078329710e-02 2.264199352787988673e+01
3.338756533487473916e+02 6.109374066810487058e-02 2.260135806023222216e+01
3.332779234807389344e+02 6.125125176542643712e-02 2.256089537110035081e+01
3.326826451877101931e+02 6.140876286274801060e-02 2.252059863873520840e+01
3.320897179054652497e+02 6.156627396006958408e-02 2.248046105555030394e+01
3.314990431080652229e+02 6.172378505739115756e-02 2.244047595193674738e+01
3.309105242697251583e+02 6.188129615471273104e-02 2.240063679368396166e+01
3.303240668276746419e+02 6.203880725203429758e-02 2.236093717946552317e+01
3.297395781459239288e+02 6.219631834935587106e-02 2.232137083838644642e+01
3.291569674799303016e+02 6.235382944667744454e-02 2.228193162759116319e+01
3.285761459421280506e+02 6.251134054399902495e-02 2.224261352993026009e+01
3.279970264683005894e+02 6.266885164132059149e-02 2.220341065168397776e+01
3.274195237847621343e+02 6.282636273864215803e-02 2.216431722034065999e+01
3.268435543763246756e+02 6.298387383596373845e-02 2.212532758242824471e+01
3.262690364550420554e+02 6.314138493328530499e-02 2.208643620139854846e+01
3.256958899296787422e+02 6.329889603060687153e-02 2.204763765556033306e+01
3.251240363759168304e+02 6.345640712792845195e-02 2.200892663606263255e+01
3.245533990072453889e+02 6.361391822525001849e-02 2.197029794492407362e+01
3.239839026465360803e+02 6.377142932257158503e-02 2.193174649310874003e+01
3.234154736982711142e+02 6.392894041989316545e-02 2.189326729864612986e+01
3.228480401214139874e+02 6.408645151721473199e-02 2.185485548479472584e+01
3.222815311651060597e+02 6.424396261453631241e-02 2.181650626215024147e+01
3.217158692035831109e+02 6.440147371185787895e-02 2.177821437591893883e+01
3.211509678896844662e+02 6.455898480917944549e-02 2.173997398092138411e+01
3.205867420885484194e+02 6.471649590650102590e-02 2.170177931404349181e+01
3.200231085081740048e+02 6.487400700382259244e-02 2.166362473692160862e+01
3.194599856690368824e+02 6.503151810114417286e-02 2.162550473388580841e+01
3.188972938744189491e+02 6.518902919846573940e-02 2.158741390995134779e+01
3.183349551814216056e+02 6.534654029578730594e-02 2.154934698885637800e+01
3.177728933726453988e+02 6.550405139310888636e-02 2.151129881114495745e+01
3.172110339285207488e+02 6.566156249043045290e-02 2.147326433229387277e+01
3.166493040002520161e+02 6.581907358775203332e-02 2.143523862088122200e+01
3.160876323833819015e+02 6.597658468507359986e-02 2.139721685679682039e+01
3.155259494919233134e+02 6.613409578239516640e-02 2.135919432949111751e+01
3.149641873330815542e+02 6.629160687971674681e-02 2.132116643626402563e+01
3.144022794825103233e+02 6.644911797703831335e-02 2.128312868058990404e+01
3.138401610601034690e+02 6.660662907435987989e-02 2.124507667047882720e+01
3.132777687063148733e+02 6.676414017168146031e-02 2.120700611687353998e+01
3.127150405589671891e+02 6.692165126900302685e-02 2.116891283207959873e+01
3.121519162305497161e+02 6.707916236632460727e-02 2.113079272822854193e+01
3.115883367859919986e+02 6.723667346364617381e-02 2.109264181577333375e+01
3.110242447208859744e+02 6.739418456096774035e-02 2.105445620201406598e+01
3.104595836745254473e+02 6.755169565828932077e-02 2.101623207167255813e+01
3.098942939429809940e+02 6.770920675561088731e-02 2.097796538315465398e+01
3.093283132235741846e+02 6.786671785293246772e-02 2.093965191894665168e+01
3.087615806190520402e+02 6.802422895025403426e-02 2.090128755667362626e+01
3.081940367514885111e+02 6.818174004757560080e-02 2.086286827680989830e+01
3.076256237404222134e+02 6.833925114489718122e-02 2.082439016119904096e+01
3.070562851814083274e+02 6.849676224221874776e-02 2.078584939160201017e+01
3.064859661250021645e+02 6.865427333954032818e-02 2.074724224827448182e+01
3.059146130561513246e+02 6.881178443686189472e-02 2.070856510857175081e+01
3.053421738739764919e+02 6.896929553418346126e-02 2.066981444558007652e+01
3.047685978719419495e+02 6.912680663150504168e-02 2.063098682677435391e+01
3.041938357183899484e+02 6.928431772882660822e-02 2.059207891270033386e+01
3.036178394374379081e+02 6.944182882614817476e-02 2.055308745568157391e+01
3.030405623902174739e+02 6.959933992346975518e-02 2.051400929854936805e+01
3.024619592564570780e+02 6.975685102079132172e-02 2.047484137339600707e+01
3.018819860163858380e+02 6.991436211811290213e-02 2.043558070034983487e+01
3.013005999329539577e+02 7.007187321543446867e-02 2.039622438637159973e+01
3.007177595343542293e+02 7.022938431275603521e-02 2.035676962407133672e+01
3.001334245968503183e+02 7.038689541007761563e-02 2.031721369054588777e+01
2.995475561278841496e+02 7.054440650739918217e-02 2.027755394623541108e+01
2.989601163494578486e+02 7.070191760472076259e-02 2.023778783379843205e+01
2.983710686817942133e+02 7.085942870204232913e-02 2.019791287700573434e+01
2.977803778498281417e+02 7.101693979936389567e-02 2.015792668794925291e+01
2.971880113799981018e+02 7.117445089668547609e-02 2.011782706836568124e+01
2.965939390776334221e+02 7.133196199400704263e-02 2.007761197425880795e+01
2.959981318469336316e+02 7.148947309132862304e-02 2.003727943601932537e+01
2.954005616508785579e+02 7.164698418865018958e-02 1.999682755571089388e+01
2.948012014970277619e+02 7.180449528597175612e-02 1.995625450610889118e+01
2.942000254235192642e+02 7.196200638329333654e-02 1.991555852975264074e+01
2.935970084852736477e+02 7.211951748061490308e-02 1.987473793801144240e+01
2.929921267403790921e+02 7.227702857793646962e-02 1.983379111016298779e+01
2.923853572366683125e+02 7.243453967525805004e-02 1.979271649248468634e+01
2.917766779984697223e+02 7.259205077257961658e-02 1.975151259735674003e+01
2.911660680135364032e+02 7.274956186990119700e-02 1.971017800237740047e+01
2.905535072201453772e+02 7.290707296722276354e-02 1.966871134948963018e+01
2.899389764943542218e+02 7.306458406454433008e-02 1.962711134411843261e+01
2.893224576374267372e+02 7.322209516186591050e-02 1.958537675431967173e+01
2.887039333634085665e+02 7.337960625918747704e-02 1.954350640993902033e+01
2.880833872868561230e+02 7.353711735650905745e-02 1.950149920178123608e+01
2.874608039107083073e+02 7.369462845383062399e-02 1.945935408078924311e+01
2.868361686143063594e+02 7.385213955115219053e-02 1.941707005723304036e+01
2.862094676415490540e+02 7.400965064847377095e-02 1.937464619990796066e+01
2.855806880891825017e+02 7.416716174579533749e-02 1.933208163534193602e+01
2.849498178952224521e+02 7.432467284311691791e-02 1.928937554701172630e+01
2.843168458275081889e+02 7.448218394043848445e-02 1.924652717456812923e+01
2.836817619518861875e+02 7.463969503776005099e-02 1.920353584552916715e+01
2.830445649585174692e+02 7.479720613508163141e-02 1.916040147122669168e+01
2.824052605195234946e+02 7.495471723240319795e-02 1.911712443562893071e+01
2.817638549626171312e+02 7.511222832972476449e-02 1.907370516708370189e+01
2.811203550736935313e+02 7.526973942704634490e-02 1.903014412495496899e+01
2.804747680892984931e+02 7.542725052436791144e-02 1.898644179911303098e+01
2.798271016891877139e+02 7.558476162168949186e-02 1.894259870943078994e+01
2.791773639889279366e+02 7.574227271901105840e-02 1.889861540528293204e+01
2.785255635325866592e+02 7.589978381633262494e-02 1.885449246505103815e+01
2.778717092854713542e+02 7.605729491365420536e-02 1.881023049563208005e+01
2.772158106269421864e+02 7.621480601097577190e-02 1.876583013195189054e+01
2.765578773432835078e+02 7.637231710829735232e-02 1.872129203648261964e+01
2.758979196206421420e+02 7.652982820561891886e-02 1.867661689876464237e+01
2.752359480380232526e+02 7.668733930294048540e-02 1.863180543493250951e+01
2.745719735603508980e+02 7.684485040026206581e-02 1.858685838724510830e+01
2.739060075315863401e+02 7.700236149758363235e-02 1.854177652361986262e+01
2.732380616679094487e+02 7.715987259490521277e-02 1.849656063717112886e+01
2.725681480509528001e+02 7.731738369222677931e-02 1.845121154575221212e+01
2.718962791211025660e+02 7.747489478954834585e-02 1.840573009150185158e+01
2.712224676708501079e+02 7.763240588686992627e-02 1.836011714039417342e+01
2.705467268382021189e+02 7.778991698419149281e-02 1.831437358179261210e+01
2.698690701001478942e+02 7.794742808151305935e-02 1.826850032800762236e+01
2.691895112661854341e+02 7.810493917883463977e-02 1.822249831385855501e+01
2.685080644718952385e+02 7.826245027615620631e-02 1.817636849623851347e+01
2.678247443436081312e+02 7.841996137347778673e-02 1.813011186526144058e+01
2.671395751353804826e+02 7.857747247079935327e-02 1.808373006277995643e+01
2.664525950745808700e+02 7.873498356812091981e-02 1.803722567655519526e+01
2.657638433035234584e+02 7.889249466544250022e-02 1.799060135628459633e+01
2.650733587209019788e+02 7.905000576276406676e-02 1.794385973517395527e+01
2.643811799812305026e+02 7.920751686008564718e-02 1.789700342989955928e+01
2.636873454943133197e+02 7.936502795740721372e-02 1.785003504057237578e+01
2.629918934247571087e+02 7.952253905472878026e-02 1.780295715070494111e+01
2.622948616915059574e+02 7.968005015205036068e-02 1.775577232717995102e+01
2.615962879674201531e+02 7.983756124937192722e-02 1.770848312022168969e+01
2.608962096788784493e+02 7.999507234669350764e-02 1.766109206336916060e+01
2.601946640054178488e+02 8.015258344401507418e-02 1.761360167345167227e+01
2.594916878794025479e+02 8.031009454133664072e-02 1.756601445056641353e+01
2.587873179857267587e+02 8.046760563865822113e-02 1.751833287805838069e+01
2.580815907615412925e+02 8.062511673597978767e-02 1.747055942250183591e+01
2.573745423960208996e+02 8.078262783330135421e-02 1.742269653368455096e+01
2.566662088301527547e+02 8.094013893062293463e-02 1.737474664459352169e+01
2.559566257565580827e+02 8.109765002794450117e-02 1.732671217140286757e+01
2.552458286193405854e+02 8.125516112526608159e-02 1.727859551346357136e+01
2.545338526139664168e+02 8.141267222258764813e-02 1.723039905329537191e+01
2.538207326871703629e+02 8.157018331990921467e-02 1.718212515658038697e+01
2.531065035368899601e+02 8.172769441723079509e-02 1.713377617215868298e+01
2.523911996122228629e+02 8.188520551455236163e-02 1.708535443202538673e+01
2.516748551134228080e+02 8.204271661187394205e-02 1.703686225133035848e+01
2.509575039919044173e+02 8.220022770919550859e-02 1.698830192837859343e+01
2.502391799502924812e+02 8.235773880651707513e-02 1.693967574463351511e+01
2.495199197972684999e+02 8.251524990383865554e-02 1.689098619181975280e+01
2.487997795022998559e+02 8.267276100116022208e-02 1.684223705873101196e+01
2.480788212780290962e+02 8.283027209848178862e-02 1.679343255678611868e+01
2.473571064191919788e+02 8.298778319580336904e-02 1.674457683526715712e+01
2.466346953006666922e+02 8.314529429312493558e-02 1.669567398118745061e+01
2.459116473854350318e+02 8.330280539044651600e-02 1.664672801983043726e+01
2.451880212325743287e+02 8.346031648776808254e-02 1.659774291529072343e+01
2.444638745052743332e+02 8.361782758508964908e-02 1.654872257101675004e+01
2.437392639788849067e+02 8.377533868241122950e-02 1.649967083035558346e+01
2.430142455489864233e+02 8.393284977973279604e-02 1.645059147709922343e+01
2.422888742394722783e+02 8.409036087705437645e-02 1.640148823603172801e+01
2.415632042106559823e+02 8.424787197437594299e-02 1.635236477347806883e+01
2.408372887673853313e+02 8.440538307169750953e-02 1.630322469785333794e+01
2.401111803671656446e+02 8.456289416901908995e-02 1.625407156021270794e+01
2.393849306282974965e+02 8.472040526634065649e-02 1.620490885480224819e+01
2.386585903380083948e+02 8.487791636366223691e-02 1.615574001960943917e+01
2.379322094605970790e+02 8.503542746098380345e-02 1.610656843691445772e+01
2.372058371455657664e+02 8.519293855830536999e-02 1.605739743384070195e+01
2.364795217357596755e+02 8.535044965562695041e-02 1.600823028290578520e+01
2.357533107754932473e+02 8.550796075294851695e-02 1.595907020257161690e+01
2.350272510186683235e+02 8.566547185027008349e-02 1.590992035779397895e+01
2.343013884368896811e+02 8.582298294759166390e-02 1.586078386057185696e+01
2.335757682275592515e+02 8.598049404491323044e-02 1.581166377049542682e+01
2.328504348219580322e+02 8.613800514223481086e-02 1.576256309529310506e+01
2.321254318933148397e+02 8.629551623955637740e-02 1.571348479137776089e+01
2.314008023648499659e+02 8.645302733687794394e-02 1.566443176439126539e+01
2.306765884226449259e+02 8.661053843419952436e-02 1.561540687007562767e+01
2.299528379956146580e+02 8.676804953152109090e-02 1.556641335292787609e+01
2.292296172973234434e+02 8.692556062884267132e-02 1.551745569520499224e+01
2.285069947522944744e+02 8.708307172616423786e-02 1.546853852883246816e+01
2.277850374014040540e+02 8.724058282348580440e-02 1.541966639207128331e+01
2.270638109188815292e+02 8.739809392080738482e-02 1.537084373066869247e+01
2.263433796292993918e+02 8.755560501812895136e-02 1.532207489900838304e+01
2.256238065245296127e+02 8.771311611545053177e-02 1.527336416125828578e+01
2.249051532806719536e+02 8.787062721277209831e-02 1.522471569251651324e+01
2.241874802749418620e+02 8.802813831009366485e-02 1.517613357995460532e+01
2.234708466025148539e+02 8.818564940741524527e-02 1.512762182395775667e+01
2.227553100933239989e+02 8.834316050473681181e-02 1.507918433926192670e+01
2.220409273287944814e+02 8.850067160205837835e-02 1.503082495608664182e+01
2.213277536585269729e+02 8.865818269937995877e-02 1.498254742126439254e+01
2.206158432169072796e+02 8.881569379670152531e-02 1.493435539936497847e+01
2.199052489396500789e+02 8.897320489402310573e-02 1.488625247381542849e+01
2.191960225802653213e+02 8.913071599134467227e-02 1.483824214801468599e+01
2.184882147264459036e+02 8.928822708866623881e-02 1.479032784644293486e+01
2.177818748163724933e+02 8.944573818598781922e-02 1.474251291576535650e+01
2.170770511549265507e+02 8.960324928330938576e-02 1.469480062592963954e+01
2.163737909298185684e+02 8.976076038063096618e-02 1.464719417125777845e+01
2.156721402276149320e+02 8.991827147795253272e-02 1.459969667153097994e+01
2.149721440496664968e+02 9.007578257527409926e-02 1.455231117306793109e+01
2.142738463279417545e+02 9.023329367259567968e-02 1.450504064979662289e+01
2.135772899407446630e+02 9.039080476991724622e-02 1.445788800431833820e+01
2.128825167283335986e+02 9.054831586723882664e-02 1.441085606896498028e+01
2.121895675084232948e+02 9.070582696456039318e-02 1.436394760684841820e+01
2.114984820915761077e+02 9.086333806188195972e-02 1.431716531290243388e+01
2.108092992964758423e+02 9.102084915920354014e-02 1.427051181491663812e+01
2.101220600732294486e+02 9.117836025652510668e-02 1.422398988496506078e+01
2.094368185603648271e+02 9.133587135384667322e-02 1.417760318789789942e+01
2.087536316117250408e+02 9.149338245116825363e-02 1.413135557237573003e+01
2.080725546575495457e+02 9.165089354848982017e-02 1.408525079068980013e+01
2.073936417266800447e+02 9.180840464581140059e-02 1.403929250026520315e+01
2.067169454689911845e+02 9.196591574313296713e-02 1.399348426517933497e+01
2.060425171776771265e+02 9.212342684045453367e-02 1.394782955767056087e+01
2.053704068113723906e+02 9.228093793777611409e-02 1.390233175963561507e+01
2.047006630161290275e+02 9.243844903509768063e-02 1.385699416411737062e+01
2.040333331472144778e+02 9.259596013241926105e-02 1.381181997678041640e+01
2.033684632907518903e+02 9.275347122974082759e-02 1.376681231737594224e+01
2.027060982851784274e+02 9.291098232706239413e-02 1.372197422119438137e+01
2.020462817425327273e+02 9.306849342438397454e-02 1.367730864050639816e+01
2.013890560695614056e+02 9.322600452170554108e-02 1.363281844599172032e+01
2.007344624886351312e+02 9.338351561902712150e-02 1.358850642815497523e+01
2.000825410584847077e+02 9.354102671634868804e-02 1.354437529872943813e+01
1.994333306947416418e+02 9.369853781367025458e-02 1.350042769206749327e+01
1.987868691902877174e+02 9.385604891099183500e-02 1.345666616651816838e+01
1.981431932354061018e+02 9.401356000831340154e-02 1.341309320579124176e+01
1.975023384377384446e+02 9.417107110563496808e-02 1.336971122030823800e+01
1.968643393420338441e+02 9.432858220295654850e-02 1.332652254853928575e+01
1.962292294497060823e+02 9.448609330027811504e-02 1.328352945832704002e+01
1.955970412381773542e+02 9.464360439759969545e-02 1.324073414819612893e+01
1.949678061800182149e+02 9.480111549492126199e-02 1.319813874864882841e+01
1.943415547618837422e+02 9.495862659224282853e-02 1.315574532344690084e+01
1.937183165032366219e+02 9.511613768956440895e-02 1.311355587087904695e+01
1.930981199748645736e+02 9.527364878688597549e-02 1.307157232501442046e+01
1.924809928171830222e+02 9.543115988420755591e-02 1.302979655694161210e+01
1.918669617583305467e+02 9.558867098152912245e-02 1.298823037599360397e+01
1.912560526931995923e+02 9.574618207885068899e-02 1.294687553509766076e+01
1.906482935550444324e+02 9.590369317617226941e-02 1.290573392516578899e+01
1.900437154710328969e+02 9.606120427349383595e-02 1.286480765331858223e+01
1.894423488802683266e+02 9.621871537081541637e-02 1.282409878009884530e+01
1.888442232345938976e+02 9.637622646813698291e-02 1.278360929921784539e+01
1.882493670184700250e+02 9.653373756545854945e-02 1.274334113890090592e+01
1.876578077686246218e+02 9.669124866278012986e-02 1.270329616321760469e+01
1.870695720934644726e+02 9.684875976010169640e-02 1.266347617339579834e+01
1.864846856922546294e+02 9.700627085742326294e-02 1.262388290911995981e+01
1.859031733740593779e+02 9.716378195474484336e-02 1.258451804981337396e+01
1.853250590764514527e+02 9.732129305206640990e-02 1.254538321590463568e+01
1.847503658839812886e+02 9.747880414938799032e-02 1.250647997007787460e+01
1.841791160464147765e+02 9.763631524670955686e-02 1.246780981850738534e+01
1.836113309967312546e+02 9.779382634403112340e-02 1.242937421207597737e+01
1.830470313688905719e+02 9.795133744135270382e-02 1.239117454757764314e+01
1.824862370153615529e+02 9.810884853867427036e-02 1.235321216890420892e+01
1.819289670244172896e+02 9.826635963599585077e-02 1.231548836821605875e+01
1.813752397372011842e+02 9.842387073331741731e-02 1.227800438709743247e+01
1.808250727645493043e+02 9.858138183063898385e-02 1.224076141769519843e+01
1.802784830035953973e+02 9.873889292796056427e-02 1.220376060384288763e+01
1.797354866541307388e+02 9.889640402528213081e-02 1.216700304216818296e+01
1.791960992347435138e+02 9.905391512260371123e-02 1.213048978318543725e+01
1.786603355987265331e+02 9.921142621992527777e-02 1.209422183237255410e+01
1.781282099497534546e+02 9.936893731724684431e-02 1.205820015123214972e+01
1.775997358573351050e+02 9.952644841456842473e-02 1.202242565833784838e+01
1.770749262720462127e+02 9.968395951188999127e-02 1.198689923036507743e+01
1.765537935405295968e+02 9.984147060921155781e-02 1.195162170310672067e+01
1.760363494202785262e+02 9.999898170653313823e-02 1.191659387247379343e+01
1.755226050942001166e+02 1.001564928038547048e-01 1.188181649548134189e+01
1.750125711849561583e+02 1.003140039011762852e-01 1.184729029121917776e+01
1.745062577690901549e+02 1.004715149984978517e-01 1.181301594180821901e+01
1.740036743633202434e+02 1.006290260958194183e-01 1.177899409147260634e+01
1.735048270649059248e+02 1.007865371931409987e-01 1.174522515295983993e+01
1.730097161339512013e+02 1.009440482904625652e-01 1.171170914387740147e+01
1.725183409220369128e+02 1.011015593877841456e-01 1.167844602033122925e+01
1.720307004816433505e+02 1.012590704851057122e-01 1.164543571817999634e+01
1.715467935752054700e+02 1.014165815824272787e-01 1.161267815364803013e+01
1.710666186840141165e+02 1.015740926797488591e-01 1.158017322392794846e+01
1.705901740169606171e+02 1.017316037770704257e-01 1.154792080777253815e+01
1.701174575191191707e+02 1.018891148743920061e-01 1.151592076607577297e+01
1.696484668801819282e+02 1.020466259717135726e-01 1.148417294244383058e+01
1.691831995427415336e+02 1.022041370690351392e-01 1.145267716375571254e+01
1.687216527104219495e+02 1.023616481663567196e-01 1.142143324071372845e+01
1.682638233558670038e+02 1.025191592636782861e-01 1.139044096838420295e+01
1.678097082285770796e+02 1.026766703609998527e-01 1.135970012672802554e+01
1.673593038626104885e+02 1.028341814583214331e-01 1.132921048112193851e+01
1.669126065841394961e+02 1.029916925556429996e-01 1.129897178287008508e+01
1.664696125188663700e+02 1.031492036529645800e-01 1.126898376970598470e+01
1.660303175993076650e+02 1.033067147502861466e-01 1.123924616628565332e+01
1.655947175719387019e+02 1.034642258476077131e-01 1.120975868467126624e+01
1.651628080042091256e+02 1.036217369449292935e-01 1.118052102480602805e+01
1.647345842914262164e+02 1.037792480422508601e-01 1.115153287498014123e+01
1.643100416635071497e+02 1.039367591395724405e-01 1.112279391228791603e+01
1.638891751916110024e+02 1.040942702368940070e-01 1.109430380307670738e+01
1.634719797946386279e+02 1.042517813342155736e-01 1.106606220338688651e+01
1.630584502456154894e+02 1.044092924315371540e-01 1.103806875938395571e+01
1.626485811779486994e+02 1.045668035288587205e-01 1.101032310778211531e+01
1.622423670915717651e+02 1.047243146261803010e-01 1.098282487626020298e+01
1.618398023589661818e+02 1.048818257235018675e-01 1.095557368386931074e+01
1.614408812310686869e+02 1.050393368208234340e-01 1.092856914143271396e+01
1.610455978430692596e+02 1.051968479181450145e-01 1.090181085193831478e+01
1.606539462200956336e+02 1.053543590154665810e-01 1.087529841092348093e+01
1.602659202827861122e+02 1.055118701127881475e-01 1.084903140685227463e+01
1.598815138527570809e+02 1.056693812101097280e-01 1.082300942148556366e+01
1.595007200006479025e+02 1.058268923074312945e-01 1.079723198574763821e+01
1.591235206608463955e+02 1.059844034047528749e-01 1.077169787670605317e+01
1.587498887265936105e+02 1.061419145020744415e-01 1.074640525939752145e+01
1.583797971103511770e+02 1.062994255993960080e-01 1.072135230015988938e+01
1.580132190241364754e+02 1.064569366967175884e-01 1.069653718560908828e+01
1.576501279760650505e+02 1.066144477940391549e-01 1.067195812240511010e+01
1.572904977669389268e+02 1.067719588913607354e-01 1.064761333702106150e+01
1.569343024868735483e+02 1.069294699886823019e-01 1.062350107551479006e+01
1.565815165119803964e+02 1.070869810860038684e-01 1.059961960330435815e+01
1.562321145010843964e+02 1.072444921833254489e-01 1.057596720494580467e+01
1.558860713924878496e+02 1.074020032806470154e-01 1.055254218391410959e+01
1.555433624007790456e+02 1.075595143779685958e-01 1.052934286238711969e+01
1.552039630136813457e+02 1.077170254752901624e-01 1.050636758103228097e+01
1.548678489889428818e+02 1.078745365726117289e-01 1.048361469879606922e+01
1.545349963512688305e+02 1.080320476699333093e-01 1.046108259269636775e+01
1.542053813892946152e+02 1.081895587672548759e-01 1.043876965761748643e+01
1.538789806525977326e+02 1.083470698645764424e-01 1.041667430610797140e+01
1.535557709487484885e+02 1.085045809618980228e-01 1.039479496818089643e+01
1.532357293404010363e+02 1.086620920592195894e-01 1.037313009111698925e+01
1.529188331424212777e+02 1.088196031565411698e-01 1.035167813927015779e+01
1.526050599190544403e+02 1.089771142538627363e-01 1.033043759387579463e+01
1.522943874811261935e+02 1.091346253511843029e-01 1.030940695286128594e+01
1.519867938832852872e+02 1.092921364485058833e-01 1.028858473065936785e+01
1.516822574212763755e+02 1.094496475458274498e-01 1.026796945802350791e+01
1.513807566292546198e+02 1.096071586431490302e-01 1.024755968184612875e+01
1.510822702771307320e+02 1.097646697404705968e-01 1.022735396497883720e+01
1.507867773679540164e+02 1.099221808377921633e-01 1.020735088605535879e+01
1.504942571353243466e+02 1.100796919351137437e-01 1.018754903931626821e+01
1.502046890408461479e+02 1.102372030324353103e-01 1.016794703443666847e+01
1.499180527716076199e+02 1.103947141297568907e-01 1.014854349635555586e+01
1.496343282376956552e+02 1.105522252270784572e-01 1.012933706510757581e+01
1.493534955697459736e+02 1.107097363244000238e-01 1.011032639565720359e+01
1.490755351165198590e+02 1.108672474217216042e-01 1.009151015773468352e+01
1.488004274425143478e+02 1.110247585190431707e-01 1.007288703567426325e+01
1.485281532927702699e+02 1.111822696163647373e-01 1.005445572603191451e+01
1.482586868492696510e+02 1.113397807136863177e-01 1.003621448108431302e+01
1.479919876305873743e+02 1.114972918110078842e-01 1.001816056048433978e+01
1.477280136925912188e+02 1.116548029083294646e-01 1.000029112486847360e+01
1.474667236571869751e+02 1.118123140056510312e-01 9.982603373190539031e+00
1.472080767025141199e+02 1.119698251029725977e-01 9.965094542057997273e+00
1.469520325533443099e+02 1.121273362002941781e-01 9.947761905082009193e+00
1.466985514716803323e+02 1.122848472976157447e-01 9.930602772241021725e+00
1.464475942475538375e+02 1.124423583949373251e-01 9.913614489257836837e+00
1.461991221900126732e+02 1.125998694922588916e-01 9.896794436989502231e+00
1.459530971182954033e+02 1.127573805895804582e-01 9.880140030829890563e+00
1.457094813531931550e+02 1.129148916869020386e-01 9.863648720124931657e+00
1.454682377085829899e+02 1.130724027842236051e-01 9.847317987599510047e+00
1.452293294831449941e+02 1.132299138815451855e-01 9.831145348796709982e+00
1.449927204522427076e+02 1.133874249788667521e-01 9.815128351528201733e+00
1.447583748599784315e+02 1.135449360761883186e-01 9.799264575336440686e+00
1.445262574114029235e+02 1.137024471735098990e-01 9.783551630967291857e+00
1.442963332648948267e+02 1.138599582708314656e-01 9.767987159854166990e+00
1.440685680246876359e+02 1.140174693681530321e-01 9.752568833612150101e+00
1.438429277335554275e+02 1.141749804654746125e-01 9.737294353542866432e+00
1.436193788656457286e+02 1.143324915627961791e-01 9.722161450149311435e+00
1.433978883194576781e+02 1.144900026601177595e-01 9.707167882660508340e+00
1.431784234109650242e+02 1.146475137574393260e-01 9.692311438565985426e+00
1.429609518668765702e+02 1.148050248547608926e-01 9.677589933159536528e+00
1.427454418180366531e+02 1.149625359520824730e-01 9.663001209092493937e+00
1.425318617929538334e+02 1.151200470494040395e-01 9.648543135935637949e+00
1.423201807114660937e+02 1.152775581467256200e-01 9.634213609750373664e+00
1.421103678785304680e+02 1.154350692440471865e-01 9.620010552668352588e+00
1.419023929781384652e+02 1.155925803413687530e-01 9.605931912479547918e+00
1.416962260673535923e+02 1.157500914386903335e-01 9.591975662228634292e+00
1.414918375704684479e+02 1.159076025360119000e-01 9.578139799819496147e+00
1.412891982732809026e+02 1.160651136333334804e-01 9.564422347627720811e+00
1.410882793174807830e+02 1.162226247306550470e-01 9.550821352120619778e+00
1.408890521951528285e+02 1.163801358279766135e-01 9.537334883485126369e+00
1.406914887433867989e+02 1.165376469252981939e-01 9.523961035262908936e+00
1.404955611389939065e+02 1.166951580226197605e-01 9.510697923992733394e+00
1.403012418922187123e+02 1.168526691199413270e-01 9.497543688784773508e+00
1.401085004851474878e+02 1.170101802172629074e-01 9.484496263761242218e+00
1.399172960443371494e+02 1.171676913145844739e-01 9.471552882037785892e+00
1.397275860678552704e+02 1.173252024119060544e-01 9.458710666491192853e+00
1.395393285832734023e+02 1.174827135092276209e-01 9.445966775842451923e+00
1.393524821394906326e+02 1.176402246065491874e-01 9.433318404103275157e+00
1.391670057987629718e+02 1.177977357038707679e-01 9.420762780036524120e+00
1.389828591289303290e+02 1.179552468011923344e-01 9.408297166630026354e+00
1.388000021958380330e+02 1.181127578985139148e-01 9.395918860583558185e+00
1.386183955559500305e+02 1.182702689958354814e-01 9.383625191808802057e+00
1.384380002491431867e+02 1.184277800931570479e-01 9.371413522941569596e+00
1.382587777916855032e+02 1.185852911904786283e-01 9.359281248866450298e+00
1.380806901693892712e+02 1.187428022878001949e-01 9.347225796253354702e+00
1.379036998309351247e+02 1.189003133851217753e-01 9.335244623105559469e+00
1.377277696813635259e+02 1.190578244824433418e-01 9.323335218319151352e+00
1.375528630757324891e+02 1.192153355797649084e-01 9.311495101253662199e+00
1.373789438129301743e+02 1.193728466770864888e-01 9.299721821313234216e+00
1.372059761296480076e+02 1.195303577744080553e-01 9.288012957538654746e+00
1.370339246945022751e+02 1.196878688717296219e-01 9.276366118209391942e+00
1.368627546023033403e+02 1.198453799690512023e-01 9.264778940455670408e+00
1.366924313684726826e+02 1.200028910663727688e-01 9.253249089880545952e+00
1.365229209235976100e+02 1.201604021636943492e-01 9.241774260191276014e+00
1.363541896081248126e+02 1.203179132610159158e-01 9.230352172840117220e+00
1.361862041671878956e+02 1.204754243583374823e-01 9.218980576674173477e+00
1.360189317455670448e+02 1.206329354556590627e-01 9.207657247594219996e+00
1.358523398827718438e+02 1.207904465529806293e-01 9.196379988221782043e+00
1.356863965082547168e+02 1.209479576503022097e-01 9.185146627575182521e+00
1.355210699367411848e+02 1.211054687476237762e-01 9.173955020753389533e+00
1.353563288636814264e+02 1.212629798449453428e-01 9.162803048628124003e+00
1.351921423608135058e+02 1.214204909422669232e-01 9.151688617543513260e+00
1.350284798718449792e+02 1.215780020395884897e-01 9.140609659023757771e+00
1.348653112082378414e+02 1.217355131369100563e-01 9.129564129487819812e+00
1.347026065451076704e+02 1.218930242342316367e-01 9.118550009971793102e+00
1.345403364172196063e+02 1.220505353315532032e-01 9.107565305857868054e+00
1.343784717150922461e+02 1.222080464288747836e-01 9.096608046610603182e+00
1.342169836811983998e+02 1.223655575261963502e-01 9.085676285519699746e+00
1.340558439062625382e+02 1.225230686235179167e-01 9.074768099449402214e+00
1.338950243256524004e+02 1.226805797208394971e-01 9.063881588594206562e+00
1.337344972153456979e+02 1.228380908181610637e-01 9.053014876205848438e+00
1.335742344433483595e+02 1.229956019154826441e-01 9.042166057918837652e+00
1.334142059934507643e+02 1.231531130128042106e-01 9.031333101817722309e+00
1.332543818031781768e+02 1.233106241101257772e-01 9.020513972855162876e+00
1.330947321797455913e+02 1.234681352074473576e-01 9.009706661009600381e+00
1.329352277965938640e+02 1.236256463047689241e-01 8.998909181050727568e+00
1.327758396900172499e+02 1.237831574020905046e-01 8.988119572311219940e+00
1.326165392558902454e+02 1.239406684994120711e-01 8.977335898465158337e+00
1.324572982464798656e+02 1.240981795967336376e-01 8.966556247312222894e+00
1.322980887673486734e+02 1.242556906940552180e-01 8.955778730568082935e+00
1.321388832743431294e+02 1.244132017913767846e-01 8.945001483660487196e+00
1.319796545706643371e+02 1.245707128886983511e-01 8.934222665530997531e+00
1.318203758040222056e+02 1.247282239860199315e-01 8.923440458442330581e+00
1.316610204638660093e+02 1.248857350833414981e-01 8.912653067790879291e+00
1.315015623786946151e+02 1.250432461806630924e-01 8.901858721924655882e+00
1.313419757134368240e+02 1.252007572779846589e-01 8.891055671965922613e+00
1.311822349669106984e+02 1.253582683753062255e-01 8.880242191639242222e+00
1.310223149693461835e+02 1.255157794726277920e-01 8.869416577103727661e+00
1.308621908799810001e+02 1.256732905699493585e-01 8.858577146790333146e+00
1.307018381847210549e+02 1.258308016672709251e-01 8.847722241243486607e+00
1.305412326938669594e+02 1.259883127645924916e-01 8.836850222967147062e+00
1.303803505398998652e+02 1.261458238619140859e-01 8.825959476274951143e+00
1.302191681753315322e+02 1.263033349592356525e-01 8.815048407144679743e+00
1.300576623706110979e+02 1.264608460565572190e-01 8.804115443076524272e+00
1.298958102120897991e+02 1.266183571538787855e-01 8.793159032955363941e+00
1.297335891000412573e+02 1.267758682512003521e-01 8.782177646916682789e+00
1.295709767467340612e+02 1.269333793485219464e-01 8.771169776216167335e+00
1.294079511745586331e+02 1.270908904458435129e-01 8.760133933102858705e+00
1.292444907142018451e+02 1.272484015431650795e-01 8.749068650695592808e+00
1.290805740028707760e+02 1.274059126404866460e-01 8.737972482862776502e+00
1.289161799825675985e+02 1.275634237378082125e-01 8.726844004105590358e+00
1.287512878984027225e+02 1.277209348351298068e-01 8.715681809443809769e+00
1.285858772969579320e+02 1.278784459324513734e-01 8.704484514304986931e+00
1.284199280246905062e+02 1.280359570297729399e-01 8.693250754416443016e+00
1.282534202263765621e+02 1.281934681270945064e-01 8.681979185699855606e+00
1.280863343435954675e+02 1.283509792244160730e-01 8.670668484168707835e+00
1.279186511132546400e+02 1.285084903217376673e-01 8.659317345828377199e+00
1.277503515661460369e+02 1.286660014190592338e-01 8.647924486578460801e+00
1.275814170255426063e+02 1.288235125163808004e-01 8.636488642117738479e+00
1.274118291058269392e+02 1.289810236137023669e-01 8.625008567851345731e+00
1.272415697186900871e+02 1.291385347110239334e-01 8.613483039310404266e+00
1.270706232889285445e+02 1.292960458083455277e-01 8.601911002148044716e+00
1.268989798005861047e+02 1.294535569056670943e-01 8.590291778344736784e+00
1.267266302007323162e+02 1.296110680029886608e-01 8.578624755071961872e+00
1.265535656160057840e+02 1.297685791003102274e-01 8.566909331656933801e+00
1.263797773517645311e+02 1.299260901976317939e-01 8.555144919525092817e+00
1.262052568912468899e+02 1.300836012949533882e-01 8.543330942143292361e+00
1.260299958947400398e+02 1.302411123922749547e-01 8.531466834963525869e+00
1.258539861987546828e+02 1.303986234895965213e-01 8.519552045367042581e+00
1.256772198152086020e+02 1.305561345869180878e-01 8.507586032609101068e+00
1.254996889306152070e+02 1.307136456842396544e-01 8.495568267764012305e+00
1.253213859052789161e+02 1.308711567815612486e-01 8.483498233670696109e+00
1.251423032724980402e+02 1.310286678788828152e-01 8.471375424878701210e+00
1.249624337377693166e+02 1.311861789762043817e-01 8.459199347594363871e+00
1.247817701780026027e+02 1.313436900735259483e-01 8.446969519627675282e+00
1.246003056407366500e+02 1.315012011708475148e-01 8.434685470339125857e+00
1.244180333433598662e+02 1.316587122681690813e-01 8.422346740587030922e+00
1.242349466723385660e+02 1.318162233654906756e-01 8.409952882675247210e+00
1.240510391824444838e+02 1.319737344628122422e-01 8.397503460300882239e+00
1.238663045959894191e+02 1.321312455601338087e-01 8.384998048502502854e+00
1.236807368020597693e+02 1.322887566574553753e-01 8.372436233608290479e+00
1.234943298557587212e+02 1.324462677547769418e-01 8.359817613184764795e+00
1.233070779774469230e+02 1.326037788520985361e-01 8.347141795985372426e+00
1.231189755519871767e+02 1.327612899494201026e-01 8.334408401899363383e+00
1.229300171279922438e+02 1.329188010467416692e-01 8.321617061900857593e+00
1.227401974170711867e+02 1.330763121440632357e-01 8.308767417997842131e+00
1.225495112930829578e+02 1.332338232413848023e-01 8.295859123181649863e+00
1.223579537913852278e+02 1.333913343387063966e-01 8.282891841376073927e+00
1.221655201080884865e+02 1.335488454360279631e-01 8.269865247386915641e+00
1.219722055993087508e+02 1.337063565333495296e-01 8.256779026851379655e+00
1.217780057804228591e+02 1.338638676306710962e-01 8.243632876187652059e+00
1.215829163253230263e+02 1.340213787279926627e-01 8.230426502544464284e+00
1.213869330656694956e+02 1.341788898253142570e-01 8.217159623750479369e+00
1.211900519901495130e+02 1.343364009226358236e-01 8.203831968264132968e+00
1.209922692437270513e+02 1.344939120199573901e-01 8.190443275122854416e+00
1.207935811268999942e+02 1.346514231172789566e-01 8.176993293892774517e+00
1.205939840949523330e+02 1.348089342146005232e-01 8.163481784618101145e+00
1.203934747572079544e+02 1.349664453119221175e-01 8.149908517770617422e+00
1.201920498762804073e+02 1.351239564092436840e-01 8.136273274198881467e+00
1.199897063673249846e+02 1.352814675065652505e-01 8.122575845077601997e+00
1.197864412972849664e+02 1.354389786038868171e-01 8.108816031856617812e+00
1.195822518841426074e+02 1.355964897012083836e-01 8.094993646210188132e+00
1.193771355191635308e+02 1.357540007985299779e-01 8.081108511542815620e+00
1.191710940220077077e+02 1.359115118958515445e-01 8.067160751034439414e+00
1.189641385462408323e+02 1.360690229931731110e-01 8.053151119713863437e+00
1.187562814111522869e+02 1.362265340904946775e-01 8.039080451522305992e+00
1.185475348786216472e+02 1.363840451878162441e-01 8.024949576514691429e+00
1.183379111528240060e+02 1.365415562851378384e-01 8.010759320839703435e+00
1.181274223799387357e+02 1.366990673824594049e-01 7.996510506720065692e+00
1.179160806478712118e+02 1.368565784797809715e-01 7.982203952433704508e+00
1.177038979859815697e+02 1.370140895771025380e-01 7.967840472295392829e+00
1.174908863648245614e+02 1.371716006744241045e-01 7.953420876639122561e+00
1.172770576958983781e+02 1.373291117717456711e-01 7.938945971801140367e+00
1.170624238314002383e+02 1.374866228690672654e-01 7.924416560103344054e+00
1.168469965639933008e+02 1.376441339663888319e-01 7.909833439837563596e+00
1.166307876265820909e+02 1.378016450637103985e-01 7.895197405250312883e+00
1.164138086920940651e+02 1.379591561610319650e-01 7.880509246528030864e+00
1.161960713732741795e+02 1.381166672583535315e-01 7.865769749783169118e+00
1.159775872224838622e+02 1.382741783556751258e-01 7.850979697040570748e+00
1.157583677315099635e+02 1.384316894529966924e-01 7.836139866224553607e+00
1.155384243313829984e+02 1.385892005503182589e-01 7.821251031146595700e+00
1.153177683922010885e+02 1.387467116476398254e-01 7.806313961493429154e+00
1.150964112229649885e+02 1.389042227449613920e-01 7.791329422815853611e+00
1.148743640714182703e+02 1.390617338422829863e-01 7.776298176517938643e+00
1.146516381238969302e+02 1.392192449396045528e-01 7.761220979846830126e+00
1.144282445051869672e+02 1.393767560369261194e-01 7.746098585883109067e+00
1.142041942783888260e+02 1.395342671342476859e-01 7.730931743531617606e+00
1.139794984447892148e+02 1.396917782315692524e-01 7.715721197512790397e+00
1.137541679437419475e+02 1.398492893288908467e-01 7.700467688354571294e+00
1.135282136525537737e+02 1.400068004262124133e-01 7.685171952384705740e+00
1.133016463863804688e+02 1.401643115235339798e-01 7.669834721723677973e+00
1.130744768981270596e+02 1.403218226208555464e-01 7.654456724277987512e+00
1.128467158783572302e+02 1.404793337181771129e-01 7.639038683733998525e+00
1.126183739552090231e+02 1.406368448154987072e-01 7.623581319552240387e+00
1.123894616943178448e+02 1.407943559128202737e-01 7.608085346962186080e+00
1.121599895987458240e+02 1.409518670101418403e-01 7.592551476957481782e+00
1.119299681089160288e+02 1.411093781074634068e-01 7.576980416291486442e+00
1.116994076025590203e+02 1.412668892047849734e-01 7.561372867473665771e+00
1.114683183946593914e+02 1.414244003021065677e-01 7.545729528765946270e+00
1.112367107374123094e+02 1.415819113994281342e-01 7.530051094179809112e+00
1.110045948201860426e+02 1.417394224967497007e-01 7.514338253473720641e+00
1.107719807694905825e+02 1.418969335940712673e-01 7.498591692151032717e+00
1.105388786489503161e+02 1.420544446913928338e-01 7.482812091458113102e+00
1.103052984592875703e+02 1.422119557887144281e-01 7.467000128383253887e+00
1.100712501383077750e+02 1.423694668860359946e-01 7.451156475655648315e+00
1.098367435608910654e+02 1.425269779833575612e-01 7.435281801744824115e+00
1.096017885411468455e+02 1.426844890806791277e-01 7.419376771006506388e+00
1.093663979703162425e+02 1.428420001780006943e-01 7.403442256099579843e+00
1.091305940198022029e+02 1.429995112753222608e-01 7.387479757893644639e+00
1.088944003555804301e+02 1.431570223726438551e-01 7.371490878431810501e+00
1.086578403642689352e+02 1.433145334699654216e-01 7.355477200846364028e+00
1.084209371543068983e+02 1.434720445672869882e-01 7.339440289438578624e+00
1.081837135571728936e+02 1.436295556646085547e-01 7.323381689761165880e+00
1.079461921286427639e+02 1.437870667619301213e-01 7.307302928703440337e+00
1.077083951500821399e+02 1.439445778592517156e-01 7.291205514578799729e+00
1.074703446297769318e+02 1.441020889565732821e-01 7.275090937214804043e+00
1.072320623042978411e+02 1.442596000538948486e-01 7.258960668045545184e+00
1.069935696398949005e+02 1.444171111512164152e-01 7.242816160206036358e+00
1.067548878339298426e+02 1.445746222485379817e-01 7.226658848629189613e+00
1.065160378163346167e+02 1.447321333458595760e-01 7.210490150144533317e+00
1.062770402511013401e+02 1.448896444431811426e-01 7.194311463579095012e+00
1.060379155378019362e+02 1.450471555405027091e-01 7.178124169860245374e+00
1.057986838131331950e+02 1.452046666378242756e-01 7.161929632120299871e+00
1.055593649524910518e+02 1.453621777351458422e-01 7.145729195803098399e+00
1.053199785715672334e+02 1.455196888324674365e-01 7.129524188772077053e+00
1.050805440279736018e+02 1.456771999297890030e-01 7.113315921420233501e+00
1.048410804228861082e+02 1.458347110271105695e-01 7.097105686781404188e+00
1.046016066027161457e+02 1.459922221244321361e-01 7.080894760643404950e+00
1.043621411607983873e+02 1.461497332217537026e-01 7.064684401662295166e+00
1.041227024391017295e+02 1.463072443190752969e-01 7.048475851478199772e+00
1.038833085299595922e+02 1.464647554163968635e-01 7.032270334832433356e+00
1.036439772778181663e+02 1.466222665137184300e-01 7.016069059685838383e+00
1.034047262810032350e+02 1.467797776110399965e-01 6.999873217338406839e+00
1.031655728935026985e+02 1.469372887083615631e-01 6.983683982549934832e+00
1.029265342267654830e+02 1.470947998056831574e-01 6.967502513661801622e+00
1.026876271515159686e+02 1.472523109030047239e-01 6.951329952719787819e+00
1.024488682995828555e+02 1.474098220003262905e-01 6.935167425597891899e+00
1.022102740657399522e+02 1.475673330976478570e-01 6.919016042122924759e+00
1.019718606095616167e+02 1.477248441949694235e-01 6.902876896200128343e+00
1.017336438572878166e+02 1.478823552922910178e-01 6.886751065939418659e+00
1.014956395037027619e+02 1.480398663896125844e-01 6.870639613782555166e+00
1.012578630140222771e+02 1.481973774869341509e-01 6.854543586630912344e+00
1.010203296257900121e+02 1.483548885842557175e-01 6.838464015973840127e+00
1.007830543507856618e+02 1.485123996815772840e-01 6.822401918017834355e+00
1.005460519769371786e+02 1.486699107788988505e-01 6.806358293815984339e+00
1.003093370702433589e+02 1.488274218762204448e-01 6.790334129398121199e+00
1.000729239767041605e+02 1.489849329735420114e-01 6.774330395901489332e+00
9.983682682425259713e+01 1.491424440708635779e-01 6.758348049701527138e+00
9.960105952469757540e+01 1.492999551681851444e-01 6.742388032543369825e+00
9.936563577566680294e+01 1.494574662655067110e-01 6.726451271673392185e+00
9.913056906255920353e+01 1.496149773628283053e-01 6.710538679971363329e+00
9.889587266049552738e+01 1.497724884601498718e-01 6.694651156082495724e+00
9.866155963627598169e+01 1.499299995574714384e-01 6.678789584549963187e+00
9.842764328677631624e+01 1.500875106547930049e-01 6.662954865491660605e+00
9.819414082479180195e+01 1.502450217521145714e-01 6.647148164109501600e+00
9.796107145987582498e+01 1.504025328494361657e-01 6.631370780773810480e+00
9.772845411796009785e+01 1.505600439467577323e-01 6.615623996655457084e+00
9.749630742022674212e+01 1.507175550440792988e-01 6.599909072295604417e+00
9.726464968617869999e+01 1.508750661414008654e-01 6.584227247813563721e+00
9.703349893672120174e+01 1.510325772387224319e-01 6.568579743115390279e+00
9.680287289725025346e+01 1.511900883360440262e-01 6.552967758102958840e+00
9.657278900075466765e+01 1.513475994333655927e-01 6.537392472883948535e+00
9.634326439092059502e+01 1.515051105306871593e-01 6.521855047982001885e+00
9.611431592524387213e+01 1.516626216280087258e-01 6.506356624547408707e+00
9.588596017815096673e+01 1.518201327253302924e-01 6.490898324568382449e+00
9.565821344411769189e+01 1.519776438226518867e-01 6.475481251082171319e+00
9.543109174079680201e+01 1.521351549199734532e-01 6.460106488386781365e+00
9.520461081214530452e+01 1.522926660172950197e-01 6.444775102252676469e+00
9.497878613155177163e+01 1.524501771146165863e-01 6.429488140134472118e+00
9.475363290496690638e+01 1.526076882119381528e-01 6.414246631382870767e+00
9.452916607403039961e+01 1.527651993092597471e-01 6.399051587456318302e+00
9.430540031919910859e+01 1.529227104065813136e-01 6.383904002132756439e+00
9.408235006286911073e+01 1.530802215039028802e-01 6.368804851720984317e+00
9.386002947249886574e+01 1.532377326012244467e-01 6.353755095272072495e+00
9.363845246372403608e+01 1.533952436985460133e-01 6.338755674790208516e+00
9.341763270347186676e+01 1.535527547958676076e-01 6.323807515443525595e+00
9.319758361306585925e+01 1.537102658931891741e-01 6.308911525774287377e+00
9.297831837132567046e+01 1.538677769905107406e-01 6.294068597908694329e+00
9.275984991766195265e+01 1.540252880878323072e-01 6.279279607766420135e+00
9.254219095515988158e+01 1.541827991851538737e-01 6.264545415269344275e+00
9.232535395365715658e+01 1.543403102824754403e-01 6.249866864549891154e+00
9.210935115281198193e+01 1.544978213797970346e-01 6.235244784158735953e+00
9.189419456516014861e+01 1.546553324771186011e-01 6.220679987271742206e+00
9.167989597916447053e+01 1.548128435744401676e-01 6.206173271896391341e+00
9.146646696225188578e+01 1.549703546717617342e-01 6.191725421077372893e+00
9.125391886383849283e+01 1.551278657690833007e-01 6.177337203101368246e+00
9.104226281834431234e+01 1.552853768664048950e-01 6.163009371701126504e+00
9.083150974819453438e+01 1.554428879637264616e-01 6.148742666258624645e+00
9.062167036680884280e+01 1.556003990610480281e-01 6.134537812007448743e+00
9.041275518157628710e+01 1.557579101583695946e-01 6.120395520234144904e+00
9.020477449681740723e+01 1.559154212556911612e-01 6.106316488478758409e+00
8.999773841673089692e+01 1.560729323530127555e-01 6.092301400734294603e+00
8.979165684832709360e+01 1.562304434503343220e-01 6.078350927645311153e+00
8.958653950434488422e+01 1.563879545476558885e-01 6.064465726705358328e+00
8.938239590615579289e+01 1.565454656449774551e-01 6.050646442453575524e+00
8.917923538664724958e+01 1.567029767422990216e-01 6.036893706669876458e+00
8.897706709309730400e+01 1.568604878396206159e-01 6.023208138569542847e+00
8.877589999002461241e+01 1.570179989369421825e-01 6.009590344996144751e+00
8.857574286202826386e+01 1.571755100342637490e-01 5.996040920613805447e+00
8.837660431660653160e+01 1.573330211315853155e-01 5.982560448097984818e+00
8.817849278696067472e+01 1.574905322289068821e-01 5.969149498325285741e+00
8.798141653477983937e+01 1.576480433262284764e-01 5.955808630561994832e+00
8.778538300633886138e+01 1.578055544235500429e-01 5.942538348875785026e+00
8.759039673784211288e+01 1.579630655208716095e-01 5.929338960340197140e+00
8.739646141967349990e+01 1.581205766181931760e-01 5.916210714771851009e+00
8.739646141967349990e+01 1.581205766181931760e-01 5.916210714771851009e+00
6.770319406455475075e+01 1.826842454521749870e-01 4.565201595939746504e+00
5.719399817846527156e+01 2.073525430377324841e-01 3.125722657902400226e+00
4.509285937776824227e+01 2.322407203492417860e-01 2.504137194325636084e+00
3.908547043696115253e+01 2.568837818198746459e-01 2.311489690043234013e+00
3.277513278380876471e+01 2.811184729179193598e-01 1.450829899902261744e+00
2.852561829669574323e+01 3.057758170190760794e-01 1.083197640875715795e+00
2.473137646589687222e+01 3.308749588216616799e-01 9.030224479772230861e-01
2.145948599813128865e+01 3.553458836143503774e-01 7.372331210945662905e-01
1.928481707389561350e+01 3.797183506574301481e-01 7.343702165300557416e-01
1.693582129460483898e+01 4.042043120935024936e-01 4.411849660125614081e-01
1.530420736803800175e+01 4.287407985369371399e-01 3.089248448932383484e-01
1.386377221392682202e+01 4.533371424922238990e-01 2.597691861088566867e-01
1.243286202292580356e+01 4.779959634912051558e-01 3.668173189873180640e-01
1.130467624223922662e+01 5.026629933946460405e-01 2.538372273489452047e-01
1.040691745111721112e+01 5.271487506500315279e-01 2.559628086102712086e-01
9.664761788508451801e+00 5.515427964227138657e-01 1.868758114574446128e-01
8.955587029494710194e+00 5.762240530263548210e-01 1.629476324057125558e-01
8.285490527055436871e+00 6.007285446297923048e-01 1.063149667025773126e-01
7.696167313145473088e+00 6.252568531449649303e-01 1.977760934768819090e-01
7.321518610257133908e+00 6.499965502683907603e-01 1.663526099913330003e-01
6.909784562919733197e+00 6.746857991314229031e-01 1.200460886969336727e-01
6.647733774033620868e+00 6.991270364754236244e-01 9.347765021216886128e-02
6.417061988645637705e+00 7.235756604093172006e-01 8.521912133380595000e-02
6.328640062188053861e+00 7.479714013051395050e-01 9.975630321305324621e-02
6.265746051966660346e+00 7.726132299420060967e-01 7.011682624002796294e-02
6.190048160451190107e+00 7.972349387995918413e-01 9.334277095507580169e-02
5.937779539607675794e+00 8.217736356692634248e-01 1.202727890328587762e-01
5.729967234892137107e+00 8.463200505719705724e-01 7.704646515469862345e-02
5.553782009390778818e+00 8.708218859006343626e-01 8.861179262991682182e-02
5.457121017251385098e+00 8.954790463233904818e-01 7.789412158302268241e-02
5.341577208786899789e+00 9.199626960429320155e-01 6.976675913644909965e-02
5.332634281972413071e+00 9.443606208269833546e-01 1.043783004844910101e-01
5.317396776538169334e+00 9.688687146412832130e-01 9.290344360782532007e-02
5.319691783596778301e+00 9.930926048855095445e-01 1.134898670939584325e-01
5.423711611797316756e+00 1.017620455362175491e+00 8.921290839461108735e-02
5.597675318075257422e+00 1.042409919186157552e+00 1.264223454676001168e-01
5.873411216259628809e+00 1.066789561870425063e+00 8.390230598439660237e-02
5.978278073498771938e+00 1.090909765172895618e+00 1.206178565468454811e-01
5.946605431278620735e+00 1.115651582439790346e+00 2.390092399645666055e-01
6.108991738559049089e+00 1.140641543091339027e+00 1.308775950703317259e-01
6.207760769970059656e+00 1.164692026865203012e+00 3.797998350983770033e-01
6.491275275543705980e+00 1.188605021497627590e+00 2.234046846648061191e-01
7.044086643484477328e+00 1.214006438167991364e+00 2.905089947050874533e-01
7.523459170409442898e+00 1.240498485730926914e+00 3.903677616487470914e-01
8.586981133870473570e+00 1.264816150349954427e+00 8.185999350126751395e-01
8.939838019765751653e+00 1.284554513240047102e+00 7.344760839343542624e-01
1.015259619520857193e+01 1.309527810458392949e+00 1.277423210472023785e+00
1.498968730763407819e+01 1.335814856768205550e+00 3.803599244957580616e+00
1.515559660927601371e+01 1.360349523175663267e+00 1.752110585160257727e+01
