2.435899010720996216e+02 7.669903939428205850e-04 1.646121223834533609e+01
2.903352262702155144e+02 9.245014912643925459e-04 1.962014746451835379e+01
3.362174928690077422e+02 1.082012588585964507e-03 2.272075929257402294e+01
3.812394721731434970e+02 1.239523685907536251e-03 2.576323500053208448e+01
4.254005339157872072e+02 1.397034783229108429e-03 2.874753199649483193e+01
4.686984984016051499e+02 1.554545880550680173e-03 3.167350298196037883e+01
5.111321876796870356e+02 1.712056977872252134e-03 3.454106835387518259e+01
5.527014201178667463e+02 1.869568075193824095e-03 3.735021583797982458e+01
5.934084503758110714e+02 2.027079172515396273e-03 4.010109779868322022e+01
6.332555297681971069e+02 2.184590269836968017e-03 4.279386637434807739e+01
6.722485425850500178e+02 2.342101367158539761e-03 4.542891921096280328e+01
7.103934556226369068e+02 2.499612464480111939e-03 4.800665953008667231e+01
7.476972259124057700e+02 2.657123561801683683e-03 5.052755747096069427e+01
7.841692479789678600e+02 2.814634659123255861e-03 5.299224789267729818e+01
8.198193913766289143e+02 2.972145756444827605e-03 5.540139775567858749e+01
8.546573966380287857e+02 3.129656853766399783e-03 5.775566530143677113e+01
8.886943705048103084e+02 3.287167951087971527e-03 6.005580109650104248e+01
9.219425414438003372e+02 3.444679048409543271e-03 6.230263151087648765e+01
9.544141722153715364e+02 3.602190145731115449e-03 6.449698523204251899e+01
9.861211860653037320e+02 3.759701243052687193e-03 6.663966800390915068e+01
1.017076114802904385e+03 3.917212340374259805e-03 6.873152669562755079e+01
1.047292008325498045e+03 4.074723437695831549e-03 7.077344318747519480e+01
1.076782271615629952e+03 4.232234535017403293e-03 7.276632335552396569e+01
1.105559978988507964e+03 4.389745632338975037e-03 7.471105073015236542e+01
1.133637764069885407e+03 4.547256729660546781e-03 7.660847906101902538e+01
1.161028439302465586e+03 4.704767826982118525e-03 7.845947418179635235e+01
1.187744957833555191e+03 4.862278924303691137e-03 8.026491143463128708e+01
1.213800347244881323e+03 5.019790021625262881e-03 8.202567119176762844e+01
1.239207645772163687e+03 5.177301118946834625e-03 8.374263454541997476e+01
1.263979450299388873e+03 5.334812216268406369e-03 8.541665276232772896e+01
1.288127746490156142e+03 5.492323313589978981e-03 8.704853580444530792e+01
1.311664473571295275e+03 5.649834410911550725e-03 8.863909049564311715e+01
1.334601539241692990e+03 5.807345508233122469e-03 9.018912152921016911e+01
1.356950790160219640e+03 5.964856605554694213e-03 9.169942947349971973e+01
1.378723987045774948e+03 6.122367702876265957e-03 9.317080908925120752e+01
1.399932783736971260e+03 6.279878800197838569e-03 9.460404791449445838e+01
1.420588590644722899e+03 6.437389897519410313e-03 9.599991703700847268e+01
1.440702009617175918e+03 6.594900994840982057e-03 9.735913290386949370e+01
1.460283320117627682e+03 6.752412092162553801e-03 9.868239017617105446e+01
1.479342725940906575e+03 6.909923189484126413e-03 9.997037840151574528e+01
1.497890341393207564e+03 7.067434286805698157e-03 1.012237810800823610e+02
1.515936179192872032e+03 7.224945384127269901e-03 1.024432748469898371e+02
1.533490140193282286e+03 7.382456481448841645e-03 1.036295287777957270e+02
1.550562004704506762e+03 7.539967578770413389e-03 1.047832038020339240e+02
1.567161425219168677e+03 7.697478676091986001e-03 1.059049522116468296e+02
1.583297862519045339e+03 7.854989773413558612e-03 1.069954133432247261e+02
1.598979989817978776e+03 8.012500870735128622e-03 1.080551733114348565e+02
1.614215982883858942e+03 8.170011968056702101e-03 1.090847846147588882e+02
1.629013949467742805e+03 8.327523065378272110e-03 1.100847951552662778e+02
1.643381928664535053e+03 8.485034162699845589e-03 1.110557481954111125e+02
1.657327884120665658e+03 8.642545260021415598e-03 1.119981818990231943e+02
1.670859698124079614e+03 8.800056357342989077e-03 1.129126289319240897e+02
1.683985166485707396e+03 8.957567454664562556e-03 1.137996161160294406e+02
1.696711994131302163e+03 9.115078551986132566e-03 1.146596641314558696e+02
1.709047791330927112e+03 9.272589649307706045e-03 1.154932872617189759e+02
1.721000070501239634e+03 9.430100746629276054e-03 1.163009931776396826e+02
1.732576235038549612e+03 9.587611843950849533e-03 1.170832821827091976e+02
1.743783124606557749e+03 9.745122941272419542e-03 1.178406164847420001e+02
1.754626825883213314e+03 9.902634038593993021e-03 1.185734074066094905e+02
1.765113344236721332e+03 1.006014513591556303e-02 1.192820607764686400e+02
1.775248657420261679e+03 1.021765623323713651e-02 1.199669805563201805e+02
1.785038710400822993e+03 1.037516733055870999e-02 1.206285684925538391e+02
1.794489410695100787e+03 1.053267842788028000e-02 1.212672238007600072e+02
1.803606624170218311e+03 1.069018952520185348e-02 1.218833428819521032e+02
1.812396171270471996e+03 1.084770062252342349e-02 1.224773190675796712e+02
1.820863823634859727e+03 1.100521171984499696e-02 1.230495423909490853e+02
1.829015301073327919e+03 1.116272281716656697e-02 1.236003993828857404e+02
1.836856268872218607e+03 1.132023391448814045e-02 1.241302728896423559e+02
1.844392335402116032e+03 1.147774501180971046e-02 1.246395419112435974e+02
1.851629050003438351e+03 1.163525610913128394e-02 1.251285814585991858e+02
1.858571887147542839e+03 1.179276720645285742e-02 1.255977614831501654e+02
1.865225765436914344e+03 1.195027830377442743e-02 1.260474143720728364e+02
1.871594962797369362e+03 1.210778940109600091e-02 1.264778292171748006e+02
1.877683724651091325e+03 1.226530049841757092e-02 1.268892929137473260e+02
1.883496299898360803e+03 1.242281159573914440e-02 1.272820925921229076e+02
1.889036936696503517e+03 1.258032269306071441e-02 1.276565153324269630e+02
1.894309878551046040e+03 1.273783379038228789e-02 1.280128479004277438e+02
1.899319360697845468e+03 1.289534488770385789e-02 1.283513765030493232e+02
1.904069606756471103e+03 1.305285598502543137e-02 1.286723865622153369e+02
1.908564825636739897e+03 1.321036708234700485e-02 1.289761625058002323e+02
1.912809208681431528e+03 1.336787817966857486e-02 1.292629875745407446e+02
1.916806927029826511e+03 1.352538927699014834e-02 1.295331436438704884e+02
1.920562129187225992e+03 1.368290037431171835e-02 1.297869110596738267e+02
1.924078938787339666e+03 1.384041147163329183e-02 1.300245684870733669e+02
1.927361452534797763e+03 1.399792256895486184e-02 1.302463927713905036e+02
1.930413738316244235e+03 1.415543366627643532e-02 1.304526588104969846e+02
1.933239833469153155e+03 1.431294476359800533e-02 1.306436394378261241e+02
1.935843740288262325e+03 1.447045586091957881e-02 1.308196051187085516e+02
1.938229155625349676e+03 1.462796695824115228e-02 1.309808056773834721e+02
1.940399272892570252e+03 1.478547805556272229e-02 1.311274569168666631e+02
1.942357243598692321e+03 1.494298915288429577e-02 1.312597718084450662e+02
1.944106227654076747e+03 1.510050025020586578e-02 1.313779638911646259e+02
1.945649390459484266e+03 1.525801134752743926e-02 1.314822470750993375e+02
1.946989900172927491e+03 1.541552244484900927e-02 1.315728354566514042e+02
1.948130925144642561e+03 1.557303354217058275e-02 1.316499431452131148e+02
1.949075631510606172e+03 1.573054463949215276e-02 1.317137841005425685e+02
1.949827180935764773e+03 1.588805573681372624e-02 1.317645719802563065e+02
1.950388728498675164e+03 1.604556683413529972e-02 1.318025199968789991e+02
1.950763420709680986e+03 1.620307793145686973e-02 1.318278407839160309e+02
1.950954393655501008e+03 1.636058902877844320e-02 1.318407462704698219e+02
1.950964771263138573e+03 1.651810012610001321e-02 1.318414475639187060e+02
1.950797663676783031e+03 1.667561122342158669e-02 1.318301548402321828e+02
1.950456165741581117e+03 1.683312232074316017e-02 1.318070772415076135e+02
1.949943355588580971e+03 1.699063341806473018e-02 1.317724227803441011e+02
1.949262293315427087e+03 1.714814451538630366e-02 1.317263982506875948e+02
1.948416019757678441e+03 1.730565561270787367e-02 1.316692091447990265e+02
1.947407555346041818e+03 1.746316671002944715e-02 1.316010595760290869e+02
1.946239899044872345e+03 1.762067780735101716e-02 1.315221522070848721e+02
1.944916027250315665e+03 1.777818890467259064e-02 1.314326881755686429e+02
1.943438866347046769e+03 1.793570000199416065e-02 1.313328652394293385e+02
1.941811260304821872e+03 1.809321109931573412e-02 1.312228755872165209e+02
1.940036024726380219e+03 1.825072219663730760e-02 1.311029094905056809e+02
1.938115954531881471e+03 1.840823329395887761e-02 1.309731558231941335e+02
1.936053823112356213e+03 1.856574439128045109e-02 1.308338020042928918e+02
1.933852381545394337e+03 1.872325548860202110e-02 1.306850339449252090e+02
1.931514357870010372e+03 1.888076658592359458e-02 1.305270359993233171e+02
1.929042456417495941e+03 1.903827768324516459e-02 1.303599909196092597e+02
1.926439357195565208e+03 1.919578878056673807e-02 1.301840798141772098e+02
1.923707715323053890e+03 1.935329987788830808e-02 1.299994821094913675e+02
1.920850160512513639e+03 1.951081097520988156e-02 1.298063755151211751e+02
1.917869296598370511e+03 1.966832207253145504e-02 1.296049359918553137e+02
1.914767701108292613e+03 1.982583316985302505e-02 1.293953377227360022e+02
1.911547924875488661e+03 1.998334426717459852e-02 1.291777530868586723e+02
1.908212491689952913e+03 2.014085536449616853e-02 1.289523526358043739e+02
1.904763897986619895e+03 2.029836646181774201e-02 1.287193050725657599e+02
1.901204612568451239e+03 2.045587755913931202e-02 1.284787772328341191e+02
1.897537076362805010e+03 2.061338865646088550e-02 1.282309340685352481e+02
1.893763702209203757e+03 2.077089975378245551e-02 1.279759386334875018e+02
1.889886874676990146e+03 2.092841085110402899e-02 1.277139520710793050e+02
1.885908949911228774e+03 2.108592194842560247e-02 1.274451336038555951e+02
1.881832255505410103e+03 2.124343304574717248e-02 1.271696405249155788e+02
1.877659090399544766e+03 2.140094414306874596e-02 1.268876281910258683e+02
1.873391724802256249e+03 2.155845524039031597e-02 1.265992500173560842e+02
1.869032400135654598e+03 2.171596633771188944e-02 1.263046574737532808e+02
1.864583331150025060e+03 2.187347743503345945e-02 1.260040002276475803e+02
1.860046938874566422e+03 2.203098853235503293e-02 1.256974418862958061e+02
1.855426043026231127e+03 2.218849962967660294e-02 1.253851729993018722e+02
1.850723447880405502e+03 2.234601072699817642e-02 1.250673830727665887e+02
1.845941892592768909e+03 2.250352182431974990e-02 1.247442572121592832e+02
1.841084052543561484e+03 2.266103292164131991e-02 1.244159762131606186e+02
1.836152540660284330e+03 2.281854401896289339e-02 1.240827166510471642e+02
1.831149908718909955e+03 2.297605511628446340e-02 1.237446509686241711e+02
1.826078648623478330e+03 2.313356621360603688e-02 1.234019475626975009e+02
1.820941193664055390e+03 2.329107731092760689e-02 1.230547708690833986e+02
1.815739919753078766e+03 2.344858840824918036e-02 1.227032814461577175e+02
1.810477146640124829e+03 2.360609950557075037e-02 1.223476360569469534e+02
1.805155139105180979e+03 2.376361060289232385e-02 1.219879877497667309e+02
1.799776108130513649e+03 2.392112170021389733e-02 1.216244859374135530e+02
1.794342212051218439e+03 2.407863279753546734e-02 1.212572764749165373e+02
1.788855557684703399e+03 2.423614389485704082e-02 1.208865017358647975e+02
1.783318201439087716e+03 2.439365499217861083e-02 1.205123006873105425e+02
1.777732150400851651e+03 2.455116608950018431e-02 1.201348089632697622e+02
1.772099363401867095e+03 2.470867718682175432e-02 1.197541589368294552e+02
1.766421752066004501e+03 2.486618828414332780e-02 1.193704797908750521e+02
1.760701181835546322e+03 2.502369938146489781e-02 1.189838975874524749e+02
1.754939472977631794e+03 2.518121047878647129e-02 1.185945353357817424e+02
1.749138401571011627e+03 2.533872157610804476e-02 1.182025130589390614e+02
1.743299700473263783e+03 2.549623267342961477e-02 1.178079478592190270e+02
1.737425060268857578e+03 2.565374377075118825e-02 1.174109539822026562e+02
1.731516130198205246e+03 2.581125486807275826e-02 1.170116428795401760e+02
1.725574519068005884e+03 2.596876596539433174e-02 1.166101232704699413e+02
1.719601796143255797e+03 2.612627706271590175e-02 1.162065012020983943e+02
1.713599492020986645e+03 2.628378816003747523e-02 1.158008801084451136e+02
1.707569099486201367e+03 2.644129925735904524e-02 1.153933608682847449e+02
1.701512074350259127e+03 2.659881035468061872e-02 1.149840418618033340e+02
1.695429836271821841e+03 2.675632145200219220e-02 1.145730190260755705e+02
1.689323776204808382e+03 2.691383254932376221e-02 1.141603863583795260e+02
1.683195589483114873e+03 2.707134364664533568e-02 1.137462584252508719e+02
1.677047411267515372e+03 2.722885474396690569e-02 1.133307795156543278e+02
1.670881341678428271e+03 2.738636584128847917e-02 1.129140915506129943e+02
1.664699407501323094e+03 2.754387693861004918e-02 1.124963314953523366e+02
1.658503564328806988e+03 2.770138803593162266e-02 1.120776315040579476e+02
1.652295698649847509e+03 2.785889913325319267e-02 1.116581190610595655e+02
1.646077629886836348e+03 2.801641023057476615e-02 1.112379171184910689e+02
1.639851112381240000e+03 2.817392132789633963e-02 1.108171442304761172e+02
1.633617837328619544e+03 2.833143242521790964e-02 1.103959146838916183e+02
1.627379434663859456e+03 2.848894352253948312e-02 1.099743386257672313e+02
1.621137474897431048e+03 2.864645461986105313e-02 1.095525221873756720e+02
1.614893470903556818e+03 2.880396571718262660e-02 1.091305676050721019e+02
1.608648879661159071e+03 2.896147681450419661e-02 1.087085733379436050e+02
1.602405103948464102e+03 2.911898791182577009e-02 1.082866341823261820e+02
1.596163493992225085e+03 2.927649900914734010e-02 1.078648413832552677e+02
1.589925349072355402e+03 2.943401010646891358e-02 1.074432827429028237e+02
1.583691919083032872e+03 2.959152120379048706e-02 1.070220427260733373e+02
1.577464406051080459e+03 2.974903230111205707e-02 1.066012025628118494e+02
1.571243965612608463e+03 2.990654339843363055e-02 1.061808403481921061e+02
1.565031708448779909e+03 3.006405449575520056e-02 1.057610311393419948e+02
1.558828701681659822e+03 3.022156559307677404e-02 1.053418470497715731e+02
1.552635970231028296e+03 3.037907669039834405e-02 1.049233573410633369e+02
1.546454498133081415e+03 3.053658778771991752e-02 1.045056285119868278e+02
1.540285229821887242e+03 3.069409888504148753e-02 1.040887243850960857e+02
1.534129071374514979e+03 3.085160998236306101e-02 1.036727061908726881e+02
1.527986891720677249e+03 3.100912107968463102e-02 1.032576326494702244e+02
1.521859523817799072e+03 3.116663217700620450e-02 1.028435600501228464e+02
1.515747765792307291e+03 3.132414327432777451e-02 1.024305423282704908e+02
1.509652382048057916e+03 3.148165437164934799e-02 1.020186311404641089e+02
1.503574104342666260e+03 3.163916546897092147e-02 1.016078759371010705e+02
1.497513632832579788e+03 3.179667656629248801e-02 1.011983240330487916e+02
1.491471637087726322e+03 3.195418766361406149e-02 1.007900206762122792e+02
1.485448757076484526e+03 3.211169876093563497e-02 1.003830091140958700e+02
1.479445604121770430e+03 3.226920985825720151e-02 9.997733065841330813e+01
1.473462761829012607e+03 3.242672095557877499e-02 9.957302474779805834e+01
1.467500786986749517e+03 3.258423205290034846e-02 9.917012900866342306e+01
1.461560210440583433e+03 3.274174315022192194e-02 9.876867931426239977e+01
1.455641537941192837e+03 3.289925424754349542e-02 9.836870984199396162e+01
1.449745251042192876e+03 3.305676534486506196e-02 9.797025313407863223e+01
1.443871889465395270e+03 3.321427644218663544e-02 9.757334566360191275e+01
1.438022201581907439e+03 3.337178753950820892e-02 9.717803800366047540e+01
1.432196941939231237e+03 3.352929863682978240e-02 9.678438114473685516e+01
1.426396828564767929e+03 3.368680973415134894e-02 9.639242360937394949e+01
1.420622544195899081e+03 3.384432083147292242e-02 9.600221153530128504e+01
1.414874737474088761e+03 3.400183192879449590e-02 9.561378875612903983e+01
1.409154024104022938e+03 3.415934302611606938e-02 9.522719687968046287e+01
1.403460987978461844e+03 3.431685412343764285e-02 9.484247536400606293e+01
1.397796182269822339e+03 3.447436522075920939e-02 9.445966159115060634e+01
1.392160130489180574e+03 3.463187631808078287e-02 9.407879093871747500e+01
1.386553327513563772e+03 3.478938741540235635e-02 9.369989684929096541e+01
1.380976240582378978e+03 3.494689851272392983e-02 9.332301089777210734e+01
1.375429310263652724e+03 3.510440961004549637e-02 9.294816285667519651e+01
1.369912951391033175e+03 3.526192070736706985e-02 9.257538075944782463e+01
1.364427553972172291e+03 3.541943180468864333e-02 9.220469096185716751e+01
1.358973484069323376e+03 3.557694290201021681e-02 9.183611820149880600e+01
1.353551084652867530e+03 3.573445399933179029e-02 9.146968565547571473e+01
1.348160676428540910e+03 3.589196509665335683e-02 9.110541499630048179e+01
1.342802558638992650e+03 3.604947619397493030e-02 9.074332644606251108e+01
1.337477009840484925e+03 3.620698729129650378e-02 9.038343882891554415e+01
1.332184288655307910e+03 3.636449838861807726e-02 9.002576962192411258e+01
1.326924634500696584e+03 3.652200948593964380e-02 8.967033500432175686e+01
1.321698268294790068e+03 3.667952058326121728e-02 8.931714990521835773e+01
1.316505393140380647e+03 3.683703168058279076e-02 8.896622804980586352e+01
1.311346194987011586e+03 3.699454277790436424e-02 8.861758200410154984e+01
1.306220843272081765e+03 3.715205387522593772e-02 8.827122321827219764e+01
1.301129491541537845e+03 3.730956497254750426e-02 8.792716206857888039e+01
1.296072278050724890e+03 3.746707606986907774e-02 8.758540789798109927e+01
1.291049326346027783e+03 3.762458716719065122e-02 8.724596905544257197e+01
1.286060745827771598e+03 3.778209826451222469e-02 8.690885293397097655e+01
1.281106632295032341e+03 3.793960936183379123e-02 8.657406600743438219e+01
1.276187068472801911e+03 3.809712045915536471e-02 8.624161386618631298e+01
1.271302124522063195e+03 3.825463155647693819e-02 8.591150125153508554e+01
1.266451858533273253e+03 3.841214265379851167e-02 8.558373208909242180e+01
1.261636317003798240e+03 3.856965375112008515e-02 8.525830952103697769e+01
1.256855535299653639e+03 3.872716484844165169e-02 8.493523593731799792e+01
1.252109538102164606e+03 3.888467594576322517e-02 8.461451300583924251e+01
1.247398339839910477e+03 3.904218704308479865e-02 8.429614170164902021e+01
1.242721945106395879e+03 3.919969814040637213e-02 8.398012233516523395e+01
1.238080349063962331e+03 3.935720923772793867e-02 8.366645457947056741e+01
1.233473537834216813e+03 3.951472033504951215e-02 8.335513749669713945e+01
1.228901488875558698e+03 3.967223143237108562e-02 8.304616956353842738e+01
1.224364171348056516e+03 3.982974252969265910e-02 8.273954869590703254e+01
1.219861546466107484e+03 3.998725362701423258e-02 8.243527227276635472e+01
1.215393567839323168e+03 4.014476472433579912e-02 8.213333715916688504e+01
1.210960181801872068e+03 4.030227582165737260e-02 8.183373972850242239e+01
1.206561327730762059e+03 4.045978691897894608e-02 8.153647588401894097e+01
1.202196938353336236e+03 4.061729801630051956e-02 8.124154107959402893e+01
1.197866934633993196e+03 4.077480911362208610e-02 8.094892997419421476e+01
1.193571195183656300e+03 4.093232021094365958e-02 8.065863436464145764e+01
1.189309579311308880e+03 4.108983130826523306e-02 8.037064474337940112e+01
1.185081942817435447e+03 4.124734240558680654e-02 8.008495136575605500e+01
1.180888138236975919e+03 4.140485350290838001e-02 7.980154426644180887e+01
1.176728015023988974e+03 4.156236460022994655e-02 7.952041327190862319e+01
1.172601419729658119e+03 4.171987569755152003e-02 7.924154801245916246e+01
1.168508196173750775e+03 4.187738679487309351e-02 7.896493793381371518e+01
1.164448185609846860e+03 4.203489789219466699e-02 7.869057230827591809e+01
1.160421226884429871e+03 4.219240898951623353e-02 7.841844024548350944e+01
1.156427156590168124e+03 4.234992008683780701e-02 7.814853070276706148e+01
1.152465809213477087e+03 4.250743118415938049e-02 7.788083249512166617e+01
1.148537017276616552e+03 4.266494228148095397e-02 7.761533430480946549e+01
1.144640611474475463e+03 4.282245337880252745e-02 7.735202469060349983e+01
1.140776420806221495e+03 4.297996447612409399e-02 7.709089209668394460e+01
1.136944272702002081e+03 4.313747557344566746e-02 7.683192486120051967e+01
1.133143993144858769e+03 4.329498667076724094e-02 7.657511122451093399e+01
1.129375406787987458e+03 4.345249776808881442e-02 7.632043933710528449e+01
1.125638337067566681e+03 4.361000886541038096e-02 7.606789726723047806e+01
1.121932606311210748e+03 4.376751996273195444e-02 7.581747300821953672e+01
1.118258035842282879e+03 4.392503106005352792e-02 7.556915448554040893e+01
1.114614446080144717e+03 4.408254215737510140e-02 7.532292956357098035e+01
1.111001656636535245e+03 4.424005325469667488e-02 7.507878605211190859e+01
1.107419486408140983e+03 4.439756435201824142e-02 7.483671171264234090e+01
1.103867753665541159e+03 4.455507544933981490e-02 7.459669426433066519e+01
1.100346276138658141e+03 4.471258654666138838e-02 7.435872138980899138e+01
1.096854871098764988e+03 4.487009764398296185e-02 7.412278074071494416e+01
1.093393355437240416e+03 4.502760874130452839e-02 7.388885994301382709e+01
1.089961545741149394e+03 4.518511983862610187e-02 7.365694660210628797e+01
1.086559258365741471e+03 4.534263093594767535e-02 7.342702830772736888e+01
1.083186309504013934e+03 4.550014203326924883e-02 7.319909263864745697e+01
1.079842515253419151e+03 4.565765313059082231e-02 7.297312716718026593e+01
1.076527691679772261e+03 4.581516422791238885e-02 7.274911946350162850e+01
1.073241654878560212e+03 4.597267532523396233e-02 7.252705709979242954e+01
1.069984221033611675e+03 4.613018642255553581e-02 7.230692765420344870e+01
1.066755206473343605e+03 4.628769751987710929e-02 7.208871871465655090e+01
1.063554427724556717e+03 4.644520861719867583e-02 7.187241788247972352e+01
1.060381701563960860e+03 4.660271971452024931e-02 7.165801277588927576e+01
1.057236845067439845e+03 4.676023081184182278e-02 7.144549103331897300e+01
1.054119675657163498e+03 4.691774190916339626e-02 7.123484031660369453e+01
1.051030011146626975e+03 4.707525300648496974e-02 7.102604831402322816e+01
1.047967669783671909e+03 4.723276410380653628e-02 7.081910274320935628e+01
1.044932470291569416e+03 4.739027520112810976e-02 7.061399135392218795e+01
1.041924231908259799e+03 4.754778629844968324e-02 7.041070193070204652e+01
1.038942774423728451e+03 4.770529739577125672e-02 7.020922229539505111e+01
1.035987918215701256e+03 4.786280849309282326e-02 7.000954030956539498e+01
1.033059484283631946e+03 4.802031959041439674e-02 6.981164387679208971e+01
1.030157294281065333e+03 4.817783068773597022e-02 6.961552094485615783e+01
1.027281170546448493e+03 4.833534178505754370e-02 6.942115950782246614e+01
1.024430936132440365e+03 4.849285288237911717e-02 6.922854760802066210e+01
1.021606414833748886e+03 4.865036397970068371e-02 6.903767333792632144e+01
1.018807431213578525e+03 4.880787507702225719e-02 6.884852484194809108e+01
1.016033810628724495e+03 4.896538617434383067e-02 6.866109031812351304e+01
1.013285379253375254e+03 4.912289727166540415e-02 6.847535801972760794e+01
1.010561964101641479e+03 4.928040836898697069e-02 6.829131625679531226e+01
1.007863393048872240e+03 4.943791946630854417e-02 6.810895339756187639e+01
1.005189494851833956e+03 4.959543056363011765e-02 6.792825786982675140e+01
1.002540099167744756e+03 4.975294166095169113e-02 6.774921816223954352e+01
9.999150365722084643e+02 4.991045275827326461e-02 6.757182282551221419e+01
9.973141365967205729e+02 5.006796385559483115e-02 6.739606033979835331e+01
9.947371658902923173e+02 5.022547495291640463e-02 6.722191493580662325e+01
9.921838181159906753e+02 5.038298605023797810e-02 6.704936591203305341e+01
9.896537875308006278e+02 5.054049714755955158e-02 6.687839260710944700e+01
9.871467734425140179e+02 5.069800824488111812e-02 6.670897470098863380e+01
9.846624801082526801e+02 5.085551934220269160e-02 6.654109220808724956e+01
9.822006166353810386e+02 5.101303043952426508e-02 6.637472547058951022e+01
9.797608968847004007e+02 5.117054153684583856e-02 6.620985515190517390e+01
9.773430393760103243e+02 5.132805263416741204e-02 6.604646223028797181e+01
9.749467671957767152e+02 5.148556373148897858e-02 6.588452799259556514e+01
9.725718079069891928e+02 5.164307482881055206e-02 6.572403402819848850e+01
9.702178934611202976e+02 5.180058592613212554e-02 6.556496222302997978e+01
9.678847601121061643e+02 5.195809702345369901e-02 6.540729475377347057e+01
9.655721483322950007e+02 5.211560812077526555e-02 6.525101408218233701e+01
9.632798027303485924e+02 5.227311921809683903e-02 6.509610294953191101e+01
9.610074719710033833e+02 5.243063031541841251e-02 6.494254437119728607e+01
9.587549086725080087e+02 5.258814141273998599e-02 6.479032162972222864e+01
9.565218626723547004e+02 5.274565251006155947e-02 6.463941781973366574e+01
9.543080721420192276e+02 5.290316360738312601e-02 6.448981524749770244e+01
9.521132773592172498e+02 5.306067470470469949e-02 6.434149636161488672e+01
9.499372229274641768e+02 5.321818580202627297e-02 6.419444390301283931e+01
9.477796576892914118e+02 5.337569689934784645e-02 6.404864089908156188e+01
9.456403346415064561e+02 5.353320799666941299e-02 6.390407065794685337e+01
9.435190108524334391e+02 5.369071909399098647e-02 6.376071676287777734e+01
9.414154473811073558e+02 5.384823019131255994e-02 6.361856306682579998e+01
9.393294091983104863e+02 5.400574128863413342e-02 6.347759368708888417e+01
9.372606651094870358e+02 5.416325238595570690e-02 6.333779300010200330e+01
9.352089876794155998e+02 5.432076348327727344e-02 6.319914563634684868e+01
9.331741531586175142e+02 5.447827458059884692e-02 6.306163647537855610e+01
9.311559414114626634e+02 5.463578567792042040e-02 6.292525064096746235e+01
9.291541358459155617e+02 5.479329677524199388e-02 6.278997349635128700e+01
9.271685233448964709e+02 5.495080787256356042e-02 6.265579063959683737e+01
9.251988941991839965e+02 5.510831896988513390e-02 6.252268789906569424e+01
9.232450420286920689e+02 5.526583006720670738e-02 6.239065132809430736e+01
9.213067444055353690e+02 5.542334116452828086e-02 6.225966589554792563e+01
9.193837248976983574e+02 5.558085226184985433e-02 6.212971292082417563e+01
9.174757014335986014e+02 5.573836335917142087e-02 6.200077334221252556e+01
9.155823971923973659e+02 5.589587445649299435e-02 6.187282845283491639e+01
9.137035404932094025e+02 5.605338555381456783e-02 6.174585989315879431e+01
9.118388646870927232e+02 5.621089665113614131e-02 6.161984964369813156e+01
9.099881080517369583e+02 5.636840774845770785e-02 6.149478001789660908e+01
9.081510136887955014e+02 5.652591884577928133e-02 6.137063365518967117e+01
9.063273294237362734e+02 5.668342994310085481e-02 6.124739351423660594e+01
9.045168077082010996e+02 5.684094104042242829e-02 6.112504286632226780e+01
9.027192055247578537e+02 5.699845213774400177e-02 6.100356528892050534e+01
9.009342842939811362e+02 5.715596323506556831e-02 6.088294465941483224e+01
8.991618097838190806e+02 5.731347433238714179e-02 6.076316514897363419e+01
8.974015520211623880e+02 5.747098542970871526e-02 6.064421121657432678e+01
8.956532852055498779e+02 5.762849652703028874e-02 6.052606760317164003e+01
8.939167876249592837e+02 5.778600762435185528e-02 6.040871932600719418e+01
8.921918415736524821e+02 5.794351872167342876e-02 6.029215167305734013e+01
8.904782332382147843e+02 5.810102981899500224e-02 6.017635019533235408e+01
8.887757339335271354e+02 5.825854091631657572e-02 6.006129943884880618e+01
8.870840696517523156e+02 5.841605201363814920e-02 5.994698088682441295e+01
8.854029635863445264e+02 5.857356311095971574e-02 5.983337583334703424e+01
8.837321443201419697e+02 5.873107420828128922e-02 5.972046593670587811e+01
8.820713457156921322e+02 5.888858530560286270e-02 5.960823321198015634e+01
8.804203068083581911e+02 5.904609640292443618e-02 5.949666002381523811e+01
8.787787717020909213e+02 5.920360750024600272e-02 5.938572907937939505e+01
8.771464894678534847e+02 5.936111859756757619e-02 5.927542342149946819e+01
8.755232140445473306e+02 5.951862969488914967e-02 5.916572642196572929e+01
8.739087041424527342e+02 5.967614079221072315e-02 5.905662177500656185e+01
8.723027231489917313e+02 5.983365188953229663e-02 5.894809349092024320e+01
8.707050390368884791e+02 5.999116298685386317e-02 5.884012588986858816e+01
8.691154242745084275e+02 6.014867408417543665e-02 5.873270359581790245e+01
8.675336557384450771e+02 6.030618518149701013e-02 5.862581153063180750e+01
8.659595146281994857e+02 6.046369627881858361e-02 5.851943490830546324e+01
8.643927863829213720e+02 6.062120737614015015e-02 5.841355922933918521e+01
8.628332606001616796e+02 6.077871847346172363e-02 5.830817027524793161e+01
8.612807309565698688e+02 6.093622957078329710e-02 5.820325410320219106e+01
8.597349949225387036e+02 6.109374066810487058e-02 5.809879702674437851e+01
8.581958312252669430e+02 6.125125176542643712e-02 5.799478409279745961e+01
8.566629803716589322e+02 6.140876286274801060e-02 5.789119776545007312e+01
8.551361834073476302e+02 6.156627396006958408e-02 5.778802054519680809e+01
8.536151866265099670e+02 6.172378505739115756e-02 5.768523528721599547e+01
8.520997414737493045e+02 6.188129615471273104e-02 5.758282519473938521e+01
8.505896044484629783e+02 6.203880725203429758e-02 5.748077381258926977e+01
8.490845370115380319e+02 6.219631834935587106e-02 5.737906502087333394e+01
8.475843054943671859e+02 6.235382944667744454e-02 5.727768302883626461e+01
8.460886810100871571e+02 6.251134054399902495e-02 5.717661236886126375e+01
8.445974393669880556e+02 6.266885164132059149e-02 5.707583789061865076e+01
8.431103609840037052e+02 6.282636273864215803e-02 5.697534475535473319e+01
8.416272308082276368e+02 6.298387383596373845e-02 5.687511843031789738e+01
8.401478382344275815e+02 6.314138493328530499e-02 5.677514468331946773e+01
8.386719770264272711e+02 6.329889603060687153e-02 5.667540957742096452e+01
8.371994452403903324e+02 6.345640712792845195e-02 5.657589946574975670e+01
8.357300451498574603e+02 6.361391822525001849e-02 5.647660098643328297e+01
8.342635831725553999e+02 6.377142932257158503e-02 5.637750105765304909e+01
8.327998697988822414e+02 6.392894041989316545e-02 5.627858687281166539e+01
8.313387195220498143e+02 6.408645151721473199e-02 5.617984589581222821e+01
8.298799501574976603e+02 6.424396261453631241e-02 5.608126581506586206e+01
8.284233618176770051e+02 6.440147371185787895e-02 5.598283312265881762e+01
8.269687321573072722e+02 6.455898480917944549e-02 5.588453279303862331e+01
8.255158419527970182e+02 6.471649590650102590e-02 5.578635001160886731e+01
8.240644767259494756e+02 6.487400700382259244e-02 5.568827028445541316e+01
8.226144266657237267e+02 6.503151810114417286e-02 5.559027943305910213e+01
8.211654865518319184e+02 6.518902919846573940e-02 5.549236358913268674e+01
8.197174556800994196e+02 6.534654029578730594e-02 5.539450918957687975e+01
8.182701377895384667e+02 6.550405139310888636e-02 5.529670297155216474e+01
8.168233409910995988e+02 6.566156249043045290e-02 5.519893196766391696e+01
8.153768776980019766e+02 6.581907358775203332e-02 5.510118350125432585e+01
8.139305645576617962e+02 6.597658468507359986e-02 5.500344518180241238e+01
8.124842223850810115e+02 6.613409578239516640e-02 5.490570490042239271e+01
8.110376760977571848e+02 6.629160687971674681e-02 5.480795082546514152e+01
8.095907546519659945e+02 6.644911797703831335e-02 5.471017139821239539e+01
8.081432909804265137e+02 6.660662907435987989e-02 5.461235532866422915e+01
8.066951219313228876e+02 6.676414017168146031e-02 5.451449159141822776e+01
8.052460882085872527e+02 6.692165126900302685e-02 5.441656942163413646e+01
8.037960343134412824e+02 6.707916236632460727e-02 5.431857831108324319e+01
8.023448084871629362e+02 6.723667346364617381e-02 5.422050800428073103e+01
8.008922626550078121e+02 6.739418456096774035e-02 5.412234849469599851e+01
7.994382516872819906e+02 6.755169565828932077e-02 5.402408997481783359e+01
7.979826218454394393e+02 6.770920675561088731e-02 5.392572205536968255e+01
7.965252126991150590e+02 6.786671785293246772e-02 5.382723389485826715e+01
7.950658674369364007e+02 6.802422895025403426e-02 5.372861489635290866e+01
7.936044331598213830e+02 6.818174004757560080e-02 5.362985472730608905e+01
7.921407608246825021e+02 6.833925114489718122e-02 5.353094331574889253e+01
7.906747051891978799e+02 6.849676224221874776e-02 5.343187084655899355e+01
7.892061247576939422e+02 6.865427333954032818e-02 5.333262775780339382e+01
7.877348817280792446e+02 6.881178443686189472e-02 5.323320473715237711e+01
7.862608419397795387e+02 6.896929553418346126e-02 5.313359271836105790e+01
7.847838748226781718e+02 6.912680663150504168e-02 5.303378287781897882e+01
7.833038533469895128e+02 6.928431772882660822e-02 5.293376663116265490e+01
7.818206539740708649e+02 6.944182882614817476e-02 5.283353562995144159e+01
7.803341566081112433e+02 6.959933992346975518e-02 5.273308175840296741e+01
7.788442445487073655e+02 6.975685102079132172e-02 5.263239713018820254e+01
7.773508044442651226e+02 6.991436211811290213e-02 5.253147408528248263e+01
7.758537262462174340e+02 7.007187321543446867e-02 5.243030518687167074e+01
7.743529031640163112e+02 7.022938431275603521e-02 5.232888321831062939e+01
7.728482316209156124e+02 7.038689541007761563e-02 5.222720118013513257e+01
7.713396112104727536e+02 7.054440650739918217e-02 5.212525228712232916e+01
7.698269446537557315e+02 7.070191760472076259e-02 5.202302996539892632e+01
7.683101377572704678e+02 7.085942870204232913e-02 5.192052784959800960e+01
7.667890996871759626e+02 7.101693979936389567e-02 5.181773980138977720e+01
7.652637468235467395e+02 7.117445089668547609e-02 5.171466016994342851e+01
7.637340014146365093e+02 7.133196199400704263e-02 5.161128370098526119e+01
7.621997885383071889e+02 7.148947309132862304e-02 5.150760533145965070e+01
7.606610359987962511e+02 7.164698418865018958e-02 5.140362018255280674e+01
7.591176742901502621e+02 7.180449528597175612e-02 5.129932355722171877e+01
7.575696365601706930e+02 7.196200638329333654e-02 5.119471093775759840e+01
7.560168585748909891e+02 7.211951748061490308e-02 5.108977798338541731e+01
7.544592786835162315e+02 7.227702857793646962e-02 5.098452052789465228e+01
7.528968377838588140e+02 7.243453967525805004e-02 5.087893457730337587e+01
7.513294792882229558e+02 7.259205077257961658e-02 5.077301630755293615e+01
7.497571490897464628e+02 7.274956186990119700e-02 5.066676206223338852e+01
7.481797955291808648e+02 7.290707296722276354e-02 5.056016835033850043e+01
7.465973693620775293e+02 7.306458406454433008e-02 5.045323184404842465e+01
7.450098237264077170e+02 7.322209516186591050e-02 5.034594937654133417e+01
7.434171141105704237e+02 7.337960625918747704e-02 5.023831793983170257e+01
7.418191983217941470e+02 7.353711735650905745e-02 5.013033468263473935e+01
7.402160364549052929e+02 7.369462845383062399e-02 5.002199690825604250e+01
7.386075908614807304e+02 7.385213955115219053e-02 4.991330207250685191e+01
7.369938261193458402e+02 7.400965064847377095e-02 4.980424778164287858e+01
7.353747090024214685e+02 7.416716174579533749e-02 4.969483179032663145e+01
7.337502084509106908e+02 7.432467284311691791e-02 4.958505199961268772e+01
7.321202955418253850e+02 7.448218394043848445e-02 4.947490645495592076e+01
7.304849446945655700e+02 7.463969503776005099e-02 4.936439342768174754e+01
7.288441525362758284e+02 7.479720613508163141e-02 4.925351268986072029e+01
7.271979336727569034e+02 7.495471723240319795e-02 4.914226522851734558e+01
7.255463043979675604e+02 7.511222832972476449e-02 4.903065214475766709e+01
7.238892821856934461e+02 7.526973942704634490e-02 4.891867461941754414e+01
7.222268856701525692e+02 7.542725052436791144e-02 4.880633391175207692e+01
7.205591346268349753e+02 7.558476162168949186e-02 4.869363135814069210e+01
7.188860499534509927e+02 7.574227271901105840e-02 4.858056837079973889e+01
7.172076536511075346e+02 7.589978381633262494e-02 4.846714643651045407e+01
7.155239688056101386e+02 7.605729491365420536e-02 4.835336711535538257e+01
7.138350195689575912e+02 7.621480601097577190e-02 4.823923203946772276e+01
7.121408311409836642e+02 7.637231710829735232e-02 4.812474291179091779e+01
7.104414297511749510e+02 7.652982820561891886e-02 4.800990150484972929e+01
7.087368426406339950e+02 7.668733930294048540e-02 4.789470965953158554e+01
7.070270980442106747e+02 7.684485040026206581e-02 4.777916928387882933e+01
7.053122251727813818e+02 7.700236149758363235e-02 4.766328235189135398e+01
7.035922541956914529e+02 7.715987259490521277e-02 4.754705090234003961e+01
7.018672162233324343e+02 7.731738369222677931e-02 4.743047703758936251e+01
7.001371432898920375e+02 7.747489478954834585e-02 4.731356292243173556e+01
6.984020683362343789e+02 7.763240588686992627e-02 4.719631078293048887e+01
6.966620251929304004e+02 7.778991698419149281e-02 4.707872290527328119e+01
6.949170485634374472e+02 7.794742808151305935e-02 4.696080163463516044e+01
6.931671740074273202e+02 7.810493917883463977e-02 4.684254937405214747e+01
6.914124379242389296e+02 7.826245027615620631e-02 4.672396858330297675e+01
6.896528779769021185e+02 7.841996137347778673e-02 4.660506180756341621e+01
6.878885566199884352e+02 7.857747247079935327e-02 4.648583326736130772e+01
6.861195722895662357e+02 7.873498356812091981e-02 4.636628961476642274e+01
6.843460257777023799e+02 7.889249466544250022e-02 4.624643766106112253e+01
6.825680172491377107e+02 7.905000576276406676e-02 4.612628417513469969e+01
6.807856462398466419e+02 7.920751686008564718e-02 4.600583588338581364e+01
6.789990116556717794e+02 7.936502795740721372e-02 4.588509946963043262e+01
6.772082117710685907e+02 7.952253905472878026e-02 4.576408157501692386e+01
6.754133442279069186e+02 7.968005015205036068e-02 4.564278879794503752e+01
6.736145060343876594e+02 7.983756124937192722e-02 4.552122769399272073e+01
6.718117935640175347e+02 7.999507234669350764e-02 4.539940477584681844e+01
6.700053025546818617e+02 8.015258344401507418e-02 4.527732651324045321e+01
6.681951281077923568e+02 8.031009454133664072e-02 4.515499933289540735e+01
6.663813646875216818e+02 8.046760563865822113e-02 4.503242961847040959e+01
6.645641061200992681e+02 8.062511673597978767e-02 4.490962371051348612e+01
6.627434455932121864e+02 8.078262783330135421e-02 4.478658790642163012e+01
6.609194756554611558e+02 8.094013893062293463e-02 4.466332846040381810e+01
6.590922882159003393e+02 8.109765002794450117e-02 4.453985158345008699e+01
6.572619745436470566e+02 8.125516112526608159e-02 4.441616344330510202e+01
6.554286252675741480e+02 8.141267222258764813e-02 4.429227016444738041e+01
6.535923303760663430e+02 8.157018331990921467e-02 4.416817782807277126e+01
6.517531792168517768e+02 8.172769441723079509e-02 4.404389247208312241e+01
6.499112604968922824e+02 8.188520551455236163e-02 4.391942009107885525e+01
6.480666622823727039e+02 8.204271661187394205e-02 4.379476663635828970e+01
6.462194719987131748e+02 8.220022770919550859e-02 4.366993801591835478e+01
6.443697764306962199e+02 8.235773880651707513e-02 4.354494009446329272e+01
6.425176703612482925e+02 8.251524990383865554e-02 4.341977927719243979e+01
6.406632979126179634e+02 8.267276100116022208e-02 4.329446530353634159e+01
6.388068192833262628e+02 8.283027209848178862e-02 4.316900899932085878e+01
6.369483923082698311e+02 8.298778319580336904e-02 4.304342103064387715e+01
6.350881724536986894e+02 8.314529429312493558e-02 4.291771190353595244e+01
6.332263128377140902e+02 8.330280539044651600e-02 4.279189196534542106e+01
6.313629642508506095e+02 8.346031648776808254e-02 4.266597140612937977e+01
6.294982751767175841e+02 8.361782758508964908e-02 4.253996026004848119e+01
6.276323918127231991e+02 8.377533868241122950e-02 4.241386840676750580e+01
6.257654580908550770e+02 8.393284977973279604e-02 4.228770557285965026e+01
6.238976156984938370e+02 8.409036087705437645e-02 4.216148133321294011e+01
6.220290040992882723e+02 8.424787197437594299e-02 4.203520511244116875e+01
6.201597605540495124e+02 8.440538307169750953e-02 4.190888618629561080e+01
6.182900201416689470e+02 8.456289416901908995e-02 4.178253368307876059e+01
6.164199157800726425e+02 8.472040526634065649e-02 4.165615658506028751e+01
6.145495782471606390e+02 8.487791636366223691e-02 4.152976372989225240e+01
6.126791362017780784e+02 8.503542746098380345e-02 4.140336381202596527e+01
6.108087162046571166e+02 8.519293855830536999e-02 4.127696538412749305e+01
6.089384427393753185e+02 8.535044965562695041e-02 4.115057685849386360e+01
6.070684382332808582e+02 8.550796075294851695e-02 4.102420650846702443e+01
6.051988230783978224e+02 8.566547185027008349e-02 4.089786246984677121e+01
6.033297156523224203e+02 8.582298294759166390e-02 4.077155274230276660e+01
6.014612323390670099e+02 8.598049404491323044e-02 4.064528519078303503e+01
5.995934875498704741e+02 8.613800514223481086e-02 4.051906754692049617e+01
5.977265937439753998e+02 8.629551623955637740e-02 4.039290741043686239e+01
5.958606614493415918e+02 8.645302733687794394e-02 4.026681225054244351e+01
5.939957992957836268e+02 8.661053843419952436e-02 4.014078940817557140e+01
5.921321307010026658e+02 8.676804953152109090e-02 4.001484722360384438e+01
5.902698261659552372e+02 8.692556062884267132e-02 3.988899721886668459e+01
5.884090618848520080e+02 8.708307172616423786e-02 3.976325130073968950e+01
5.865500104889907789e+02 8.724058282348580440e-02 3.963762113522555097e+01
5.846928410905325109e+02 8.739809392080738482e-02 3.951211815051217968e+01
5.828377193262512037e+02 8.755560501812895136e-02 3.938675353992938000e+01
5.809848074011956669e+02 8.771311611545053177e-02 3.926153826489925791e+01
5.791342641322808049e+02 8.787062721277209831e-02 3.913648305788215254e+01
5.772862449917748791e+02 8.802813831009366485e-02 3.901159842531527744e+01
5.754409021506728550e+02 8.818564940741524527e-02 3.888689465054383021e+01
5.735983845219511750e+02 8.834316050473681181e-02 3.876238179674411555e+01
5.717588378036582526e+02 8.850067160205837835e-02 3.863806970983536360e+01
5.699224045218763877e+02 8.865818269937995877e-02 3.851396802138305731e+01
5.680892240734897314e+02 8.881569379670152531e-02 3.839008615148919290e+01
5.662594327687864961e+02 8.897320489402310573e-02 3.826643331167099404e+01
5.644331638738584616e+02 8.913071599134467227e-02 3.814301850772637437e+01
5.626105476528010740e+02 8.928822708866623881e-02 3.801985054258568653e+01
5.607917114096975411e+02 8.944573818598781922e-02 3.789693801914875593e+01
5.589767795303683897e+02 8.960324928330938576e-02 3.777428934310642461e+01
5.571658735239009275e+02 8.976076038063096618e-02 3.765191272574684689e+01
5.553591120639202927e+02 8.991827147795253272e-02 3.752981618674460407e+01
5.535566110296034594e+02 9.007578257527409926e-02 3.740800755693220481e+01
5.517584835464523394e+02 9.023329367259567968e-02 3.728649448105561248e+01
5.499648400267656143e+02 9.039080476991724622e-02 3.716528442050897496e+01
5.481757882098587515e+02 9.054831586723882664e-02 3.704438465605288400e+01
5.463914332019812718e+02 9.070582696456039318e-02 3.692380229051165230e+01
5.446118775159501411e+02 9.086333806188195972e-02 3.680354425145181807e+01
5.428372211104789358e+02 9.102084915920354014e-02 3.668361729383975245e+01
5.410675694327295560e+02 9.117836025652510668e-02 3.656402854353783738e+01
5.393030618902522519e+02 9.133587135384667322e-02 3.644478742136880101e+01
5.375438448825765363e+02 9.149338245116825363e-02 3.632590382065628631e+01
5.357900611434301936e+02 9.165089354848982017e-02 3.620738738699797921e+01
5.340418497979197809e+02 9.180840464581140059e-02 3.608924752212972464e+01
5.322993464202909308e+02 9.196591574313296713e-02 3.597149338782884342e+01
5.305626830913154208e+02 9.212342684045453367e-02 3.585413390979220338e+01
5.288319884552533949e+02 9.228093793777611409e-02 3.573717778148560598e+01
5.271073877764446252e+02 9.243844903509768063e-02 3.562063346796801255e+01
5.253890029954386591e+02 9.259596013241926105e-02 3.550450920968478385e+01
5.236769527847186509e+02 9.275347122974082759e-02 3.538881302623330072e+01
5.219713526039569160e+02 9.291098232706239413e-02 3.527355272009700826e+01
5.202723147548305178e+02 9.306849342438397454e-02 3.515873588034975228e+01
5.185799484353710795e+02 9.322600452170554108e-02 3.504436988632847516e+01
5.168943597938233552e+02 9.338351561902712150e-02 3.493046191127310607e+01
5.152156519820415497e+02 9.354102671634868804e-02 3.481701892593469694e+01
5.135439252083815518e+02 9.369853781367025458e-02 3.470404770214987167e+01
5.118792767901013008e+02 9.385604891099183500e-02 3.459155481638187979e+01
5.102218012052498466e+02 9.401356000831340154e-02 3.447954665322721013e+01
5.085715901440574953e+02 9.417107110563496808e-02 3.436802940888827607e+01
5.069287325597903191e+02 9.432858220295654850e-02 3.425700909461016153e+01
5.052933147191089915e+02 9.448609330027811504e-02 3.414649154008370147e+01
5.036654202518804482e+02 9.464360439759969545e-02 3.403648239681159282e+01
5.020451302004627792e+02 9.480111549492126199e-02 3.392698714143904226e+01
5.004325230684665939e+02 9.495862659224282853e-02 3.381801107904883708e+01
4.988276748689669375e+02 9.511613768956440895e-02 3.370955934641943941e+01
4.972306591721861082e+02 9.527364878688597549e-02 3.360163691524733309e+01
4.956415471526232182e+02 9.543115988420755591e-02 3.349424859533176146e+01
4.940604076356503356e+02 9.558867098152912245e-02 3.338739903772377460e+01
4.924873073010181201e+02 9.574618207885068899e-02 3.328109274847852106e+01
4.909223180772899582e+02 9.590369317617226941e-02 3.317533458835314519e+01
4.893655201174069589e+02 9.606120427349383595e-02 3.307012997388814313e+01
4.878169918025330958e+02 9.621871537081541637e-02 3.296548420189169093e+01
4.862768089716220743e+02 9.637622646813698291e-02 3.286140239737560620e+01
4.847450449726021020e+02 9.653373756545854945e-02 3.275788951701419194e+01
4.832217707129753421e+02 9.669124866278012986e-02 3.265495035256375900e+01
4.817070547098027191e+02 9.684875976010169640e-02 3.255258953424040413e+01
4.802009631390910158e+02 9.700627085742326294e-02 3.245081153405752161e+01
4.787035598845662889e+02 9.716378195474484336e-02 3.234962066912167700e+01
4.772149065858502581e+02 9.732129305206640990e-02 3.224902110488840634e+01
4.757350626860188640e+02 9.747880414938799032e-02 3.214901685837602230e+01
4.742640854785650504e+02 9.763631524670955686e-02 3.204961180133919640e+01
4.728020301537436580e+02 9.779382634403112340e-02 3.195080966340096040e+01
4.713489498443217940e+02 9.795133744135270382e-02 3.185261403514428835e+01
4.699048956707154048e+02 9.810884853867427036e-02 3.175502837116240329e+01
4.684699167855238784e+02 9.826635963599585077e-02 3.165805599306824192e+01
4.670440604174767145e+02 9.842387073331741731e-02 3.156170009246433139e+01
4.656273719147504266e+02 9.858138183063898385e-02 3.146596373386999090e+01
4.642198947877269006e+02 9.873889292796056427e-02 3.137084985761082834e+01
4.628216707511202799e+02 9.889640402528213081e-02 3.127636128266566118e+01
4.614327397655362688e+02 9.905391512260371123e-02 3.118250070947487629e+01
4.600531400784347511e+02 9.921142621992527777e-02 3.108927072270866887e+01
4.586829082644961204e+02 9.936893731724684431e-02 3.099667379399486933e+01
4.573220792654214506e+02 9.952644841456842473e-02 3.090471228460851094e+01
4.559706864291419492e+02 9.968395951188999127e-02 3.081338844812156808e+01
4.546287615484546336e+02 9.984147060921155781e-02 3.072270443301386322e+01
4.532963348990874124e+02 9.999898170653313823e-02 3.063266228524529922e+01
4.519734352771998260e+02 1.001564928038547048e-01 3.054326395079025147e+01
4.506600900363112601e+02 1.003140039011762852e-01 3.045451127813289816e+01
4.493563251236774931e+02 1.004715149984978517e-01 3.036640602072561990e+01
4.480621650449957087e+02 1.006290260958194183e-01 3.027894983460372558e+01
4.467776255008037651e+02 1.007865371931409987e-01 3.019214378077134242e+01
4.455027071608737401e+02 1.009440482904625652e-01 3.010598790449001783e+01
4.442374083555160382e+02 1.011015593877841456e-01 3.002048209292620840e+01
4.429817266448528130e+02 1.012590704851057122e-01 2.993562618119890217e+01
4.417356588421346260e+02 1.014165815824272787e-01 2.985141995395535730e+01
4.404992010366620434e+02 1.015740926797488591e-01 2.976786314691998925e+01
4.392723486163022812e+02 1.017316037770704257e-01 2.968495544841613309e+01
4.380550962895894145e+02 1.018891148743920061e-01 2.960269650085940896e+01
4.368474381074450434e+02 1.020466259717135726e-01 2.952108590222555762e+01
4.356493674845053192e+02 1.022041370690351392e-01 2.944012320749174805e+01
4.344608772200584781e+02 1.023616481663567196e-01 2.935980793005143141e+01
4.332819595186155084e+02 1.025191592636782861e-01 2.928013954310443268e+01
4.321126060100892801e+02 1.026766703609998527e-01 2.920111748102064908e+01
4.309528077696260198e+02 1.028341814583214331e-01 2.912274114068017639e+01
4.298025553370624152e+02 1.029916925556429996e-01 2.904500988278826412e+01
4.286618387360214228e+02 1.031492036529645800e-01 2.896792303316561856e+01
4.275306474926701981e+02 1.033067147502861466e-01 2.889147988401613532e+01
4.264089706541163309e+02 1.034642258476077131e-01 2.881567969517000805e+01
4.252967968064740489e+02 1.036217369449292935e-01 2.874052169530467182e+01
4.241941140925877107e+02 1.037792480422508601e-01 2.866600508314239804e+01
4.231009102294203785e+02 1.039367591395724405e-01 2.859212902862546102e+01
4.220171725251296948e+02 1.040942702368940070e-01 2.851889267407008433e+01
4.209428878958066775e+02 1.042517813342155736e-01 2.844629513529755727e+01
4.198780428819105737e+02 1.044092924315371540e-01 2.837433550274488425e+01
4.188226236643812967e+02 1.045668035288587205e-01 2.830301284255367378e+01
4.177766160804621904e+02 1.047243146261803010e-01 2.823232619763928852e+01
4.167400056392056058e+02 1.048818257235018675e-01 2.816227458873881062e+01
4.157127775366844844e+02 1.050393368208234340e-01 2.809285701543890568e+01
4.146949166709218275e+02 1.051968479181450145e-01 2.802407245718470818e+01
4.136864076565285586e+02 1.053543590154665810e-01 2.795591987426914571e+01
4.126872348390540424e+02 1.055118701127881475e-01 2.788839820880252773e+01
4.116973823090644373e+02 1.056693812101097280e-01 2.782150638566410805e+01
4.107168322233482627e+02 1.058268923074312945e-01 2.775524319905308701e+01
4.097455380626738020e+02 1.059844034047528749e-01 2.768960550531309295e+01
4.087834300267152798e+02 1.061419145020744415e-01 2.762458858750808588e+01
4.078304383646407132e+02 1.062994255993960080e-01 2.756018773204676720e+01
4.068864940969785380e+02 1.064569366967175884e-01 2.749639827746441867e+01
4.059515290067147362e+02 1.066144477940391549e-01 2.743321561382139606e+01
4.050254756305074579e+02 1.067719588913607354e-01 2.737063518210935698e+01
4.041082672500013473e+02 1.069294699886823019e-01 2.730865247366434545e+01
4.031998378832852268e+02 1.070869810860038684e-01 2.724726302958951507e+01
4.023001222764397653e+02 1.072444921833254489e-01 2.718646244018392011e+01
4.014090558952037782e+02 1.074020032806470154e-01 2.712624634437936422e+01
4.005265749167572835e+02 1.075595143779685958e-01 2.706661042918512550e+01
3.996526162216069338e+02 1.077170254752901624e-01 2.700755042913955961e+01
3.987871173855775169e+02 1.078745365726117289e-01 2.694906212576895044e+01
3.979300166719123126e+02 1.080320476699333093e-01 2.689114134705364378e+01
3.970812530234790643e+02 1.081895587672548759e-01 2.683378396690134693e+01
3.962407660550756532e+02 1.083470698645764424e-01 2.677698590462718187e+01
3.954084960458351361e+02 1.085045809618980228e-01 2.672074312444038924e+01
3.945843839317356014e+02 1.086620920592195894e-01 2.666505163493825137e+01
3.937683712982043289e+02 1.088196031565411698e-01 2.660990748860619703e+01
3.929604003728240968e+02 1.089771142538627363e-01 2.655530678132500100e+01
3.921604140181262323e+02 1.091346253511843029e-01 2.650124565188366077e+01
3.913683557244904136e+02 1.092921364485058833e-01 2.644772028149967724e+01
3.905841696031218362e+02 1.094496475458274498e-01 2.639472689334442634e+01
3.898078003791364381e+02 1.096071586431490302e-01 2.634226175207587062e+01
3.890391933847246264e+02 1.097646697404705968e-01 2.629032116337656433e+01
3.882782945524119214e+02 1.099221808377921633e-01 2.623890147349828439e+01
3.875250504083956002e+02 1.100796919351137437e-01 2.618799906881167061e+01
3.867794080659875249e+02 1.102372030324353103e-01 2.613761037536315612e+01
3.860413152191245558e+02 1.103947141297568907e-01 2.608773185843638487e+01
3.853107201359682676e+02 1.105522252270784572e-01 2.603836002211970424e+01
3.845875716525968642e+02 1.107097363244000238e-01 2.598949140887989984e+01
3.838718191667651922e+02 1.108672474217216042e-01 2.594112259914049190e+01
3.831634126317513278e+02 1.110247585190431707e-01 2.589325021086589373e+01
3.824623024657361157e+02 1.111822696163647373e-01 2.584587089343753519e+01
3.817684221869223506e+02 1.113397807136863177e-01 2.579898015417747459e+01
3.810816675550109949e+02 1.114972918110078842e-01 2.575257094878018904e+01
3.804019305632101577e+02 1.116548029083294646e-01 2.570663597840974290e+01
3.797291046622843282e+02 1.118123140056510312e-01 2.566116804272829199e+01
3.790630847353083368e+02 1.119698251029725977e-01 2.561616003819007048e+01
3.784037670729434240e+02 1.121273362002941781e-01 2.557160495637053899e+01
3.777510493492293335e+02 1.122848472976157447e-01 2.552749588233053046e+01
3.771048305978884514e+02 1.124423583949373251e-01 2.548382599301492135e+01
3.764650111891177175e+02 1.125998694922588916e-01 2.544058855568425059e+01
3.758314928068631957e+02 1.127573805895804582e-01 2.539777692637906981e+01
3.752041784265766182e+02 1.129148916869020386e-01 2.535538454841671197e+01
3.745829722934137180e+02 1.130724027842236051e-01 2.531340495091800236e+01
3.739677799009053842e+02 1.132299138815451855e-01 2.527183174736594751e+01
3.733585079700500273e+02 1.133874249788667521e-01 2.523065863419279964e+01
3.727550644288553485e+02 1.135449360761883186e-01 2.518987938939758209e+01
3.721573583922788089e+02 1.137024471735098990e-01 2.514948787119044837e+01
3.715653001426039168e+02 1.138599582708314656e-01 2.510947801666664247e+01
3.709788011101976508e+02 1.140174693681530321e-01 2.506984384050608838e+01
3.703977738546755631e+02 1.141749804654746125e-01 2.503057943370056293e+01
3.698221320464466544e+02 1.143324915627961791e-01 2.499167896230656538e+01
3.692517904486318230e+02 1.144900026601177595e-01 2.495313666622341486e+01
3.686866648993558329e+02 1.146475137574393260e-01 2.491494685799655429e+01
3.681266722943922218e+02 1.148050248547608926e-01 2.487710392164477113e+01
3.675717305701700752e+02 1.149625359520824730e-01 2.483960231151180409e+01
3.670217586871100366e+02 1.151200470494040395e-01 2.480243655114025358e+01
3.664766766133118381e+02 1.152775581467256200e-01 2.476560123216922804e+01
3.659364053085629394e+02 1.154350692440471865e-01 2.472909101325368653e+01
3.654008667086707192e+02 1.155925803413687530e-01 2.469290061900559863e+01
3.648699837101081016e+02 1.157500914386903335e-01 2.465702483895639574e+01
3.643436801549691495e+02 1.159076025360119000e-01 2.462145852654029810e+01
3.638218808162295090e+02 1.160651136333334804e-01 2.458619659809819424e+01
3.633045113832920379e+02 1.162226247306550470e-01 2.455123403190094322e+01
3.627914984478319980e+02 1.163801358279766135e-01 2.451656586719273889e+01
3.622827694899181097e+02 1.165376469252981939e-01 2.448218720325324682e+01
3.617782528644067952e+02 1.166951580226197605e-01 2.444809319847815487e+01
3.612778777847506717e+02 1.168526691199413270e-01 2.441427906928500846e+01
3.607815656668477686e+02 1.170101802172629074e-01 2.438073950515157762e+01
3.602892112609469564e+02 1.171676913145844739e-01 2.434746739355603040e+01
3.598007051239121097e+02 1.173252024119060544e-01 2.431445533859778863e+01
3.593159391760876247e+02 1.174827135092276209e-01 2.428169603651695851e+01
3.588348066802446965e+02 1.176402246065491874e-01 2.424918227427157902e+01
3.583572022210564114e+02 1.177977357038707679e-01 2.421690692815058910e+01
3.578830216850824399e+02 1.179552468011923344e-01 2.418486296242128120e+01
3.574121622412540091e+02 1.181127578985139148e-01 2.415304342801047355e+01
3.569445223218529009e+02 1.182702689958354814e-01 2.412144146121913124e+01
3.564800016039566231e+02 1.184277800931570479e-01 2.409005028246852120e+01
3.560185009913574277e+02 1.185852911904786283e-01 2.405886319507825633e+01
3.555599225969314148e+02 1.187428022878001949e-01 2.402787358407491780e+01
3.551041697254476048e+02 1.189003133851217753e-01 2.399707491503030710e+01
3.546511468568089640e+02 1.190578244824433418e-01 2.396646073292889767e+01
3.542007596297204941e+02 1.192153355797649084e-01 2.393602466106420579e+01
3.537529148257565339e+02 1.193728466770864888e-01 2.390576039996207669e+01
3.533075203538421079e+02 1.195303577744080553e-01 2.387566172633191997e+01
3.528644852351150689e+02 1.196878688717296219e-01 2.384572249204384420e+01
3.524237195881697176e+02 1.198453799690512023e-01 2.381593662313136406e+01
3.519851346146807600e+02 1.200028910663727688e-01 2.378629811881991429e+01
3.515486425853810033e+02 1.201604021636943492e-01 2.375680105057929126e+01
3.511141568263976751e+02 1.203179132610159158e-01 2.372743956120028130e+01
3.506815917059331014e+02 1.204754243583374823e-01 2.369820786389455236e+01
3.502508626212860463e+02 1.206329354556590627e-01 2.366910024141760260e+01
3.498218859861889314e+02 1.207904465529806293e-01 2.364011104521304674e+01
3.493945792184837842e+02 1.209479576503022097e-01 2.361123469457980661e+01
3.489688607280963311e+02 1.211054687476237762e-01 2.358246567585936049e+01
3.485446499053244906e+02 1.212629798449453428e-01 2.355379854164435827e+01
3.481218671094131878e+02 1.214204909422669232e-01 2.352522791000658842e+01
3.477004336574345871e+02 1.215780020395884897e-01 2.349674846374535875e+01
3.472802718134342967e+02 1.217355131369100563e-01 2.346835494965424118e+01
3.468613047778716236e+02 1.218930242342316367e-01 2.344004217780732802e+01
3.464434566773088022e+02 1.220505353315532032e-01 2.341180502086248438e+01
3.460266525543792113e+02 1.222080464288747836e-01 2.338363841338341231e+01
3.456108183580032005e+02 1.223655575261963502e-01 2.335553735117853336e+01
3.451958809338551077e+02 1.225230686235179167e-01 2.332749689065667553e+01
3.447817680150706678e+02 1.226805797208394971e-01 2.329951214819918093e+01
3.443684082118617766e+02 1.228380908181610637e-01 2.327157829945802803e+01
3.439557290839066468e+02 1.229956019154826441e-01 2.324369044909268922e+01
3.435436533389992064e+02 1.231531130128042106e-01 2.321584337388413743e+01
3.431321035657996390e+02 1.233106241101257772e-01 2.318803184256259442e+01
3.427210033049255458e+02 1.234681352074473576e-01 2.316025068818918697e+01
3.423102770400312806e+02 1.236256463047689241e-01 2.313249480755320064e+01
3.418998501891244928e+02 1.237831574020905046e-01 2.310475916058526025e+01
3.414896490961377253e+02 1.239406684994120711e-01 2.307703876978770552e+01
3.410796010227194870e+02 1.240981795967336376e-01 2.304932871967989527e+01
3.406696341402601433e+02 1.242556906940552180e-01 2.302162415625935665e+01
3.402596775221362009e+02 1.244132017913767846e-01 2.299392028647760355e+01
3.398496611361680380e+02 1.245707128886983511e-01 2.296621237773049984e+01
3.394395158372914238e+02 1.247282239860199315e-01 2.293849575736302882e+01
3.390291733604263982e+02 1.248857350833414981e-01 2.291076581218731789e+01
3.386185663135508435e+02 1.250432461806630924e-01 2.288301798801468578e+01
3.382076281709549335e+02 1.252007572779846589e-01 2.285524778919966593e+01
3.377962932666991378e+02 1.253582683753062255e-01 2.282745077819800272e+01
3.373844967882342871e+02 1.255157794726277920e-01 2.279962257513549062e+01
3.369721747702118364e+02 1.256732905699493585e-01 2.277175885738964212e+01
3.365592640884582920e+02 1.258308016672709251e-01 2.274385535918257872e+01
3.361457024541221585e+02 1.259883127645924916e-01 2.271590787118541144e+01
3.357314284079713502e+02 1.261458238619140859e-01 2.268791224013292407e+01
3.353163813148578356e+02 1.263033349592356525e-01 2.265986436844949381e+01
3.349005013583272330e+02 1.264608460565572190e-01 2.263176021388481729e+01
3.344837295353780746e+02 1.266183571538787855e-01 2.260359578915976897e+01
3.340660076513637478e+02 1.267758682512003521e-01 2.257536716162185542e+01
3.336472783150293822e+02 1.269333793485219464e-01 2.254707045290985690e+01
3.332274849336890270e+02 1.270908904458435129e-01 2.251870183862789077e+01
3.328065717085247002e+02 1.272484015431650795e-01 2.249025754802774912e+01
3.323844836300127099e+02 1.274059126404866460e-01 2.246173386369977010e+01
3.319611664734811711e+02 1.275634237378082125e-01 2.243312712127272945e+01
3.315365667947673387e+02 1.277209348351298068e-01 2.240443370912025856e+01
3.311106319260014175e+02 1.278784459324513734e-01 2.237565006807600199e+01
3.306833099714975219e+02 1.280359570297729399e-01 2.234677269115588061e+01
3.302545498037458174e+02 1.281934681270945064e-01 2.231779812328731438e+01
3.298243010595094233e+02 1.283509792244160730e-01 2.228872296104542272e+01
3.293925141360253406e+02 1.285084903217376673e-01 2.225954385239630540e+01
3.289591401872884262e+02 1.286660014190592338e-01 2.223025749644586924e+01
3.285241311204361523e+02 1.288235125163808004e-01 2.220086064319561459e+01
3.280874395922180611e+02 1.289810236137023669e-01 2.217135009330397821e+01
3.276490190249576244e+02 1.291385347110239334e-01 2.214172269916504376e+01
3.272088293122637310e+02 1.292960458083455277e-01 2.211197575048654684e+01
3.267668446628935612e+02 1.294535569056670943e-01 2.208210750435914349e+01
3.263230417654106077e+02 1.296110680029886608e-01 2.205211638545270603e+01
3.258773977707712675e+02 1.297685791003102274e-01 2.202200084968452742e+01
3.254298902901375641e+02 1.299260901976317939e-01 2.199175938407148578e+01
3.249804973927156766e+02 1.300836012949533882e-01 2.196139050658391412e+01
3.245291976036156143e+02 1.302411123922749547e-01 2.193089276600106885e+01
3.240759699017255002e+02 1.303986234895965213e-01 2.190026474176741900e+01
3.236207937176097289e+02 1.305561345869180878e-01 2.186950504385058736e+01
3.231636489314187770e+02 1.307136456842396544e-01 2.183861231260013369e+01
3.227045158708177155e+02 1.308711567815612486e-01 2.180758521860760979e+01
3.222433753089338211e+02 1.310286678788828152e-01 2.177642246256776559e+01
3.217802084623078827e+02 1.311861789762043817e-01 2.174512277514016745e+01
3.213149969888721103e+02 1.313436900735259483e-01 2.171368491681256074e+01
3.208477229859306590e+02 1.315012011708475148e-01 2.168210767776436754e+01
3.203783689881532837e+02 1.316587122681690813e-01 2.165038987773109014e+01
3.199069179655881499e+02 1.318162233654906756e-01 2.161853036587008248e+01
3.194333533216721435e+02 1.319737344628122422e-01 2.158652802062601950e+01
3.189576588912607917e+02 1.321312455601338087e-01 2.155438174959779829e+01
3.184798189386564786e+02 1.322887566574553753e-01 2.152209048940532199e+01
3.179998181556576355e+02 1.324462677547769418e-01 2.148965320555758751e+01
3.175176416596030435e+02 1.326037788520985361e-01 2.145706889232062053e+01
3.170332749914272199e+02 1.327612899494201026e-01 2.142433657258596824e+01
3.165467041137233082e+02 1.329188010467416692e-01 2.139145529773988841e+01
3.160579154088026144e+02 1.330763121440632357e-01 2.135842414753212637e+01
3.155668956767720488e+02 1.332338232413848023e-01 2.132524222994606689e+01
3.150736321336007109e+02 1.333913343387063966e-01 2.129190868106803336e+01
3.145781124091981837e+02 1.335488454360279631e-01 2.125842266495744681e+01
3.140803245454913508e+02 1.337063565333495296e-01 2.122478337351685340e+01
3.135802569945058167e+02 1.338638676306710962e-01 2.119099002636226103e+01
3.130778986164467028e+02 1.340213787279926627e-01 2.115704187069346531e+01
3.125732386777744978e+02 1.341788898253142570e-01 2.112293818116401667e+01
3.120662668492964258e+02 1.343364009226358236e-01 2.108867825975221422e+01
3.115569732042349074e+02 1.344939120199573901e-01 2.105426143563060393e+01
3.110453482163144940e+02 1.346514231172789566e-01 2.101968706503669537e+01
3.105313827578363544e+02 1.348089342146005232e-01 2.098495453114284359e+01
3.100150680977568527e+02 1.349664453119221175e-01 2.095006324392636898e+01
3.094963958997554982e+02 1.351239564092436840e-01 2.091501264003905902e+01
3.089753582203093742e+02 1.352814675065652505e-01 2.087980218267696131e+01
3.084519475067517078e+02 1.354389786038868171e-01 2.084443136144924935e+01
3.079261565953437980e+02 1.355964897012083836e-01 2.080889969224791969e+01
3.073979787685537985e+02 1.357540007985299779e-01 2.077320672111852318e+01
3.068674187120346346e+02 1.359115118958515445e-01 2.073735276470607758e+01
3.063345051463911091e+02 1.360690229931731110e-01 2.070133976387910479e+01
3.057992697939849336e+02 1.362265340904946775e-01 2.066516986235755127e+01
3.052617442293463910e+02 1.363840451878162441e-01 2.062884519387126403e+01
3.047219598784161576e+02 1.365415562851378384e-01 2.059236788210878188e+01
3.041799480177946862e+02 1.366990673824594049e-01 2.055574004066656713e+01
3.036357397740261490e+02 1.368565784797809715e-01 2.051896377300070284e+01
3.030893661228998326e+02 1.370140895771025380e-01 2.048204117237955657e+01
3.025408578887801809e+02 1.371716006744241045e-01 2.044497432183860397e+01
3.019902457439602017e+02 1.373291117717456711e-01 2.040776529413671270e+01
3.014375602080316980e+02 1.374866228690672654e-01 2.037041615171356312e+01
3.008828316472856841e+02 1.376441339663888319e-01 2.033292894664914385e+01
3.003260902741336054e+02 1.378016450637103985e-01 2.029530572062463634e+01
2.997673661465449868e+02 1.379591561610319650e-01 2.025754850488441150e+01
2.992066891675185616e+02 1.381166672583535315e-01 2.021965932020027523e+01
2.986440890845643708e+02 1.382741783556751258e-01 2.018164017683653810e+01
2.980795954892122950e+02 1.384316894529966924e-01 2.014349307451669802e+01
2.975132378165434375e+02 1.385892005503182589e-01 2.010522000239184237e+01
2.969450453447370251e+02 1.387467116476398254e-01 2.006682293901003433e+01
2.963750471946459015e+02 1.389042227449613920e-01 2.002830385228756427e+01
2.958032723293842992e+02 1.390617338422829863e-01 1.998966469948115687e+01
2.952297495539414740e+02 1.392192449396045528e-01 1.995090742716183740e+01
2.946545075148140427e+02 1.393767560369261194e-01 1.991203397119005558e+01
2.940775746996575890e+02 1.395342671342476859e-01 1.987304625669221991e+01
2.934989794369562901e+02 1.396917782315692524e-01 1.983394619803826942e+01
2.929187498957162461e+02 1.398492893288908467e-01 1.979473569882105366e+01
2.923369140851713155e+02 1.400068004262124133e-01 1.975541665183636297e+01
2.917534998545156668e+02 1.401643115235339798e-01 1.971599093906492328e+01
2.911685348926467327e+02 1.403218226208555464e-01 1.967646043165496650e+01
2.905820467279322088e+02 1.404793337181771129e-01 1.963682698990655595e+01
2.899940627279927412e+02 1.406368448154987072e-01 1.959709246325681420e+01
2.894046100995034863e+02 1.407943559128202737e-01 1.955725869026661456e+01
2.888137158880126663e+02 1.409518670101418403e-01 1.951732749860822125e+01
2.882214069777719487e+02 1.411093781074634068e-01 1.947730070505387090e+01
2.876277100915988285e+02 1.412668892047849734e-01 1.943718011546651070e+01
2.870326517907387824e+02 1.414244003021065677e-01 1.939696752479039787e+01
2.864362584747536857e+02 1.415819113994281342e-01 1.935666471704364966e+01
2.858385563814251782e+02 1.417394224967497007e-01 1.931627346531161393e+01
2.852395715866738897e+02 1.418969335940712673e-01 1.927579553174150817e+01
2.846393300044887837e+02 1.420544446913928338e-01 1.923523266753761973e+01
2.840378573868854346e+02 1.422119557887144281e-01 1.919458661295839619e+01
2.834351793238671462e+02 1.423694668860359946e-01 1.915385909731396907e+01
2.828313212434036927e+02 1.425269779833575612e-01 1.911305183896459070e+01
2.822263084169792933e+02 1.426844890806791277e-01 1.907216654569561598e+01
2.816201740397401636e+02 1.428420001780006943e-01 1.903120546075417963e+01
2.810129752033932959e+02 1.429995112753222608e-01 1.899017244225878542e+01
2.804047728481938861e+02 1.431570223726438551e-01 1.894907160840346094e+01
2.797956271950467340e+02 1.433145334699654216e-01 1.890790702877028906e+01
2.791855977485417384e+02 1.434720445672869882e-01 1.886668272453451323e+01
2.785747433000908586e+02 1.436295556646085547e-01 1.882540266867656698e+01
2.779631219311674499e+02 1.437870667619301213e-01 1.878407078620095660e+01
2.773507910166342754e+02 1.439445778592517156e-01 1.874269095436118704e+01
2.767378072281694017e+02 1.441020889565732821e-01 1.870126700289121402e+01
2.761242265377800891e+02 1.442596000538948486e-01 1.865980271424298209e+01
2.755101042213938172e+02 1.444171111512164152e-01 1.861830182382903587e+01
2.748954948625462293e+02 1.445746222485379817e-01 1.857676802027176421e+01
2.742804523561374594e+02 1.447321333458595760e-01 1.853520494565725940e+01
2.736650299122682100e+02 1.448896444431811426e-01 1.849361619579454086e+01
2.730492800601531371e+02 1.450471555405027091e-01 1.845200532047998010e+01
2.724332546520993219e+02 1.452046666378242756e-01 1.841037582376621984e+01
2.718170048675602288e+02 1.453621777351458422e-01 1.836873116423605623e+01
2.712005812172465653e+02 1.455196888324674365e-01 1.832707475528031793e+01
2.705840335473099572e+02 1.456771999297890030e-01 1.828540996538050578e+01
2.699674110435750549e+02 1.458347110271105695e-01 1.824374011839487153e+01
2.693507622358441154e+02 1.459922221244321361e-01 1.820206849384924652e+01
2.687341350022427378e+02 1.461497332217537026e-01 1.816039832723076586e+01
2.681175765736258541e+02 1.463072443190752969e-01 1.811873281028554317e+01
2.675011335380331730e+02 1.464647554163968635e-01 1.807707509131985546e+01
2.668848518451907808e+02 1.466222665137184300e-01 1.803542827550427674e+01
2.662687768110611159e+02 1.467797776110399965e-01 1.799379542518116182e+01
2.656529531224325638e+02 1.469372887083615631e-01 1.795217956017486927e+01
2.650374248415520810e+02 1.470947998056831574e-01 1.791058365810469866e+01
2.644222354107969863e+02 1.472523109030047239e-01 1.786901065470071970e+01
2.638074276573846078e+02 1.474098220003262905e-01 1.782746344412196038e+01
2.631930437981123418e+02 1.475673330976478570e-01 1.778594487927677292e+01
2.625791254441350020e+02 1.477248441949694235e-01 1.774445777214565112e+01
2.619657136057682010e+02 1.478823552922910178e-01 1.770300489410584888e+01
2.613528486973250438e+02 1.480398663896125844e-01 1.766158897625820146e+01
2.607405705419764672e+02 1.481973774869341509e-01 1.762021270975563070e+01
2.601289183766343172e+02 1.483548885842557175e-01 1.757887874613306067e+01
2.595179308568644387e+02 1.485123996815772840e-01 1.753758969763947562e+01
2.589076460618110218e+02 1.486699107788988505e-01 1.749634813757071683e+01
2.582981014991474353e+02 1.488274218762204448e-01 1.745515660060398133e+01
2.576893341100462749e+02 1.489849329735420114e-01 1.741401758313374870e+01
2.570813802741546965e+02 1.491424440708635779e-01 1.737293354360796371e+01
2.564742758145968082e+02 1.492999551681851444e-01 1.733190690286611257e+01
2.558680560029767435e+02 1.494574662655067110e-01 1.729094004447729205e+01
2.552627555644061772e+02 1.496149773628283053e-01 1.725003531507997323e+01
2.546584086825274085e+02 1.497724884601498718e-01 1.720919502472145268e+01
2.540550490045539505e+02 1.499299995574714384e-01 1.716842144719845464e+01
2.534527107701474335e+02 1.500875106547930049e-01 1.712771689634394434e+01
2.528514383025232348e+02 1.502450217521145714e-01 1.708708436741284586e+01
2.522512810665796792e+02 1.504025328494361657e-01 1.704652720312251191e+01
2.516522877968849343e+02 1.505600439467577323e-01 1.700604869683638753e+01
2.510545064432724871e+02 1.507175550440792988e-01 1.696565208888740273e+01
2.504579841787468979e+02 1.508750661414008654e-01 1.692534056711234314e+01
2.498627674074191418e+02 1.510325772387224319e-01 1.688511726738798302e+01
2.492689017724594009e+02 1.511900883360440262e-01 1.684498527416861791e+01
2.486764321640846163e+02 1.513475994333655927e-01 1.680494762102576090e+01
2.480854027275531166e+02 1.515051105306871593e-01 1.676500729118846778e+01
2.474958568711785745e+02 1.516626216280087258e-01 1.672516721808483453e+01
2.469078372743666705e+02 1.518201327253302924e-01 1.668543028588516819e+01
2.463213858956457614e+02 1.519776438226518867e-01 1.664579933004459988e+01
2.457365439807205405e+02 1.521351549199734532e-01 1.660627713784742454e+01
2.451533520705249316e+02 1.522926660172950197e-01 1.656686644895118476e+01
2.445718500092750389e+02 1.524501771146165863e-01 1.652756995593098921e+01
2.439920769525300557e+02 1.526076882119381528e-01 1.648839030482415424e+01
2.434140713752443617e+02 1.527651993092597471e-01 1.644933009567439441e+01
2.428378710798225200e+02 1.529227104065813136e-01 1.641039188307612307e+01
2.422635132041584143e+02 1.530802215039028802e-01 1.637157817671777238e+01
2.416910342296777685e+02 1.532377326012244467e-01 1.633289144192524134e+01
2.411204699893586678e+02 1.533952436985460133e-01 1.629433410020390838e+01
2.405518556757510567e+02 1.535527547958676076e-01 1.625590852978058365e+01
2.399852258489714814e+02 1.537102658931891741e-01 1.621761706614377729e+01
2.394206144446853273e+02 1.538677769905107406e-01 1.617946200258309730e+01
2.388580547820761240e+02 1.540252880878323072e-01 1.614144559072783025e+01
2.382975795717854623e+02 1.541827991851538737e-01 1.610357004108344725e+01
2.377392209238392411e+02 1.543403102824754403e-01 1.606583752356731054e+01
2.371830103555474807e+02 1.544978213797970346e-01 1.602825016804245806e+01
2.366289787993765685e+02 1.546553324771186011e-01 1.599081006484962408e+01
2.360771566108013246e+02 1.548128435744401676e-01 1.595351926533788323e+01
2.355275735761258318e+02 1.549703546717617342e-01 1.591637978239310414e+01
2.349802589202729166e+02 1.551278657690833007e-01 1.587939359096439773e+01
2.344352413145471417e+02 1.552853768664048950e-01 1.584256262858870379e+01
2.338925488843630092e+02 1.554428879637264616e-01 1.580588879591302032e+01
2.333522092169428390e+02 1.556003990610480281e-01 1.576937395721464341e+01
2.328142493689765331e+02 1.557579101583695946e-01 1.573301994091878875e+01
2.322786958742495358e+02 1.559154212556911612e-01 1.569682854011404416e+01
2.317455747512306061e+02 1.560729323530127555e-01 1.566080151306516122e+01
2.312149115106252850e+02 1.562304434503343220e-01 1.562494058372348427e+01
2.306867311628870993e+02 1.563879545476558885e-01 1.558924744223455150e+01
2.301610582256955695e+02 1.565454656449774551e-01 1.555372374544343295e+01
2.296379167313809546e+02 1.567029767422990216e-01 1.551837111739646957e+01
2.291173302343262606e+02 1.568604878396206159e-01 1.548319114984150779e+01
2.285993218183063789e+02 1.570179989369421825e-01 1.544818540272381568e+01
2.280839141038004811e+02 1.571755100342637490e-01 1.541335540468029919e+01
2.275711292552502698e+02 1.573330211315853155e-01 1.537870265352993648e+01
2.270609889882800587e+02 1.574905322289068821e-01 1.534422861676172722e+01
2.265535145768677978e+02 1.576480433262284764e-01 1.530993473201930222e+01
2.260487251952868348e+02 1.578055544235500429e-01 1.527582229505333622e+01
2.255466325243340009e+02 1.579630655208716095e-01 1.524189209522363875e+01
2.250472460668050303e+02 1.581205766181931760e-01 1.520814477470600501e+01
2.250472460668050303e+02 1.581205766181931760e-01 1.520814477470600501e+01
1.730227713348231191e+02 1.826842454521749870e-01 1.148375586292952555e+01
1.448734706375014412e+02 2.073525430377324841e-01 7.957401527755456172e+00
1.130862231546311847e+02 2.322407203492417860e-01 6.158632930172343478e+00
9.705045125367327330e+01 2.568837818198746459e-01 5.470648034307996177e+00
8.060427189791901981e+01 2.811184729179193598e-01 3.363997251335926197e+00
6.912573012787748894e+01 3.057758170190760794e-01 2.400389377906721133e+00
5.928708373484959537e+01 3.308749588216616799e-01 2.065766068752089790e+00
5.084466938852192186e+01 3.553458836143503774e-01 1.589595649532561161e+00
4.512816777368729504e+01 3.797183506574301481e-01 1.564035731966420650e+00
3.920681459459724039e+01 4.042043120935024936e-01 9.750763308193091117e-01
3.499798183439567367e+01 4.287407985369371399e-01 6.431339010435693782e-01
3.132056819614861709e+01 4.533371424922238990e-01 4.806199883624845959e-01
2.780272525855098564e+01 4.779959634912051558e-01 6.664741583758932997e-01
2.503481992403565570e+01 5.026629933946460405e-01 4.939016283851302980e-01
2.278409441901189680e+01 5.271487506500315279e-01 5.094645017325164504e-01
2.095755516041104372e+01 5.515427964227138657e-01 3.631284904919546697e-01
1.923581788161333606e+01 5.762240530263548210e-01 3.162299834969266032e-01
1.760310869085160590e+01 6.007285446297923048e-01 2.029897930054699873e-01
1.620102608922063325e+01 6.252568531449649303e-01 3.394073054413964119e-01
1.528034182783304296e+01 6.499965502683907603e-01 2.361897292604377141e-01
1.433047391127329107e+01 6.746857991314229031e-01 2.566840555569477322e-01
1.366048508624490410e+01 6.991270364754236244e-01 1.182714712678864660e-01
1.310739579160799373e+01 7.235756604093172006e-01 1.841768944059203328e-01
1.286136001464440781e+01 7.479714013051395050e-01 1.540571080310556007e-01
1.270574325652903980e+01 7.726132299420060967e-01 1.840007947485054196e-01
1.248317429578531979e+01 7.972349387995918413e-01 1.243280685944910258e-01
1.188410506886771678e+01 8.217736356692634248e-01 2.010446019295622500e-01
1.141858164918323659e+01 8.463200505719705724e-01 1.432188320924643599e-01
1.105055125546400419e+01 8.708218859006343626e-01 1.967008871556898686e-01
1.084627713179393282e+01 8.954790463233904818e-01 1.074261740062575771e-01
1.056137007210288736e+01 9.199626960429320155e-01 1.175760658266797598e-01
1.057304409226095743e+01 9.443606208269833546e-01 1.772930226327811831e-01
1.056536782986424150e+01 9.688687146412832130e-01 1.492599529922720158e-01
1.072452471346717573e+01 9.930926048855095445e-01 1.502466226273911909e-01
1.098829622919980054e+01 1.017620455362175491e+00 1.521136974235602068e-01
1.144018878916434367e+01 1.042409919186157552e+00 2.670805501321221742e-01
1.202121518946863077e+01 1.066789561870425063e+00 2.874504976538658219e-01
1.238909222652777409e+01 1.090909765172895618e+00 3.384650391513824852e-01
1.256804295723541820e+01 1.115651582439790346e+00 3.836117708642731161e-01
1.310624614275916322e+01 1.140641543091339027e+00 3.455031453903622540e-01
1.384321267998426563e+01 1.164692026865203012e+00 7.358536506577293412e-01
1.501792451998036171e+01 1.188605021497627590e+00 5.446564317601129135e-01
1.658249626689177703e+01 1.214006438167991364e+00 7.313677253650008314e-01
1.824115908738188097e+01 1.240498485730926914e+00 1.103680900235991968e+00
2.099772162415155918e+01 1.264816150349954427e+00 1.645919891702390503e+00
2.360973178060458366e+01 1.284554513240047102e+00 3.253978631051123838e+00
2.674033616140815894e+01 1.309527810458392949e+00 2.644357158321649415e+00
3.142348068669650019e+01 1.335814856768205550e+00 9.798180686984078847e+00
2.470905006765800138e+01 1.360349523175663267e+00 3.003371956299706369e+01
