3.093308123047581404e+00 7.669903939428205850e-04 2.108035254183104057e-01
3.686919325783911017e+00 9.245014912643925459e-04 2.512570881695491698e-01
4.269570689199300162e+00 1.082012588585964507e-03 2.909637570857837030e-01
4.841297405636292517e+00 1.239523685907536251e-03 3.299259304634594714e-01
5.402091471439917747e+00 1.397034783229108429e-03 3.681430628675221861e-01
5.951925207017335850e+00 1.554545880550680173e-03 4.056132679822474496e-01
6.490783653763517513e+00 1.712056977872252134e-03 4.423355264049279589e-01
7.018664505161436473e+00 1.869568075193824095e-03 4.783096809504720492e-01
7.535596392763673101e+00 2.027079172515396273e-03 5.135376828089914802e-01
8.041607905645344445e+00 2.184590269836968017e-03 5.480214802758329729e-01
8.536773767438473826e+00 2.342101367158539761e-03 5.817661656355146427e-01
9.021169749508299418e+00 2.499612464480111939e-03 6.147769025737349624e-01
9.494884198053883395e+00 2.657123561801683683e-03 6.470597117290726175e-01
9.958036412599403420e+00 2.814634659123255861e-03 6.786227231549442074e-01
1.041075172499306234e+01 2.972145756444827605e-03 7.094744779970747484e-01
1.085315382865812950e+01 3.129656853766399783e-03 7.396234057454015298e-01
1.128538376628148754e+01 3.287167951087971527e-03 7.690791182117597824e-01
1.170759682515378763e+01 3.444679048409543271e-03 7.978521979527594121e-01
1.211994872805378698e+01 3.602190145731115449e-03 8.259532572027600272e-01
1.252259088632022355e+01 3.759701243052687193e-03 8.533926143790435681e-01
1.291568243934005622e+01 3.917212340374259805e-03 8.801811145518291246e-01
1.329938910561484100e+01 4.074723437695831549e-03 9.063300511464614795e-01
1.367388111281499263e+01 4.232234535017403293e-03 9.318510248802367446e-01
1.403932448952075163e+01 4.389745632338975037e-03 9.567553503098181755e-01
1.439587966806939434e+01 4.547256729660546781e-03 9.810539606177233196e-01
1.474370935156526485e+01 4.704767826982118525e-03 1.004757943735261838e+00
1.508297802989733327e+01 4.862278924303691137e-03 1.027878509359984927e+00
1.541385113818505026e+01 5.019790021625262881e-03 1.050426931605243475e+00
1.573649424684116127e+01 5.177301118946834625e-03 1.072414493804389357e+00
1.605106732162529326e+01 5.334812216268406369e-03 1.093852097343489094e+00
1.635772256650980694e+01 5.492323313589978981e-03 1.114750114656418045e+00
1.665661159577416939e+01 5.649834410911550725e-03 1.135118877990511033e+00
1.694788562332967174e+01 5.807345508233122469e-03 1.154968692308715683e+00
1.723169508795047378e+01 5.964856605554694213e-03 1.174309809749743971e+00
1.750818933707317626e+01 6.122367702876265957e-03 1.193152408079563465e+00
1.777751636087915799e+01 6.279878800197838569e-03 1.211506572569581053e+00
1.803982105830147731e+01 6.437389897519410313e-03 1.229382177828048262e+00
1.829523806046747936e+01 6.594900994840982057e-03 1.246788398730258818e+00
1.854389790459228493e+01 6.752412092162553801e-03 1.263734131158567253e+00
1.878593016698955509e+01 6.909923189484126413e-03 1.280228205511576789e+00
1.902146328757153171e+01 7.067434286805698157e-03 1.296279374744125690e+00
1.925062441620296028e+01 7.224945384127269901e-03 1.311896303896579630e+00
1.947353928219388663e+01 7.382456481448841645e-03 1.327087561200989363e+00
1.969033208409459945e+01 7.539967578770413389e-03 1.341861610570813657e+00
1.990112539732267294e+01 7.697478676091986001e-03 1.356226805305862149e+00
2.010603936279114734e+01 7.854989773413558612e-03 1.370191332798726513e+00
2.030518412021726959e+01 8.012500870735128622e-03 1.383762698878042485e+00
2.049866349233390395e+01 8.170011968056702101e-03 1.396947978881033503e+00
2.068658043813933034e+01 8.327523065378272110e-03 1.409754189282924841e+00
2.086903704477862220e+01 8.485034162699845589e-03 1.422188287143673513e+00
2.104613444128907673e+01 8.642545260021415598e-03 1.434257164229874926e+00
2.121797272354996977e+01 8.800056357342989077e-03 1.445967641900212319e+00
2.138465088928316504e+01 8.957567454664562556e-03 1.457326466675869403e+00
2.154626678207459634e+01 9.115078551986132566e-03 1.468340306425689468e+00
2.170291704349316575e+01 9.272589649307706045e-03 1.479015747103160416e+00
2.185469707248343241e+01 9.430100746629276054e-03 1.489359289979102607e+00
2.200170088355849884e+01 9.587611843950849533e-03 1.499377341977756739e+00
2.214401533248368636e+01 9.745122941272419542e-03 1.509075822167256442e+00
2.228171771298201165e+01 9.902634038593993021e-03 1.518459997979312082e+00
2.241488428623741314e+01 1.006014513591556303e-02 1.527535066479910997e+00
2.254359096275516094e+01 1.021765623323713651e-02 1.536306200836899727e+00
2.266791323669406211e+01 1.037516733055870999e-02 1.544778545844845530e+00
2.278792612663782791e+01 1.053267842788028000e-02 1.552957213888707111e+00
2.290370412226906893e+01 1.069018952520185348e-02 1.560847281309758250e+00
2.301532113645340161e+01 1.084770062252342349e-02 1.568453785140208057e+00
2.312285046228595675e+01 1.100521171984499696e-02 1.575781720175993161e+00
2.322636473469329488e+01 1.116272281716656697e-02 1.582836036360013354e+00
2.332593589621564689e+01 1.132023391448814045e-02 1.589621636450258668e+00
2.342163516662939671e+01 1.147774501180971046e-02 1.596143373949627353e+00
2.351353301609657009e+01 1.163525610913128394e-02 1.602406051276111354e+00
2.360169896402927492e+01 1.179276720645285742e-02 1.608414406055767687e+00
2.368619547095215694e+01 1.195027830377442743e-02 1.614172694863843516e+00
2.376707686154214372e+01 1.210778940109600091e-02 1.619684619831830652e+00
2.384439704771786239e+01 1.226530049841757092e-02 1.624953854962466693e+00
2.391820998556573130e+01 1.242281159573914440e-02 1.629984077268443521e+00
2.398856962173750418e+01 1.258032269306071441e-02 1.634778963119500439e+00
2.405552984381250781e+01 1.273783379038228789e-02 1.639342184859692075e+00
2.411914443435486888e+01 1.289534488770385789e-02 1.643677407676473523e+00
2.417946702841541651e+01 1.305285598502543137e-02 1.647788286704526151e+00
2.423655107424823996e+01 1.321036708234700485e-02 1.651678464348660835e+00
2.429044979702650409e+01 1.336787817966857486e-02 1.655351567811114366e+00
2.434121616536246435e+01 1.352538927699014834e-02 1.658811206809948313e+00
2.438890286044319211e+01 1.368290037431171835e-02 1.662060971475701088e+00
2.443356224761549811e+01 1.384041147163329183e-02 1.665104430414951375e+00
2.447524635025825290e+01 1.399792256895486184e-02 1.667945128929760656e+00
2.451400682579544110e+01 1.415543366627643532e-02 1.670586587383010579e+00
2.454989494371216097e+01 1.431294476359800533e-02 1.673032299700223380e+00
2.458296152849158034e+01 1.447045586091957881e-02 1.675285729480822328e+00
2.461325352584687920e+01 1.462796695824115228e-02 1.677350075992856793e+00
2.464081148839423818e+01 1.478547805556272229e-02 1.679228102826021196e+00
2.466567543662558748e+01 1.494298915288429577e-02 1.680922537306677400e+00
2.468788549772331820e+01 1.510050025020586578e-02 1.682436114031955920e+00
2.470748186859149698e+01 1.525801134752743926e-02 1.683771572350394319e+00
2.472450478114808448e+01 1.541552244484900927e-02 1.684931653996667889e+00
2.473899446975205052e+01 1.557303354217058275e-02 1.685919100871801524e+00
2.475099114064386185e+01 1.573054463949215276e-02 1.686736652960594496e+00
2.476053494328708737e+01 1.588805573681372624e-02 1.687387046378598043e+00
2.476766594350582906e+01 1.604556683413529972e-02 1.687873011541483059e+00
2.477242409831785253e+01 1.620307793145686973e-02 1.688197271449956682e+00
2.477484923237302894e+01 1.636058902877844320e-02 1.688362540084088037e+00
2.477498101590700230e+01 1.651810012610001321e-02 1.688371520900885825e+00
2.477285894412972311e+01 1.667561122342158669e-02 1.688226905429665914e+00
2.476852231797110448e+01 1.683312232074316017e-02 1.687931371959900950e+00
2.476201022611148872e+01 1.699063341806473018e-02 1.687487584316624600e+00
2.475336152822796620e+01 1.714814451538630366e-02 1.686898190718703283e+00
2.474261483939159945e+01 1.730565561270787367e-02 1.686165822715528506e+00
2.472980851555555404e+01 1.746316671002944715e-02 1.685293094198064834e+00
2.471498064007533557e+01 1.762067780735101716e-02 1.684282600480220715e+00
2.469816900971647300e+01 1.777818890467259064e-02 1.683136917345304129e+00
2.467941078615704953e+01 1.793570000199416065e-02 1.681858577296522439e+00
2.465874208450160765e+01 1.809321109931573412e-02 1.680450041514935711e+00
2.463619865962665401e+01 1.825072219663730760e-02 1.678913746632691995e+00
2.461181600376398038e+01 1.840823329395887761e-02 1.677252111383161104e+00
2.458562933575050735e+01 1.856574439128045109e-02 1.675467535868336411e+00
2.455767359106846115e+01 1.872325548860202110e-02 1.673562400880082235e+00
2.452798341263695647e+01 1.888076658592359458e-02 1.671539067272599821e+00
2.449659314231464791e+01 1.903827768324516459e-02 1.669399875383349441e+00
2.446353681307908801e+01 1.919578878056673807e-02 1.667147144500084721e+00
2.442884814184803233e+01 1.935329987788830808e-02 1.664783172371636866e+00
2.439256052290900811e+01 1.951081097520988156e-02 1.662310234760156380e+00
2.435470702192750281e+01 1.966832207253145504e-02 1.659730585032774819e+00
2.431532037050378037e+01 1.982583316985302505e-02 1.657046453790665508e+00
2.427443296124956618e+01 1.998334426717459852e-02 1.654260048533526595e+00
2.423207684335925194e+01 2.014085536449616853e-02 1.651373553357768698e+00
2.418828371864981008e+01 2.029836646181774201e-02 1.648389128686636562e+00
2.414308493804434619e+01 2.045587755913931202e-02 1.645308911030578969e+00
2.409651149847823248e+01 2.061338865646088550e-02 1.642135012776394287e+00
2.404859404020405478e+01 2.077089975378245551e-02 1.638869522003580936e+00
2.399936284447603185e+01 2.092841085110402899e-02 1.635514502326523845e+00
2.394884783159313457e+01 2.108592194842560247e-02 1.632071992761141344e+00
2.389707855928257985e+01 2.124343304574717248e-02 1.628544007614723732e+00
2.384408422140577244e+01 2.140094414306874596e-02 1.624932536397742489e+00
2.378989364696895592e+01 2.155845524039031597e-02 1.621239543756431534e+00
2.373453529942313267e+01 2.171596633771188944e-02 1.617466969425072287e+00
2.367803730351823077e+01 2.187347743503345945e-02 1.613616730056066650e+00
2.362043040350618028e+01 2.203098853235503293e-02 1.609690920816283066e+00
2.356175040650916941e+01 2.218849962967660294e-02 1.605691981898319742e+00
2.350203292355949003e+01 2.234601072699817642e-02 1.601622340131596101e+00
2.344131273874497978e+01 2.250352182431974990e-02 1.597484365990714306e+00
2.337962382627963365e+01 2.266103292164131991e-02 1.593280374758795137e+00
2.331699936730039013e+01 2.281854401896289339e-02 1.589012627672148126e+00
2.325347176639098024e+01 2.297605511628446340e-02 1.584683333046342124e+00
2.318907266783130083e+01 2.313356621360603688e-02 1.580294647383574169e+00
2.312383297157201056e+01 2.329107731092760689e-02 1.575848676461307996e+00
2.305778284893471408e+01 2.344858840824918036e-02 1.571347476402215282e+00
2.299095175803805802e+01 2.360609950557075037e-02 1.566793054725436063e+00
2.292336845895091813e+01 2.376361060289232385e-02 1.562187371379241352e+00
2.285506102857375410e+01 2.392112170021389733e-02 1.557532339755173911e+00
2.278605687524924761e+01 2.407863279753546734e-02 1.552829827683734454e+00
2.271638275310543875e+01 2.423614389485704082e-02 1.548081658411845085e+00
2.264606477613109448e+01 2.439365499217861083e-02 1.543289611562056685e+00
2.257512843198758290e+01 2.455116608950018431e-02 1.538455424073806199e+00
2.250359859555894460e+01 2.470867718682175432e-02 1.533580791126831988e+00
2.243149954224255538e+01 2.486618828414332780e-02 1.528667367046903758e+00
2.235885496098341108e+01 2.502369938146489781e-02 1.523716766194094019e+00
2.228568796705475918e+01 2.518121047878647129e-02 1.518730563833746938e+00
2.221202111458879358e+01 2.533872157610804476e-02 1.513710296990430582e+00
2.213787640885912467e+01 2.549623267342961477e-02 1.508657465284963362e+00
2.206327531832010180e+01 2.565374377075118825e-02 1.503573531754867743e+00
2.198823878640468976e+01 2.581125486807275826e-02 1.498459923658384652e+00
2.191278724308476811e+01 2.596876596539433174e-02 1.493318033262279743e+00
2.183694061619865323e+01 2.612627706271590175e-02 1.488149218613797009e+00
2.176071834254650739e+01 2.628378816003747523e-02 1.482954804296789719e+00
2.168413937875976316e+01 2.644129925735904524e-02 1.477736082172456555e+00
2.160722221194763293e+01 2.659881035468061872e-02 1.472494312104879910e+00
2.152998487012215634e+01 2.675632145200219220e-02 1.467230722671471366e+00
2.145244501677857230e+01 2.691383254932376221e-02 1.461946517608464946e+00
2.137462418068341563e+01 2.707134364664533568e-02 1.456643164063556872e+00
2.129654947589247627e+01 2.722885474396690569e-02 1.451322509812110972e+00
2.121824757148982243e+01 2.738636584128847917e-02 1.445986372305452461e+00
2.113974420529105203e+01 2.754387693861004918e-02 1.440636505530588751e+00
2.106106421104531279e+01 2.770138803593162266e-02 1.435274601863988808e+00
2.098223154496598397e+01 2.785889913325319267e-02 1.429902293879592001e+00
2.090326931159901491e+01 2.801641023057476615e-02 1.424521156111699494e+00
2.082419978903839919e+01 2.817392132789633963e-02 1.419132706773358565e+00
2.074504445349863602e+01 2.833143242521790964e-02 1.413738409430935317e+00
2.066582400325495783e+01 2.848894352253948312e-02 1.408339674635598726e+00
2.058655838196175836e+01 2.864645461986105313e-02 1.402937861512431050e+00
2.050726680136016356e+01 2.880396571718262660e-02 1.397534279307908411e+00
2.042796776338607501e+01 2.896147681450419661e-02 1.392130188896524512e+00
2.034867908168966366e+01 2.911898791182577009e-02 1.386726804247307543e+00
2.026941790257857079e+01 2.927649900914734010e-02 1.381325293851062508e+00
2.019020072539490229e+01 2.943401010646891358e-02 1.375926782109027302e+00
2.011104342233941722e+01 2.959152120379048706e-02 1.370532350683857592e+00
2.003196125775320269e+01 2.974903230111205707e-02 1.365143039813635051e+00
1.995296890686931590e+01 2.990654339843363055e-02 1.359759849589766700e+00
1.987408047404531430e+01 3.006405449575520056e-02 1.354383741199491453e+00
1.979530951048893783e+01 3.022156559307677404e-02 1.349015638133856942e+00
1.971666903148804195e+01 3.037907669039834405e-02 1.343656427361914929e+00
1.963817153315656938e+01 3.053658778771991752e-02 1.338306960471921103e+00
1.955982900870754193e+01 3.069409888504148753e-02 1.332968054780316880e+00
1.948165296426476445e+01 3.085160998236306101e-02 1.327640494409266347e+00
1.940365443422385283e+01 3.100912107968463102e-02 1.322325031333486001e+00
1.932584399617427451e+01 3.116663217700620450e-02 1.317022386397153522e+00
1.924823178539235613e+01 3.132414327432777451e-02 1.311733250301581721e+00
1.917082750891703924e+01 3.148165437164934799e-02 1.306458284564455674e+00
1.909364045921804021e+01 3.163916546897092147e-02 1.301198122451294514e+00
1.901667952746701573e+01 3.179667656629248801e-02 1.295953369879859318e+00
1.893995321642244534e+01 3.195418766361406149e-02 1.290724606298233823e+00
1.886346965293759936e+01 3.211169876093563497e-02 1.285512385537220359e+00
1.878723660010172836e+01 3.226920985825720151e-02 1.280317236637740663e+00
1.871126146902425802e+01 3.242672095557877499e-02 1.275139664653909488e+00
1.863555133027134403e+01 3.258423205290034846e-02 1.269980151432413829e+00
1.856011292496404508e+01 3.274174315022192194e-02 1.264839156368835926e+00
1.848495267554712029e+01 3.289925424754349542e-02 1.259717117141525344e+00
1.841007669719078876e+01 3.305676534486506196e-02 1.254614450488612309e+00
1.833549184373364227e+01 3.321427644218663544e-02 1.249531623487180942e+00
1.826120761861738728e+01 3.337178753950820892e-02 1.244469283780121005e+00
1.818723360371674858e+01 3.352929863682978240e-02 1.239428084355397530e+00
1.811357891714370538e+01 3.368680973415134894e-02 1.234408646596354631e+00
1.804025222886806290e+01 3.384432083147292242e-02 1.229411561346235526e+00
1.796726177588117679e+01 3.400183192879449590e-02 1.224437389941559706e+00
1.789461537691567372e+01 3.415934302611606938e-02 1.219486665215247623e+00
1.782232044672975846e+01 3.431685412343764285e-02 1.214559892470072011e+00
1.775038400996904286e+01 3.447436522075920939e-02 1.209657550423315131e+00
1.767881271461466142e+01 3.463187631808078287e-02 1.204780092123237001e+00
1.760761284502865465e+01 3.478938741540235635e-02 1.199927945838092258e+00
1.753679033460745984e+01 3.494689851272392983e-02 1.195101515918445045e+00
1.746635077805204972e+01 3.510440961004549637e-02 1.190301183633359017e+00
1.739629944326674860e+01 3.526192070736706985e-02 1.185527307981278922e+00
1.732664128289463790e+01 3.541943180468864333e-02 1.180780226476146666e+00
1.725738094550012036e+01 3.557694290201021681e-02 1.176060255909476160e+00
1.718852278640768816e+01 3.573445399933179029e-02 1.171367693088997131e+00
1.712007087820679629e+01 3.589196509665335683e-02 1.166702815554539807e+00
1.705202902093066086e+01 3.604947619397493030e-02 1.162065882271706707e+00
1.698440075191948395e+01 3.620698729129650378e-02 1.157457134304029633e+00
1.691718935537522484e+01 3.636449838861807726e-02 1.152876795464115478e+00
1.685039787161800007e+01 3.652200948593964380e-02 1.148325072944448744e+00
1.678402910605096920e+01 3.667952058326121728e-02 1.143802157928337060e+00
1.671808563784309598e+01 3.683703168058279076e-02 1.139308226181623640e+00
1.665256982833708221e+01 3.699454277790436424e-02 1.134843438625673606e+00
1.658748382919060660e+01 3.715205387522593772e-02 1.130407941892185519e+00
1.652282959025841791e+01 3.730956497254750426e-02 1.126001868860341482e+00
1.645860886722241645e+01 3.746707606986907774e-02 1.121625339176785641e+00
1.639482322897784883e+01 3.762458716719065122e-02 1.117278459758978437e+00
1.633147406478146024e+01 3.778209826451222469e-02 1.112961325282330938e+00
1.626856259116997450e+01 3.793960936183379123e-02 1.108674018651688575e+00
1.620608985865446527e+01 3.809712045915536471e-02 1.104416611457538888e+00
1.614405675819772767e+01 3.825463155647693819e-02 1.100189164417434418e+00
1.608246402748092763e+01 3.841214265379851167e-02 1.095991727803053317e+00
1.602131225696648187e+01 3.856965375112008515e-02 1.091824341853374625e+00
1.596060189576160404e+01 3.872716484844165169e-02 1.087687037174266846e+00
1.590033325729038793e+01 3.888467594576322517e-02 1.083579835125032309e+00
1.584050652477898602e+01 3.904218704308479865e-02 1.079502748192212813e+00
1.578112175655956761e+01 3.919969814040637213e-02 1.075455780351043167e+00
1.572217889119949952e+01 3.935720923772793867e-02 1.071438927414996689e+00
1.566367775245935157e+01 3.951472033504951215e-02 1.067452177373666045e+00
1.560561805408703151e+01 3.967223143237108562e-02 1.063495510719472348e+00
1.554799940445133188e+01 3.982974252969265910e-02 1.059568900763435906e+00
1.549082131102024995e+01 3.998725362701423258e-02 1.055672313940363427e+00
1.543408318468986273e+01 4.014476472433579912e-02 1.051805710103855596e+00
1.537778434396660110e+01 4.030227582165737260e-02 1.047969042811321527e+00
1.532192401900905132e+01 4.045978691897894608e-02 1.044162259599417997e+00
1.526650135553279242e+01 4.061729801630051956e-02 1.040385302250158128e+00
1.521151534987771470e+01 4.077480911362208610e-02 1.036638102365866621e+00
1.515696446054388247e+01 4.093232021094365958e-02 1.032920554896025411e+00
1.510284690091919657e+01 4.108983130826523306e-02 1.029232538086151116e+00
1.504916083983770569e+01 4.124734240558680654e-02 1.025573927145495556e+00
1.499590440466484864e+01 4.140485350290838001e-02 1.021944594457295796e+00
1.494307568364245142e+01 4.156236460022994655e-02 1.018344409738584311e+00
1.489067272814920884e+01 4.171987569755152003e-02 1.014773240194235537e+00
1.483869355487802544e+01 4.187738679487309351e-02 1.011230950665348072e+00
1.478713614793418785e+01 4.203489789219466699e-02 1.007717403772230957e+00
1.473599846085567933e+01 4.219240898951623353e-02 1.004232460052085774e+00
1.468527841855964589e+01 4.234992008683780701e-02 1.000775978091654972e+00
1.463497391921628399e+01 4.250743118415938049e-02 9.973478146549207279e-01
1.458508283605328515e+01 4.266494228148095397e-02 9.939478248060801269e-01
1.453560301909287134e+01 4.282245337880252745e-02 9.905758620279165871e-01
1.448653229682357235e+01 4.297996447612409399e-02 9.872317783357299481e-01
1.443786847780919835e+01 4.313747557344566746e-02 9.839154243869867589e-01
1.438960935223697390e+01 4.329498667076724094e-02 9.806266495868198874e-01
1.434175269340666503e+01 4.345249776808881442e-02 9.773653021895127857e-01
1.429429625916331403e+01 4.361000886541038096e-02 9.741312293961357227e-01
1.424723779327449158e+01 4.376751996273195444e-02 9.709242774484041494e-01
1.420057502675495442e+01 4.392503106005352792e-02 9.677442917189519322e-01
1.415430567913968041e+01 4.408254215737510140e-02 9.645911167980857348e-01
1.410842745970779077e+01 4.424005325469667488e-02 9.614645965771938529e-01
1.406293806865807028e+01 4.439756435201824142e-02 9.583645743288556895e-01
1.401783519823846902e+01 4.455507544933981490e-02 9.552908927838146269e-01
1.397311653383122909e+01 4.471258654666138838e-02 9.522433942049283173e-01
1.392877975499426668e+01 4.487009764398296185e-02 9.492219204581371361e-01
1.388482253646129827e+01 4.502760874130452839e-02 9.462263130806211064e-01
1.384124254910159912e+01 4.518511983862610187e-02 9.432564133462038036e-01
1.379803746084067306e+01 4.534263093594767535e-02 9.403120623280969426e-01
1.375520493754358675e+01 4.550014203326924883e-02 9.373931009590976693e-01
1.371274264386210895e+01 4.565765313059082231e-02 9.344993700893180488e-01
1.367064824404626577e+01 4.581516422791238885e-02 9.316307105414920464e-01
1.362891940272285574e+01 4.597267532523396233e-02 9.287869631640311985e-01
1.358755378564053196e+01 4.613018642255553581e-02 9.259679688817974430e-01
1.354654906038404683e+01 4.628769751987710929e-02 9.231735687447816252e-01
1.350590289705738911e+01 4.644520861719867583e-02 9.204036039746551490e-01
1.346561296893811033e+01 4.660271971452024931e-02 9.176579160093624177e-01
1.342567695310292208e+01 4.676023081184182278e-02 9.149363465457537314e-01
1.338609253102596242e+01 4.691774190916339626e-02 9.122387375803562293e-01
1.334685738915074182e+01 4.707525300648496974e-02 9.095649314483517101e-01
1.330796921943647426e+01 4.723276410380653628e-02 9.069147708608068514e-01
1.326942571987976827e+01 4.739027520112810976e-02 9.042880989402264369e-01
1.323122459501293235e+01 4.754778629844968324e-02 9.016847592545115253e-01
1.319336355637860869e+01 4.770529739577125672e-02 8.991045958493053547e-01
1.315584032298305850e+01 4.786280849309282326e-02 8.965474532788834106e-01
1.311865262172775282e+01 4.802031959041439674e-02 8.940131766355667864e-01
1.308179818782037529e+01 4.817783068773597022e-02 8.915016115777290029e-01
1.304527476516605766e+01 4.833534178505754370e-02 8.890126043564613445e-01
1.300908010673959048e+01 4.849285288237911717e-02 8.865460018409333509e-01
1.297321197493893230e+01 4.865036397970068371e-02 8.841016515424904298e-01
1.293766814192104420e+01 4.880787507702225719e-02 8.816794016375348875e-01
1.290244638992057347e+01 4.896538617434383067e-02 8.792791009892457765e-01
1.286754451155210255e+01 4.912289727166540415e-02 8.769005991681773082e-01
1.283296031009624727e+01 4.928040836898697069e-02 8.745437464717548126e-01
1.279869159977035764e+01 4.943791946630854417e-02 8.722083939427217603e-01
1.276473620598474845e+01 4.959543056363011765e-02 8.698943933866049028e-01
1.273109196558442413e+01 4.975294166095169113e-02 8.676015973881829879e-01
1.269775672707682546e+01 4.991045275827326461e-02 8.653298593270105643e-01
1.266472832571042595e+01 5.006796385559483115e-02 8.630790316790655226e-01
1.263200379819936714e+01 5.022547495291640463e-02 8.608489125016124399e-01
1.259957925442127902e+01 5.038298605023797810e-02 8.586392366896318240e-01
1.256745081179585810e+01 5.054049714755955158e-02 8.564497396520828199e-01
1.253561465188216495e+01 5.069800824488111812e-02 8.542801611689103680e-01
1.250406701908999452e+01 5.085551934220269160e-02 8.521302453032251201e-01
1.247280421942157247e+01 5.101303043952426508e-02 8.499997403155562514e-01
1.244182261924223454e+01 5.117054153684583856e-02 8.478883985800714784e-01
1.241111864408117604e+01 5.132805263416741204e-02 8.457959765028518762e-01
1.238068877745893026e+01 5.148556373148897858e-02 8.437222344419867959e-01
1.235052955974268052e+01 5.164307482881055206e-02 8.416669366295659316e-01
1.232063758702821943e+01 5.180058592613212554e-02 8.396298510954847139e-01
1.229100951004762976e+01 5.195809702345369901e-02 8.376107495930066316e-01
1.226164203310190715e+01 5.211560812077526555e-02 8.356094075260223075e-01
1.223253191301841980e+01 5.227311921809683903e-02 8.336256038780029964e-01
1.220367595813196360e+01 5.243063031541841251e-02 8.316591211425607977e-01
1.217507102698232480e+01 5.258814141273998599e-02 8.297097452346892110e-01
1.214671394279693217e+01 5.274565251006155947e-02 8.277772596629077162e-01
1.211860138065838299e+01 5.290316360738312601e-02 8.258614378399238287e-01
1.209073004239607130e+01 5.306067470470469949e-02 8.239620550011935718e-01
1.206309668477200603e+01 5.321818580202627297e-02 8.220788901257336523e-01
1.203569811837877523e+01 5.337569689934784645e-02 8.202117258610208683e-01
1.200853120656342377e+01 5.353320799666941299e-02 8.183603484496546621e-01
1.198159286437651971e+01 5.369071909399098647e-02 8.165245476577412953e-01
1.195488005754602234e+01 5.384823019131255994e-02 8.147041167049592358e-01
1.192838980147451622e+01 5.400574128863413342e-02 8.128988521962282610e-01
1.190211916026032846e+01 5.416325238595570690e-02 8.111085540549961559e-01
1.187606524574096412e+01 5.432076348327727344e-02 8.093330254580526351e-01
1.185022521655855599e+01 5.447827458059884692e-02 8.075720727718399550e-01
1.182459627724692197e+01 5.463578567792042040e-02 8.058255054902396797e-01
1.179917567733939165e+01 5.479329677524199388e-02 8.040931361737687633e-01
1.177396071049719417e+01 5.495080787256356042e-02 8.023747803901866149e-01
1.174894871365738958e+01 5.510831896988513390e-02 8.006702566564216639e-01
1.172413706603318140e+01 5.526583006720670738e-02 7.989793863704486299e-01
1.169952294304940388e+01 5.542334116452828086e-02 7.973019770424222274e-01
1.167510283434132390e+01 5.558085226184985433e-02 7.956377894471401424e-01
1.165087315792826672e+01 5.573836335917142087e-02 7.939865794788992792e-01
1.162683039850789868e+01 5.589587445649299435e-02 7.923481075760081538e-01
1.160297110604929927e+01 5.605338555381456783e-02 7.907221386249082551e-01
1.157929189442137563e+01 5.621089665113614131e-02 7.891084418667030365e-01
1.155578944005552167e+01 5.636840774845770785e-02 7.875067908060175981e-01
1.153246048064185025e+01 5.652591884577928133e-02 7.859169631221538665e-01
1.150930181385741591e+01 5.668342994310085481e-02 7.843387405824164826e-01
1.148631029612630350e+01 5.684094104042242829e-02 7.827719089576180567e-01
1.146348284141007845e+01 5.699845213774400177e-02 7.812162579396501050e-01
1.144081642002782573e+01 5.715596323506556831e-02 7.796715810610702624e-01
1.141830805750520916e+01 5.731347433238714179e-02 7.781376756166663577e-01
1.139595483345150839e+01 5.747098542970871526e-02 7.766143425869316275e-01
1.137375388046377189e+01 5.762849652703028874e-02 7.751013865633817890e-01
1.135170238305746970e+01 5.778600762435185528e-02 7.735986156756816667e-01
1.132979757662320353e+01 5.794351872167342876e-02 7.721058415205486192e-01
1.130803674597956032e+01 5.810102981899500224e-02 7.706228790631289849e-01
1.128641698709179586e+01 5.825854091631657572e-02 7.691495303985463883e-01
1.126493482037941440e+01 5.841605201363814920e-02 7.676855583994903753e-01
1.124358673072157977e+01 5.857356311095971574e-02 7.662307235166389008e-01
1.122236927143635654e+01 5.873107420828128922e-02 7.647847908646605575e-01
1.120127906288797348e+01 5.888858530560286270e-02 7.633475301273023872e-01
1.118031279112939025e+01 5.904609640292443618e-02 7.619187154648845439e-01
1.115946720657873392e+01 5.920360750024600272e-02 7.604981254240984478e-01
1.113873912272940281e+01 5.936111859756757619e-02 7.590855428501062097e-01
1.111812541489194039e+01 5.951862969488914967e-02 7.576807548007998827e-01
1.109762301896785175e+01 5.967614079221072315e-02 7.562835524632385287e-01
1.107722893025288968e+01 5.983365188953229663e-02 7.548937310720952309e-01
1.105694020227081253e+01 5.999116298685386317e-02 7.535110898301807802e-01
1.103675394563478385e+01 6.014867408417543665e-02 7.521354318308471898e-01
1.101666732693732698e+01 6.030618518149701013e-02 7.507665639823430936e-01
1.099667756766687177e+01 6.046369627881858361e-02 7.494042969339754778e-01
1.097678194315043498e+01 6.062120737614015015e-02 7.480484450040578714e-01
1.095697778152189095e+01 6.077871847346172363e-02 7.466988261095979240e-01
1.093726246271491931e+01 6.093622957078329710e-02 7.453552616976697465e-01
1.091763341483932415e+01 6.109374066810487058e-02 7.440175764984650053e-01
1.089808782798816189e+01 6.125125176542643712e-02 7.426855790217520292e-01
1.087862240690125581e+01 6.140876286274801060e-02 7.413590447013274076e-01
1.085923386315965544e+01 6.156627396006958408e-02 7.400377494372039067e-01
1.083991897499480395e+01 6.172378505739115756e-02 7.387214736715039809e-01
1.082067458604257304e+01 6.188129615471273104e-02 7.374100023035448093e-01
1.080149760412881754e+01 6.203880725203429758e-02 7.361031246070808276e-01
1.078238500008454537e+01 6.219631834935587106e-02 7.348006341495546545e-01
1.076333380659051286e+01 6.235382944667744454e-02 7.335023287133630721e-01
1.074434111705006067e+01 6.251134054399902495e-02 7.322080102190391404e-01
1.072540408448950267e+01 6.266885164132059149e-02 7.309174846503179168e-01
1.070651992048496837e+01 6.282636273864215803e-02 7.296305619810005139e-01
1.068768589411493686e+01 6.298387383596373845e-02 7.283470561035733093e-01
1.066889933093817433e+01 6.314138493328530499e-02 7.270667847595557731e-01
1.065015761199537359e+01 6.329889603060687153e-02 7.257895694714617818e-01
1.063145817283493955e+01 6.345640712792845195e-02 7.245152354764112790e-01
1.061279850256106094e+01 6.361391822525001849e-02 7.232436116612573906e-01
1.059417614290426179e+01 6.377142932257158503e-02 7.219745304992444268e-01
1.057558868731324964e+01 6.392894041989316545e-02 7.207078279881213856e-01
1.055703378006781001e+01 6.408645151721473199e-02 7.194433435896858686e-01
1.053850910763614657e+01 6.424396261453631241e-02 7.181809196408011076e-01
1.052001213167912397e+01 6.440147371185787895e-02 7.169203831581061337e-01
1.050154002867057024e+01 6.455898480917944549e-02 7.156615417232424781e-01
1.048309001472611790e+01 6.471649590650102590e-02 7.144042056193706802e-01
1.046465936622239568e+01 6.487400700382259244e-02 7.131481892363330521e-01
1.044624541880347479e+01 6.503151810114417286e-02 7.118933110029447286e-01
1.042784556641064242e+01 6.518902919846573940e-02 7.106393933208730029e-01
1.040945726033457142e+01 6.534654029578730594e-02 7.093862625000456612e-01
1.039107800828922734e+01 6.550405139310888636e-02 7.081337486955386895e-01
1.037270537350710953e+01 6.566156249043045290e-02 7.068816858459194830e-01
1.035433697385451168e+01 6.581907358775203332e-02 7.056299116129519655e-01
1.033597048096710402e+01 6.597658468507359986e-02 7.043782673226891555e-01
1.031760361940404636e+01 6.613409578239516640e-02 7.031265979078273887e-01
1.029923416582140838e+01 6.629160687971674681e-02 7.018747518513751560e-01
1.028085994816304627e+01 6.644911797703831335e-02 7.006225811315150986e-01
1.026247884486901540e+01 6.660662907435987989e-02 6.993699411676556066e-01
1.024408878410121559e+01 6.676414017168146031e-02 6.981166907676634725e-01
1.022568774298505900e+01 6.692165126900302685e-02 6.968626920761810117e-01
1.020727374686711464e+01 6.707916236632460727e-02 6.956078105240393050e-01
1.018884486858831195e+01 6.723667346364617381e-02 6.943519147787269308e-01
1.017039922777180649e+01 6.739418456096774035e-02 6.930948766958577867e-01
1.015193498143946194e+01 6.755169565828932077e-02 6.918365706797033887e-01
1.013345017729075082e+01 6.770920675561088731e-02 6.905768636844050734e-01
1.011494277804682795e+01 6.786671785293246772e-02 6.893156168729822619e-01
1.009641079238584460e+01 6.802422895025403426e-02 6.880526945403407924e-01
1.007785227866748734e+01 6.818174004757560080e-02 6.867879643670986578e-01
1.005926534421807617e+01 6.833925114489718122e-02 6.855212973708623148e-01
1.004064814462924105e+01 6.849676224221874776e-02 6.842525678584344684e-01
1.002199888307067077e+01 6.865427333954032818e-02 6.829816533789800914e-01
1.000331580961625200e+01 6.881178443686189472e-02 6.817084346781023818e-01
9.984597220582903887e+00 6.896929553418346126e-02 6.804327956527866927e-01
9.965841457882168797e+00 6.912680663150504168e-02 6.791546233072108807e-01
9.947046908383677888e+00 6.928431772882660822e-02 6.778738077093690029e-01
9.928212003290504128e+00 6.944182882614817476e-02 6.765902419485003705e-01
9.909335217525683248e+00 6.959933992346975518e-02 6.753038220932838787e-01
9.890415069129971926e+00 6.975685102079132172e-02 6.740144471507953927e-01
9.871450118670106022e+00 6.991436211811290213e-02 6.727220190261817834e-01
9.852438968657414975e+00 7.007187321543446867e-02 6.714264424830395095e-01
9.833380262976278985e+00 7.022938431275603521e-02 6.701276251044667731e-01
9.814272686322622619e+00 7.038689541007761563e-02 6.688254772547975735e-01
9.795114963651528228e+00 7.054440650739918217e-02 6.675199120419554877e-01
9.775905859633828854e+00 7.070191760472076259e-02 6.662108452804236247e-01
9.756644178121820943e+00 7.085942870204232913e-02 6.648981954548330853e-01
9.737328765631483307e+00 7.101693979936389567e-02 6.635818839572701355e-01
9.717958560287128122e+00 7.117445089668547609e-02 6.622618384227683119e-01
9.698532574732100286e+00 7.133196199400704263e-02 6.609379915647030090e-01
9.679049857542487700e+00 7.148947309132862304e-02 6.596102785452020445e-01
9.659509491916161039e+00 7.164698418865018958e-02 6.582786368858082326e-01
9.639910595208442956e+00 7.180449528597175612e-02 6.569430064358332544e-01
9.620252318474250330e+00 7.196200638329333654e-02 6.556033293411591689e-01
9.600533846016999107e+00 7.211951748061490308e-02 6.542595500134930075e-01
9.580754394943371111e+00 7.227702857793646962e-02 6.529116151000287083e-01
9.560913214724404696e+00 7.243453967525805004e-02 6.515594734535321564e-01
9.541009586762244865e+00 7.259205077257961658e-02 6.502030761028201322e-01
9.521042823962746482e+00 7.274956186990119700e-02 6.488423762236309456e-01
9.501012270313596630e+00 7.290707296722276354e-02 6.474773291098759875e-01
9.480917300467638142e+00 7.306458406454433008e-02 6.461078921452425572e-01
9.460757319331669635e+00 7.322209516186591050e-02 6.447340247751720543e-01
9.440531761660183818e+00 7.337960625918747704e-02 6.433556884791743480e-01
9.420240091654106251e+00 7.353711735650905745e-02 6.419728467434825392e-01
9.399881802564198807e+00 7.369462845383062399e-02 6.405854650340230272e-01
9.379456416299325028e+00 7.385213955115219053e-02 6.391935107697243046e-01
9.358963483039108411e+00 7.400965064847377095e-02 6.377969532961161869e-01
9.338402580851028034e+00 7.416716174579533749e-02 6.363957638592363519e-01
9.317773315311828952e+00 7.432467284311691791e-02 6.349899155798321981e-01
9.297075319133236704e+00 7.448218394043848445e-02 6.335793834278512504e-01
9.276308267471419455e+00 7.463969503776005099e-02 6.321641452657559279e-01
9.255472117495035178e+00 7.479720613508163141e-02 6.307441981746660931e-01
9.234567054680754339e+00 7.495471723240319795e-02 6.293195547944907542e-01
9.213593285942874189e+00 7.511222832972476449e-02 6.278902292260772899e-01
9.192551033178132158e+00 7.526973942704634490e-02 6.264562365912988984e-01
9.171440533019396213e+00 7.542725052436791144e-02 6.250175930162704674e-01
9.150262036592369697e+00 7.558476162168949186e-02 6.235743156147687261e-01
9.129015809273639093e+00 7.574227271901105840e-02 6.221264224717426572e-01
9.107702130451643896e+00 7.589978381633262494e-02 6.206739326270248602e-01
9.086321293289239875e+00 7.605729491365420536e-02 6.192168660591497176e-01
9.064873604488683512e+00 7.621480601097577190e-02 6.177552436693382054e-01
9.043359384058529571e+00 7.637231710829735232e-02 6.162890872656121566e-01
9.021778965082711821e+00 7.652982820561891886e-02 6.148184195470585145e-01
9.000132693491519120e+00 7.668733930294048540e-02 6.133432640882191533e-01
8.978420927834665832e+00 7.684485040026206581e-02 6.118636453236289130e-01
8.956644039056277151e+00 7.700236149758363235e-02 6.103795885324795334e-01
8.934802410271906581e+00 7.715987259490521277e-02 6.088911198234238098e-01
8.912896436547304901e+00 7.731738369222677931e-02 6.073982661195008736e-01
8.890926524679359844e+00 7.747489478954834585e-02 6.059010551432046920e-01
8.868893092978685999e+00 7.763240588686992627e-02 6.043995154016708060e-01
8.846796571054149183e+00 7.778991698419149281e-02 6.028936761719901893e-01
8.824637399599248866e+00 7.794742808151305935e-02 6.013835674866518932e-01
8.802416030180413742e+00 7.810493917883463977e-02 5.998692201191163642e-01
8.780132925026869373e+00 7.826245027615620631e-02 5.983506655694953436e-01
8.757788562415239397e+00 7.841996137347778673e-02 5.968279364315015600e-01
8.735383735445864772e+00 7.857747247079935327e-02 5.953010867535332151e-01
8.712919694142200910e+00 7.873498356812091981e-02 5.937702017224977258e-01
8.690397718446144282e+00 7.889249466544250022e-02 5.922353685641905674e-01
8.667819080333272197e+00 7.905000576276406676e-02 5.906966739615174822e-01
8.645185043794571200e+00 7.920751686008564718e-02 5.891542040532484759e-01
8.622496864819080287e+00 7.936502795740721372e-02 5.876080444328344310e-01
8.599755791377958758e+00 7.952253905472878026e-02 5.860582801473217529e-01
8.576963063409271726e+00 7.968005015205036068e-02 5.845049956963160875e-01
8.554119912804212689e+00 7.983756124937192722e-02 5.829482750310420736e-01
8.531227563394109481e+00 7.999507234669350764e-02 5.813882015534593828e-01
8.508287230938631041e+00 8.015258344401507418e-02 5.798248581154581416e-01
8.485300123114983606e+00 8.031009454133664072e-02 5.782583270181219648e-01
8.462267439508163847e+00 8.046760563865822113e-02 5.766886900110664849e-01
8.439190371602046881e+00 8.062511673597978767e-02 5.751160282918275080e-01
8.416070102771751493e+00 8.078262783330135421e-02 5.735404225053454264e-01
8.392907808276751425e+00 8.094013893062293463e-02 5.719619527434929296e-01
8.369704655255020498e+00 8.109765002794450117e-02 5.703806985446769895e-01
8.346461802718081913e+00 8.125516112526608159e-02 5.687967388935003532e-01
8.323180401547098484e+00 8.141267222258764813e-02 5.672101522204967550e-01
8.299861594489780003e+00 8.157018331990921467e-02 5.656210164019189746e-01
8.276506516158240956e+00 8.172769441723079509e-02 5.640294087595936201e-01
8.253116293027611405e+00 8.188520551455236163e-02 5.624354060608259820e-01
8.229692043435903770e+00 8.204271661187394205e-02 5.608390845183909290e-01
8.206234877584158482e+00 8.220022770919550859e-02 5.592405197905427894e-01
8.182745897538065805e+00 8.235773880651707513e-02 5.576397869811264840e-01
8.159226306930436934e+00 8.251524990383865554e-02 5.560369681156075439e-01
8.135677935946016959e+00 8.267276100116022208e-02 5.544321879178678580e-01
8.112102818919499470e+00 8.283027209848178862e-02 5.528255850242501657e-01
8.088502960170302458e+00 8.298778319580336904e-02 5.512172960256089826e-01
8.064880333938779344e+00 8.314529429312493558e-02 5.496074554629631903e-01
8.041236884646544070e+00 8.330280539044651600e-02 5.479961958452366222e-01
8.017574527157806941e+00 8.346031648776808254e-02 5.463836476670679287e-01
7.993895147041523153e+00 8.361782758508964908e-02 5.447699394266761752e-01
7.970200600834558280e+00 8.377533868241122950e-02 5.431551976437933860e-01
7.946492716305564308e+00 8.393284977973279604e-02 5.415395468776491583e-01
7.922773292719307747e+00 8.409036087705437645e-02 5.399231097449826988e-01
7.899044101101742044e+00 8.424787197437594299e-02 5.383060069381075952e-01
7.875306884505354432e+00 8.440538307169750953e-02 5.366883572429952398e-01
7.851563358274784576e+00 8.456289416901908995e-02 5.350702775573752401e-01
7.827815210312937033e+00 8.472040526634065649e-02 5.334518829088717995e-01
7.804064101346866344e+00 8.487791636366223691e-02 5.318332864731215581e-01
7.780311665194108883e+00 8.503542746098380345e-02 5.302145995919255173e-01
7.756559509028600807e+00 8.519293855830536999e-02 5.285959317913694333e-01
7.732809213646840263e+00 8.535044965562695041e-02 5.269773907999634188e-01
7.709062333733598393e+00 8.550796075294851695e-02 5.253590825667491249e-01
7.685320398127405639e+00 8.566547185027008349e-02 5.237411112793919354e-01
7.661584910085903033e+00 8.582298294759166390e-02 5.221235793822643911e-01
7.637857347550537135e+00 8.598049404491323044e-02 5.205065875944853149e-01
7.614139163410827749e+00 8.613800514223481086e-02 5.188902349279280735e-01
7.590431785768219086e+00 8.629551623955637740e-02 5.172746187052021938e-01
7.566736618199102260e+00 8.645302733687794394e-02 5.156598345775782466e-01
7.543055040175647541e+00 8.661053843419952436e-02 5.140459765536661285e-01
7.519388618958956272e+00 8.676804953152109090e-02 5.124331514395620291e-01
7.495739519712653731e+00 8.692556062884267132e-02 5.108215067873712600e-01
7.472109979898071686e+00 8.708307172616423786e-02 5.092111950761607497e-01
7.448502191731687816e+00 8.724058282348580440e-02 5.076023657016398571e-01
7.424918302741045473e+00 8.739809392080738482e-02 5.059951650140460666e-01
7.401360416320313718e+00 8.755560501812895136e-02 5.043897363560043701e-01
7.377830592284752242e+00 8.771311611545053177e-02 5.027862201003129305e-01
7.354330847424265905e+00 8.787062721277209831e-02 5.011847536876682385e-01
7.330863156055640317e+00 8.802813831009366485e-02 4.995854716642981752e-01
7.307429450573330598e+00 8.818564940741524527e-02 4.979885057194964881e-01
7.284031621998752648e+00 8.834316050473681181e-02 4.963939847230576796e-01
7.260671520527483658e+00 8.850067160205837835e-02 4.948020347625663451e-01
7.237350956074815045e+00 8.865818269937995877e-02 4.932127791805765993e-01
7.214071698818875333e+00 8.881569379670152531e-02 4.916263386116245249e-01
7.190835479741611636e+00 8.897320489402310573e-02 4.900428310190947379e-01
7.167643991167222062e+00 8.913071599134467227e-02 4.884623717319149239e-01
7.144498887298050604e+00 8.928822708866623881e-02 4.868850734810741265e-01
7.121401784747726893e+00 8.944573818598781922e-02 4.853110464359573495e-01
7.098354263071345649e+00 8.960324928330938576e-02 4.837403982404749336e-01
7.075357865292837722e+00 8.976076038063096618e-02 4.821732340490021973e-01
7.052414098429065525e+00 8.991827147795253272e-02 4.806096565620969763e-01
7.029524434010655298e+00 9.007578257527409926e-02 4.790497660619906228e-01
7.006690308599765160e+00 9.023329367259567968e-02 4.774936604478766666e-01
6.983913124304033104e+00 9.039080476991724622e-02 4.759414352709315232e-01
6.961194249287317781e+00 9.054831586723882664e-02 4.743931837691242048e-01
6.938535018276611233e+00 9.070582696456039318e-02 4.728489969017586336e-01
6.915936733065326081e+00 9.086333806188195972e-02 4.713089633837741488e-01
6.893400663012744012e+00 9.102084915920354014e-02 4.697731697197798373e-01
6.870928147175043854e+00 9.117836025652510668e-02 4.682417071641069017e-01
6.848520955865792459e+00 9.133587135384667322e-02 4.667146963605213750e-01
6.826180948188562247e+00 9.149338245116825363e-02 4.651922640036721956e-01
6.803909936695500704e+00 9.165089354848982017e-02 4.636745336158104025e-01
6.781709688113477519e+00 9.180840464581140059e-02 4.621616255962748276e-01
6.759581924077555648e+00 9.196591574313296713e-02 4.606536572714764466e-01
6.737528321859748814e+00 9.212342684045453367e-02 4.591507429445628730e-01
6.715550515092377104e+00 9.228093793777611409e-02 4.576529939447123163e-01
6.693650094486708113e+00 9.243844903509768063e-02 4.561605186761086284e-01
6.671828608545738781e+00 9.259596013241926105e-02 4.546734226665166134e-01
6.650087564271830232e+00 9.275347122974082759e-02 4.531918086155050651e-01
6.628428427868387374e+00 9.291098232706239413e-02 4.517157764422654043e-01
6.606852625435952753e+00 9.306849342438397454e-02 4.502454233330494549e-01
6.585361543662383355e+00 9.322600452170554108e-02 4.487808437882033763e-01
6.563956530506796838e+00 9.338351561902712150e-02 4.473221296687779902e-01
6.542638895877637140e+00 9.354102671634868804e-02 4.458693702427370953e-01
6.521409912304350520e+00 9.369853781367025458e-02 4.444226522307313521e-01
6.500270815602797292e+00 9.385604891099183500e-02 4.429820598514452867e-01
6.479222805534199381e+00 9.401356000831340154e-02 4.415476748665028150e-01
6.458267046457725868e+00 9.417107110563496808e-02 4.401195766249396124e-01
6.437404667976279526e+00 9.432858220295654850e-02 4.386978421072131873e-01
6.416636765576011037e+00 9.448609330027811504e-02 4.372825459687842420e-01
6.395964401258855681e+00 9.464360439759969545e-02 4.358737605832229689e-01
6.375388604168401585e+00 9.480111549492126199e-02 4.344715560848599889e-01
6.354910371209097519e+00 9.495862659224282853e-02 4.330760004109862615e-01
6.334530667658492931e+00 9.511613768956440895e-02 4.316871593435744336e-01
6.314250427772749141e+00 9.527364878688597549e-02 4.303050965505435532e-01
6.294070555385134824e+00 9.543115988420755591e-02 4.289298736265469425e-01
6.273991924497740236e+00 9.558867098152912245e-02 4.275615501332939994e-01
6.254015381865759338e+00 9.574618207885068899e-02 4.262001837756671518e-01
6.234141840898200115e+00 9.590369317617226941e-02 4.248458368008888320e-01
6.214372319444088077e+00 9.606120427349383595e-02 4.234985785735856378e-01
6.194707812852943363e+00 9.621871537081541637e-02 4.221584769250821267e-01
6.175149284191176591e+00 9.637622646813698291e-02 4.208255974866661475e-01
6.155697664892075593e+00 9.653373756545854945e-02 4.195000037338829646e-01
6.136353855398355428e+00 9.669124866278012986e-02 4.181817570303251186e-01
6.117118725796913736e+00 9.684875976010169640e-02 4.168709166708890468e-01
6.097993116445987738e+00 9.700627085742326294e-02 4.155675399245154500e-01
6.078977838594512129e+00 9.716378195474484336e-02 4.142716820763970298e-01
6.060073674993915915e+00 9.732129305206640990e-02 4.129833964696712489e-01
6.041281380502052656e+00 9.747880414938799032e-02 4.117027345465774091e-01
6.022601682679571411e+00 9.763631524670955686e-02 4.104297458890982520e-01
6.004035282378451299e+00 9.779382634403112340e-02 4.091644782590673768e-01
5.985582854322968771e+00 9.795133744135270382e-02 4.079069776377612366e-01
5.967245047682884440e+00 9.810884853867427036e-02 4.066572882649610587e-01
5.949022486638980922e+00 9.826635963599585077e-02 4.054154526774926270e-01
5.930915770941133758e+00 9.842387073331741731e-02 4.041815117472588592e-01
5.912925476458382512e+00 9.858138183063898385e-02 4.029555047187249328e-01
5.895052155721915987e+00 9.873889292796056427e-02 4.017374692459226848e-01
5.877296338460036296e+00 9.889640402528213081e-02 4.005274414289073937e-01
5.859658532125906483e+00 9.905391512260371123e-02 3.993254558497218998e-01
5.842139222417735311e+00 9.921142621992527777e-02 3.981315456078482473e-01
5.824738873791377003e+00 9.936893731724684431e-02 3.969457423551382425e-01
5.807457929965752719e+00 9.952644841456842473e-02 3.957680763302585669e-01
5.790296814420758942e+00 9.968395951188999127e-02 3.945985763926218581e-01
5.773255930887902565e+00 9.984147060921155781e-02 3.934372700558221303e-01
5.756335663833675120e+00 9.999898170653313823e-02 3.922841835205770900e-01
5.739536378935776284e+00 1.001564928038547048e-01 3.911393417071805656e-01
5.722858423552050766e+00 1.003140039011762852e-01 3.900027682874609436e-01
5.706302127182437012e+00 1.004715149984978517e-01 3.888744857162613200e-01
5.689867801020756843e+00 1.006290260958194183e-01 3.877545152008949891e-01
5.673555644445560375e+00 1.007865371931409987e-01 3.866428703286605706e-01
5.657365665962172940e+00 1.009440482904625652e-01 3.855395516791810806e-01
5.641297844367479719e+00 1.011015593877841456e-01 3.844445578075014747e-01
5.625352148677873920e+00 1.012590704851057122e-01 3.833578866021433162e-01
5.609528538425347932e+00 1.014165815824272787e-01 3.822795353052828582e-01
5.593826963948572484e+00 1.015740926797488591e-01 3.812095005325872310e-01
5.578247366678831476e+00 1.017316037770704257e-01 3.801477782927012994e-01
5.562789679420667710e+00 1.018891148743920061e-01 3.790943640063729192e-01
5.547453826627713802e+00 1.020466259717135726e-01 3.780492525252489022e-01
5.532239724673514658e+00 1.022041370690351392e-01 3.770124381503334177e-01
5.517147282117417006e+00 1.023616481663567196e-01 3.759839146501059437e-01
5.502176399965784448e+00 1.025191592636782861e-01 3.749636752783239158e-01
5.487326971928257358e+00 1.026766703609998527e-01 3.739517127914857020e-01
5.472598884669585217e+00 1.028341814583214331e-01 3.729480194659926529e-01
5.457992018056707195e+00 1.029916925556429996e-01 3.719525871149870211e-01
5.443506245401252386e+00 1.031492036529645800e-01 3.709654071048787416e-01
5.429141433697735941e+00 1.033067147502861466e-01 3.699864703715771141e-01
5.414897443857181081e+00 1.034642258476077131e-01 3.690157674364124007e-01
5.400774130936524031e+00 1.036217369449292935e-01 3.680532884217685430e-01
5.386771344363697978e+00 1.037792480422508601e-01 3.670990230664234466e-01
5.372888928158430666e+00 1.039367591395724405e-01 3.661529607405948905e-01
5.359126721149105599e+00 1.040942702368940070e-01 3.652150904607199822e-01
5.345484557185312013e+00 1.042517813342155736e-01 3.642854009039391272e-01
5.331962265346550822e+00 1.044092924315371540e-01 3.633638804223203733e-01
5.318559670146853158e+00 1.045668035288587205e-01 3.624505170568024237e-01
5.305276591735697878e+00 1.047243146261803010e-01 3.615452985508875727e-01
5.292112846094921608e+00 1.048818257235018675e-01 3.606482123640608051e-01
5.279068245231888667e+00 1.050393368208234340e-01 3.597592456849530440e-01
5.266142597369073641e+00 1.051968479181450145e-01 3.588783854442628152e-01
5.253335707129950016e+00 1.053543590154665810e-01 3.580056183274218928e-01
5.240647375721221302e+00 1.055118701127881475e-01 3.571409307870158645e-01
5.228077401111601574e+00 1.056693812101097280e-01 3.562843090549668856e-01
5.215625556713080258e+00 1.058268923074312945e-01 3.554357376896989940e-01
5.203291251785579163e+00 1.059844034047528749e-01 3.545951764333118428e-01
5.191073599946233408e+00 1.061419145020744415e-01 3.537625648803670031e-01
5.178971715440686907e+00 1.062994255993960080e-01 3.529378426682580061e-01
5.166984722309969413e+00 1.064569366967175884e-01 3.521209501019168520e-01
5.155111754277427849e+00 1.066144477940391549e-01 3.513118281461081183e-01
5.143351954637171985e+00 1.067719588913607354e-01 3.505104184178279292e-01
5.131704476143770677e+00 1.069294699886823019e-01 3.497166631787850810e-01
5.120168480903779518e+00 1.070869810860038684e-01 3.489305053280104540e-01
5.108743140268396488e+00 1.072444921833254489e-01 3.481518883945408094e-01
5.097427634727647927e+00 1.074020032806470154e-01 3.473807565302085010e-01
5.086221153806029349e+00 1.075595143779685958e-01 3.466170545025284433e-01
5.075122895959466973e+00 1.077170254752901624e-01 3.458607276876775050e-01
5.064132068473619519e+00 1.078745365726117289e-01 3.451117220635633309e-01
5.053247887363559343e+00 1.080320476699333093e-01 3.443699842029871450e-01
5.042469577274796499e+00 1.081895587672548759e-01 3.436354612669000885e-01
5.031796371385574673e+00 1.083470698645764424e-01 3.429081009977437700e-01
5.021227511310415892e+00 1.085045809618980228e-01 3.421878517128774666e-01
5.010762247005014380e+00 1.086620920592195894e-01 3.414746622980965318e-01
5.000399836672311693e+00 1.088196031565411698e-01 3.407684822012322923e-01
4.990139546669873916e+00 1.089771142538627363e-01 3.400692614258389312e-01
4.979980651418376425e+00 1.091346253511843029e-01 3.393769505249574214e-01
4.969922433311436905e+00 1.092921364485058833e-01 3.386915005949708846e-01
4.959964182626436013e+00 1.094496475458274498e-01 3.380128632695275637e-01
4.950105197436704074e+00 1.096071586431490302e-01 3.373409907135550001e-01
4.940344783524710515e+00 1.097646697404705968e-01 3.366758356173459310e-01
4.930682254296482547e+00 1.099221808377921633e-01 3.360173511907247335e-01
4.921116930696985747e+00 1.100796919351137437e-01 3.353654911572813146e-01
4.911648141126861766e+00 1.102372030324353103e-01 3.347202097486966510e-01
4.902275221360009816e+00 1.103947141297568907e-01 3.340814616991267805e-01
4.892997514462312125e+00 1.105522252270784572e-01 3.334492022396632338e-01
4.883814370711535346e+00 1.107097363244000238e-01 3.328233870928747340e-01
4.874725147518087276e+00 1.108672474217216042e-01 3.322039724674072936e-01
4.865729209346866035e+00 1.110247585190431707e-01 3.315909150526580862e-01
4.856825926566501472e+00 1.111822696163647373e-01 3.309841719403527338e-01
4.848014454935572815e+00 1.113397807136863177e-01 3.303836855969188302e-01
4.839293470723657897e+00 1.114972918110078842e-01 3.297893658124488314e-01
4.830661602370252439e+00 1.116548029083294646e-01 3.292011191174988305e-01
4.822117496824125382e+00 1.118123140056510312e-01 3.286188533039998694e-01
4.813659819222718461e+00 1.119698251029725977e-01 3.280424774034084723e-01
4.805287252578182233e+00 1.121273362002941781e-01 3.274719016653118708e-01
4.796998497469963318e+00 1.122848472976157447e-01 3.269070375364773740e-01
4.788792271743894879e+00 1.124423583949373251e-01 3.263477976403466041e-01
4.780667310217479482e+00 1.125998694922588916e-01 3.257940957569505080e-01
4.772622364391306604e+00 1.127573805895804582e-01 3.252458468032425887e-01
4.764656202166581700e+00 1.129148916869020386e-01 3.247029668138506908e-01
4.756767607568273881e+00 1.130724027842236051e-01 3.241653729222079838e-01
4.748955380474262356e+00 1.132299138815451855e-01 3.236329833420960589e-01
4.741218336349834139e+00 1.133874249788667521e-01 3.231057173495509582e-01
4.733555305987891870e+00 1.135449360761883186e-01 3.225834952651588927e-01
4.725965135254213578e+00 1.137024471735098990e-01 3.220662384366959619e-01
4.718446684838264460e+00 1.138599582708314656e-01 3.215538692221466266e-01
4.710998830008827909e+00 1.140174693681530321e-01 3.210463109730504194e-01
4.703620460374830614e+00 1.141749804654746125e-01 3.205434880182024826e-01
4.696310479650986913e+00 1.143324915627961791e-01 3.200453256476825104e-01
4.689067805428174474e+00 1.144900026601177595e-01 3.195517500972064329e-01
4.681891368948568832e+00 1.146475137574393260e-01 3.190626885328022855e-01
4.674780114885257909e+00 1.148050248547608926e-01 3.185780690357912781e-01
4.667733001126439518e+00 1.149625359520824730e-01 3.180978205880812260e-01
4.660748998563812862e+00 1.151200470494040395e-01 3.176218730577454186e-01
4.653827090885429563e+00 1.152775581467256200e-01 3.171501571849065226e-01
4.646966274372620553e+00 1.154350692440471865e-01 3.166826045678967083e-01
4.640165557701029009e+00 1.155925803413687530e-01 3.162191476496991616e-01
4.633423961745639197e+00 1.157500914386903335e-01 3.157597197046609905e-01
4.626740519389716866e+00 1.159076025360119000e-01 3.153042548254720301e-01
4.620114275337642518e+00 1.160651136333334804e-01 3.148526879104103782e-01
4.613544285931356903e+00 1.162226247306550470e-01 3.144049546508340121e-01
4.607029618970606144e+00 1.163801358279766135e-01 3.139609915189301437e-01
4.600569353536700490e+00 1.165376469252981939e-01 3.135207357557041052e-01
4.594162579819736081e+00 1.166951580226197605e-01 3.130841253592063778e-01
4.587808398912980756e+00 1.168526691199413270e-01 3.126510990705189119e-01
4.581505812889835383e+00 1.170101802172629074e-01 3.122215888826938568e-01
4.575253485201010939e+00 1.171676913145844739e-01 3.117955037122401296e-01
4.569050026046104662e+00 1.173252024119060544e-01 3.113727488466968563e-01
4.562894062939331974e+00 1.174827135092276209e-01 3.109532307535642359e-01
4.556784240442164347e+00 1.176402246065491874e-01 3.105368570620827828e-01
4.550719219902689794e+00 1.177977357038707679e-01 3.101235365454714232e-01
4.544697679201439300e+00 1.179552468011923344e-01 3.097131791036066839e-01
4.538718312503568164e+00 1.181127578985139148e-01 3.093056957461330914e-01
4.532779830017314993e+00 1.182702689958354814e-01 3.089009985760031163e-01
4.526880957758373292e+00 1.184277800931570479e-01 3.084990007734201289e-01
4.521020437320287577e+00 1.185852911904786283e-01 3.080996165801902498e-01
4.515197025650555140e+00 1.187428022878001949e-01 3.077027612844649984e-01
4.509409494832330445e+00 1.189003133851217753e-01 3.073083512058638056e-01
4.503656631871597149e+00 1.190578244824433418e-01 3.069163036809712808e-01
4.497937238489779332e+00 1.192153355797649084e-01 3.065265370492030739e-01
4.492250130921405571e+00 1.193728466770864888e-01 3.061389706390177934e-01
4.486594139717051455e+00 1.195303577744080553e-01 3.057535247544874712e-01
4.480968109551096035e+00 1.196878688717296219e-01 3.053701206621967090e-01
4.475370899034340155e+00 1.198453799690512023e-01 3.049886805784723376e-01
4.469801380531442270e+00 1.200028910663727688e-01 3.046091276569428130e-01
4.464258439982857318e+00 1.201604021636943492e-01 3.042313859764034234e-01
4.458740976731316863e+00 1.203179132610159158e-01 3.038553805289911369e-01
4.453247903352695936e+00 1.204754243583374823e-01 3.034810372086580998e-01
4.447778145491193769e+00 1.206329354556590627e-01 3.031082827999402318e-01
4.442330641698535310e+00 1.207904465529806293e-01 3.027370449669982144e-01
4.436904343277467078e+00 1.209479576503022097e-01 3.023672522429529108e-01
4.431498214129045543e+00 1.211054687476237762e-01 3.019988340194780241e-01
4.426111230603910762e+00 1.212629798449453428e-01 3.016317205366640941e-01
4.420742381357199768e+00 1.214204909422669232e-01 3.012658428731317395e-01
4.415390667207344855e+00 1.215780020395884897e-01 3.009011329364090215e-01
4.410055100998234501e+00 1.217355131369100563e-01 3.005375234535375695e-01
4.404734707465124188e+00 1.218930242342316367e-01 3.001749479619349459e-01
4.399428523103694033e+00 1.220505353315532032e-01 2.998133408004709510e-01
4.394135596042665348e+00 1.222080464288747836e-01 2.994526371007865118e-01
4.388854985919546259e+00 1.223655575261963502e-01 2.990927727788268431e-01
4.383585763759577425e+00 1.225230686235179167e-01 2.987336845265904373e-01
4.378327011857725104e+00 1.226805797208394971e-01 2.983753098040884399e-01
4.373077823646803530e+00 1.228380908181610637e-01 2.980175868303562292e-01
4.367837279219068947e+00 1.229956019154826441e-01 2.976604529152939715e-01
4.362604397053498673e+00 1.231531130128042106e-01 2.973038411699646666e-01
4.357378194116211745e+00 1.233106241101257772e-01 2.969476846023331729e-01
4.352157699462073204e+00 1.234681352074473576e-01 2.965919170441904118e-01
4.346941954121422036e+00 1.236256463047689241e-01 2.962364731434353193e-01
4.341730010989794053e+00 1.237831574020905046e-01 2.958812883565591911e-01
4.336520934720891063e+00 1.239406684994120711e-01 2.955262989413515728e-01
4.331313801622343362e+00 1.240981795967336376e-01 2.951714419497969422e-01
4.326107699554439634e+00 1.242556906940552180e-01 2.948166552211730074e-01
4.320901727831643946e+00 1.244132017913767846e-01 2.944618773753398533e-01
4.315694997126816368e+00 1.245707128886983511e-01 2.941070478062116633e-01
4.310486629378149637e+00 1.247282239860199315e-01 2.937521066754161247e-01
4.305275757698611372e+00 1.248857350833414981e-01 2.933969949061213667e-01
4.300061526287988656e+00 1.250432461806630924e-01 2.930416541770435312e-01
4.294843090347223225e+00 1.252007572779846589e-01 2.926860269166076667e-01
4.289619615995342805e+00 1.253582683753062255e-01 2.923300562972879213e-01
4.284390280188433486e+00 1.255157794726277920e-01 2.919736862300840730e-01
4.279154270641047475e+00 1.256732905699493585e-01 2.916168613591670344e-01
4.273910785749680308e+00 1.258308016672709251e-01 2.912595270566634698e-01
4.268659034518440976e+00 1.259883127645924916e-01 2.909016294175900685e-01
4.263398236486642290e+00 1.261458238619140859e-01 2.905431152549194374e-01
4.258127621658505113e+00 1.263033349592356525e-01 2.901839320947889878e-01
4.252846430434702896e+00 1.264608460565572190e-01 2.898240281718363898e-01
4.247553913545817572e+00 1.266183571538787855e-01 2.894633524246645329e-01
4.242249331987594019e+00 1.267758682512003521e-01 2.891018544914290000e-01
4.236931956957921130e+00 1.269333793485219464e-01 2.887394847055435587e-01
4.231601069795577708e+00 1.270908904458435129e-01 2.883761940915060551e-01
4.226255961920545090e+00 1.272484015431650795e-01 2.880119343608304461e-01
4.220895934775921177e+00 1.274059126404866460e-01 2.876466579080884656e-01
4.215520299771509549e+00 1.275634237378082125e-01 2.872803178070656438e-01
4.210128378228669810e+00 1.277209348351298068e-01 2.869128678070024252e-01
4.204719501326778186e+00 1.278784459324513734e-01 2.865442623289457535e-01
4.199293010051048824e+00 1.280359570297729399e-01 2.861744564621934717e-01
4.193848255141637615e+00 1.281934681270945064e-01 2.858034059608254296e-01
4.188384597044072066e+00 1.283509792244160730e-01 2.854310672403256866e-01
4.182901405861021438e+00 1.285084903217376673e-01 2.850573973742954181e-01
4.177398061305088284e+00 1.286660014190592338e-01 2.846823540912359340e-01
4.171873952652918938e+00 1.288235125163808004e-01 2.843058957714214019e-01
4.166328478700354943e+00 1.289810236137023669e-01 2.839279814438424587e-01
4.160761047965134907e+00 1.291385347110239334e-01 2.835485708000199945e-01
4.155171151142791786e+00 1.292960458083455277e-01 2.831676291317475336e-01
4.149558460714568575e+00 1.294535569056670943e-01 2.827851341191959245e-01
4.143922680652366353e+00 1.296110680029886608e-01 2.824010655885694776e-01
4.138263520799934092e+00 1.297685791003102274e-01 2.820154037662276902e-01
4.132580696845097101e+00 1.299260901976317939e-01 2.816281292767950362e-01
4.126873930292309645e+00 1.300836012949533882e-01 2.812392231412880750e-01
4.121142948435473130e+00 1.302411123922749547e-01 2.808486667752642107e-01
4.115387484330942591e+00 1.303986234895965213e-01 2.804564419869821079e-01
4.109607276770832485e+00 1.305561345869180878e-01 2.800625309755824244e-01
4.103802070256483248e+00 1.307136456842396544e-01 2.796669163292790916e-01
4.097971614972146348e+00 1.308711567815612486e-01 2.792695810235673037e-01
4.092115666758925130e+00 1.310286678788828152e-01 2.788705084194459949e-01
4.086233987088755626e+00 1.311861789762043817e-01 2.784696822616458678e-01
4.080326343038732873e+00 1.313436900735259483e-01 2.780670866768794602e-01
4.074392507265468311e+00 1.315012011708475148e-01 2.776627061720932099e-01
4.068432257979600841e+00 1.316587122681690813e-01 2.772565256327310101e-01
4.062445378920569894e+00 1.318162233654906756e-01 2.768485303210149184e-01
4.056431659331350303e+00 1.319737344628122422e-01 2.764387058742232561e-01
4.050390893933426995e+00 1.321312455601338087e-01 2.760270383029846397e-01
4.044322882901762561e+00 1.322887566574553753e-01 2.756135139895736219e-01
4.038227431840019754e+00 1.324462677547769418e-01 2.751981196862204881e-01
4.032104351755731564e+00 1.326037788520985361e-01 2.747808425134197208e-01
4.025953459035601867e+00 1.327612899494201026e-01 2.743616699582474561e-01
4.019774575420904661e+00 1.329188010467416692e-01 2.739405898726836597e-01
4.013567527982852212e+00 1.330763121440632357e-01 2.735175904719350237e-01
4.007332149098170149e+00 1.332338232413848023e-01 2.730926603327692437e-01
4.001068276424549985e+00 1.333913343387063966e-01 2.726657883918421343e-01
3.994775752876249530e+00 1.335488454360279631e-01 2.722369639440361810e-01
3.988454426599660430e+00 1.337063565333495296e-01 2.718061766407941504e-01
3.982104150948953869e+00 1.338638676306710962e-01 2.713734164884599176e-01
3.975724784461706740e+00 1.340213787279926627e-01 2.709386738466171285e-01
3.969316190834463853e+00 1.341788898253142570e-01 2.705019394264245869e-01
3.962878238898503547e+00 1.343364009226358236e-01 2.700632042889637430e-01
3.956410802595308418e+00 1.344939120199573901e-01 2.696224598435675857e-01
3.949913760952272757e+00 1.346514231172789566e-01 2.691796978461653000e-01
3.943386998058249215e+00 1.348089342146005232e-01 2.687349103976152120e-01
3.936830403039148774e+00 1.349664453119221175e-01 2.682880899420426180e-01
3.930243870033408360e+00 1.351239564092436840e-01 2.678392292651676221e-01
3.923627298167534860e+00 1.352814675065652505e-01 2.673883214926384144e-01
3.916980591531454614e+00 1.354389786038868171e-01 2.669353600883517807e-01
3.910303659154026334e+00 1.355964897012083836e-01 2.664803388527838823e-01
3.903596415730419711e+00 1.357540007985299779e-01 2.660232519725598821e-01
3.896858920762966694e+00 1.359115118958515445e-01 2.655641035026596875e-01
3.890091538969913110e+00 1.360690229931731110e-01 2.651029182979921517e-01
3.883294673188312451e+00 1.362265340904946775e-01 2.646397238111963257e-01
3.876468724377938990e+00 1.363840451878162441e-01 2.641745473669777633e-01
3.869614091611647932e+00 1.365415562851378384e-01 2.637074161614518797e-01
3.862731172065847929e+00 1.366990673824594049e-01 2.632383572614948597e-01
3.855820361011409236e+00 1.368565784797809715e-01 2.627673976041230985e-01
3.848882051804788595e+00 1.370140895771025380e-01 2.622945639958898512e-01
3.841916635879526698e+00 1.371716006744241045e-01 2.618198831123044745e-01
3.834924502738028540e+00 1.373291117717456711e-01 2.613433814972728753e-01
3.827906039943578254e+00 1.374866228690672654e-01 2.608650855625538334e-01
3.820861633112712319e+00 1.376441339663888319e-01 2.603850215872378637e-01
3.813791665907880546e+00 1.378016450637103985e-01 2.599032157172484481e-01
3.806696520030298014e+00 1.379591561610319650e-01 2.594196939648541478e-01
3.799576575213230889e+00 1.381166672583535315e-01 2.589344822082112474e-01
3.792432209215420791e+00 1.382741783556751258e-01 2.584476061909158351e-01
3.785263797814842235e+00 1.384316894529966924e-01 2.579590915215778657e-01
3.778071714802754055e+00 1.385892005503182589e-01 2.574689636734165399e-01
3.770856331977942233e+00 1.387467116476398254e-01 2.569772479838672297e-01
3.763618019141331317e+00 1.389042227449613920e-01 2.564839696542144387e-01
3.756357144090749500e+00 1.390617338422829863e-01 2.559891537492354763e-01
3.749074072616021436e+00 1.392192449396045528e-01 2.554928251968655584e-01
3.741769168494299524e+00 1.393767560369261194e-01 2.549950087878799510e-01
3.734442793485641232e+00 1.395342671342476859e-01 2.544957291755921558e-01
3.727095307328812002e+00 1.396917782315692524e-01 2.539950108755684721e-01
3.719727067737389703e+00 1.398492893288908467e-01 2.534928782653621537e-01
3.712338430396032951e+00 1.400068004262124133e-01 2.529893555842588349e-01
3.704929748957082936e+00 1.401643115235339798e-01 2.524844669330457148e-01
3.697501375037297144e+00 1.403218226208555464e-01 2.519782362737884585e-01
3.690053658214890842e+00 1.404793337181771129e-01 2.514706874296294692e-01
3.682586946026783714e+00 1.406368448154987072e-01 2.509618440846005383e-01
3.675101583966072560e+00 1.407943559128202737e-01 2.504517297834503720e-01
3.667597915479728243e+00 1.409518670101418403e-01 2.499403679314881055e-01
3.660076281966446299e+00 1.411093781074634068e-01 2.494277817944361708e-01
3.652537022774892783e+00 1.412668892047849734e-01 2.489139944983112251e-01
3.644980475201960335e+00 1.414244003021065677e-01 2.483990290293051628e-01
3.637406974491346645e+00 1.415819113994281342e-01 2.478829082336883038e-01
3.629816853832327883e+00 1.417394224967497007e-01 2.473656548177257108e-01
3.622210444358735959e+00 1.418969335940712673e-01 2.468472913476071062e-01
3.614588075148057911e+00 1.420544446913928338e-01 2.463278402493868646e-01
3.606950073220906994e+00 1.422119557887144281e-01 2.458073238089460988e-01
3.599296763540530186e+00 1.423694668860359946e-01 2.452857641719604631e-01
3.591628469012536851e+00 1.425269779833575612e-01 2.447631833438810856e-01
3.583945510555352598e+00 1.426844890806791277e-01 2.442396031947360047e-01
3.576248309708683681e+00 1.428420001780006943e-01 2.437150524517172068e-01
3.568537591470735126e+00 1.429995112753222608e-01 2.431895805221813422e-01
3.560814129711792564e+00 1.431570223726438551e-01 2.426632401440315390e-01
3.553078689167229243e+00 1.433145334699654216e-01 2.421360834326428679e-01
3.545332025476054305e+00 1.434720445672869882e-01 2.416081618834889644e-01
3.537574885220746701e+00 1.436295556646085547e-01 2.410795263748568840e-01
3.529808005968390283e+00 1.437870667619301213e-01 2.405502271706501938e-01
3.522032116312941330e+00 1.439445778592517156e-01 2.400203139232698069e-01
3.514247935918722643e+00 1.441020889565732821e-01 2.394898356765774172e-01
3.506456175565059841e+00 1.442596000538948486e-01 2.389588408689381771e-01
3.498657537191868894e+00 1.444171111512164152e-01 2.384273773363264071e-01
3.490852713946501762e+00 1.445746222485379817e-01 2.378954923155193468e-01
3.483042390231437135e+00 1.447321333458595760e-01 2.373632324473456401e-01
3.475227241752998797e+00 1.448896444431811426e-01 2.368306437800068720e-01
3.467407935571052313e+00 1.450471555405027091e-01 2.362977717724630555e-01
3.459585130149522847e+00 1.452046666378242756e-01 2.357646612978767098e-01
3.451759475407879307e+00 1.453621777351458422e-01 2.352313566471199435e-01
3.443931612773338813e+00 1.455196888324674365e-01 2.346979015323331641e-01
3.436102175233986422e+00 1.456771999297890030e-01 2.341643390905444322e-01
3.428271787392527692e+00 1.458347110271105695e-01 2.336307118873332811e-01
3.420441065520946289e+00 1.459922221244321361e-01 2.330970619205549321e-01
3.412610617615690067e+00 1.461497332217537026e-01 2.325634306241012861e-01
3.404781043453625422e+00 1.463072443190752969e-01 2.320298588717143173e-01
3.396952934648611588e+00 1.464647554163968635e-01 2.314963869808413233e-01
3.389126874708669135e+00 1.466222665137184300e-01 2.309630547165308911e-01
3.381303439093758190e+00 1.467797776110399965e-01 2.304299012953703596e-01
3.373483195274060709e+00 1.469372887083615631e-01 2.298969653894578358e-01
3.365666702788809417e+00 1.470947998056831574e-01 2.293642851304110164e-01
3.357854513305615463e+00 1.472523109030047239e-01 2.288318981134103425e-01
3.350047170680273023e+00 1.474098220003262905e-01 2.282998414012748500e-01
3.342245211016954709e+00 1.475673330976478570e-01 2.277681515285638059e-01
3.334449162728877258e+00 1.477248441949694235e-01 2.272368645057117609e-01
3.326659546599299411e+00 1.478823552922910178e-01 2.267060158231845313e-01
3.318876875842940333e+00 1.480398663896125844e-01 2.261756404556657385e-01
3.311101656167706242e+00 1.481973774869341509e-01 2.256457728662623896e-01
3.303334385836689702e+00 1.483548885842557175e-01 2.251164470107307192e-01
3.295575555730569928e+00 1.485123996815772840e-01 2.245876963417282879e-01
3.287825649410141882e+00 1.486699107788988505e-01 2.240595538130757403e-01
3.280085143179184648e+00 1.488274218762204448e-01 2.235320518840403781e-01
3.272354506147579833e+00 1.489849329735420114e-01 2.230052225236383856e-01
3.264634200294486366e+00 1.491424440708635779e-01 2.224790972149392476e-01
3.256924680531871008e+00 1.492999551681851444e-01 2.219537069593962020e-01
3.249226394768037984e+00 1.494574662655067110e-01 2.214290822811747772e-01
3.241539783971475241e+00 1.496149773628283053e-01 2.209052532315043393e-01
3.233865282234636762e+00 1.497724884601498718e-01 2.203822493930246706e-01
3.226203316837958912e+00 1.499299995574714384e-01 2.198600998841481469e-01
3.218554322585277294e+00 1.500875106547930049e-01 2.193388343359941595e-01
3.210918862329819490e+00 1.502450217521145714e-01 2.188184911060231941e-01
3.203297564218201554e+00 1.504025328494361657e-01 2.182991130013260395e-01
3.195691047122696027e+00 1.505600439467577323e-01 2.177807421969629176e-01
3.188099919950357020e+00 1.507175550440792988e-01 2.172634201888820893e-01
3.180524781743418128e+00 1.508750661414008654e-01 2.167471878007613539e-01
3.172966221780058493e+00 1.510325772387224319e-01 2.162320851908758890e-01
3.165424819675394907e+00 1.511900883360440262e-01 2.157181518589794955e-01
3.157901145482916672e+00 1.513475994333655927e-01 2.152054266532179572e-01
3.150395759796003947e+00 1.515051105306871593e-01 2.146939477770475890e-01
3.142909213849697458e+00 1.516626216280087258e-01 2.141837527961697185e-01
3.135442049622757299e+00 1.518201327253302924e-01 2.136748786454867599e-01
3.127994799939640025e+00 1.519776438226518867e-01 2.131673616360512669e-01
3.120567988572770179e+00 1.521351549199734532e-01 2.126612374620358292e-01
3.113162130344807377e+00 1.522926660172950197e-01 2.121565412077018875e-01
3.105777731230900951e+00 1.524501771146165863e-01 2.116533073543688803e-01
3.098415288461064954e+00 1.526076882119381528e-01 2.111515697873906361e-01
3.091075290622421257e+00 1.527651993092597471e-01 2.106513618031228552e-01
3.083758217761492837e+00 1.529227104065813136e-01 2.101527161158944501e-01
3.076464541486291893e+00 1.530802215039028802e-01 2.096556648649645915e-01
3.069194725068448371e+00 1.532377326012244467e-01 2.091602396214826409e-01
3.061949223545061383e+00 1.533952436985460133e-01 2.086664713954293204e-01
3.054728483820539964e+00 1.535527547958676076e-01 2.081743906425563839e-01
3.047532944768124530e+00 1.537102658931891741e-01 2.076840272713058599e-01
3.040363037331252904e+00 1.538677769905107406e-01 2.071954106497174708e-01
3.033219184624761144e+00 1.540252880878323072e-01 2.067085696123255323e-01
3.026101802035711330e+00 1.541827991851538737e-01 2.062235324670298742e-01
3.019011297324046161e+00 1.543403102824754403e-01 2.057403270019559083e-01
3.011948070722904713e+00 1.544978213797970346e-01 2.052589804922904659e-01
3.004912515038594911e+00 1.546553324771186011e-01 2.047795197070945150e-01
2.997905015750303548e+00 1.548128435744401676e-01 2.043019709160989461e-01
2.990925951109411063e+00 1.549703546717617342e-01 2.038263598964721035e-01
2.983975692238409305e+00 1.551278657690833007e-01 2.033527119395613925e-01
2.977054603229483565e+00 1.552853768664048950e-01 2.028810518576106003e-01
2.970163041242650070e+00 1.554428879637264616e-01 2.024114039904489071e-01
2.963301356603511127e+00 1.556003990610480281e-01 2.019437922121518347e-01
2.956469892900526641e+00 1.557579101583695946e-01 2.014782399376705002e-01
2.949668987081877525e+00 1.559154212556911612e-01 2.010147701294326961e-01
2.942898969551821953e+00 1.560729323530127555e-01 2.005534053039094433e-01
2.936160164266616857e+00 1.562304434503343220e-01 2.000941675381516238e-01
2.929452888829902069e+00 1.563879545476558885e-01 1.996370784762906136e-01
2.922777454587661250e+00 1.565454656449774551e-01 1.991821593360091902e-01
2.916134166722505583e+00 1.567029767422990216e-01 1.987294309149671701e-01
2.909523324347675466e+00 1.568604878396206159e-01 1.982789135972077288e-01
2.902945220600233966e+00 1.570179989369421825e-01 1.978306273595076825e-01
2.896400142733928096e+00 1.571755100342637490e-01 1.973845917777062864e-01
2.889888372211362633e+00 1.573330211315853155e-01 1.969408260329865434e-01
2.883410184795679676e+00 1.574905322289068821e-01 1.964993489181231512e-01
2.876965850641630684e+00 1.576480433262284764e-01 1.960601788436888426e-01
2.870555613240161730e+00 1.578055544235500429e-01 1.956233324031645959e-01
2.864179620923791081e+00 1.579630655208716095e-01 1.951888197051515617e-01
2.857837994366962064e+00 1.581205766181931760e-01 1.947566489734015305e-01
2.857837994366962064e+00 1.581205766181931760e-01 1.947566489734015305e-01
2.226623759221448395e+00 1.826842454521749870e-01 1.533075459590902967e-01
1.892566596282591274e+00 2.073525430377324841e-01 1.008275401856601472e-01
1.502712411334454101e+00 2.322407203492417860e-01 8.700057432411273384e-02
1.307949646159105583e+00 2.568837818198746459e-01 8.141820328691554143e-02
1.105103424828431491e+00 2.811184729179193598e-01 5.237533515188973893e-02
9.697353876285620400e-01 3.057758170190760794e-01 3.959524939956002298e-02
8.462227635068721998e-01 3.308749588216616799e-01 3.394016890795988062e-02
7.386516163939063073e-01 3.553458836143503774e-01 2.753162991327226181e-02
6.679258096369528053e-01 3.797183506574301481e-01 2.918230869512178707e-02
5.890385727026670182e-01 4.042043120935024936e-01 1.585242714291932795e-02
5.356903313584058246e-01 4.287407985369371399e-01 1.222559130548432973e-02
4.879468015679478965e-01 4.533371424922238990e-01 1.070853998831839023e-02
4.401691536340876509e-01 4.779959634912051558e-01 1.527727278965011759e-02
4.019059852486859818e-01 5.026629933946460405e-01 1.036199391548952436e-02
3.731600419687620129e-01 5.271487506500315279e-01 1.136040972360397028e-02
3.467689554747618863e-01 5.515427964227138657e-01 8.025954220546218515e-03
3.235731033974020288e-01 5.762240530263548210e-01 6.786848026483141040e-03
3.022200344059833843e-01 6.007285446297923048e-01 5.799372434768044170e-03
2.812376735216233770e-01 6.252568531449649303e-01 8.735782985286070709e-03
2.695302855350361071e-01 6.499965502683907603e-01 8.418274006091394646e-03
2.560681339479592977e-01 6.746857991314229031e-01 6.478167218223600601e-03
2.473731528514214462e-01 6.991270364754236244e-01 5.046909422960176028e-03
2.401060286390298559e-01 7.235756604093172006e-01 4.428622369779459771e-03
2.379177982540012226e-01 7.479714013051395050e-01 5.654421753137384675e-03
2.364514695336105699e-01 7.726132299420060967e-01 4.752018994165512281e-03
2.344420605297622695e-01 7.972349387995918413e-01 4.935986928383605948e-03
2.263227858720489594e-01 8.217736356692634248e-01 5.743005079524183057e-03
2.194354914570239568e-01 8.463200505719705724e-01 4.628504024019178438e-03
2.133805390551130610e-01 8.708218859006343626e-01 3.975819626548580607e-03
2.103698803971758569e-01 8.954790463233904818e-01 4.097486068486724115e-03
2.069229252528971830e-01 9.199626960429320155e-01 4.454190802937313225e-03
2.076822138119348016e-01 9.443606208269833546e-01 5.307149612359309682e-03
2.083711332766480795e-01 9.688687146412832130e-01 5.487853422285597985e-03
2.076017171307547315e-01 9.930926048855095445e-01 6.624939384445529926e-03
2.120636881378592797e-01 1.017620455362175491e+00 5.026329072935083707e-03
2.192537055368010690e-01 1.042409919186157552e+00 6.440653851606482558e-03
2.303142835998259474e-01 1.066789561870425063e+00 6.043214305826186301e-03
2.362162349520132709e-01 1.090909765172895618e+00 7.559707390974603099e-03
2.335799917166823114e-01 1.115651582439790346e+00 1.233981822343351367e-02
2.403194656940831897e-01 1.140641543091339027e+00 7.698652634566077908e-03
2.439571239948694903e-01 1.164692026865203012e+00 1.378030169776354487e-02
2.526370885460604843e-01 1.188605021497627590e+00 1.194038515182854580e-02
2.711625243657784790e-01 1.214006438167991364e+00 1.079553983450291799e-02
2.921549355787175783e-01 1.240498485730926914e+00 1.552255807754193695e-02
3.321697167602847278e-01 1.264816150349954427e+00 3.251328782080516178e-02
3.541263345013581088e-01 1.284554513240047102e+00 4.505472908413997446e-02
3.815251637506711924e-01 1.309527810458392949e+00 6.454855637387256484e-02
5.570865567687426356e-01 1.335814856768205550e+00 9.835306745353948610e-02
5.352120756271609991e-01 1.360349523175663267e+00 6.405303005531802762e-01
