2.466489828582734134e-01 7.669903939428205850e-04 1.691735991195699590e-02
2.939813511656190204e-01 9.245014912643925459e-04 2.016383066914953850e-02
3.404398223009826308e-01 1.082012588585964507e-03 2.335036186035184883e-02
3.860272023719835688e-01 1.239523685907536251e-03 2.647714595314271807e-02
4.307428531966887020e-01 1.397034783229108429e-03 2.954413917538361439e-02
4.745845677064362556e-01 1.554545880550680173e-03 3.255119014686419510e-02
5.175511531572224433e-01 1.712056977872252134e-03 3.549821705869408289e-02
5.596424256358849547e-01 1.869568075193824095e-03 3.838520729648858820e-02
6.008606681168451313e-01 2.027079172515396273e-03 4.121231744674368203e-02
6.412081601875276871e-01 2.184590269836968017e-03 4.397970386364523365e-02
6.806908600347996163e-01 2.342101367158539761e-03 4.668777521213272885e-02
7.193148093879107030e-01 2.499612464480111939e-03 4.933694588721810464e-02
7.570870526469890560e-01 2.657123561801683683e-03 5.192769905591453766e-02
7.940171023161639585e-01 2.814634659123255861e-03 5.446068716954836214e-02
8.301149518948377493e-01 2.972145756444827605e-03 5.693659567033877017e-02
8.653904642404504077e-01 3.129656853766399783e-03 5.935610103992840225e-02
8.998548855767456445e-01 3.287167951087971527e-03 6.171997464340667205e-02
9.335205979396430376e-01 3.444679048409543271e-03 6.402906574986710897e-02
9.664000180892772240e-01 3.602190145731115449e-03 6.628422601009582860e-02
9.985052190074558132e-01 3.759701243052687193e-03 6.848628349553297079e-02
1.029848889882052809e+00 3.917212340374259805e-03 7.063610854245873372e-02
1.060444244495279076e+00 4.074723437695831549e-03 7.273460746845396285e-02
1.090304856173842651e+00 4.232234535017403293e-03 7.478271125182825441e-02
1.119443963424485711e+00 4.389745632338975037e-03 7.678132790598854451e-02
1.147874358530172278e+00 4.547256729660546781e-03 7.873133483838447300e-02
1.175609014836459965e+00 4.704767826982118525e-03 8.063362187533326675e-02
1.202661048160521773e+00 4.862278924303691137e-03 8.248908861511047852e-02
1.229043649688726036e+00 5.019790021625262881e-03 8.429863982547503021e-02
1.254770021395227086e+00 5.177301118946834625e-03 8.606318101410728727e-02
1.279852918359808633e+00 5.334812216268406369e-03 8.778358703673494468e-02
1.304304476765959953e+00 5.492323313589978981e-03 8.946069029972626707e-02
1.328136785777233264e+00 5.649834410911550725e-03 9.109531998440795197e-02
1.351361902633298806e+00 5.807345508233122469e-03 9.268830308248580951e-02
1.373991822767251181e+00 5.964856605554694213e-03 9.424046234642606545e-02
1.396038454592950284e+00 6.122367702876265957e-03 9.575261456014948214e-02
1.417513598301733291e+00 6.279878800197838569e-03 9.722556908472267112e-02
1.438428807600191872e+00 6.437389897519410313e-03 9.866011837511746985e-02
1.458794817477955474e+00 6.594900994840982057e-03 1.000569987314843534e-01
1.478622036491189284e+00 6.752412092162553801e-03 1.014169240642915082e-01
1.497920796577320024e+00 6.909923189484126413e-03 1.027406030288189331e-01
1.516701339061314213e+00 7.067434286805698157e-03 1.040287380653460575e-01
1.534973802404509868e+00 7.224945384127269901e-03 1.052820245588585862e-01
1.552748211798450351e+00 7.382456481448841645e-03 1.065011501253019383e-01
1.570034470377542624e+00 7.539967578770413389e-03 1.076867940088678255e-01
1.586842351853573918e+00 7.697478676091986001e-03 1.088396265768047794e-01
1.603181435819919898e+00 7.854989773413558612e-03 1.099603048820106260e-01
1.619060504411482748e+00 8.012500870735128622e-03 1.110494312806565992e-01
1.634487836070124489e+00 8.170011968056702101e-03 1.121075735812081947e-01
1.649471640366696468e+00 8.327523065378272110e-03 1.131352948683505277e-01
1.664020057353690962e+00 8.485034162699845589e-03 1.141331534585869473e-01
1.678141150687618710e+00 8.642545260021415598e-03 1.151017024285117957e-01
1.691842901644780017e+00 8.800056357342989077e-03 1.160414892043587359e-01
1.705133203938452358e+00 8.957567454664562556e-03 1.169530552065179696e-01
1.718019859255371040e+00 9.115078551986132566e-03 1.178369355433889071e-01
1.730510573437864741e+00 9.272589649307706045e-03 1.186936587495172196e-01
1.742612953245979535e+00 9.430100746629276054e-03 1.195237465635128893e-01
1.754334495050302589e+00 9.587611843950849533e-03 1.203277131525043731e-01
1.765682124409272191e+00 9.745122941272419542e-03 1.211060335322948073e-01
1.776662004439333087e+00 9.902634038593993021e-03 1.218591304236993217e-01
1.787280215926071669e+00 1.006014513591556303e-02 1.225874209005575061e-01
1.797542811693251252e+00 1.021765623323713651e-02 1.232913201188407804e-01
1.807455811366704079e+00 1.037516733055870999e-02 1.239712409575140506e-01
1.817025196651655072e+00 1.053267842788028000e-02 1.246275936946130286e-01
1.826256907080708869e+00 1.069018952520185348e-02 1.252607857156035065e-01
1.835156836193208463e+00 1.084770062252342349e-02 1.258712212513282691e-01
1.843730828110284881e+00 1.100521171984499696e-02 1.264593011430939218e-01
1.851984674473132753e+00 1.116272281716656697e-02 1.270254226326704983e-01
1.859924111714615247e+00 1.132023391448814045e-02 1.275699791751547241e-01
1.867554818637072067e+00 1.147774501180971046e-02 1.280933602728341336e-01
1.874882414271356712e+00 1.163525610913128394e-02 1.285959513283411737e-01
1.881912441839031391e+00 1.179276720645285742e-02 1.290781325446394845e-01
1.888649881712002543e+00 1.195027830377442743e-02 1.295402455195051039e-01
1.895099065539680216e+00 1.210778940109600091e-02 1.299825873556109956e-01
1.901264292059650973e+00 1.226530049841757092e-02 1.304054528982474814e-01
1.907149863531277134e+00 1.242281159573914440e-02 1.308091372342589376e-01
1.912760081461635897e+00 1.258032269306071441e-02 1.311939353988917090e-01
1.918099242647587133e+00 1.273783379038228789e-02 1.315601421043236796e-01
1.923171635512465949e+00 1.289534488770385789e-02 1.319080514884029831e-01
1.927981536717441102e+00 1.305285598502543137e-02 1.322379568822244222e-01
1.932533208029198368e+00 1.321036708234700485e-02 1.325501505952881853e-01
1.936830893426772615e+00 1.336787817966857486e-02 1.328449237170605812e-01
1.940878816431978127e+00 1.352538927699014834e-02 1.331225659338716172e-01
1.944681177648404979e+00 1.368290037431171835e-02 1.333833653601174674e-01
1.948242152495705426e+00 1.384041147163329183e-02 1.336276083828580874e-01
1.951565889126269493e+00 1.399792256895486184e-02 1.338555795189244613e-01
1.954656506512594483e+00 1.415543366627643532e-02 1.340675612837333441e-01
1.957518092694360501e+00 1.431294476359800533e-02 1.342638340710565203e-01
1.960154700228434299e+00 1.447045586091957881e-02 1.344446758409418019e-01
1.962570072392869625e+00 1.462796695824115228e-02 1.346103433403717520e-01
1.964767442703738043e+00 1.478547805556272229e-02 1.347610583523617955e-01
1.966750002247486639e+00 1.494298915288429577e-02 1.348970397497298579e-01
1.968520950617666410e+00 1.510050025020586578e-02 1.350185069887860911e-01
1.970083492967177996e+00 1.525801134752743926e-02 1.351256799071498260e-01
1.971440837240800326e+00 1.541552244484900927e-02 1.352187785339319104e-01
1.972596191577949076e+00 1.557303354217058275e-02 1.352980229115931798e-01
1.973552761875975614e+00 1.573054463949215276e-02 1.353636329288138707e-01
1.974313749505048898e+00 1.588805573681372624e-02 1.354158281637602435e-01
1.974882349166236839e+00 1.604556683413529972e-02 1.354548277371728782e-01
1.975261746884790615e+00 1.620307793145686973e-02 1.354808501747283844e-01
1.975455118131433485e+00 1.636058902877844320e-02 1.354941132781808111e-01
1.975465626064468072e+00 1.651810012610001321e-02 1.354948340047900379e-01
1.975296419886293009e+00 1.667561122342158669e-02 1.354832283545969462e-01
1.974950633308133918e+00 1.683312232074316017e-02 1.354595112651217070e-01
1.974431383117218219e+00 1.699063341806473018e-02 1.354238965130871164e-01
1.973741767840898165e+00 1.714814451538630366e-02 1.353765966227932216e-01
1.972884866502542689e+00 1.730565561270787367e-02 1.353178227807850520e-01
1.971863737464417010e+00 1.746316671002944715e-02 1.352477847564869662e-01
1.970681417352852405e+00 1.762067780735101716e-02 1.351666908284816782e-01
1.969340919942553336e+00 1.777818890467259064e-02 1.350747477079859704e-01
1.967845208368692145e+00 1.793570000199416065e-02 1.349721586329115375e-01
1.966197162316528635e+00 1.809321109931573412e-02 1.348591211174398063e-01
1.964399632748064173e+00 1.825072219663730760e-02 1.347358307056583104e-01
1.962455449682981357e+00 1.840823329395887761e-02 1.346024815052455914e-01
1.960367421341463690e+00 1.856574439128045109e-02 1.344592661286789503e-01
1.958138333350035287e+00 1.872325548860202110e-02 1.343063756387632701e-01
1.955770948007318433e+00 1.888076658592359458e-02 1.341439994982703277e-01
1.953268003606481784e+00 1.903827768324516459e-02 1.339723255234666899e-01
1.950632213811656746e+00 1.919578878056673807e-02 1.337915398413422885e-01
1.947866267085529790e+00 1.935329987788830808e-02 1.336018268503501860e-01
1.944972826165444202e+00 1.951081097520988156e-02 1.334033691844729030e-01
1.941954527585632917e+00 1.966832207253145504e-02 1.331963476804525481e-01
1.938813981243199924e+00 1.982583316985302505e-02 1.329809413480223801e-01
1.935553770005554286e+00 1.998334426717459852e-02 1.327573273429812351e-01
1.932176449357270620e+00 2.014085536449616853e-02 1.325256809429718463e-01
1.928684547084332124e+00 2.029836646181774201e-02 1.322861755258235572e-01
1.925080562993736644e+00 2.045587755913931202e-02 1.320389825503203995e-01
1.921366968666808006e+00 2.061338865646088550e-02 1.317842715392810171e-01
1.917546207244297030e+00 2.077089975378245551e-02 1.315222100648192338e-01
1.913620693241750992e+00 2.092841085110402899e-02 1.312529637356800727e-01
1.909592812393474670e+00 2.108592194842560247e-02 1.309766961865375112e-01
1.905464921523640998e+00 2.124343304574717248e-02 1.306935690691539143e-01
1.901239348443102495e+00 2.140094414306874596e-02 1.304037420453026952e-01
1.896918391870506371e+00 2.155845524039031597e-02 1.301073727813574776e-01
1.892504321376474952e+00 2.171596633771188944e-02 1.298046169444636022e-01
1.887999379524854193e+00 2.187347743503345945e-02 1.294956283494037852e-01
1.883406017748921135e+00 2.203098853235503293e-02 1.291805751370662114e-01
1.878727091176556341e+00 2.218849962967660294e-02 1.288596531372710741e-01
1.873965439300155911e+00 2.234601072699817642e-02 1.285330571074192463e-01
1.869123835674613821e+00 2.250352182431974990e-02 1.282009772823368698e-01
1.864204989278471336e+00 2.266103292164131991e-02 1.278635994676349530e-01
1.859211545853229230e+00 2.281854401896289339e-02 1.275211051315712218e-01
1.854146089220899185e+00 2.297605511628446340e-02 1.271736714954196656e-01
1.849011142579668476e+00 2.313356621360603688e-02 1.268214716223380611e-01
1.843809169777656409e+00 2.329107731092760689e-02 1.264646745047338372e-01
1.838542576564787812e+00 2.344858840824918036e-02 1.261034451501285014e-01
1.833213711822814229e+00 2.360609950557075037e-02 1.257379446655231547e-01
1.827824868773572087e+00 2.376361060289232385e-02 1.253683303402718663e-01
1.822378286165567518e+00 2.392112170021389733e-02 1.249947557274676962e-01
1.816876149438975352e+00 2.407863279753546734e-02 1.246173707238488193e-01
1.811320591869306940e+00 2.423614389485704082e-02 1.242363216482413463e-01
1.805713695689728837e+00 2.439365499217861083e-02 1.238517513185375812e-01
1.800057493192370295e+00 2.455116608950018431e-02 1.234637991272337643e-01
1.794353967808755890e+00 2.470867718682175432e-02 1.230726011155354044e-01
1.788605055169554925e+00 2.486618828414332780e-02 1.226782900460442055e-01
1.782812644143885406e+00 2.502369938146489781e-02 1.222809954740428778e-01
1.776978577858397079e+00 2.518121047878647129e-02 1.218808438173926700e-01
1.771104654696419978e+00 2.533872157610804476e-02 1.214779584250639116e-01
1.765192629277325453e+00 2.549623267342961477e-02 1.210724596443090301e-01
1.759244213416496283e+00 2.565374377075118825e-02 1.206644648865059510e-01
1.753261077066045948e+00 2.581125486807275826e-02 1.202540886916807772e-01
1.747244849236595288e+00 2.596876596539433174e-02 1.198414427917313674e-01
1.741197118900485119e+00 2.612627706271590175e-02 1.194266361723778230e-01
1.735119435876485205e+00 2.628378816003747523e-02 1.190097751338432125e-01
1.729013311696481869e+00 2.644129925735904524e-02 1.185909633502990890e-01
1.722880220454390932e+00 2.659881035468061872e-02 1.181703019280910816e-01
1.716721599637412332e+00 2.675632145200219220e-02 1.177478894627537603e-01
1.710538857667520007e+00 2.691383254932376221e-02 1.173238225562726195e-01
1.704333711169168541e+00 2.707134364664533568e-02 1.168982189498740387e-01
1.698108322117180879e+00 2.722885474396690569e-02 1.164712269308355724e-01
1.691864817005975352e+00 2.738636584128847917e-02 1.160429923528762813e-01
1.685605248074057760e+00 2.754387693861004918e-02 1.156136559765904709e-01
1.679331595473007477e+00 2.770138803593162266e-02 1.151833536182161194e-01
1.673045769382939696e+00 2.785889913325319267e-02 1.147522162947317986e-01
1.666749612075147047e+00 2.801641023057476615e-02 1.143203703653308395e-01
1.660444899922692175e+00 2.817392132789633963e-02 1.138879376693255341e-01
1.654133345359724006e+00 2.833143242521790964e-02 1.134550356605342064e-01
1.647816598790382114e+00 2.848894352253948312e-02 1.130217775382107159e-01
1.641496250448124083e+00 2.864645461986105313e-02 1.125882723745735281e-01
1.635173832206342270e+00 2.880396571718262660e-02 1.121546252389938186e-01
1.628850819341177925e+00 2.896147681450419661e-02 1.117209373189045896e-01
1.622528632247404845e+00 2.911898791182577009e-02 1.112873060374914569e-01
1.616208638108367346e+00 2.927649900914734010e-02 1.108538251682311959e-01
1.609892152520760789e+00 2.943401010646891358e-02 1.104205849463340272e-01
1.603580441075344476e+00 2.959152120379048706e-02 1.099876721771624599e-01
1.597274720894387157e+00 2.974903230111205707e-02 1.095551703416829947e-01
1.590976162126856774e+00 2.990654339843363055e-02 1.091231596990194092e-01
1.584685889402213332e+00 3.006405449575520056e-02 1.086917173861666336e-01
1.578404983243791637e+00 3.022156559307677404e-02 1.082609175149330111e-01
1.572134481442649001e+00 3.037907669039834405e-02 1.078308312661708790e-01
1.565875380392831140e+00 3.053658778771991752e-02 1.074015269813609202e-01
1.559628636388918688e+00 3.069409888504148753e-02 1.069730702516091814e-01
1.553395166886792911e+00 3.085160998236306101e-02 1.065455240041216639e-01
1.547175851728471052e+00 3.100912107968463102e-02 1.061189485862142207e-01
1.540971534331930126e+00 3.116663217700620450e-02 1.056934018469211090e-01
1.534783022846729850e+00 3.132414327432777451e-02 1.052689392162579618e-01
1.528611091276361078e+00 3.148165437164934799e-02 1.048456137822021267e-01
1.522456480568089798e+00 3.163916546897092147e-02 1.044234763654440512e-01
1.516319899671159099e+00 3.179667656629248801e-02 1.040025755919676553e-01
1.510202026564174238e+00 3.195418766361406149e-02 1.035829579635178244e-01
1.504103509252446402e+00 3.211169876093563497e-02 1.031646679260069810e-01
1.498024966736085650e+00 3.226920985825720151e-02 1.027477479359152762e-01
1.491966989949628619e+00 3.242672095557877499e-02 1.023322385247385224e-01
1.485930142673946408e+00 3.258423205290034846e-02 1.019181783615351888e-01
1.479914962421174263e+00 3.274174315022192194e-02 1.015056043136222663e-01
1.473921961293373828e+00 3.289925424754349542e-02 1.010945515054701427e-01
1.467951626891667694e+00 3.305676534486506196e-02 1.006850533810589171e-01
1.462004505715871705e+00 3.321427644218663544e-02 1.002771474241599542e-01
1.456081355535381983e+00 3.337178753950820892e-02 9.987088560927341596e-02
1.450182940373555551e+00 3.352929863682978240e-02 9.946632033985124133e-02
1.444309987275017360e+00 3.368680973415134894e-02 9.906350148301813763e-02
1.438463187551188183e+00 3.384432083147292242e-02 9.866247645500096641e-02
1.432643197989384332e+00 3.400183192879449590e-02 9.826329030405929477e-02
1.426850642026512794e+00 3.415934302611606938e-02 9.786598579098795825e-02
1.421086110888050813e+00 3.431685412343764285e-02 9.747060346723811219e-02
1.415350164693334856e+00 3.447436522075920939e-02 9.707718175072774236e-02
1.409643333527865527e+00 3.463187631808078287e-02 9.668575699938998513e-02
1.403966118483497727e+00 3.478938741540235635e-02 9.629636358251811301e-02
1.398318992667383798e+00 3.494689851272392983e-02 9.590903394996821985e-02
1.392702402180348020e+00 3.510440961004549637e-02 9.552379869926438949e-02
1.387116767065655232e+00 3.526192070736706985e-02 9.514068664067371062e-02
1.381562482228801736e+00 3.541943180468864333e-02 9.475972486029382580e-02
1.376039918329170053e+00 3.557694290201021681e-02 9.438093878121020519e-02
1.370549422644276039e+00 3.573445399933179029e-02 9.400435222277395142e-02
1.365091319907383527e+00 3.589196509665335683e-02 9.362998745805281575e-02
1.359665913119128433e+00 3.604947619397493030e-02 9.325786526949943200e-02
1.354273484333974542e+00 3.620698729129650378e-02 9.288800500289348672e-02
1.348914295422074527e+00 3.636449838861807726e-02 9.252042461959680830e-02
1.343588588807344442e+00 3.652200948593964380e-02 9.215514074717698345e-02
1.338296588182285030e+00 3.667952058326121728e-02 9.179216872843617980e-02
1.333038499200320359e+00 3.683703168058279076e-02 9.143152266889779944e-02
1.327814510146208882e+00 3.699454277790436424e-02 9.107321548278908552e-02
1.322624792585199716e+00 3.715205387522593772e-02 9.071725893756610315e-02
1.317469501991519909e+00 3.730956497254750426e-02 9.036366369702085455e-02
1.312348778356770440e+00 3.746707606986907774e-02 9.001243936301049631e-02
1.307262746778872664e+00 3.762458716719065122e-02 8.966359451585249885e-02
1.302211518032035942e+00 3.778209826451222469e-02 8.931713675341786118e-02
1.297195189118413028e+00 3.793960936183379123e-02 8.897307272896866348e-02
1.292213843801883089e+00 3.809712045915536471e-02 8.863140818776964192e-02
1.287267553124533670e+00 3.825463155647693819e-02 8.829214800251289352e-02
1.282356375906340773e+00 3.841214265379851167e-02 8.795529620759057199e-02
1.277480359228600149e+00 3.856965375112008515e-02 8.762085603225271135e-02
1.272639538901464862e+00 3.872716484844165169e-02 8.728882993267485235e-02
1.267833939916216179e+00 3.888467594576322517e-02 8.695921962297936680e-02
1.263063576882632377e+00 3.904218704308479865e-02 8.663202610523353109e-02
1.258328454451904888e+00 3.919969814040637213e-02 8.630724969845705863e-02
1.253628567725622700e+00 3.935720923772793867e-02 8.598489006667363321e-02
1.248963902651102575e+00 3.951472033504951215e-02 8.566494624602653818e-02
1.244334436403659483e+00 3.967223143237108562e-02 8.534741667099779439e-02
1.239740137756064176e+00 3.982974252969265910e-02 8.503229919974904238e-02
1.235180967435631549e+00 3.998725362701423258e-02 8.471959113861349255e-02
1.230656878469387205e+00 4.014476472433579912e-02 8.440928926577077884e-02
1.226167816517546472e+00 4.030227582165737260e-02 8.410138985411985679e-02
1.221713720195794384e+00 4.045978691897894608e-02 8.379588869338364110e-02
1.217294521386641293e+00 4.061729801630051956e-02 8.349278111146470061e-02
1.212910140061930875e+00 4.077480911362208610e-02 8.319206161932715671e-02
1.208560453308143101e+00 4.093232021094365958e-02 8.289372178647899658e-02
1.204245318667417575e+00 4.108983130826523306e-02 8.259775184190537578e-02
1.199964590129333653e+00 4.124734240558680654e-02 8.230414177092540418e-02
1.195718118376916772e+00 4.140485350290838001e-02 8.201288133206573183e-02
1.191505750973620215e+00 4.156236460022994655e-02 8.172396006988519312e-02
1.187327332543567149e+00 4.171987569755152003e-02 8.143736732733743156e-02
1.183182704945162644e+00 4.187738679487309351e-02 8.115309225767891599e-02
1.179071707438396732e+00 4.203489789219466699e-02 8.087112383594377563e-02
1.174994176845934657e+00 4.219240898951623353e-02 8.059145086999314200e-02
1.170949947708321170e+00 4.234992008683780701e-02 8.031406201115989796e-02
1.166938852433398788e+00 4.250743118415938049e-02 8.003894576449772924e-02
1.162960721440186251e+00 4.266494228148095397e-02 7.976609049864910594e-02
1.159015383297384183e+00 4.282245337880252745e-02 7.949548445534540542e-02
1.155102664856675121e+00 4.297996447612409399e-02 7.922711575854984867e-02
1.151222391381018451e+00 4.313747557344566746e-02 7.896097242325693377e-02
1.147374386668092772e+00 4.329498667076724094e-02 7.869704236395935748e-02
1.143558473169032030e+00 4.345249776808881442e-02 7.843531340279190356e-02
1.139774472102668579e+00 4.361000886541038096e-02 7.817577327736723036e-02
1.136022203565348221e+00 4.376751996273195444e-02 7.791840964830808181e-02
1.132301486636554833e+00 4.392503106005352792e-02 7.766321010649172851e-02
1.128612139480417165e+00 4.408254215737510140e-02 7.741016218001228744e-02
1.124953979443299668e+00 4.424005325469667488e-02 7.715925334087464504e-02
1.121326823147533513e+00 4.439756435201824142e-02 7.691047101142284292e-02
1.117730486581481220e+00 4.455507544933981490e-02 7.666380257051791380e-02
1.114164785186057438e+00 4.471258654666138838e-02 7.641923535947202362e-02
1.110629533937767643e+00 4.487009764398296185e-02 7.617675668774413766e-02
1.107124547428453010e+00 4.502760874130452839e-02 7.593635383840942332e-02
1.103649639941818306e+00 4.518511983862610187e-02 7.569801407340850941e-02
1.100204625526842728e+00 4.534263093594767535e-02 7.546172463858240309e-02
1.096789318068214447e+00 4.550014203326924883e-02 7.522747276850352827e-02
1.093403531353877467e+00 4.565765313059082231e-02 7.499524569110879724e-02
1.090047079139741415e+00 4.581516422791238885e-02 7.476503063213793543e-02
1.086719775211759886e+00 4.597267532523396233e-02 7.453681481939125608e-02
1.083421433445338034e+00 4.613018642255553581e-02 7.431058548680462283e-02
1.080151867862285009e+00 4.628769751987710929e-02 7.408632987835543637e-02
1.076910892685284393e+00 4.644520861719867583e-02 7.386403525179885410e-02
1.073698322390068460e+00 4.660271971452024931e-02 7.364368888224639975e-02
1.070513971755300053e+00 4.676023081184182278e-02 7.342527806558717118e-02
1.067357655910276648e+00 4.691774190916339626e-02 7.320879012175990352e-02
1.064229190380535206e+00 4.707525300648496974e-02 7.299421239788095317e-02
1.061128391131414883e+00 4.723276410380653628e-02 7.278153227123215774e-02
1.058055074609653756e+00 4.739027520112810976e-02 7.257073715211394271e-02
1.055009057783123261e+00 4.754778629844968324e-02 7.236181448657062754e-02
1.051990158178672141e+00 4.770529739577125672e-02 7.215475175898619642e-02
1.048998193918271316e+00 4.786280849309282326e-02 7.194953649456325984e-02
1.046032983753426127e+00 4.802031959041439674e-02 7.174615626168345806e-02
1.043094347097949015e+00 4.817783068773597022e-02 7.154459867415535745e-02
1.040182104059155010e+00 4.833534178505754370e-02 7.134485139335396131e-02
1.037296075467539991e+00 4.849285288237911717e-02 7.114690213025642862e-02
1.034436082904968135e+00 4.865036397970068371e-02 7.095073864737538871e-02
1.031601948731451390e+00 4.880787507702225719e-02 7.075634876059565259e-02
1.028793496110558481e+00 4.896538617434383067e-02 7.056372034091701329e-02
1.026010549033516073e+00 4.912289727166540415e-02 7.037284131610747895e-02
1.023252932342021415e+00 4.928040836898697069e-02 7.018369967226764650e-02
1.020520471749825964e+00 4.943791946630854417e-02 6.999628345531136442e-02
1.017812993863167259e+00 4.959543056363011765e-02 6.981058077236701465e-02
1.015130326200043287e+00 4.975294166095169113e-02 6.962657979309963552e-02
1.012472297208370620e+00 4.991045275827326461e-02 6.944426875095605078e-02
1.009838734278845296e+00 5.006796385559483115e-02 6.926363580686978327e-02
1.007229401129980495e+00 5.022547495291640463e-02 6.908466475457518408e-02
1.004643987577763964e+00 5.038298605023797810e-02 6.890733431892025196e-02
1.002082184039559287e+00 5.054049714755955158e-02 6.873162326600082417e-02
9.995436860469671947e-01 5.069800824488111812e-02 6.855751071269208796e-02
9.970281941430733097e-01 5.085551934220269160e-02 6.838497611960098199e-02
9.945354137821174056e-01 5.101303043952426508e-02 6.821399928418468706e-02
9.920650552314707049e-01 5.117054153684583856e-02 6.804456033402740689e-02
9.896168334760124807e-01 5.132805263416741204e-02 6.787663972028148973e-02
9.871904681246373991e-01 5.148556373148897858e-02 6.771021821125504381e-02
9.847856833189823078e-01 5.164307482881055206e-02 6.754527688615154235e-02
9.824022076442779916e-01 5.180058592613212554e-02 6.738179712895529805e-02
9.800397740422515103e-01 5.195809702345369901e-02 6.721976062245750561e-02
9.776981197260175005e-01 5.211560812077526555e-02 6.705914934241881398e-02
9.753769860969497829e-01 5.227311921809683903e-02 6.689994555186740133e-02
9.730761186634342419e-01 5.243063031541841251e-02 6.674213179552668240e-02
9.707952669370184529e-01 5.258814141273998599e-02 6.658569089269206209e-02
9.685341776135717451e-01 5.274565251006155947e-02 6.643060546953502565e-02
9.662925855764417093e-01 5.290316360738312601e-02 6.627685734202017065e-02
9.640702278416664051e-01 5.306067470470469949e-02 6.612442847239083377e-02
9.618668458054083770e-01 5.321818580202627297e-02 6.597330112331784013e-02
9.596821851560812799e-01 5.337569689934784645e-02 6.582345785187247722e-02
9.575159957885458484e-01 5.353320799666941299e-02 6.567488150364116095e-02
9.553680317203101513e-01 5.369071909399098647e-02 6.552755520697776948e-02
9.532380510097109294e-01 5.384823019131255994e-02 6.538146236739189598e-02
9.511258156759557769e-01 5.400574128863413342e-02 6.523658666206445800e-02
9.490310916210724645e-01 5.416325238595570690e-02 6.509291203449442398e-02
9.469536485536336201e-01 5.432076348327727344e-02 6.495042268926706774e-02
9.448932599142406685e-01 5.447827458059884692e-02 6.480910308694322330e-02
9.428497028027289506e-01 5.463578567792042040e-02 6.466893793906604293e-02
9.408227579070287394e-01 5.479329677524199388e-02 6.452991220328196942e-02
9.388122094336660561e-01 5.495080787256356042e-02 6.439201107857366047e-02
9.368178450398229051e-01 5.510831896988513390e-02 6.425522000060024386e-02
9.348394557536240379e-01 5.526583006720670738e-02 6.411952463622963561e-02
9.328768163538622149e-01 5.542334116452828086e-02 6.398490953780763824e-02
9.309296469369978677e-01 5.558085226184985433e-02 6.385135550708380403e-02
9.289976618891010451e-01 5.573836335917142087e-02 6.371884295413900168e-02
9.270805809129265551e-01 5.589587445649299435e-02 6.358735265371906475e-02
9.251781289157315902e-01 5.605338555381456783e-02 6.345686573754046045e-02
9.232900358999091006e-01 5.621089665113614131e-02 6.332736368678894279e-02
9.214160368563544257e-01 5.636840774845770785e-02 6.319882832480573642e-02
9.195558716605073402e-01 5.652591884577928133e-02 6.307124180995711538e-02
9.177092849709451716e-01 5.668342994310085481e-02 6.294458662867911947e-02
9.158760261305164407e-01 5.684094104042242829e-02 6.281884558869628432e-02
9.140558490698965644e-01 5.699845213774400177e-02 6.269400181240675218e-02
9.122485122135016722e-01 5.715596323506556831e-02 6.257003873042904507e-02
9.104537783877169055e-01 5.731347433238714179e-02 6.244694007530744717e-02
9.086714147313551537e-01 5.747098542970871526e-02 6.232468987537052862e-02
9.069011926082791719e-01 5.762849652703028874e-02 6.220327244873798817e-02
9.051428875221347869e-01 5.778600762435185528e-02 6.208267239747233823e-02
9.033962790331633297e-01 5.794351872167342876e-02 6.196287460187310109e-02
9.016611506428116041e-01 5.810102981899500224e-02 6.184386421256249378e-02
8.999372707940578309e-01 5.825854091631657572e-02 6.172562534732014411e-02
8.982243620379845028e-01 5.841605201363814920e-02 6.160813897625538882e-02
8.965221440918187401e-01 5.857356311095971574e-02 6.149138587510666332e-02
8.948303421298525739e-01 5.873107420828128922e-02 6.137534719390610322e-02
8.931486866723928886e-01 5.888858530560286270e-02 6.126000444936252620e-02
8.914769134775230031e-01 5.904609640292443618e-02 6.114533951743769680e-02
8.898147634355672020e-01 5.920360750024600272e-02 6.103133462610756121e-02
8.881619824662398965e-01 5.936111859756757619e-02 6.091797234830807761e-02
8.865183214183265381e-01 5.951862969488914967e-02 6.080523559505419950e-02
8.848835359719118276e-01 5.967614079221072315e-02 6.069310760873398991e-02
8.832573865429597104e-01 5.983365188953229663e-02 6.058157195656381500e-02
8.816396381903199853e-01 5.999116298685386317e-02 6.047061252421007810e-02
8.800300605249409269e-01 6.014867408417543665e-02 6.036021350956214532e-02
8.784284276213593090e-01 6.030618518149701013e-02 6.025035941666165989e-02
8.768345179313080662e-01 6.046369627881858361e-02 6.014103504977690029e-02
8.752481141994112868e-01 6.062120737614015015e-02 6.003222550762041254e-02
8.736690033809169087e-01 6.077871847346172363e-02 5.992391617770646828e-02
8.720969765613981739e-01 6.093622957078329710e-02 5.981609273084340789e-02
8.705318286678147555e-01 6.109374066810487058e-02 5.970874110131570850e-02
8.689733356485492832e-01 6.125125176542643712e-02 5.960184592168977363e-02
8.674212347517064048e-01 6.140876286274801060e-02 5.949538917012615891e-02
8.658752637708855282e-01 6.156627396006958408e-02 5.938935286220015791e-02
8.643351658141428251e-01 6.172378505739115756e-02 5.928371937799944980e-02
8.628006892046413689e-01 6.188129615471273104e-02 5.917847145530952258e-02
8.612715873838181491e-01 6.203880725203429758e-02 5.907359218297227738e-02
8.597476188169079769e-01 6.219631834935587106e-02 5.896906499440593419e-02
8.582285469008164025e-01 6.235382944667744454e-02 5.886487366128604487e-02
8.567141398742443847e-01 6.251134054399902495e-02 5.876100228738120879e-02
8.552041707300086504e-01 6.266885164132059149e-02 5.865743530253918203e-02
8.536984171294723645e-01 6.282636273864215803e-02 5.855415745681767647e-02
8.521966613190240514e-01 6.298387383596373845e-02 5.845115381475595590e-02
8.506986900485815628e-01 6.314138493328530499e-02 5.834840974978485612e-02
8.492042944919879766e-01 6.329889603060687153e-02 5.824591093876704817e-02
8.477132701693294026e-01 6.345640712792845195e-02 5.814364335666883515e-02
8.462254168710331426e-01 6.361391822525001849e-02 5.804159327135414992e-02
8.447405385837561953e-01 6.377142932257158503e-02 5.793974723850126712e-02
8.432584434179731803e-01 6.392894041989316545e-02 5.783809209663624828e-02
8.417789435372406981e-01 6.408645151721473199e-02 5.773661496228117002e-02
8.403018544690651348e-01 6.424396261453631241e-02 5.763530318268748898e-02
8.388269738156438615e-01 6.440147371185787895e-02 5.753414287563101553e-02
8.373540764394121760e-01 6.455898480917944549e-02 5.743311859919439377e-02
8.358829403636964805e-01 6.471649590650102590e-02 5.733221512826196936e-02
8.344133484168123616e-01 6.487400700382259244e-02 5.723141756728667567e-02
8.329450881528435158e-01 6.503151810114417286e-02 5.713071134485617208e-02
8.314779517742783010e-01 6.518902919846573940e-02 5.703008220838666487e-02
8.300117360564336355e-01 6.534654029578730594e-02 5.692951621893921343e-02
8.285462422736111776e-01 6.550405139310888636e-02 5.682899974615494842e-02
8.270812761269566993e-01 6.566156249043045290e-02 5.672851946330687012e-02
8.256166476739128512e-01 6.581907358775203332e-02 5.662806234246128834e-02
8.241521712592938531e-01 6.597658468507359986e-02 5.652761564975013892e-02
8.226876654478378903e-01 6.613409578239516640e-02 5.642716694074494804e-02
8.212229529582989462e-01 6.629160687971674681e-02 5.632670405593626084e-02
8.197578605989299660e-01 6.644911797703831335e-02 5.622621511630847280e-02
8.182922192043639020e-01 6.660662907435987989e-02 5.612568851901057060e-02
8.168258635738712137e-01 6.676414017168146031e-02 5.602511293312125579e-02
8.153586324108915706e-01 6.692165126900302685e-02 5.592447729550166502e-02
8.138903682638423120e-01 6.707916236632460727e-02 5.582377080673530528e-02
8.124209174681654710e-01 6.723667346364617381e-02 5.572298292715315016e-02
8.109501300895458620e-01 6.739418456096774035e-02 5.562210337293919948e-02
8.094778591757029185e-01 6.755169565828932077e-02 5.552112206481152334e-02
8.080039490573915906e-01 6.770920675561088731e-02 5.542002832560206926e-02
8.065282372895098417e-01 6.786671785293246772e-02 5.531881101339482243e-02
8.050505650913966083e-01 6.802422895025403426e-02 5.521745923761339075e-02
8.035707776438127947e-01 6.818174004757560080e-02 5.511596237939055815e-02
8.020887240319394262e-01 6.833925114489718122e-02 5.501431008765868269e-02
8.006042571894538273e-01 6.849676224221874776e-02 5.491249227531390387e-02
7.991172338437328992e-01 6.865427333954032818e-02 5.481049911545766290e-02
7.976275144621219892e-01 6.881178443686189472e-02 5.470832103771140070e-02
7.961349631992142850e-01 6.896929553418346126e-02 5.460594872460047128e-02
7.946394478451505039e-01 6.912680663150504168e-02 5.450337310800815183e-02
7.931408397748638262e-01 6.928431772882660822e-02 5.440058536569433723e-02
7.916390138982724034e-01 6.944182882614817476e-02 5.429757691787931440e-02
7.901338486113628212e-01 6.959933992346975518e-02 5.419433942388865444e-02
7.886252257481701777e-01 6.975685102079132172e-02 5.409086477885960420e-02
7.871130305335933830e-01 6.991436211811290213e-02 5.398714511050468207e-02
7.855971515370399061e-01 7.007187321543446867e-02 5.388317277593232535e-02
7.840774806268506758e-01 7.022938431275603521e-02 5.377894035852083532e-02
7.825539129255292270e-01 7.038689541007761563e-02 5.367444066484765991e-02
7.810263467656954894e-01 7.054440650739918217e-02 5.356966672166834503e-02
7.794946836467571138e-01 7.070191760472076259e-02 5.346461177294455080e-02
7.779588281923073279e-01 7.085942870204232913e-02 5.335926927692218047e-02
7.764186884277833878e-01 7.101693979936389567e-02 5.325363292517554942e-02
7.748741796831343231e-01 7.117445089668547609e-02 5.314769691028670140e-02
7.733252232301812690e-01 7.133196199400704263e-02 5.304145583238364242e-02
7.717717432058895932e-01 7.148947309132862304e-02 5.293490448811120214e-02
7.702136665078386235e-01 7.164698418865018958e-02 5.282803786346143560e-02
7.686509227571965974e-01 7.180449528597175612e-02 5.272085113123409217e-02
7.670834442622130878e-01 7.196200638329333654e-02 5.261333964853268097e-02
7.655111659822502190e-01 7.211951748061490308e-02 5.250549895429731245e-02
7.639340254922822870e-01 7.227702857793646962e-02 5.239732476686983359e-02
7.623519629478970883e-01 7.243453967525805004e-02 5.228881298159331059e-02
7.607649210507519966e-01 7.259205077257961658e-02 5.217995966844268113e-02
7.591728450144931140e-01 7.274956186990119700e-02 5.207076106968716589e-02
7.575756825311180664e-01 7.290707296722276354e-02 5.196121359758323205e-02
7.559733837377504706e-01 7.306458406454433008e-02 5.185131383209558298e-02
7.543659011838529382e-01 7.322209516186591050e-02 5.174105851864834599e-02
7.527531897988331000e-01 7.337960625918747704e-02 5.163044456590333564e-02
7.511352068600485321e-01 7.353711735650905745e-02 5.151946904356536489e-02
7.495119119611837188e-01 7.369462845383062399e-02 5.140812918021342437e-02
7.478832669810142608e-01 7.385213955115219053e-02 5.129642236115809772e-02
7.462492360525222468e-01 7.400965064847377095e-02 5.118434612632338093e-02
7.446097855323645653e-01 7.416716174579533749e-02 5.107189816815242700e-02
7.429648839706852748e-01 7.432467284311691791e-02 5.095907632953711880e-02
7.413145020812714758e-01 7.448218394043848445e-02 5.084587860177097046e-02
7.396586139622741696e-01 7.463969503776005099e-02 5.073230320827702006e-02
7.379972161984800216e-01 7.479720613508163141e-02 5.061834991480983897e-02
7.363303235791146539e-01 7.495471723240319795e-02 5.050401973574485809e-02
7.346579526027613438e-01 7.511222832972476449e-02 5.038931380270016136e-02
7.329801209626474190e-01 7.526973942704634490e-02 5.027423332923320470e-02
7.312968475270055224e-01 7.542725052436791144e-02 5.015877960949354647e-02
7.296081523196729091e-01 7.558476162168949186e-02 5.004295401689232842e-02
7.279140565007999886e-01 7.574227271901105840e-02 4.992675800277909109e-02
7.262145823477906825e-01 7.589978381633262494e-02 4.981019309513443072e-02
7.245097532363700132e-01 7.605729491365420536e-02 4.969326089727146151e-02
7.227995936218450934e-01 7.621480601097577190e-02 4.957596308655055906e-02
7.210841290205177723e-01 7.637231710829735232e-02 4.945830141310447736e-02
7.193633859912729189e-01 7.652982820561891886e-02 4.934027769857551177e-02
7.176373921173158088e-01 7.668733930294048540e-02 4.922189383486282044e-02
7.159061759880788189e-01 7.684485040026206581e-02 4.910315178288154891e-02
7.141697671812783366e-01 7.700236149758363235e-02 4.898405357133200216e-02
7.124281962451358696e-01 7.715987259490521277e-02 4.886460129548030745e-02
7.106814946807376021e-01 7.731738369222677931e-02 4.874479711594845166e-02
7.089296949245671442e-01 7.747489478954834585e-02 4.862464325751619104e-02
7.071728303311706210e-01 7.763240588686992627e-02 4.850414200793210645e-02
7.054109351559744168e-01 7.778991698419149281e-02 4.838329571673509466e-02
7.036440445382533548e-01 7.794742808151305935e-02 4.826210679408618476e-02
7.018721944842490901e-01 7.810493917883463977e-02 4.814057770961056859e-02
7.000954218504157334e-01 7.826245027615620631e-02 4.801871099124849912e-02
6.983137647727672981e-01 7.841996137347778673e-02 4.789650925470381737e-02
6.965272864902005701e-01 7.857747247079935327e-02 4.777397683745707863e-02
6.947360866749762165e-01 7.873498356812091981e-02 4.765112057590988742e-02
6.929402673849409666e-01 7.889249466544250022e-02 4.752794747008842052e-02
6.911399300427372161e-01 7.905000576276406676e-02 4.740446447645086520e-02
6.893351754343448601e-01 7.920751686008564718e-02 4.728067850778756159e-02
6.875261037076982884e-01 7.936502795740721372e-02 4.715659643312594684e-02
6.857128143714160684e-01 7.952253905472878026e-02 4.703222507764372173e-02
6.838954062935864719e-01 7.968005015205036068e-02 4.690757122258520234e-02
6.820739777006711302e-01 7.983756124937192722e-02 4.678264160518644244e-02
6.802486261764668640e-01 7.999507234669350764e-02 4.665744291860379755e-02
6.784194486611667685e-01 8.015258344401507418e-02 4.653198181184960841e-02
6.765865414504973474e-01 8.031009454133664072e-02 4.640626488973308844e-02
6.747500001949429116e-01 8.046760563865822113e-02 4.628029871280695678e-02
6.729099198990338149e-01 8.062511673597978767e-02 4.615408979731882438e-02
6.710663949207384960e-01 8.078262783330135421e-02 4.602764461516931083e-02
6.692195189709132519e-01 8.094013893062293463e-02 4.590096959387447023e-02
6.673693851128362775e-01 8.109765002794450117e-02 4.577407111653358784e-02
6.655160857618126480e-01 8.125516112526608159e-02 4.564695552180245142e-02
6.636597126848619022e-01 8.141267222258764813e-02 4.551962910387154920e-02
6.618003570004725722e-01 8.157018331990921467e-02 4.539209811244947906e-02
6.599381091784308762e-01 8.172769441723079509e-02 4.526436875275113847e-02
6.580730590397095847e-01 8.188520551455236163e-02 4.513644718548999457e-02
6.562052957564575850e-01 8.204271661187394205e-02 4.500833952687757072e-02
6.543349078520122042e-01 8.220022770919550859e-02 4.488005184862407099e-02
6.524619832010275511e-01 8.235773880651707513e-02 4.475159017794737293e-02
6.505866177767454239e-01 8.251524990383865554e-02 4.462296109753777218e-02
6.487089575113482720e-01 8.267276100116022208e-02 4.449417461670983343e-02
6.468291646151830276e-01 8.283027209848178862e-02 4.436524186127804165e-02
6.449473989052887379e-01 8.298778319580336904e-02 4.423617379290269158e-02
6.430638178003110772e-01 8.314529429312493558e-02 4.410698120874120137e-02
6.411785763412591876e-01 8.330280539044651600e-02 4.397767474287164052e-02
6.392918272123442325e-01 8.346031648776808254e-02 4.384826486772219756e-02
6.374037207618812317e-01 8.361782758508964908e-02 4.371876189550469999e-02
6.355144050232736097e-01 8.377533868241122950e-02 4.358917597965394214e-02
6.336240257360539196e-01 8.393284977973279604e-02 4.345951711627081548e-02
6.317327263669594295e-01 8.409036087705437645e-02 4.332979514556797168e-02
6.298406481310689919e-01 8.424787197437594299e-02 4.320001975331941302e-02
6.279479300129600094e-01 8.440538307169750953e-02 4.307020047231176207e-02
6.260547087878889361e-01 8.456289416901908995e-02 4.294034668379690528e-02
6.241611190430086387e-01 8.472040526634065649e-02 4.281046761894733571e-02
6.222672931985706590e-01 8.487791636366223691e-02 4.268057236031034402e-02
6.203733615291605608e-01 8.503542746098380345e-02 4.255066984326458940e-02
6.184794521849010795e-01 8.519293855830536999e-02 4.242076885747432524e-02
6.165856912126758127e-01 8.535044965562695041e-02 4.229087804834515130e-02
6.146922025773154941e-01 8.550796075294851695e-02 4.216100591847708745e-02
6.127991081827665054e-01 8.566547185027008349e-02 4.203116082911667606e-02
6.109065278932499510e-01 8.582298294759166390e-02 4.190135100160796711e-02
6.090145795543666640e-01 8.598049404491323044e-02 4.177158451884038087e-02
6.071233790141692399e-01 8.613800514223481086e-02 4.164186932669385749e-02
6.052330401442006513e-01 8.629551623955637740e-02 4.151221323548185543e-02
6.033436748604664723e-01 8.645302733687794394e-02 4.138262392138988832e-02
6.014553931569907030e-01 8.661053843419952436e-02 4.125310892877698948e-02
5.995683200013938174e-01 8.676804953152109090e-02 4.112367682902344501e-02
5.976826280358396026e-01 8.692556062884267132e-02 4.099433946344956808e-02
5.957984956672432997e-01 8.708307172616423786e-02 4.086510906877312971e-02
5.939160976948629767e-01 8.724058282348580440e-02 4.073599763426708625e-02
5.920356053546258490e-01 8.739809392080738482e-02 4.060701690479959908e-02
5.901571863634262893e-01 8.755560501812895136e-02 4.047817838387272882e-02
5.882810049633375726e-01 8.771311611545053177e-02 4.034949333665460020e-02
5.864072219657494589e-01 8.787062721277209831e-02 4.022097279300686223e-02
5.845359947954019697e-01 8.802813831009366485e-02 4.009262755050493898e-02
5.826674775343029244e-01 8.818564940741524527e-02 3.996446817745016866e-02
5.808018209655270159e-01 8.834316050473681181e-02 3.983650501587399084e-02
5.789391726168464647e-01 8.850067160205837835e-02 3.970874818453061506e-02
5.770796768042325553e-01 8.865818269937995877e-02 3.958120758188056476e-02
5.752234746751615502e-01 8.881569379670152531e-02 3.945389288906109293e-02
5.733707042517506292e-01 8.897320489402310573e-02 3.932681357284480150e-02
5.715215004736908799e-01 8.913071599134467227e-02 3.919997888858438306e-02
5.696759952409771177e-01 8.928822708866623881e-02 3.907339788314328349e-02
5.678343174564187690e-01 8.944573818598781922e-02 3.894707939781171663e-02
5.659965930679143886e-01 8.960324928330938576e-02 3.882103207120598393e-02
5.641629451105020232e-01 8.976076038063096618e-02 3.869526434215277838e-02
5.623334937481491158e-01 8.991827147795253272e-02 3.856978445255545423e-02
5.605083563152813975e-01 9.007578257527409926e-02 3.844460045024254008e-02
5.586876473580677516e-01 9.023329367259567968e-02 3.831972019179930022e-02
5.568714786754009882e-01 9.039080476991724622e-02 3.819515134537859041e-02
5.550599593596219350e-01 9.054831586723882664e-02 3.807090139349409569e-02
5.532531958369388825e-01 9.070582696456039318e-02 3.794697763579270300e-02
5.514512919075583719e-01 9.086333806188195972e-02 3.782338719180688980e-02
5.496543487855081178e-01 9.102084915920354014e-02 3.770013700368629594e-02
5.478624732421902843e-01 9.117836025652510668e-02 3.757723439475414706e-02
5.460758064358804953e-01 9.133587135384667322e-02 3.745468904688844386e-02
5.442944966046419086e-01 9.149338245116825363e-02 3.733251112756134221e-02
5.425186882746988459e-01 9.165089354848982017e-02 3.721071054965437164e-02
5.407485223183368106e-01 9.180840464581140059e-02 3.708929697542984183e-02
5.389841360123870384e-01 9.196591574313296713e-02 3.696827982054205070e-02
5.372256630963350155e-01 9.212342684045453367e-02 3.684766825802297113e-02
5.354732338299976746e-01 9.228093793777611409e-02 3.672747122223826710e-02
5.337269750508254473e-01 9.243844903509768063e-02 3.660769741281758027e-02
5.319870102307370230e-01 9.259596013241926105e-02 3.648835529855273124e-02
5.302534595325437694e-01 9.275347122974082759e-02 3.636945312126781127e-02
5.285264398658980900e-01 9.291098232706239413e-02 3.625099889965659877e-02
5.268060649427986908e-01 9.306849342438397454e-02 3.613300043308963899e-02
5.250924453326213381e-01 9.322600452170554108e-02 3.601546530538866919e-02
5.233856885166557893e-01 9.338351561902712150e-02 3.589840088856736944e-02
5.216858989421705450e-01 9.354102671634868804e-02 3.578181434653941728e-02
5.199931780759713407e-01 9.369853781367025458e-02 3.566571263879216025e-02
5.183076244574575941e-01 9.385604891099183500e-02 3.555010252402560078e-02
5.166293337511649320e-01 9.401356000831340154e-02 3.543499056375629813e-02
5.149583987987997880e-01 9.417107110563496808e-02 3.532038312588629131e-02
5.132949096707322134e-01 9.432858220295654850e-02 3.520628638823495443e-02
5.116389537169878654e-01 9.448609330027811504e-02 3.509270634203649764e-02
5.099906156176851058e-01 9.464360439759969545e-02 3.497964879539940813e-02
5.083499774329385268e-01 9.480111549492126199e-02 3.486711937672912903e-02
5.067171186522326787e-01 9.495862659224282853e-02 3.475512353811473915e-02
5.050921162432396860e-01 9.511613768956440895e-02 3.464366655867714972e-02
5.034750447001008489e-01 9.527364878688597549e-02 3.453275354788083035e-02
5.018659760911479140e-01 9.543115988420755591e-02 3.442238944880677415e-02
5.002649801060847778e-01 9.558867098152912245e-02 3.431257904138872855e-02
4.986721242620479333e-01 9.574618207885068899e-02 3.420332695654667438e-02
4.970874813909034740e-01 9.590369317617226941e-02 3.409463818973156729e-02
4.955111326521791648e-01 9.606120427349383595e-02 3.398651830757871278e-02
4.939431574113754553e-01 9.621871537081541637e-02 3.387897275367325600e-02
4.923836324598563907e-01 9.637622646813698291e-02 3.377200679504334391e-02
4.908326320666776543e-01 9.653373756545854945e-02 3.366562552571506634e-02
4.892902280298210282e-01 9.669124866278012986e-02 3.355983387022645759e-02
4.877564897268069077e-01 9.684875976010169640e-02 3.345463658709899035e-02
4.862314841647024100e-01 9.700627085742326294e-02 3.335003827226756118e-02
4.847152760295060370e-01 9.716378195474484336e-02 3.324604336246778091e-02
4.832079277349301538e-01 9.732129305206640990e-02 3.314265613858182608e-02
4.817094994705564681e-01 9.747880414938799032e-02 3.303988072894137318e-02
4.802200492493882145e-01 9.763631524670955686e-02 3.293772111258923968e-02
4.787396329547776164e-01 9.779382634403112340e-02 3.283618112249794829e-02
4.772683043867504971e-01 9.795133744135270382e-02 3.273526444874721303e-02
4.758061153077096650e-01 9.810884853867427036e-02 3.263497464165855677e-02
4.743531154875289535e-01 9.826635963599585077e-02 3.253531511488837180e-02
4.729093527480518477e-01 9.842387073331741731e-02 3.243628914847990208e-02
4.714748730069519556e-01 9.858138183063898385e-02 3.233789989187169783e-02
4.700497203210288188e-01 9.873889292796056427e-02 3.224015036686712909e-02
4.686339369288637924e-01 9.889640402528213081e-02 3.214304347056019806e-02
4.672275632929007716e-01 9.905391512260371123e-02 3.204658197822173732e-02
4.658306381409239583e-01 9.921142621992527777e-02 3.195076854614430084e-02
4.644431985069303326e-01 9.936893731724684431e-02 3.185560571444566447e-02
4.630652797714304159e-01 9.952644841456842473e-02 3.176109590983286490e-02
4.616969157011496239e-01 9.968395951188999127e-02 3.166724144832538945e-02
4.603381384881494731e-01 9.984147060921155781e-02 3.157404453793836996e-02
4.589889787883703054e-01 9.999898170653313823e-02 3.148150728132627363e-02
4.576494657596033022e-01 1.001564928038547048e-01 3.138963167838722257e-02
4.563196270988820746e-01 1.003140039011762852e-01 3.129841962882776163e-02
4.549994890793167546e-01 1.004715149984978517e-01 3.120787293468926110e-02
4.536890765143551385e-01 1.006290260958194183e-01 3.111799329789649224e-02
4.523884053017074858e-01 1.007865371931409987e-01 3.102878180885448867e-02
4.510974761195570837e-01 1.009440482904625652e-01 3.094023851407903120e-02
4.498162872772458187e-01 1.011015593877841456e-01 3.085236329760989576e-02
4.485448363042551234e-01 1.012590704851057122e-01 3.076515598999715259e-02
4.472831199738153130e-01 1.014165815824272787e-01 3.067861636992051666e-02
4.460311343261150752e-01 1.015740926797488591e-01 3.059274416578124794e-02
4.447888746911011215e-01 1.017316037770704257e-01 3.050753905726594217e-02
4.435563357108551763e-01 1.018891148743920061e-01 3.042300067688138987e-02
4.423335113615887160e-01 1.020466259717135726e-01 3.033912861146308496e-02
4.411203949752365294e-01 1.022041370690351392e-01 3.025592240365640798e-02
4.399169792606582030e-01 1.023616481663567196e-01 3.017338155337069908e-02
4.387232563244660155e-01 1.025191592636782861e-01 3.009150551920790687e-02
4.375392176914589260e-01 1.026766703609998527e-01 3.001029371986408886e-02
4.363648543247017897e-01 1.028341814583214331e-01 2.992974553550663622e-02
4.352001566452273762e-01 1.029916925556429996e-01 2.984986030912558166e-02
4.340451145513721243e-01 1.031492036529645800e-01 2.977063734785986154e-02
4.328997174377693380e-01 1.033067147502861466e-01 2.969207592430001333e-02
4.317639542139767306e-01 1.034642258476077131e-01 2.961417527776581335e-02
4.306378133227689031e-01 1.036217369449292935e-01 2.953693461556090860e-02
4.295212827580845438e-01 1.037792480422508601e-01 2.946035311420390837e-02
4.284143500826319007e-01 1.039367591395724405e-01 2.938442992063574830e-02
4.273170024451807270e-01 1.040942702368940070e-01 2.930916415340587694e-02
4.262292265975096694e-01 1.042517813342155736e-01 2.923455490383455868e-02
4.251510089110487889e-01 1.044092924315371540e-01 2.916060123715442237e-02
4.240823353931938433e-01 1.045668035288587205e-01 2.908730219362939615e-02
4.230231917033274724e-01 1.047243146261803010e-01 2.901465678965364434e-02
4.219735631685200272e-01 1.048818257235018675e-01 2.894266401882839360e-02
4.209334347989318048e-01 1.050393368208234340e-01 2.887132285301838991e-02
4.199027913029302894e-01 1.051968479181450145e-01 2.880063224338878097e-02
4.188816171019117407e-01 1.053543590154665810e-01 2.873059112142168497e-02
4.178698963448316817e-01 1.055118701127881475e-01 2.866119839991284821e-02
4.168676129224603844e-01 1.056693812101097280e-01 2.859245297394939767e-02
4.158747487675056309e-01 1.058268923074312945e-01 2.852435360431728600e-02
4.148912567765316028e-01 1.059844034047528749e-01 2.845689706024795776e-02
4.139170662726375793e-01 1.061419145020744415e-01 2.839007849409697776e-02
4.129521066290374742e-01 1.062994255993960080e-01 2.832389306165724804e-02
4.119963079999930944e-01 1.064569366967175884e-01 2.825833597229276267e-02
4.110496013117987402e-01 1.066144477940391549e-01 2.819340248832033144e-02
4.101119182538858210e-01 1.067719588913607354e-01 2.812908792439946723e-02
4.091831912700279461e-01 1.069294699886823019e-01 2.806538764692904225e-02
4.082633535496916766e-01 1.070869810860038684e-01 2.800229707345417568e-02
4.073523390194773719e-01 1.072444921833254489e-01 2.793981167207907484e-02
4.064500823346816061e-01 1.074020032806470154e-01 2.787792696088839395e-02
4.055565188709763236e-01 1.075595143779685958e-01 2.781663850737646146e-02
4.046715847161930224e-01 1.077170254752901624e-01 2.775594192788374479e-02
4.037952166622132411e-01 1.078745365726117289e-01 2.769583288704072915e-02
4.029273521969698457e-01 1.080320476699333093e-01 2.763630709721917600e-02
4.020679294965551764e-01 1.081895587672548759e-01 2.757736031799092047e-02
4.012168874174298350e-01 1.083470698645764424e-01 2.751898835559342393e-02
4.003741654887326695e-01 1.085045809618980228e-01 2.746118706240235907e-02
3.995397039046965082e-01 1.086620920592195894e-01 2.740395233641140446e-02
3.987134435171593161e-01 1.088196031565411698e-01 2.734728012071857561e-02
3.978953258281788252e-01 1.089771142538627363e-01 2.729116640301971347e-02
3.970852929827354272e-01 1.091346253511843029e-01 2.723560721510794036e-02
3.962832877615422578e-01 1.092921364485058833e-01 2.718059863238050933e-02
3.954892535739349402e-01 1.094496475458274498e-01 2.712613677335120460e-02
3.947031344508691864e-01 1.096071586431490302e-01 2.707221779916991339e-02
3.939248750379993336e-01 1.097646697404705968e-01 2.701883791314803329e-02
3.931544205888535259e-01 1.099221808377921633e-01 2.696599336029026697e-02
3.923917169580876108e-01 1.100796919351137437e-01 2.691368042683195752e-02
3.916367105948452831e-01 1.102372030324353103e-01 2.686189543978367150e-02
3.908893485361866760e-01 1.103947141297568907e-01 2.681063476648045882e-02
3.901495784006076550e-01 1.105522252270784572e-01 2.675989481413733675e-02
3.894173483816535386e-01 1.107097363244000238e-01 2.670967202941131047e-02
3.886926072415994859e-01 1.108672474217216042e-01 2.665996289796784824e-02
3.879753043052202588e-01 1.110247585190431707e-01 2.661076394405364337e-02
3.872653893680322867e-01 1.111822696163647373e-01 2.656207172420295068e-02
3.865627951133378537e-01 1.113397807136863177e-01 2.651388162124368800e-02
3.858674159917542257e-01 1.114972918110078842e-01 2.646618639566941308e-02
3.851791426401049989e-01 1.116548029083294646e-01 2.641897854639014762e-02
3.844978671710742035e-01 1.118123140056510312e-01 2.637225067354339453e-02
3.838234831476439735e-01 1.119698251029725977e-01 2.632599547674090851e-02
3.831558855580596834e-01 1.121273362002941781e-01 2.628020575335152792e-02
3.824949707913182229e-01 1.122848472976157447e-01 2.623487439681998143e-02
3.818406366131743557e-01 1.124423583949373251e-01 2.618999439502116625e-02
3.811927821426411289e-01 1.125998694922588916e-01 2.614555882864837144e-02
3.805513078289796680e-01 1.127573805895804582e-01 2.610156086963500571e-02
3.799161154291754716e-01 1.129148916869020386e-01 2.605799377960972898e-02
3.792871079858636252e-01 1.130724027842236051e-01 2.601485090838240311e-02
3.786641898057317990e-01 1.132299138815451855e-01 2.597212569246271779e-02
3.780472664383500714e-01 1.133874249788667521e-01 2.592981165360820281e-02
3.774362446554561101e-01 1.135449360761883186e-01 2.588790239740338880e-02
3.768310324306428649e-01 1.137024471735098990e-01 2.584639161186666825e-02
3.762315389194898496e-01 1.138599582708314656e-01 2.580527306608742730e-02
3.756376744400770629e-01 1.140174693681530321e-01 2.576454060888963907e-02
3.750493504539154088e-01 1.141749804654746125e-01 2.572418816752379891e-02
3.744664795472585350e-01 1.143324915627961791e-01 2.568420974638516152e-02
3.738889754127946441e-01 1.144900026601177595e-01 2.564459942575804396e-02
3.733167528317161143e-01 1.146475137574393260e-01 2.560535136058594147e-02
3.727497276561463346e-01 1.148050248547608926e-01 2.556645977926623459e-02
3.721878167919331903e-01 1.149625359520824730e-01 2.552791898247002561e-02
3.716309381817757829e-01 1.151200470494040395e-01 2.548972334198479697e-02
3.710790107887070866e-01 1.152775581467256200e-01 2.545186729958149804e-02
3.705319545799015124e-01 1.154350692440471865e-01 2.541434536590398904e-02
3.699896905108107648e-01 1.155925803413687530e-01 2.537715211938084206e-02
3.694521405096165001e-01 1.157500914386903335e-01 2.534028220515906205e-02
3.689192274619967904e-01 1.159076025360119000e-01 2.530373033405914837e-02
3.683908751962016725e-01 1.160651136333334804e-01 2.526749128155151777e-02
3.678670084684171893e-01 1.162226247306550470e-01 2.523155988675260947e-02
3.673475529484327984e-01 1.163801358279766135e-01 2.519593105144183470e-02
3.668324352055881699e-01 1.165376469252981939e-01 2.516059973909765685e-02
3.663215826949965392e-01 1.166951580226197605e-01 2.512556097395273261e-02
3.658149237411498222e-01 1.168526691199413270e-01 2.509080983986933244e-02
3.653123787730611638e-01 1.170101802172629074e-01 2.505634087916827277e-02
3.648138412192186708e-01 1.171676913145844739e-01 2.502214678223649985e-02
3.643192002620633807e-01 1.173252024119060544e-01 2.498821994822965700e-02
3.638283464646399623e-01 1.174827135092276209e-01 2.495455287099732772e-02
3.633411717492785464e-01 1.176402246065491874e-01 2.492113813762091359e-02
3.628575693768119614e-01 1.177977357038707679e-01 2.488796842698806633e-02
3.623774339263091671e-01 1.179552468011923344e-01 2.485503650840273707e-02
3.619006612753152829e-01 1.181127578985139148e-01 2.482233524022974674e-02
3.614271485805912176e-01 1.182702689958354814e-01 2.478985756857386702e-02
3.609567942593264744e-01 1.184277800931570479e-01 2.475759652599112889e-02
3.604894979708306857e-01 1.185852911904786283e-01 2.472554523023311190e-02
3.600251605986811709e-01 1.187428022878001949e-01 2.469369688302246527e-02
3.595636842333168604e-01 1.189003133851217753e-01 2.466204476885900526e-02
3.591049721550678697e-01 1.190578244824433418e-01 2.463058225385580946e-02
3.586489288176190615e-01 1.192153355797649084e-01 2.459930278460495043e-02
3.581954598318774496e-01 1.193728466770864888e-01 2.456819988707096766e-02
3.577444719502580472e-01 1.195303577744080553e-01 2.453726716551310819e-02
3.572958730513562942e-01 1.196878688717296219e-01 2.450649830143395574e-02
3.568495721250065644e-01 1.198453799690512023e-01 2.447588705255465333e-02
3.564054792577248110e-01 1.200028910663727688e-01 2.444542725181646572e-02
3.559635056185111446e-01 1.201604021636943492e-01 2.441511280640694045e-02
3.555235634450139015e-01 1.203179132610159158e-01 2.438493769681088566e-02
3.550855660300431538e-01 1.204754243583374823e-01 2.435489597588546759e-02
3.546494277084292768e-01 1.206329354556590627e-01 2.432498176795874420e-02
3.542150638442010391e-01 1.207904465529806293e-01 2.429518926795025055e-02
3.537823908181064736e-01 1.209479576503022097e-01 2.426551274051513482e-02
3.533513260154366176e-01 1.211054687476237762e-01 2.423594651920892712e-02
3.529217878141661657e-01 1.212629798449453428e-01 2.420648500567410336e-02
3.524936955733855015e-01 1.214204909422669232e-01 2.417712266884677885e-02
3.520669696220407041e-01 1.215780020395884897e-01 2.414785404418425332e-02
3.516415312479438393e-01 1.217355131369100563e-01 2.411867373291133598e-02
3.512173026870804571e-01 1.218930242342316367e-01 2.408957640128689404e-02
3.507942071131692208e-01 1.220505353315532032e-01 2.406055677988782129e-02
3.503721686275043101e-01 1.222080464288747836e-01 2.403160966291231423e-02
3.499511122490485682e-01 1.223655575261963502e-01 2.400272990750032531e-02
3.495309639047801120e-01 1.225230686235179167e-01 2.397391243307154737e-02
3.491116504202837478e-01 1.226805797208394971e-01 2.394515222068000285e-02
3.486930995092351604e-01 1.228380908181610637e-01 2.391644431229282552e-02
3.482752378215831501e-01 1.229956019154826441e-01 2.388778367691737209e-02
3.478579870944608077e-01 1.231531130128042106e-01 2.385916494659684819e-02
3.474412689443714952e-01 1.233106241101257772e-01 2.383058274510056751e-02
3.470250059517305807e-01 1.234681352074473576e-01 2.380203176231147216e-02
3.466091216518335516e-01 1.236256463047689241e-01 2.377350675360655891e-02
3.461935405260630483e-01 1.237831574020905046e-01 2.374500253925383372e-02
3.457781879933544134e-01 1.239406684994120711e-01 2.371651400382689817e-02
3.453629904018841734e-01 1.240981795967336376e-01 2.368803609563492965e-02
3.449478750209954980e-01 1.242556906940552180e-01 2.365956382616881543e-02
3.445327700333452037e-01 1.244132017913767846e-01 2.363109226956254874e-02
3.441176045272664186e-01 1.245707128886983511e-01 2.360261656206936315e-02
3.437023084893486846e-01 1.247282239860199315e-01 2.357413190155283056e-02
3.432868127972167338e-01 1.248857350833414981e-01 2.354563354699159769e-02
3.428710492125173759e-01 1.250432461806630924e-01 2.351711681799828479e-02
3.424549503740891288e-01 1.252007572779846589e-01 2.348857709435107910e-02
3.420384497913381283e-01 1.253582683753062255e-01 2.346000981553938297e-02
3.416214818377778517e-01 1.255157794726277920e-01 2.343141048032060247e-02
3.412039817447620194e-01 1.256732905699493585e-01 2.340277464629050147e-02
3.407858855953831978e-01 1.258308016672709251e-01 2.337409792946451223e-02
3.403671303185459296e-01 1.259883127645924916e-01 2.334537600387133482e-02
3.399476536831929074e-01 1.261458238619140859e-01 2.331660460115688935e-02
3.395273942927002908e-01 1.263033349592356525e-01 2.328777951019988038e-02
3.391062915794189059e-01 1.264608460565572190e-01 2.325889657673740549e-02
3.386842857993682121e-01 1.266183571538787855e-01 2.322995170300100679e-02
3.382613180270742093e-01 1.267758682512003521e-01 2.320094084736262427e-02
3.378373301505438464e-01 1.269333793485219464e-01 2.317186002398987157e-02
3.374122648663818169e-01 1.270908904458435129e-01 2.314270530251113372e-02
3.369860656750300332e-01 1.272484015431650795e-01 2.311347280768902279e-02
3.365586768761373859e-01 1.274059126404866460e-01 2.308415871910280900e-02
3.361300435640607320e-01 1.275634237378082125e-01 2.305475927083985160e-02
3.357001116234680227e-01 1.277209348351298068e-01 2.302527075119396166e-02
3.352688277250690518e-01 1.278784459324513734e-01 2.299568950237268483e-02
3.348361393214550064e-01 1.280359570297729399e-01 2.296601192021182486e-02
3.344019946430399903e-01 1.281934681270945064e-01 2.293623445389715576e-02
3.339663426941089641e-01 1.283509792244160730e-01 2.290635360569335047e-02
3.335291332489714877e-01 1.285084903217376673e-01 2.287636593068011551e-02
3.330903168481978982e-01 1.286660014190592338e-01 2.284626803649410579e-02
3.326498447949600146e-01 1.288235125163808004e-01 2.281605658307787193e-02
3.322076691514552760e-01 1.289810236137023669e-01 2.278572828243465020e-02
3.317637427550693685e-01 1.291385347110239334e-01 2.275527989973690282e-02
3.313180249957420886e-01 1.292960458083455277e-01 2.272470864958898648e-02
3.308704897583355509e-01 1.294535569056670943e-01 2.269401274078469005e-02
3.304211134386607629e-01 1.296110680029886608e-01 2.266319055434081603e-02
3.299698729007283227e-01 1.297685791003102274e-01 2.263224050338740953e-02
3.295167454745338009e-01 1.299260901976317939e-01 2.260116103301588672e-02
3.290617089538693807e-01 1.300836012949533882e-01 2.256995062012889103e-02
3.286047415941563687e-01 1.302411123922749547e-01 2.253860777329167245e-02
3.281458221102927508e-01 1.303986234895965213e-01 2.250713103258445563e-02
3.276849296745253382e-01 1.305561345869180878e-01 2.247551896945643862e-02
3.272220439143328496e-01 1.307136456842396544e-01 2.244377018658066589e-02
3.267571449103288117e-01 1.308711567815612486e-01 2.241188331771016423e-02
3.262902131941831652e-01 1.310286678788828152e-01 2.237985702753533465e-02
3.258212297465477580e-01 1.311861789762043817e-01 2.234769001154177093e-02
3.253501759950090944e-01 1.313436900735259483e-01 2.231538099586975049e-02
3.248770338120435253e-01 1.315012011708475148e-01 2.228292873717401673e-02
3.244017855129854855e-01 1.316587122681690813e-01 2.225033202248440783e-02
3.239244138540152140e-01 1.318162233654906756e-01 2.221758966906789770e-02
3.234449020301446986e-01 1.319737344628122422e-01 2.218470052429037317e-02
3.229632336732222164e-01 1.321312455601338087e-01 2.215166346547979212e-02
3.224793928499360973e-01 1.322887566574553753e-01 2.211847739978929292e-02
3.219933640598394708e-01 1.324462677547769418e-01 2.208514126406169523e-02
3.215051322333696282e-01 1.326037788520985361e-01 2.205165402469365030e-02
3.210146827298794858e-01 1.327612899494201026e-01 2.201801467750058583e-02
3.205220013356758768e-01 1.329188010467416692e-01 2.198422224758225796e-02
3.200270742620546227e-01 1.330763121440632357e-01 2.195027578918783140e-02
3.195298881433541460e-01 1.332338232413848023e-01 2.191617438558254860e-02
3.190304300349973698e-01 1.333913343387063966e-01 2.188191714891325051e-02
3.185286874115463296e-01 1.335488454360279631e-01 2.184750322007508391e-02
3.180246481647545087e-01 1.337063565333495296e-01 2.181293176857784441e-02
3.175183006016241705e-01 1.338638676306710962e-01 2.177820199241273583e-02
3.170096334424633011e-01 1.340213787279926627e-01 2.174331311791913302e-02
3.164986358189371685e-01 1.341788898253142570e-01 2.170826439965090754e-02
3.159852972721355346e-01 1.343364009226358236e-01 2.167305512024383929e-02
3.154696077506169982e-01 1.344939120199573901e-01 2.163768459028155358e-02
3.149515576084721546e-01 1.346514231172789566e-01 2.160215214816263440e-02
3.144311376033735450e-01 1.348089342146005232e-01 2.156645715996682172e-02
3.139083388946301567e-01 1.349664453119221175e-01 2.153059901932164594e-02
3.133831530412313215e-01 1.351239564092436840e-01 2.149457714726828519e-02
3.128555719998966644e-01 1.352814675065652505e-01 2.145839099212765860e-02
3.123255881231105646e-01 1.354389786038868171e-01 2.142204002936583598e-02
3.117931941571698284e-01 1.355964897012083836e-01 2.138552376145992293e-02
3.112583833001816291e-01 1.357540007985299779e-01 2.134884172187619111e-02
3.107211602966427622e-01 1.359115118958515445e-01 2.131199423603406112e-02
3.101815542278409388e-01 1.360690229931731110e-01 2.127498329858438023e-02
3.096395972145175035e-01 1.362265340904946775e-01 2.123781111265051272e-02
3.090953212277262607e-01 1.363840451878162441e-01 2.120047987108901119e-02
3.085487580880649228e-01 1.365415562851378384e-01 2.116299175643673522e-02
3.079999394649158839e-01 1.366990673824594049e-01 2.112534894085888251e-02
3.074488968757205787e-01 1.368565784797809715e-01 2.108755358609924399e-02
3.068956616852723807e-01 1.370140895771025380e-01 2.104960784343160723e-02
3.063402651050383674e-01 1.371716006744241045e-01 2.101151385361334223e-02
3.057827381925040111e-01 1.373291117717456711e-01 2.097327374684037488e-02
3.052231118505363550e-01 1.374866228690672654e-01 2.093488964270353442e-02
3.046614168267761658e-01 1.376441339663888319e-01 2.089636365014686803e-02
3.040976837130522359e-01 1.378016450637103985e-01 2.085769786742747503e-02
3.035319429448119499e-01 1.379591561610319650e-01 2.081889438207643744e-02
3.029642248005856575e-01 1.381166672583535315e-01 2.077995527086209590e-02
3.023945594014624261e-01 1.382741783556751258e-01 2.074088259975404719e-02
3.018229767105922168e-01 1.384316894529966924e-01 2.070167842388905347e-02
3.012495065327115418e-01 1.385892005503182589e-01 2.066234478753850232e-02
3.006741785136846090e-01 1.387467116476398254e-01 2.062288372407688683e-02
3.000970221400734439e-01 1.389042227449613920e-01 2.058329725595238816e-02
2.995180667387205564e-01 1.390617338422829863e-01 2.054358739465819012e-02
2.989373414763578096e-01 1.392192449396045528e-01 2.050375614070567426e-02
2.983548753592337177e-01 1.393767560369261194e-01 2.046380548359889168e-02
2.977706972327612833e-01 1.395342671342476859e-01 2.042373740181034625e-02
2.971848357811830987e-01 1.396917782315692524e-01 2.038355386275807549e-02
2.965973195272608165e-01 1.398492893288908467e-01 2.034325682278429956e-02
2.960081768319774431e-01 1.400068004262124133e-01 2.030284822713509033e-02
2.954174358942665002e-01 1.401643115235339798e-01 2.026233000994169184e-02
2.948251247507515660e-01 1.403218226208555464e-01 2.022170409420271167e-02
2.942312712755106308e-01 1.404793337181771129e-01 2.018097239176795676e-02
2.936359031798559394e-01 1.406368448154987072e-01 2.014013680332333786e-02
2.930390480121329855e-01 1.407943559128202737e-01 2.009919921837703682e-02
2.924407331575368252e-01 1.409518670101418403e-01 2.005816151524695765e-02
2.918409858379403254e-01 1.411093781074634068e-01 2.001702556104893033e-02
2.912398331117548866e-01 1.412668892047849734e-01 1.997579321168718031e-02
2.906373018737909431e-01 1.414244003021065677e-01 1.993446631184469728e-02
2.900334188551444980e-01 1.415819113994281342e-01 1.989304669497553649e-02
2.894282106231000351e-01 1.417394224967497007e-01 1.985153618329804984e-02
2.888217035810480282e-01 1.418969335940712673e-01 1.980993658778937988e-02
2.882139239684138876e-01 1.420544446913928338e-01 1.976824970818043606e-02
2.876048978606153828e-01 1.422119557887144281e-01 1.972647733295306363e-02
2.869946511690233959e-01 1.423694668860359946e-01 1.968462123933732363e-02
2.863832096409406058e-01 1.425269779833575612e-01 1.964268319331003571e-02
2.857705988652187168e-01 1.426844890806791277e-01 1.960066494998006018e-02
2.851568524538795057e-01 1.428420001780006943e-01 1.955856881475592432e-02
2.845420282156064795e-01 1.429995112753222608e-01 1.951639875266636404e-02
2.839261878559621866e-01 1.431570223726438551e-01 1.947415899602241568e-02
2.833093923521255997e-01 1.433145334699654216e-01 1.943185372717614115e-02
2.826917019559645472e-01 1.434720445672869882e-01 1.938948707873137250e-02
2.820731761972128937e-01 1.436295556646085547e-01 1.934706313376165221e-02
2.814538738867501388e-01 1.437870667619301213e-01 1.930458592603513310e-02
2.808338531199714438e-01 1.439445778592517156e-01 1.926205944024576844e-02
2.802131712802561903e-01 1.441020889565732821e-01 1.921948761225119803e-02
2.795918850425266333e-01 1.442596000538948486e-01 1.917687432931681688e-02
2.789700503768833828e-01 1.444171111512164152e-01 1.913422343036514858e-02
2.783477225523400267e-01 1.445746222485379817e-01 1.909153870623201896e-02
2.777249561406265332e-01 1.447321333458595760e-01 1.904882389992734390e-02
2.771018050200734217e-01 1.448896444431811426e-01 1.900608270690164192e-02
2.764783223795744260e-01 1.450471555405027091e-01 1.896331877531779592e-02
2.758545607226149388e-01 1.452046666378242756e-01 1.892053570632729401e-02
2.752305718713767280e-01 1.453621777351458422e-01 1.887773705435185495e-02
2.746064069709006628e-01 1.455196888324674365e-01 1.883492632736892200e-02
2.739821164933225472e-01 1.456771999297890030e-01 1.879210698720215622e-02
2.733577502421588035e-01 1.458347110271105695e-01 1.874928244981540967e-02
2.727333573566648184e-01 1.459922221244321361e-01 1.870645608561169113e-02
2.721089863162353684e-01 1.461497332217537026e-01 1.866363121973491773e-02
2.714846849448659949e-01 1.463072443190752969e-01 1.862081113237597230e-02
2.708605004156641738e-01 1.464647554163968635e-01 1.857799905908212243e-02
2.702364792554078354e-01 1.466222665137184300e-01 1.853519819106962813e-02
2.696126673491519576e-01 1.467797776110399965e-01 1.849241167553974940e-02
2.689891099448764034e-01 1.469372887083615631e-01 1.844964261599751562e-02
2.683658516581761133e-01 1.470947998056831574e-01 1.840689407257345769e-02
2.677429364769922104e-01 1.472523109030047239e-01 1.836416906234803609e-02
2.671204077663801302e-01 1.474098220003262905e-01 1.832147055967874374e-02
2.664983082733096142e-01 1.475673330976478570e-01 1.827880149652932190e-02
2.658766801315021189e-01 1.477248441949694235e-01 1.823616476280152943e-02
2.652555648662940357e-01 1.478823552922910178e-01 1.819356320666872667e-02
2.646350033995348294e-01 1.480398663896125844e-01 1.815099963491181856e-02
2.640150360545078789e-01 1.481973774869341509e-01 1.810847681325676931e-02
2.633957025608747449e-01 1.483548885842557175e-01 1.806599746671374435e-02
2.627770420596509116e-01 1.485123996815772840e-01 1.802356427991836166e-02
2.621590931081906883e-01 1.486699107788988505e-01 1.798117989747363352e-02
2.615418936852011988e-01 1.488274218762204448e-01 1.793884692429383032e-02
2.609254811957744113e-01 1.489849329735420114e-01 1.789656792594965587e-02
2.603098924764249422e-01 1.491424440708635779e-01 1.785434542901375224e-02
2.596951638001553930e-01 1.492999551681851444e-01 1.781218192140817530e-02
2.590813308815223537e-01 1.494574662655067110e-01 1.777007985275180779e-02
2.584684288817267750e-01 1.496149773628283053e-01 1.772804163470953834e-02
2.578564924137003445e-01 1.497724884601498718e-01 1.768606964134112475e-02
2.572455555472093480e-01 1.499299995574714384e-01 1.764416620945122999e-02
2.566356529519082663e-01 1.500875106547930049e-01 1.760233371699018376e-02
2.560268295076378320e-01 1.502450217521145714e-01 1.756057524221277602e-02
2.554191353004929832e-01 1.504025328494361657e-01 1.751889422046460504e-02
2.548126196770664209e-01 1.505600439467577323e-01 1.747729403636966508e-02
2.542073311893613408e-01 1.507175550440792988e-01 1.743577802005204236e-02
2.536033176027964742e-01 1.508750661414008654e-01 1.739434944768487173e-02
2.530006259042407168e-01 1.510325772387224319e-01 1.735301154204155552e-02
2.523993023100660760e-01 1.511900883360440262e-01 1.731176747304797453e-02
2.517993922742357560e-01 1.513475994333655927e-01 1.727062035833731510e-02
2.512009404963985171e-01 1.515051105306871593e-01 1.722957326380524651e-02
2.506039909300039059e-01 1.516626216280087258e-01 1.718862920416649315e-02
2.500085867904395798e-01 1.518201327253302924e-01 1.714779114351305117e-02
2.494147705631628575e-01 1.519776438226518867e-01 1.710706199587178761e-02
2.488225840118555021e-01 1.521351549199734532e-01 1.706644462576390256e-02
2.482320681865777812e-01 1.522926660172950197e-01 1.702594184876413813e-02
2.476432634319223891e-01 1.524501771146165863e-01 1.698555643206002205e-02
2.470562093951770566e-01 1.526076882119381528e-01 1.694529109501180172e-02
2.464709450344770847e-01 1.527651993092597471e-01 1.690514850971157682e-02
2.458875086269621257e-01 1.529227104065813136e-01 1.686513130154275106e-02
2.453059377769158111e-01 1.530802215039028802e-01 1.682524204973833218e-02
2.447262694239096814e-01 1.532377326012244467e-01 1.678548328793954061e-02
2.441485398509239679e-01 1.533952436985460133e-01 1.674585750475277371e-02
2.435727846924683193e-01 1.535527547958676076e-01 1.670636714430657685e-02
2.429990389426764374e-01 1.537102658931891741e-01 1.666701460680691110e-02
2.424273369633889452e-01 1.538677769905107406e-01 1.662780224909147717e-02
2.418577124922225707e-01 1.540252880878323072e-01 1.658873238518323440e-02
2.412901986506099938e-01 1.541827991851538737e-01 1.654980728684177921e-02
2.407248279518251488e-01 1.543403102824754403e-01 1.651102918411385609e-02
2.401616323089829086e-01 1.544978213797970346e-01 1.647240026588197778e-02
2.396006430430095979e-01 1.546553324771186011e-01 1.643392268041117196e-02
2.390418908905940776e-01 1.548128435744401676e-01 1.639559853589432625e-02
2.384854060121066877e-01 1.549703546717617342e-01 1.635742990099531280e-02
2.379312179994862997e-01 1.551278657690833007e-01 1.631941880538994444e-02
2.373793558841011397e-01 1.552853768664048950e-01 1.628156724030519961e-02
2.368298481445738901e-01 1.554428879637264616e-01 1.624387715905589377e-02
2.362827227145761211e-01 1.556003990610480281e-01 1.620635047757927258e-02
2.357380069905847531e-01 1.557579101583695946e-01 1.616898907496703772e-02
2.351957278396051010e-01 1.559154212556911612e-01 1.613179479399508981e-02
2.346559116068543116e-01 1.560729323530127555e-01 1.609476944165050966e-02
2.341185841234097731e-01 1.562304434503343220e-01 1.605791478965610045e-02
2.335837707138144204e-01 1.563879545476558885e-01 1.602123257499209891e-02
2.330514962036489557e-01 1.565454656449774551e-01 1.598472450041550641e-02
2.325217849270493908e-01 1.567029767422990216e-01 1.594839223497573899e-02
2.319946607342024958e-01 1.568604878396206159e-01 1.591223741452867449e-02
2.314701469987766880e-01 1.570179989369421825e-01 1.587626164224640105e-02
2.309482666253265537e-01 1.571755100342637490e-01 1.584046648912502964e-02
2.304290420566421083e-01 1.573330211315853155e-01 1.580485349448878737e-02
2.299124952810596423e-01 1.574905322289068821e-01 1.576942416649147402e-02
2.293986478397226358e-01 1.576480433262284764e-01 1.573417998261445946e-02
2.288875191477012516e-01 1.578055544235500429e-01 1.569912227451427181e-02
2.283791210324835341e-01 1.579630655208716095e-01 1.566425185342422768e-02
2.278734631162045998e-01 1.581205766181931760e-01 1.562956937931511345e-02
2.278734631162045998e-01 1.581205766181931760e-01 1.562956937931511345e-02
1.784028667627161613e-01 1.826842454521749870e-01 1.269994451582245366e-02
1.521884967575361514e-01 2.073525430377324841e-01 7.846247445998811437e-03
1.217050835303872536e-01 2.322407203492417860e-01 7.255360431377274807e-03
1.061711350874862819e-01 2.568837818198746459e-01 6.972614626206465396e-03
9.023091441425447334e-02 2.811184729179193598e-01 4.587094551430364806e-03
7.965320239239642719e-02 3.057758170190760794e-01 3.508308278441240897e-03
6.983441507385013125e-02 3.308749588216616799e-01 3.028206072321211820e-03
6.126414766218882257e-02 3.553458836143503774e-01 2.455673315575996121e-03
5.562618823740963364e-02 3.797183506574301481e-01 2.660465717855567836e-03
4.923231884744517367e-02 4.042043120935024936e-01 1.421250039018069362e-03
4.494094695928004674e-02 4.287407985369371399e-01 1.166978105210551148e-03
4.109741346916713500e-02 4.533371424922238990e-01 1.084200949561031158e-03
3.721989466757129328e-02 4.779959634912051558e-01 1.440695359961050200e-03
3.410483891418327612e-02 5.026629933946460405e-01 1.024942565522139358e-03
3.181601119637038344e-02 5.271487506500315279e-01 1.144768585302242004e-03
2.960027878252554853e-02 5.515427964227138657e-01 8.131013160763651609e-04
2.773417296039915741e-02 5.762240530263548210e-01 6.748470895489821738e-04
2.603820618211282606e-02 6.007285446297923048e-01 6.495982802685497251e-04
2.429265414247284982e-02 6.252568531449649303e-01 8.923510061299680558e-04
2.335725607082286479e-02 6.499965502683907603e-01 8.638838276960851418e-04
2.230532393522124610e-02 6.746857991314229031e-01 6.992553017678111238e-04
2.159696519452179025e-02 6.991270364754236244e-01 5.548329356246179322e-04
2.104094724901166627e-02 7.235756604093172006e-01 4.970941509695409131e-04
2.089844172143878048e-02 7.479714013051395050e-01 6.358295188523270698e-04
2.080331071158725981e-02 7.726132299420060967e-01 5.462950766216932838e-04
2.069013914381988978e-02 7.972349387995918413e-01 5.344629572538395429e-04
2.003088826621991780e-02 8.217736356692634248e-01 5.908848512656664264e-04
1.947686335544710282e-02 8.463200505719705724e-01 5.195337436259226402e-04
1.899091008394495489e-02 8.708218859006343626e-01 4.259644272993289254e-04
1.874593034361075536e-02 8.954790463233904818e-01 4.866929326387655274e-04
1.851000544066409154e-02 9.199626960429320155e-01 5.281951251028217317e-04
1.864108478717469222e-02 9.443606208269833546e-01 5.407120548573158972e-04
1.874853920403425633e-02 9.688687146412832130e-01 6.028829640904932079e-04
1.870820581099721588e-02 9.930926048855095445e-01 7.035918717390450376e-04
1.914612401882997278e-02 1.017620455362175491e+00 5.692599156273263654e-04
1.985356505453247586e-02 1.042409919186157552e+00 6.752049178789233620e-04
2.089980357014675078e-02 1.066789561870425063e+00 6.957093773164523638e-04
2.152323563609476881e-02 1.090909765172895618e+00 8.104700476451545156e-04
2.137317217222170149e-02 1.115651582439790346e+00 1.226811396974083774e-03
2.201161059443806564e-02 1.140641543091339027e+00 7.508847217160060251e-04
2.243854178800838706e-02 1.164692026865203012e+00 1.333599093549301751e-03
2.314955498389920791e-02 1.188605021497627590e+00 1.194283493261520364e-03
2.491035655476402100e-02 1.214006438167991364e+00 1.224774646461515484e-03
2.685730423031659764e-02 1.240498485730926914e+00 1.753786311945040779e-03
3.074708930208882099e-02 1.264816150349954427e+00 3.583457082172343544e-03
3.329539615370157024e-02 1.284554513240047102e+00 4.395240319170073094e-03
3.557837379155923130e-02 1.309527810458392949e+00 6.157220734589840053e-03
5.234061916379953439e-02 1.335814856768205550e+00 1.124247767385062359e-02
4.818317764345627502e-02 1.360349523175663267e+00 5.839592272540668205e-02
