4.403691090819565801e+01 7.669903939428205850e-04 2.982706049825174066e+00
5.248767061565481384e+01 9.245014912643925459e-04 3.555092522564026414e+00
6.078240400806686239e+01 1.082012588585964507e-03 4.116911028017593566e+00
6.892161209017869794e+01 1.239523685907536251e-03 4.668195500216635097e+00
7.690518092046660570e+01 1.397034783229108429e-03 5.208938221679044744e+00
8.473271644708854922e+01 1.554545880550680173e-03 5.739112502503355806e+00
9.240400571655564477e+01 1.712056977872252134e-03 6.258703918933517407e+00
9.991901589286165120e+01 1.869568075193824095e-03 6.767710246922661099e+00
1.072781545801248910e+02 2.027079172515396273e-03 7.266159094294413201e+00
1.144818287777465713e+02 2.184590269836968017e-03 7.754078027913729798e+00
1.215311022652777098e+02 2.342101367158539761e-03 8.231539099648852442e+00
1.284270537379944983e+02 2.499612464480111939e-03 8.698615371639247584e+00
1.351709409088510370e+02 2.657123561801683683e-03 9.155392031241602169e+00
1.417644621481061620e+02 2.814634659123255861e-03 9.601984112393168402e+00
1.482094017033076909e+02 2.972145756444827605e-03 1.003851246566781974e+01
1.545075204970807761e+02 3.129656853766399783e-03 1.046509636179683866e+01
1.606608264394005801e+02 3.287167951087971527e-03 1.088187180044747748e+01
1.666715302290761258e+02 3.444679048409543271e-03 1.128898851657108438e+01
1.725418487646062715e+02 3.602190145731115449e-03 1.168659666503609884e+01
1.782739375660263192e+02 3.759701243052687193e-03 1.207484224342767654e+01
1.838700621713061594e+02 3.917212340374259805e-03 1.245387870106070416e+01
1.893325817799172626e+02 4.074723437695831549e-03 1.282386583112664624e+01
1.946639197846992602e+02 4.232234535017403293e-03 1.318496777475926862e+01
1.998664397994615172e+02 4.389745632338975037e-03 1.353734462414177386e+01
2.049424257688556281e+02 4.547256729660546781e-03 1.388115107530958170e+01
2.098941939645964112e+02 4.704767826982118525e-03 1.421654401387328726e+01
2.147240860953974675e+02 4.862278924303691137e-03 1.454368204834114486e+01
2.194344573264498592e+02 5.019790021625262881e-03 1.486272469865492063e+01
2.240276647490050834e+02 5.177301118946834625e-03 1.517383161521222412e+01
2.285059856654283408e+02 5.334812216268406369e-03 1.547715704415343119e+01
2.328715868798349504e+02 5.492323313589978981e-03 1.577284774735649009e+01
2.371266268013621072e+02 5.649834410911550725e-03 1.606104991809105442e+01
2.412732581394312774e+02 5.807345508233122469e-03 1.634190936357390456e+01
2.453136225684670819e+02 5.964856605554694213e-03 1.661557114359991516e+01
2.492498462264092893e+02 6.122367702876265957e-03 1.688217926564746207e+01
2.530840359290596382e+02 6.279878800197838569e-03 1.714187642846876258e+01
2.568182544846322912e+02 6.437389897519410313e-03 1.739480235009608222e+01
2.604544185269460286e+02 6.594900994840982057e-03 1.764108684788422110e+01
2.639943864081222387e+02 6.752412092162553801e-03 1.788085579165466044e+01
2.674400028007100332e+02 6.909923189484126413e-03 1.811423412468473515e+01
2.707930961992360039e+02 7.067434286805698157e-03 1.834134569448267982e+01
2.740554767328704884e+02 7.224945384127269901e-03 1.856231310463524764e+01
2.772289343075020724e+02 7.382456481448841645e-03 1.877725758896680475e+01
2.803152370368383686e+02 7.539967578770413389e-03 1.898629890527471531e+01
2.833161299273670579e+02 7.697478676091986001e-03 1.918955524625914322e+01
2.862333233275155635e+02 7.854989773413558612e-03 1.938714245716211337e+01
2.890683852068243596e+02 8.012500870735128622e-03 1.957916673962534304e+01
2.918227936050668632e+02 8.170011968056702101e-03 1.976572820417161935e+01
2.944980142657299211e+02 8.327523065378272110e-03 1.994692612847225277e+01
2.970955005204357917e+02 8.485034162699845589e-03 2.012285894951867959e+01
2.996166920610058924e+02 8.642545260021415598e-03 2.029362418045196748e+01
3.020630138710313304e+02 8.800056357342989077e-03 2.045931833819599532e+01
3.044358753005298581e+02 8.957567454664562556e-03 2.062003688078215191e+01
3.067366692690250147e+02 9.115078551986132566e-03 2.077587415337238497e+01
3.089667715839016751e+02 9.272589649307706045e-03 2.092692334208996741e+01
3.111275403623130842e+02 9.430100746629276054e-03 2.107327643486428315e+01
3.132203140123884282e+02 9.587611843950849533e-03 2.121502408469392265e+01
3.152463290289891233e+02 9.745122941272419542e-03 2.135225004179272901e+01
3.172066857799605941e+02 9.902634038593993021e-03 2.148502883622560233e+01
3.191024699337293669e+02 1.006014513591556303e-02 2.161343400243712765e+01
3.209347621663951031e+02 1.021765623323713651e-02 2.173753873673178916e+01
3.227046372268717960e+02 1.037516733055870999e-02 2.185741583395425636e+01
3.244131630936974489e+02 1.053267842788028000e-02 2.197313763037833212e+01
3.260614002158756080e+02 1.069018952520185348e-02 2.208477595228779222e+01
3.276504008307356912e+02 1.084770062252342349e-02 2.219240206977363172e+01
3.291812083524388868e+02 1.100521171984499696e-02 2.229608665531644718e+01
3.306548568253357416e+02 1.116272281716656697e-02 2.239589974676122353e+01
3.320723704368363087e+02 1.132023391448814045e-02 2.249191071432310451e+01
3.334347630849498501e+02 1.147774501180971046e-02 2.258418823129601805e+01
3.347430379960354685e+02 1.163525610913128394e-02 2.267280024816215089e+01
3.359981848613998068e+02 1.179276720645285742e-02 2.275781379864814724e+01
3.372010928807117125e+02 1.195027830377442743e-02 2.283928910998560013e+01
3.383525354301959283e+02 1.210778940109600091e-02 2.291727856445783473e+01
3.394532800099731276e+02 1.226530049841757092e-02 2.299183414634817879e+01
3.405040947489446808e+02 1.242281159573914440e-02 2.306300788252849898e+01
3.415057476416984628e+02 1.258032269306071441e-02 2.313085179077333464e+01
3.424590058418562535e+02 1.273783379038228789e-02 2.319541783189695749e+01
3.433646350080239245e+02 1.289534488770385789e-02 2.325675786545330226e+01
3.442233986987804997e+02 1.305285598502543137e-02 2.331492360875736125e+01
3.450360578134317961e+02 1.321036708234700485e-02 2.336996659900635720e+01
3.458033700754618849e+02 1.336787817966857486e-02 2.342193815829291736e+01
3.465260895559063670e+02 1.352538927699014834e-02 2.347088936132216475e+01
3.472049662339617271e+02 1.368290037431171835e-02 2.351687100565100152e+01
3.478407455924641454e+02 1.384041147163329183e-02 2.355993358428901274e+01
3.484341682459302092e+02 1.399792256895486184e-02 2.360012726050500831e+01
3.489859695990746786e+02 1.415543366627643532e-02 2.363750184469772364e+01
3.494968795338419909e+02 1.431294476359800533e-02 2.367210677319789625e+01
3.499676215970461044e+02 1.447045586091957881e-02 2.370399105324544209e+01
3.503988641166088200e+02 1.462796695824115228e-02 2.373319995199683063e+01
3.507911844071311975e+02 1.478547805556272229e-02 2.375977257209841653e+01
3.511451522077947516e+02 1.494298915288429577e-02 2.378374750309853525e+01
3.514613387766460733e+02 1.510050025020586578e-02 2.380516343742127461e+01
3.517403163643026005e+02 1.525801134752743926e-02 2.382405913471945880e+01
3.519826577198458608e+02 1.541552244484900927e-02 2.384047338840789010e+01
3.521889356271083784e+02 1.557303354217058275e-02 2.385444499425507558e+01
3.523597224696222270e+02 1.573054463949215276e-02 2.386601272091644432e+01
3.524955898226328941e+02 1.588805573681372624e-02 2.387521528230053036e+01
3.525971080706792122e+02 1.604556683413529972e-02 2.388209131166705035e+01
3.526648460493122457e+02 1.620307793145686973e-02 2.388667933735970550e+01
3.526993707096693811e+02 1.636058902877844320e-02 2.388901776008716737e+01
3.527012468046182221e+02 1.651810012610001321e-02 2.388914483166505320e+01
3.526710365953278483e+02 1.667561122342158669e-02 2.388709863514129594e+01
3.526092995771606979e+02 1.683312232074316017e-02 2.388291706623040156e+01
3.525165922238546159e+02 1.699063341806473018e-02 2.387663781598632440e+01
3.523934677490146328e+02 1.714814451538630366e-02 2.386829835464779137e+01
3.522404758839885517e+02 1.730565561270787367e-02 2.385793591659353652e+01
3.520581626712738625e+02 1.746316671002944715e-02 2.384558748634916370e+01
3.518470702726165769e+02 1.762067780735101716e-02 2.383128978558945832e+01
3.516077367698146077e+02 1.777818890467259064e-02 2.381507925964631767e+01
3.513406912034425318e+02 1.793570000199416065e-02 2.379699174147190988e+01
3.510464477148593119e+02 1.809321109931573412e-02 2.377706205486540014e+01
3.507255153171497568e+02 1.825072219663730760e-02 2.375532467627795086e+01
3.503783992843401620e+02 1.840823329395887761e-02 2.373181382890696511e+01
3.500056009983563854e+02 1.856574439128045109e-02 2.370656347233026295e+01
3.496076178072339076e+02 1.872325548860202110e-02 2.367960729290241417e+01
3.491849428940253688e+02 1.888076658592359458e-02 2.365097869487552629e+01
3.487380651558303839e+02 1.903827768324516459e-02 2.362071079220577019e+01
3.482674690924598053e+02 1.919578878056673807e-02 2.358883640101231194e+01
3.477736347042383613e+02 1.935329987788830808e-02 2.355538803265534753e+01
3.472570373984665935e+02 1.951081097520988156e-02 2.352039788740058412e+01
3.467181479041204284e+02 1.966832207253145504e-02 2.348389784864163587e+01
3.461574321943612063e+02 1.982583316985302505e-02 2.344591947765149698e+01
3.455753514164460398e+02 1.998334426717459852e-02 2.340649400883526710e+01
3.449723618286790838e+02 2.014085536449616853e-02 2.336565234545965808e+01
3.443489147440345164e+02 2.029836646181774201e-02 2.332342505583455505e+01
3.437054564800963590e+02 2.045587755913931202e-02 2.327984236992229228e+01
3.430424283150132396e+02 2.061338865646088550e-02 2.323493417635438263e+01
3.423602664491309042e+02 2.077089975378245551e-02 2.318873001983284610e+01
3.416594019720276947e+02 2.092841085110402899e-02 2.314125909889741806e+01
3.409402608346556462e+02 2.108592194842560247e-02 2.309255026403864619e+01
3.402032638263279409e+02 2.124343304574717248e-02 2.304263201613918710e+01
3.394488265562959555e+02 2.140094414306874596e-02 2.299153250522595471e+01
3.386773594396651674e+02 2.155845524039031597e-02 2.293927952951626636e+01
3.378892676874285712e+02 2.171596633771188944e-02 2.288590053474267805e+01
3.370849516887673190e+02 2.187347743503345945e-02 2.283142264004703037e+01
3.362648491245815876e+02 2.203098853235503293e-02 2.277587549041219361e+01
3.354294697517357235e+02 2.218849962967660294e-02 2.271929361266692737e+01
3.345793205355219015e+02 2.234601072699817642e-02 2.266171134456140024e+01
3.337148966686969516e+02 2.250352182431974990e-02 2.260316222646892115e+01
3.328366818145027537e+02 2.266103292164131991e-02 2.254367901784621253e+01
3.319451483457884251e+02 2.281854401896289339e-02 2.248329371342967420e+01
3.310407575802468614e+02 2.297605511628446340e-02 2.242203755916829522e+01
3.301239600117438044e+02 2.313356621360603688e-02 2.235994106789215508e+01
3.291951955377353443e+02 2.329107731092760689e-02 2.229703403471576451e+01
3.282548936827787429e+02 2.344858840824918036e-02 2.223334555217692809e+01
3.273034738181407874e+02 2.360609950557075037e-02 2.216890402511123881e+01
3.263413453775216340e+02 2.376361060289232385e-02 2.210373718526349762e+01
3.253689080689086950e+02 2.392112170021389733e-02 2.203787210563694998e+01
3.243865520825761450e+02 2.407863279753546734e-02 2.197133521458152927e+01
3.233946582952767699e+02 2.423614389485704082e-02 2.190415230962415549e+01
3.223935984706211570e+02 2.439365499217861083e-02 2.183634857104080140e+01
3.213837354557065282e+02 2.455116608950018431e-02 2.176794857517461068e+01
3.203654233740176096e+02 2.470867718682175432e-02 2.169897630750135775e+01
3.193390078146354654e+02 2.486618828414332780e-02 2.162945517544496354e+01
3.183048260177957900e+02 2.502369938146489781e-02 2.155940802094579212e+01
3.172632070568362792e+02 2.518121047878647129e-02 2.148885713278419374e+01
3.162144720165859439e+02 2.533872157610804476e-02 2.141782425866322370e+01
3.151589341682209238e+02 2.549623267342961477e-02 2.134633061705195090e+01
3.140968991406580244e+02 2.565374377075118825e-02 2.127439690879430145e+01
3.130286650885121276e+02 2.581125486807275826e-02 2.120204332848512863e+01
3.119545228566701667e+02 2.596876596539433174e-02 2.112928957561705090e+01
3.108747561415520977e+02 2.612627706271590175e-02 2.105615486550315651e+01
3.097896416490673914e+02 2.628378816003747523e-02 2.098265793997551398e+01
3.086994492493537905e+02 2.644129925735904524e-02 2.090881707786604693e+01
3.076044421283432939e+02 2.659881035468061872e-02 2.083465010527233474e+01
3.065048769361751511e+02 2.675632145200219220e-02 2.076017440560996974e+01
3.054010051336591118e+02 2.691383254932376221e-02 2.068540701081109745e+01
3.042931332083277880e+02 2.707134364664533568e-02 2.061036867987535004e+01
3.031816471609323571e+02 2.722885474396690569e-02 2.053508555738807928e+01
3.020669266575237089e+02 2.738636584128847917e-02 2.045958335887299384e+01
3.009493381064411324e+02 2.754387693861004918e-02 2.038388690188313035e+01
2.998292350455654969e+02 2.770138803593162266e-02 2.030802013223013702e+01
2.987069585200150641e+02 2.785889913325319267e-02 2.023200614956648380e+01
2.975828374504115459e+02 2.801641023057476615e-02 2.015586723232881283e+01
2.964571889918529450e+02 2.817392132789633963e-02 2.007962486205177655e+01
2.953303188837310813e+02 2.833143242521790964e-02 2.000329974706200886e+01
2.942025217905494969e+02 2.848894352253948312e-02 1.992691184556227313e+01
2.930740816338888521e+02 2.864645461986105313e-02 1.985048038811617488e+01
2.919452719156761873e+02 2.880396571718262660e-02 1.977402389954381334e+01
2.908163560329188613e+02 2.896147681450419661e-02 1.969756022023934605e+01
2.896875875840605659e+02 2.911898791182577009e-02 1.962110652692102164e+01
2.885592106671322767e+02 2.927649900914734010e-02 1.954467935282560020e+01
2.874314601698429215e+02 2.943401010646891358e-02 1.946829460735671802e+01
2.863045620518006444e+02 2.959152120379048706e-02 1.939196759520029900e+01
2.851787336190096198e+02 2.974903230111205707e-02 1.931571303491672964e+01
2.840541837908225489e+02 2.990654339843363055e-02 1.923954507702213590e+01
2.829311133595022056e+02 3.006405449575520056e-02 1.916347732156893713e+01
2.818097152425673926e+02 3.022156559307677404e-02 1.908752283523775262e+01
2.806901747280814448e+02 3.037907669039834405e-02 1.901169416795127987e+01
2.795726697130511980e+02 3.053658778771991752e-02 1.893600336902150616e+01
2.784573709350924560e+02 3.069409888504148753e-02 1.886046200284086538e+01
2.773444421975277692e+02 3.085160998236306101e-02 1.878508116412856666e+01
2.762340405880697176e+02 3.100912107968463102e-02 1.870987149274243322e+01
2.751263166912530664e+02 3.116663217700620450e-02 1.863484318806731821e+01
2.740214147947603465e+02 3.132414327432777451e-02 1.856000602298999524e+01
2.729194730898071271e+02 3.148165437164934799e-02 1.848536935747158694e+01
2.718206238657238032e+02 3.163916546897092147e-02 1.841094215172703130e+01
2.707249936988872037e+02 3.179667656629248801e-02 1.833673297902172905e+01
2.696327036361516321e+02 3.195418766361406149e-02 1.826275003809570663e+01
2.685438693729146280e+02 3.211169876093563497e-02 1.818900116522438992e+01
2.674586014259615467e+02 3.226920985825720151e-02 1.811549384592566980e+01
2.663770053012273706e+02 3.242672095557877499e-02 1.804223522632272392e+01
2.652991816566095054e+02 3.258423205290034846e-02 1.796923212417171456e+01
2.642252264599636646e+02 3.274174315022192194e-02 1.789649103956305609e+01
2.631552311424101731e+02 3.289925424754349542e-02 1.782401816530526162e+01
2.620892827606521109e+02 3.305676534486506196e-02 1.775181939791897889e+01
2.610274788872127942e+02 3.321427644218663544e-02 1.767990134618194276e+01
2.599699548148594772e+02 3.337178753950820892e-02 1.760827317373768963e+01
2.589168469529464573e+02 3.352929863682978240e-02 1.753694411985844326e+01
2.578682851086150549e+02 3.368680973415134894e-02 1.746592297663559279e+01
2.568243927091710930e+02 3.384432083147292242e-02 1.739521810404179547e+01
2.557852870179586660e+02 3.400183192879449590e-02 1.732483744455257479e+01
2.547510793439125223e+02 3.415934302611606938e-02 1.725478853733962126e+01
2.537218752449122974e+02 3.431685412343764285e-02 1.718507853204446079e+01
2.526977747251219739e+02 3.447436522075920939e-02 1.711571420214458428e+01
2.516788724264399093e+02 3.463187631808078287e-02 1.704670195792074594e+01
2.506652578142152663e+02 3.478938741540235635e-02 1.697804785903591807e+01
2.496570153573855180e+02 3.494689851272392983e-02 1.690975762673633653e+01
2.486542247031563306e+02 3.510440961004549637e-02 1.684183665568291843e+01
2.476569608463953500e+02 3.526192070736706985e-02 1.677429002542462655e+01
2.466652942938524689e+02 3.541943180468864333e-02 1.670712251152145456e+01
2.456792912233568416e+02 3.557694290201021681e-02 1.664033859632711909e+01
2.446990136381196521e+02 3.573445399933179029e-02 1.657394247944030852e+01
2.437245195162832374e+02 3.589196509665335683e-02 1.650793808783390659e+01
2.427558629558287180e+02 3.604947619397493030e-02 1.644232908566993601e+01
2.417930943149903555e+02 3.620698729129650378e-02 1.637711888381002012e+01
2.408362603482793531e+02 3.636449838861807726e-02 1.631231064902859274e+01
2.398854043382595194e+02 3.652200948593964380e-02 1.624790731293830248e+01
2.389405662231728513e+02 3.667952058326121728e-02 1.618391158063433366e+01
2.380017827205496133e+02 3.683703168058279076e-02 1.612032593906679168e+01
2.370690874469044616e+02 3.699454277790436424e-02 1.605715266514790684e+01
2.361425110336371063e+02 3.715205387522593772e-02 1.599439383360227040e+01
2.352220812392430958e+02 3.730956497254750426e-02 1.593205132456703410e+01
2.343078230579372132e+02 3.746707606986907774e-02 1.587012683094920540e+01
2.333997588248045076e+02 3.762458716719065122e-02 1.580862186554776549e+01
2.324979083175628887e+02 3.778209826451222469e-02 1.574753776794620919e+01
2.316022888550559173e+02 3.793960936183379123e-02 1.568687571118364943e+01
2.307129153925550327e+02 3.809712045915536471e-02 1.562663670820985828e+01
2.298298006139725373e+02 3.825463155647693819e-02 1.556682161813100507e+01
2.289529550210750983e+02 3.841214265379851167e-02 1.550743115225228053e+01
2.280823870197956467e+02 3.856965375112008515e-02 1.544846587992394227e+01
2.272181030037081371e+02 3.872716484844165169e-02 1.538992623419526318e+01
2.263601074347764381e+02 3.888467594576322517e-02 1.533181251728376360e+01
2.255084029214422685e+02 3.904218704308479865e-02 1.527412490586430316e+01
2.246629902941330954e+02 3.919969814040637213e-02 1.521686345618336311e+01
2.238238686782826221e+02 3.935720923772793867e-02 1.516002810900485720e+01
2.229910355649134317e+02 3.951472033504951215e-02 1.510361869439084082e+01
2.221644868788874305e+02 3.967223143237108562e-02 1.504763493632423632e+01
2.213442170448697084e+02 3.982974252969265910e-02 1.499207645717673287e+01
2.205302190510829234e+02 3.998725362701423258e-02 1.493694278202692338e+01
2.197224845109338673e+02 4.014476472433579912e-02 1.488223334283447308e+01
2.189210037225530527e+02 4.030227582165737260e-02 1.482794748247278882e+01
2.181257657263346346e+02 4.045978691897894608e-02 1.477408445862635489e+01
2.173367583605264599e+02 4.061729801630051956e-02 1.472064344755591669e+01
2.165539673368360241e+02 4.077480911362208610e-02 1.466762348148750306e+01
2.157773707101831064e+02 4.093232021094365958e-02 1.461502307403793743e+01
2.150069430460248725e+02 4.108983130826523306e-02 1.456284050247591288e+01
2.142426582755416291e+02 4.124734240558680654e-02 1.451107400110931600e+01
2.134844897395585974e+02 4.140485350290838001e-02 1.445972176426014677e+01
2.127324102219303370e+02 4.156236460022994655e-02 1.440878194852565741e+01
2.119863919817207716e+02 4.171987569755152003e-02 1.435825267495804169e+01
2.112464067842003317e+02 4.187738679487309351e-02 1.430813203116386845e+01
2.105124259307163754e+02 4.203489789219466699e-02 1.425841807332730404e+01
2.097844202874542248e+02 4.219240898951623353e-02 1.420910882815814347e+01
2.090623603131475363e+02 4.234992008683780701e-02 1.416020229476866099e+01
2.083462160857556285e+02 4.250743118415938049e-02 1.411169644648057186e+01
2.076359573281515338e+02 4.266494228148095397e-02 1.406358923256487614e+01
2.069315534328510182e+02 4.282245337880252745e-02 1.401587857991684238e+01
2.062329734858119821e+02 4.297996447612409399e-02 1.396856239466798577e+01
2.055401862893404825e+02 4.313747557344566746e-02 1.392163856373749731e+01
2.048531603841301205e+02 4.329498667076724094e-02 1.387510495632507990e+01
2.041718640704612540e+02 4.345249776808881442e-02 1.382895942534675449e+01
2.034962654285981216e+02 4.361000886541038096e-02 1.378319980881643936e+01
2.028263323383953889e+02 4.376751996273195444e-02 1.373782393117389766e+01
2.021620324981562931e+02 4.392503106005352792e-02 1.369282960456207476e+01
2.015033334427557747e+02 4.408254215737510140e-02 1.364821463005459279e+01
2.008502025610645489e+02 4.424005325469667488e-02 1.360397679883593547e+01
2.002026071126838360e+02 4.439756435201824142e-02 1.356011389333488459e+01
1.995605142440255122e+02 4.455507544933981490e-02 1.351662368831370387e+01
1.989238910037596781e+02 4.471258654666138838e-02 1.347350395191441841e+01
1.982927043576405026e+02 4.487009764398296185e-02 1.343075244666298751e+01
1.976669212027437368e+02 4.502760874130452839e-02 1.338836693043365322e+01
1.970465083811304225e+02 4.518511983862610187e-02 1.334634515737438853e+01
1.964314326929533365e+02 4.534263093594767535e-02 1.330468487879465656e+01
1.958216609090327154e+02 4.550014203326924883e-02 1.326338384401716475e+01
1.952171597829157577e+02 4.565765313059082231e-02 1.322243980119467999e+01
1.946178960624306740e+02 4.581516422791238885e-02 1.318185049809261145e+01
1.940238365007693062e+02 4.597267532523396233e-02 1.314161368283965281e+01
1.934349478670944507e+02 4.613018642255553581e-02 1.310172710464626178e+01
1.928511969567079518e+02 4.628769751987710929e-02 1.306218851449331808e+01
1.922725506007760714e+02 4.644520861719867583e-02 1.302299566579089074e+01
1.916989756756443910e+02 4.660271971452024931e-02 1.298414631500911121e+01
1.911304391117440957e+02 4.676023081184182278e-02 1.294563822228146321e+01
1.905669079021088237e+02 4.691774190916339626e-02 1.290746915198158540e+01
1.900083491105173721e+02 4.707525300648496974e-02 1.286963687327483896e+01
1.894547298792709284e+02 4.723276410380653628e-02 1.283213916064507210e+01
1.889060174366202034e+02 4.739027520112810976e-02 1.279497379439763627e+01
1.883621791038594040e+02 4.754778629844968324e-02 1.275813856113992095e+01
1.878231823020830120e+02 4.770529739577125672e-02 1.272163125423898578e+01
1.872889945586392173e+02 4.786280849309282326e-02 1.268544967425863668e+01
1.867595835132736113e+02 4.802031959041439674e-02 1.264959162937560322e+01
1.862349169239807622e+02 4.817783068773597022e-02 1.261405493577583492e+01
1.857149626725737050e+02 4.833534178505754370e-02 1.257883741803174260e+01
1.851996887699828278e+02 4.849285288237911717e-02 1.254393690946113082e+01
1.846890633612883619e+02 4.865036397970068371e-02 1.250935125246801150e+01
1.841830547305017376e+02 4.880787507702225719e-02 1.247507829886648523e+01
1.836816313051020302e+02 4.896538617434383067e-02 1.244111591018800667e+01
1.831847616603390350e+02 4.912289727166540415e-02 1.240746195797281359e+01
1.826924145233062973e+02 4.928040836898697069e-02 1.237411432404583955e+01
1.822045587767946415e+02 4.943791946630854417e-02 1.234107090077766244e+01
1.817211634629400123e+02 4.959543056363011765e-02 1.230832959133165971e+01
1.812421977866648888e+02 4.975294166095169113e-02 1.227588830989702728e+01
1.807676311189200931e+02 4.991045275827326461e-02 1.224374498190840832e+01
1.802974326418995474e+02 5.006796385559483115e-02 1.221189752001555462e+01
1.798315601697134980e+02 5.022547495291640463e-02 1.218034306688569934e+01
1.793699583218549378e+02 5.038298605023797810e-02 1.214907787148885809e+01
1.789125718251871717e+02 5.054049714755955158e-02 1.211809819006743716e+01
1.784593463196733296e+02 5.069800824488111812e-02 1.208740034070989289e+01
1.780102283400313183e+02 5.085551934220269160e-02 1.205698070210817541e+01
1.775651652978204709e+02 5.101303043952426508e-02 1.202683571234439697e+01
1.771241054639405377e+02 5.117054153684583856e-02 1.199696186770549566e+01
1.766869979515589932e+02 5.132805263416741204e-02 1.196735572152684135e+01
1.762537926994188240e+02 5.148556373148897858e-02 1.193801388306164135e+01
1.758244404555424865e+02 5.164307482881055206e-02 1.190893301637720469e+01
1.753988927613153237e+02 5.180058592613212554e-02 1.188010983927682318e+01
1.749771019359351953e+02 5.195809702345369901e-02 1.185154112224658540e+01
1.745590210612168107e+02 5.211560812077526555e-02 1.182322368742609164e+01
1.741446039667501680e+02 5.227311921809683903e-02 1.179515440760322598e+01
1.737338052153946251e+02 5.243063031541841251e-02 1.176733020523164797e+01
1.733265800847372304e+02 5.258814141273998599e-02 1.173974805117491194e+01
1.729228833496515279e+02 5.274565251006155947e-02 1.171240488224680476e+01
1.725226676759938016e+02 5.290316360738312601e-02 1.168529749241325533e+01
1.721258861103926563e+02 5.306067470470469949e-02 1.165842270143064141e+01
1.717324924815076201e+02 5.321818580202627297e-02 1.163177738202383082e+01
1.713424413843403897e+02 5.337569689934784645e-02 1.160535845882354344e+01
1.709556881649149318e+02 5.353320799666941299e-02 1.157916290732869413e+01
1.705721889053163522e+02 5.369071909399098647e-02 1.155318775289306998e+01
1.701919004090822511e+02 5.384823019131255994e-02 1.152743006973584450e+01
1.698147801869276918e+02 5.400574128863413342e-02 1.150188697997469234e+01
1.694407864428093262e+02 5.416325238595570690e-02 1.147655565268191147e+01
1.690698780603075875e+02 5.432076348327727344e-02 1.145143330296203743e+01
1.687020145893224594e+02 5.447827458059884692e-02 1.142651719105072239e+01
1.683371562330762856e+02 5.463578567792042040e-02 1.140180462143444373e+01
1.679752638354130738e+02 5.479329677524199388e-02 1.137729294199021268e+01
1.676162988683896913e+02 5.495080787256356042e-02 1.135297954314513902e+01
1.672602234201458202e+02 5.510831896988513390e-02 1.132886185705481807e+01
1.669070001806722416e+02 5.526583006720670738e-02 1.130493735663940846e+01
1.665565889387905258e+02 5.542334116452828086e-02 1.128120331831718559e+01
1.662089397202940972e+02 5.558085226184985433e-02 1.125765635723746882e+01
1.658640015314385323e+02 5.573836335917142087e-02 1.123429301949427206e+01
1.655217243277247121e+02 5.589587445649299435e-02 1.121110991547585201e+01
1.651820589938695036e+02 5.605338555381456783e-02 1.118810371850809560e+01
1.648449573242796760e+02 5.621089665113614131e-02 1.116527116353192817e+01
1.645103720040131066e+02 5.636840774845770785e-02 1.114260904581385958e+01
1.641782565902182967e+02 5.652591884577928133e-02 1.112011421968876057e+01
1.638485654940290317e+02 5.668342994310085481e-02 1.109778359733364006e+01
1.635212539629127377e+02 5.684094104042242829e-02 1.107561414757197227e+01
1.631962780634511319e+02 5.699845213774400177e-02 1.105360289470747759e+01
1.628735946645420825e+02 5.715596323506556831e-02 1.103174691738630386e+01
1.625531614210146927e+02 5.731347433238714179e-02 1.101004334748725810e+01
1.622349367576423447e+02 5.747098542970871526e-02 1.098848936903896956e+01
1.619188798535422791e+02 5.762849652703028874e-02 1.096708221716327536e+01
1.616049506269520464e+02 5.778600762435185528e-02 1.094581917704405072e+01
1.612931097203770037e+02 5.794351872167342876e-02 1.092469758292126158e+01
1.609833184799886396e+02 5.810102981899500224e-02 1.090371481669554754e+01
1.606755355634070099e+02 5.825854091631657572e-02 1.088286807816671420e+01
1.603697114346757928e+02 5.841605201363814920e-02 1.086215401216760412e+01
1.600657960518797154e+02 5.857356311095971574e-02 1.084156922926149491e+01
1.597637403474124085e+02 5.873107420828128922e-02 1.082111040600350371e+01
1.594634962081491381e+02 5.888858530560286270e-02 1.080077428359764191e+01
1.591650164561223733e+02 5.904609640292443618e-02 1.078055766658795811e+01
1.588682548296788468e+02 5.920360750024600272e-02 1.076045742158225593e+01
1.585731659651168286e+02 5.936111859756757619e-02 1.074047047600834404e+01
1.582797053787748780e+02 5.951862969488914967e-02 1.072059381690089808e+01
1.579878294495757700e+02 5.967614079221072315e-02 1.070082448971908029e+01
1.576974954019898973e+02 5.983365188953229663e-02 1.068115959719267316e+01
1.574086612894323878e+02 5.999116298685386317e-02 1.066159629819749455e+01
1.571212859780537769e+02 6.014867408417543665e-02 1.064213180665751324e+01
1.568353291309372253e+02 6.030618518149701013e-02 1.062276339047451756e+01
1.565507511926741131e+02 6.046369627881858361e-02 1.060348837048336534e+01
1.562675133743121876e+02 6.062120737614015015e-02 1.058430411943249538e+01
1.559855776386673085e+02 6.077871847346172363e-02 1.056520806098909659e+01
1.557049066859870834e+02 6.093622957078329710e-02 1.054619766876801457e+01
1.554254639023633615e+02 6.109374066810487058e-02 1.052727046283770029e+01
1.551472092854372704e+02 6.125125176542643712e-02 1.050842373376018912e+01
1.548700959232707817e+02 6.140876286274801060e-02 1.048965430409822730e+01
1.545940770013189365e+02 6.156627396006958408e-02 1.047095900301118121e+01
1.543191066538841199e+02 6.172378505739115756e-02 1.045233472392571095e+01
1.540451399463783844e+02 6.188129615471273104e-02 1.043377842333433136e+01
1.537721328580343254e+02 6.203880725203429758e-02 1.041528711962444476e+01
1.535000422650377629e+02 6.219631834935587106e-02 1.039685789193580590e+01
1.532288259240788193e+02 6.235382944667744454e-02 1.037848787904647807e+01
1.529584424563058178e+02 6.251134054399902495e-02 1.036017427828595849e+01
1.526888513316708611e+02 6.266885164132059149e-02 1.034191434447488334e+01
1.524200128536520253e+02 6.282636273864215803e-02 1.032370538889023059e+01
1.521518881443416262e+02 6.298387383596373845e-02 1.030554477825532977e+01
1.518844391298957817e+02 6.314138493328530499e-02 1.028742993375430537e+01
1.516176285263218517e+02 6.329889603060687153e-02 1.026935833006946730e+01
1.513514198256089003e+02 6.345640712792845195e-02 1.025132749444187574e+01
1.510857772821763092e+02 6.361391822525001849e-02 1.023333500575348332e+01
1.508206658996416252e+02 6.377142932257158503e-02 1.021537849363091155e+01
1.505560514178922347e+02 6.392894041989316545e-02 1.019745563756976381e+01
1.502919003004561205e+02 6.408645151721473199e-02 1.017956416607923309e+01
1.500281796114634574e+02 6.424396261453631241e-02 1.016170184834849977e+01
1.497648532146453135e+02 6.440147371185787895e-02 1.014386623679741462e+01
1.495018809137568780e+02 6.455898480917944549e-02 1.012605460885576214e+01
1.492392230769015100e+02 6.471649590650102590e-02 1.010826428017772294e+01
1.489768409300693008e+02 6.487400700382259244e-02 1.009049262452380624e+01
1.487146965429927548e+02 6.503151810114417286e-02 1.007273707280286956e+01
1.484527528153343781e+02 6.518902919846573940e-02 1.005499511213652397e+01
1.481909734631931599e+02 6.534654029578730594e-02 1.003726428494524647e+01
1.479293230059206792e+02 6.550405139310888636e-02 1.001954218805536279e+01
1.476677667532406701e+02 6.566156249043045290e-02 1.000182647182665896e+01
1.474062707926537712e+02 6.581907358775203332e-02 9.984114839299270017e+00
1.471448019771314648e+02 6.597658468507359986e-02 9.966405045360165360e+00
1.468833279130738845e+02 6.613409578239516640e-02 9.948694895927500781e+00
1.466218169485425165e+02 6.629160687971674681e-02 9.930982247153625764e+00
1.463602381617413357e+02 6.644911797703831335e-02 9.913265004644848943e+00
1.460985613497475413e+02 6.660662907435987989e-02 9.895541122698180203e+00
1.458367570174878551e+02 6.676414017168146031e-02 9.877808603554651512e+00
1.455747963669426781e+02 6.692165126900302685e-02 9.860065496668111606e+00
1.453126512865777613e+02 6.707916236632460727e-02 9.842309897989396816e+00
1.450502943409974250e+02 6.723667346364617381e-02 9.824539949265526317e+00
1.447876987608065065e+02 6.739418456096774035e-02 9.806753837353058501e+00
1.445248383090247444e+02 6.755169565828932077e-02 9.788949785170020235e+00
1.442616851923380068e+02 6.770920675561088731e-02 9.771125910220927580e+00
1.439982104076650842e+02 6.786671785293246772e-02 9.753280248070403502e+00
1.437343856061769714e+02 6.802422895025403426e-02 9.735410878596853834e+00
1.434701831463202382e+02 6.818174004757560080e-02 9.717515929583827372e+00
1.432055760836398406e+02 6.833925114489718122e-02 9.699593576030721920e+00
1.429405381607943184e+02 6.849676224221874776e-02 9.681642039476479056e+00
1.426750437977726165e+02 6.865427333954032818e-02 9.663659587336947965e+00
1.424090680823004220e+02 6.881178443686189472e-02 9.645644532255101211e+00
1.421425867604279176e+02 6.896929553418346126e-02 9.627595231463512704e+00
1.418755762272988079e+02 6.912680663150504168e-02 9.609510086159119169e+00
1.416080135180885406e+02 6.928431772882660822e-02 9.591387540889472874e+00
1.413398762991117223e+02 6.944182882614817476e-02 9.573226082950414551e+00
1.410711428590884395e+02 6.959933992346975518e-02 9.555024241794503936e+00
1.408017921005707933e+02 6.975685102079132172e-02 9.536780588450373131e+00
1.405318035315184773e+02 6.991436211811290213e-02 9.518493734952075513e+00
1.402611572570224325e+02 7.007187321543446867e-02 9.500162333778522594e+00
1.399898339711679114e+02 7.022938431275603521e-02 9.481785077302381737e+00
1.397178149490410135e+02 7.038689541007761563e-02 9.463360697248639042e+00
1.394450820388646832e+02 7.054440650739918217e-02 9.444887964161951643e+00
1.391716176542626613e+02 7.070191760472076259e-02 9.426365686882681061e+00
1.388974047666532954e+02 7.085942870204232913e-02 9.407792712031708859e+00
1.386224269548231121e+02 7.101693979936389567e-02 9.389167927368150757e+00
1.383466691017119956e+02 7.117445089668547609e-02 9.370490308983967509e+00
1.380701171511265386e+02 7.133196199400704263e-02 9.351758904825720364e+00
1.377927575584186286e+02 7.148947309132862304e-02 9.332972797487906647e+00
1.375145772718223043e+02 7.164698418865018958e-02 9.314131102948918439e+00
1.372355637258434342e+02 7.180449528597175612e-02 9.295232970123274541e+00
1.369557048347416526e+02 7.196200638329333654e-02 9.276277580420144275e+00
1.366749889861083034e+02 7.211951748061490308e-02 9.257264147308408297e+00
1.363934050345282856e+02 7.227702857793646962e-02 9.238191915887309591e+00
1.361109422953313697e+02 7.243453967525805004e-02 9.219060162463252439e+00
1.358275905384246016e+02 7.259205077257961658e-02 9.199868194132042376e+00
1.355433399822076694e+02 7.274956186990119700e-02 9.180615348366771400e+00
1.352581812875670551e+02 7.290707296722276354e-02 9.161300992611028704e+00
1.349721055519440824e+02 7.306458406454433008e-02 9.141924523877115405e+00
1.346851043034810687e+02 7.322209516186591050e-02 9.122485368349549262e+00
1.343971694952375344e+02 7.337960625918747704e-02 9.102982980993322926e+00
1.341082934994780942e+02 7.353711735650905745e-02 9.083416845167013420e+00
1.338184691020261425e+02 7.369462845383062399e-02 9.063786472240330738e+00
1.335276894966871168e+02 7.385213955115219053e-02 9.044091401216423520e+00
1.332359482797343446e+02 7.400965064847377095e-02 9.024331198358357398e+00
1.329432394444578449e+02 7.416716174579533749e-02 9.004505456819934750e+00
1.326495573757746342e+02 7.432467284311691791e-02 8.984613796280603637e+00
1.323548968449003667e+02 7.448218394043848445e-02 8.964655862584583801e+00
1.320592532272977735e+02 7.463969503776005099e-02 8.944631342502919580e+00
1.317626259132118207e+02 7.479720613508163141e-02 8.924540194735721244e+00
1.314650175431229684e+02 7.495471723240319795e-02 8.904382598127885018e+00
1.311664310627017755e+02 7.511222832972476449e-02 8.884158752195434161e+00
1.308668696309114807e+02 7.526973942704634490e-02 8.863868870901130848e+00
1.305663366165017294e+02 7.542725052436791144e-02 8.843513182416964824e+00
1.302648355945448202e+02 7.558476162168949186e-02 8.823091928889578384e+00
1.299623703429912212e+02 7.574227271901105840e-02 8.802605366206931237e+00
1.296589448392669794e+02 7.589978381633262494e-02 8.782053763767871501e+00
1.293545632568930159e+02 7.605729491365420536e-02 8.761437404253126005e+00
1.290492299621398615e+02 7.621480601097577190e-02 8.740756583398733071e+00
1.287429495107089110e+02 7.637231710829735232e-02 8.720011609771251671e+00
1.284357266444451966e+02 7.652982820561891886e-02 8.699202804545112855e+00
1.281275662880766504e+02 7.668733930294048540e-02 8.678330501281767084e+00
1.278184735459839771e+02 7.684485040026206581e-02 8.657395045710899240e+00
1.275084536989967177e+02 7.700236149758363235e-02 8.636396795513411107e+00
1.271975122012193822e+02 7.715987259490521277e-02 8.615336120106462658e+00
1.268856546768816145e+02 7.731738369222677931e-02 8.594213400430122718e+00
1.265728869172196767e+02 7.747489478954834585e-02 8.573029028736144141e+00
1.262592148773814813e+02 7.763240588686992627e-02 8.551783408378327067e+00
1.259446446733588800e+02 7.778991698419149281e-02 8.530476953604766877e+00
1.256291825789466969e+02 7.794742808151305935e-02 8.509110089351837658e+00
1.253128350227287058e+02 7.810493917883463977e-02 8.487683251040087029e+00
1.249956085850863445e+02 7.826245027615620631e-02 8.466196884371614217e+00
1.246775100748547374e+02 7.841996137347778673e-02 8.444651450522128400e+00
1.243585507827581296e+02 7.857747247079935327e-02 8.423047714234456862e+00
1.240387485043634399e+02 7.873498356812091981e-02 8.401386880837119264e+00
1.237181214611619708e+02 7.889249466544250022e-02 8.379670184507350683e+00
1.233966877612351425e+02 7.905000576276406676e-02 8.357898851740882762e+00
1.230744653989941497e+02 7.920751686008564718e-02 8.336074101334371989e+00
1.227514722549330344e+02 7.936502795740721372e-02 8.314197144368623782e+00
1.224277260954018232e+02 7.952253905472878026e-02 8.292269184193246545e+00
1.221032445723898121e+02 7.968005015205036068e-02 8.270291416411987839e+00
1.217780452233296842e+02 7.983756124937192722e-02 8.248265028869433024e+00
1.214521454709122565e+02 7.999507234669350764e-02 8.226191201638487271e+00
1.211255626229188067e+02 8.015258344401507418e-02 8.204071107009010433e+00
1.207983138720669984e+02 8.031009454133664072e-02 8.181905909477368510e+00
1.204704162958724538e+02 8.046760563865822113e-02 8.159696765737079360e+00
1.201418868565216513e+02 8.062511673597978767e-02 8.137444824670181376e+00
1.198127424007633550e+02 8.078262783330135421e-02 8.115151227339904239e+00
1.194829996598104174e+02 8.094013893062293463e-02 8.092817106983991593e+00
1.191526752492565464e+02 8.109765002794450117e-02 8.070443589009082430e+00
1.188217856690058056e+02 8.125516112526608159e-02 8.048031790985929135e+00
1.184903473032168364e+02 8.141267222258764813e-02 8.025582822645626280e+00
1.181583764202590459e+02 8.157018331990921467e-02 8.003097785876621018e+00
1.178258891726819968e+02 8.172769441723079509e-02 7.980577774722679152e+00
1.174929015971954840e+02 8.188520551455236163e-02 7.958023875381493362e+00
1.171594296146678857e+02 8.204271661187394205e-02 7.935437166204598824e+00
1.168254890301281108e+02 8.220022770919550859e-02 7.912818717697493121e+00
1.164910955327887478e+02 8.235773880651707513e-02 7.890169592521217190e+00
1.161562662577907616e+02 8.251524990383865554e-02 7.867490951272355204e+00
1.158210272599852715e+02 8.267276100116022208e-02 7.844784558696900945e+00
1.154854075005401199e+02 8.283027209848178862e-02 7.822052376391359196e+00
1.151494355133200145e+02 8.298778319580336904e-02 7.799296337010162894e+00
1.148131394039785818e+02 8.314529429312493558e-02 7.776518344204164102e+00
1.144765468536642317e+02 8.330280539044651600e-02 7.753720272871648334e+00
1.141396851227407865e+02 8.346031648776808254e-02 7.730903969410339194e+00
1.138025810545192513e+02 8.361782758508964908e-02 7.708071251970162407e+00
1.134652610790044065e+02 8.377533868241122950e-02 7.685223910706999284e+00
1.131277512166514470e+02 8.393284977973279604e-02 7.662363708037144505e+00
1.127900770821288745e+02 8.409036087705437645e-02 7.639492378892152935e+00
1.124522638880922187e+02 8.424787197437594299e-02 7.616611630974470692e+00
1.121143364489615095e+02 8.440538307169750953e-02 7.593723145013263398e+00
1.117763191847027571e+02 8.456289416901908995e-02 7.570828575020564166e+00
1.114382361246161679e+02 8.472040526634065649e-02 7.547929548547844369e+00
1.111001109111216749e+02 8.487791636366223691e-02 7.525027666942411209e+00
1.107619668035501803e+02 8.503542746098380345e-02 7.502124505604214733e+00
1.104238266819293557e+02 8.519293855830536999e-02 7.479221614242247185e+00
1.100857130507727106e+02 8.535044965562695041e-02 7.456320517131196368e+00
1.097476480428624370e+02 8.550796075294851695e-02 7.433422713367659362e+00
1.094096534230287148e+02 8.566547185027008349e-02 7.410529677126126202e+00
1.090717505919274828e+02 8.582298294759166390e-02 7.387642857914859640e+00
1.087339605898086035e+02 8.598049404491323044e-02 7.364763680831096337e+00
1.083963041002780869e+02 8.613800514223481086e-02 7.341893546815907889e+00
1.080588014540541479e+02 8.629551623955637740e-02 7.319033832908573345e+00
1.077214726327119365e+02 8.645302733687794394e-02 7.296185892500230530e+00
1.073843372746742943e+02 8.661053843419952436e-02 7.273351055739651905e+00
1.070474176917623623e+02 8.676804953152109090e-02 7.250530833850088896e+00
1.067107447076490274e+02 8.692556062884267132e-02 7.227727314579151852e+00
1.063743501752507257e+02 8.708307172616423786e-02 7.204942655387132966e+00
1.060382653033698404e+02 8.724058282348580440e-02 7.182178970107218063e+00
1.057025206646086133e+02 8.739809392080738482e-02 7.159438329481512930e+00
1.053671462032785087e+02 8.755560501812895136e-02 7.136722761696762340e+00
1.050321712432933765e+02 8.771311611545053177e-02 7.114034252918965961e+00
1.046976244960501816e+02 8.787062721277209831e-02 7.091374747827161151e+00
1.043635340682905763e+02 8.802813831009366485e-02 7.068746150145898355e+00
1.040299274699421659e+02 8.818564940741524527e-02 7.046150323176341601e+00
1.036968316219382729e+02 8.834316050473681181e-02 7.023589090325923046e+00
1.033642728640078730e+02 8.850067160205837835e-02 7.001064235635973354e+00
1.030322769624423955e+02 8.865818269937995877e-02 6.978577504307772017e+00
1.027008691178275654e+02 8.881569379670152531e-02 6.956130603226250209e+00
1.023700739727449189e+02 8.897320489402310573e-02 6.933725201481614420e+00
1.020399156194372097e+02 8.913071599134467227e-02 6.911362930888562239e+00
1.017104176074371935e+02 8.928822708866623881e-02 6.889045386502972157e+00
1.013816029511578165e+02 8.944573818598781922e-02 6.866774127136026529e+00
1.010534941374397846e+02 8.960324928330938576e-02 6.844550675865388456e+00
1.007261131330593145e+02 8.976076038063096618e-02 6.822376520543747880e+00
1.003994813921893154e+02 8.991827147795253272e-02 6.800253114304175561e+00
1.000736198638140309e+02 9.007578257527409926e-02 6.778181876062318700e+00
9.974854899910002359e+01 9.023329367259567968e-02 6.756164191015658460e+00
9.942428875871293315e+01 9.039080476991724622e-02 6.734201411139099314e+00
9.910085862008844515e+01 9.054831586723882664e-02 6.712294855677430228e+00
9.877827758464876240e+01 9.070582696456039318e-02 6.690445811634113227e+00
9.845656418496749041e+01 9.086333806188195972e-02 6.668655534256584083e+00
9.813573649187991066e+01 9.102084915920354014e-02 6.646925247517835977e+00
9.781581356843932440e+01 9.117836025652510668e-02 6.625256242595731315e+00
9.749682061715965631e+01 9.133587135384667322e-02 6.603650226505795473e+00
9.717878410458574479e+01 9.149338245116825363e-02 6.582108991878847348e+00
9.686172983454778773e+01 9.165089354848982017e-02 6.560634286458738806e+00
9.654568295849871618e+01 9.180840464581140059e-02 6.539227813802535039e+00
9.623066798595617399e+01 9.196591574313296713e-02 6.517891233987774591e+00
9.591670879487710977e+01 9.212342684045453367e-02 6.496626164315156160e+00
9.560382864195567265e+01 9.228093793777611409e-02 6.475434180006025997e+00
9.529205017285387669e+01 9.243844903509768063e-02 6.454316814895340926e+00
9.498139543234900373e+01 9.259596013241926105e-02 6.433275562118949686e+00
9.467188587440753622e+01 9.275347122974082759e-02 6.412311874795936006e+00
9.436354237217435070e+01 9.291098232706239413e-02 6.391427166705205387e+00
9.405638522788252942e+01 9.306849342438397454e-02 6.370622812956685088e+00
9.375043418267887319e+01 9.322600452170554108e-02 6.349900150656830000e+00
9.344570842636052532e+01 9.338351561902712150e-02 6.329260479568112885e+00
9.314222660702826317e+01 9.354102671634868804e-02 6.308705062762848037e+00
9.284000684064838538e+01 9.369853781367025458e-02 6.288235127270842106e+00
9.253906672052583815e+01 9.385604891099183500e-02 6.267851864721023958e+00
9.223942332668492838e+01 9.401356000831340154e-02 6.247556431976832414e+00
9.194109323515976939e+01 9.417107110563496808e-02 6.227349951765444480e+00
9.164409252718782284e+01 9.432858220295654850e-02 6.207233513300516314e+00
9.134843679831406860e+01 9.448609330027811504e-02 6.187208172898785996e+00
9.105414116739598285e+01 9.464360439759969545e-02 6.167274954590026503e+00
9.076122028551347398e+01 9.480111549492126199e-02 6.147434850720514099e+00
9.046968834478406052e+01 9.495862659224282853e-02 6.127688822550105385e+00
9.017955908707880042e+01 9.511613768956440895e-02 6.108037800842593512e+00
8.989084581264253870e+01 9.527364878688597549e-02 6.088482686449554038e+00
8.960356138861413910e+01 9.543115988420755591e-02 6.069024350887452179e+00
8.931771825745020976e+01 9.558867098152912245e-02 6.049663636908191755e+00
8.903332847371549974e+01 9.574618207885068899e-02 6.030401360991014315e+00
8.875040504087088777e+01 9.590369317617226941e-02 6.011238403885729831e+00
8.846896244920475283e+01 9.606120427349383595e-02 5.992175747047898682e+00
8.818901486869837925e+01 9.621871537081541637e-02 5.973214350238051473e+00
8.791057600974467334e+01 9.637622646813698291e-02 5.954355142087891295e+00
8.763365913240146199e+01 9.653373756545854945e-02 5.935599020727059028e+00
8.735827705553911926e+01 9.669124866278012986e-02 5.916946854402697298e+00
8.708444216587679421e+01 9.684875976010169640e-02 5.898399482091509327e+00
8.681216642691099139e+01 9.700627085742326294e-02 5.879957714104490307e+00
8.654146138773275254e+01 9.716378195474484336e-02 5.861622332684153669e+00
8.627233819173723361e+01 9.732129305206640990e-02 5.843394092594437872e+00
8.600480758522157032e+01 9.747880414938799032e-02 5.825273721703045027e+00
8.573887992587474116e+01 9.763631524670955686e-02 5.807261921556502671e+00
8.547456519115610263e+01 9.779382634403112340e-02 5.789359367947624513e+00
8.521187298656620612e+01 9.795133744135270382e-02 5.771566711475750289e+00
8.495081255380675600e+01 9.810884853867427036e-02 5.753884578099389913e+00
8.469139277883169825e+01 9.826635963599585077e-02 5.736313569681575686e+00
8.443362219979201200e+01 9.842387073331741731e-02 5.718854264527963416e+00
8.417750901486668624e+01 9.858138183063898385e-02 5.701507217917238357e+00
8.392306108999267167e+01 9.873889292796056427e-02 5.684272962624690173e+00
8.367028596648080452e+01 9.889640402528213081e-02 5.667152009438029658e+00
8.341919086852890075e+01 9.905391512260371123e-02 5.650144847666309644e+00
8.316978271062713191e+01 9.921142621992527777e-02 5.633251945641456260e+00
8.292206810485565427e+01 9.936893731724684431e-02 5.616473751212581966e+00
8.267605336807967831e+01 9.952644841456842473e-02 5.599810692233321063e+00
8.243174452903792826e+01 9.968395951188999127e-02 5.583263177041921210e+00
8.218914733532740513e+01 9.984147060921155781e-02 5.566831594934368077e+00
8.194826726028469466e+01 9.999898170653313823e-02 5.550516316630448976e+00
8.170910950976571030e+01 1.001564928038547048e-01 5.534317694732951765e+00
8.147167902882144119e+01 1.003140039011762852e-01 5.518236064179854239e+00
8.123598050827445149e+01 1.004715149984978517e-01 5.502271742689728740e+00
8.100201837833793661e+01 1.006290260958194183e-01 5.486425030329582064e+00
8.076979547740211274e+01 1.007865371931409987e-01 5.470696119349125475e+00
8.053931192655036853e+01 1.009440482904625652e-01 5.455085017949578230e+00
8.031056742393121795e+01 1.011015593877841456e-01 5.439591705685947076e+00
8.008356152845625786e+01 1.012590704851057122e-01 5.424216152682452829e+00
7.985829366401540597e+01 1.014165815824272787e-01 5.408958319918030888e+00
7.963476312362068654e+01 1.015740926797488591e-01 5.393818159507011600e+00
7.941296907347698664e+01 1.017316037770704257e-01 5.378795614974811734e+00
7.919291055697722470e+01 1.018891148743920061e-01 5.363890621528569547e+00
7.897458649862923608e+01 1.020466259717135726e-01 5.349103106323095602e+00
7.875799570791124893e+01 1.022041370690351392e-01 5.334432988722030089e+00
7.854313688305705909e+01 1.023616481663567196e-01 5.319880180554197757e+00
7.833000861477481180e+01 1.025191592636782861e-01 5.305444586365505089e+00
7.811860938989514125e+01 1.026766703609998527e-01 5.291126103666041303e+00
7.790893759495631343e+01 1.028341814583214331e-01 5.276924623172880580e+00
7.770099151972165430e+01 1.029916925556429996e-01 5.262840029048354573e+00
7.749476936063193477e+01 1.031492036529645800e-01 5.248872199133872485e+00
7.729026922419627965e+01 1.033067147502861466e-01 5.235021005179594233e+00
7.708748913031807604e+01 1.034642258476077131e-01 5.221286313069707141e+00
7.688642701556089776e+01 1.036217369449292935e-01 5.207667983043626769e+00
7.668708073635269784e+01 1.037792480422508601e-01 5.194165869913032196e+00
7.648944807212927799e+01 1.039367591395724405e-01 5.180779823274765050e+00
7.629352672842146887e+01 1.040942702368940070e-01 5.167509687719950229e+00
7.609931433988101901e+01 1.042517813342155736e-01 5.154355303038917313e+00
7.590680847325192815e+01 1.044092924315371540e-01 5.141316504422492883e+00
7.571600663028317513e+01 1.045668035288587205e-01 5.128393122659248959e+00
7.552690625058923501e+01 1.047243146261803010e-01 5.115584984329262674e+00
7.533950471445325547e+01 1.048818257235018675e-01 5.102891911993999940e+00
7.515379934557702768e+01 1.050393368208234340e-01 5.090313724382545146e+00
7.496978741377998290e+01 1.051968479181450145e-01 5.077850236574438014e+00
7.478746613764545259e+01 1.053543590154665810e-01 5.065501260178885801e+00
7.460683268711504468e+01 1.055118701127881475e-01 5.053266603510502719e+00
7.442788418603369394e+01 1.056693812101097280e-01 5.041146071761692049e+00
7.425061740865230320e+01 1.058268923074312945e-01 5.029139446446149186e+00
7.407502394508496479e+01 1.059844034047528749e-01 5.017246157945876028e+00
7.390109117662005644e+01 1.061419145020744415e-01 5.005465351570864918e+00
7.372880649349352211e+01 1.062994255993960080e-01 4.993796173237146974e+00
7.355815742539017776e+01 1.064569366967175884e-01 4.982237778305902864e+00
7.338913163983416155e+01 1.066144477940391549e-01 4.970789331474441575e+00
7.322171694060078551e+01 1.067719588913607354e-01 4.959450006668619793e+00
7.305590126614617930e+01 1.069294699886823019e-01 4.948218986936498531e+00
7.289167268806313871e+01 1.070869810860038684e-01 4.937095464343742357e+00
7.272901940955286193e+01 1.072444921833254489e-01 4.926078639870109299e+00
7.256792976391867001e+01 1.074020032806470154e-01 4.915167723307436454e+00
7.240839221308019091e+01 1.075595143779685958e-01 4.904361933158980946e+00
7.225039534610668568e+01 1.077170254752901624e-01 4.893660496540100269e+00
7.209392787776900491e+01 1.078745365726117289e-01 4.883062649080171624e+00
7.193897864711165369e+01 1.080320476699333093e-01 4.872567634825856864e+00
7.178553661604358638e+01 1.081895587672548759e-01 4.862174706145680148e+00
7.163359086794739028e+01 1.083470698645764424e-01 4.851883123635804651e+00
7.148313060630607652e+01 1.085045809618980228e-01 4.841692156027031402e+00
7.133414515334912664e+01 1.086620920592195894e-01 4.831601080093094858e+00
7.118662394871535071e+01 1.088196031565411698e-01 4.821609180560088248e+00
7.104055654813436149e+01 1.089771142538627363e-01 4.811715750017164339e+00
7.089593262212368074e+01 1.091346253511843029e-01 4.801920088828287803e+00
7.075274195470511529e+01 1.092921364485058833e-01 4.792221505045279883e+00
7.061097444213515928e+01 1.094496475458274498e-01 4.782619314321852499e+00
7.047062009165496477e+01 1.096071586431490302e-01 4.773112839828915099e+00
7.033166902025438105e+01 1.097646697404705968e-01 4.763701412170871841e+00
7.019411145345367231e+01 1.099221808377921633e-01 4.754384369303103597e+00
7.005793772409880660e+01 1.100796919351137437e-01 4.745161056450375447e+00
6.992313827117615688e+01 1.102372030324353103e-01 4.736030826026545348e+00
6.978970363863916759e+01 1.103947141297568907e-01 4.726993037555097033e+00
6.965762447425130688e+01 1.105522252270784572e-01 4.718047057590771587e+00
6.952689152844583020e+01 1.107097363244000238e-01 4.709192259642331457e+00
6.939749565319745273e+01 1.108672474217216042e-01 4.700428024096146906e+00
6.926942780091010832e+01 1.110247585190431707e-01 4.691753738140850949e+00
6.914267900803424993e+01 1.111822696163647373e-01 4.683168794657714074e+00
6.901723725579167024e+01 1.113397807136863177e-01 4.674672379591393145e+00
6.889308369930938625e+01 1.114972918110078842e-01 4.666263216541810088e+00
6.877019881279647961e+01 1.116548029083294646e-01 4.657939982988977157e+00
6.864856333396343757e+01 1.118123140056510312e-01 4.649701374260382991e+00
6.852815825945813799e+01 1.119698251029725977e-01 4.641546103221835473e+00
6.840896484039610925e+01 1.121273362002941781e-01 4.633472899974750980e+00
6.829096457798421227e+01 1.122848472976157447e-01 4.625480511559708852e+00
6.817413921923674991e+01 1.124423583949373251e-01 4.617567701666309254e+00
6.805847075277996794e+01 1.125998694922588916e-01 4.609733250349007605e+00
6.794394140474352639e+01 1.127573805895804582e-01 4.601975953748821624e+00
6.783053363473942454e+01 1.129148916869020386e-01 4.594294623820989187e+00
6.771823013192044982e+01 1.130724027842236051e-01 4.586688088067993441e+00
6.760701381112450292e+01 1.132299138815451855e-01 4.579155189278409033e+00
6.749686780909465256e+01 1.133874249788667521e-01 4.571694785270884687e+00
6.738777548078071788e+01 1.135449360761883186e-01 4.564305748643636917e+00
6.727972039571287155e+01 1.137024471735098990e-01 4.556986966528830507e+00
6.717268633445399928e+01 1.138599582708314656e-01 4.549737340352288051e+00
6.706665728512088265e+01 1.140174693681530321e-01 4.542555785597858886e+00
6.696161743997933513e+01 1.141749804654746125e-01 4.535441231576810672e+00
6.685755119210766395e+01 1.143324915627961791e-01 4.528392621201833279e+00
6.675444313212788927e+01 1.144900026601177595e-01 4.521408910765638112e+00
6.665227804500447917e+01 1.146475137574393260e-01 4.514489069724125336e+00
6.655104090690682028e+01 1.148050248547608926e-01 4.507632080483886305e+00
6.645071688213710104e+01 1.149625359520824730e-01 4.500836938194111347e+00
6.635129132011775255e+01 1.151200470494040395e-01 4.494102650542538768e+00
6.625274975244251152e+01 1.152775581467256200e-01 4.487428237555738164e+00
6.615507788998529293e+01 1.154350692440471865e-01 4.480812731403274185e+00
6.605826162006786717e+01 1.155925803413687530e-01 4.474255176205856444e+00
6.596228700368401121e+01 1.157500914386903335e-01 4.467754627847353888e+00
6.586714027277966466e+01 1.159076025360119000e-01 4.461310153790553734e+00
6.577280782758838029e+01 1.160651136333334804e-01 4.454920832896692495e+00
6.567927623401816106e+01 1.162226247306550470e-01 4.448585755248460671e+00
6.558653222109242620e+01 1.163801358279766135e-01 4.442304021976672956e+00
6.549456267844115587e+01 1.165376469252981939e-01 4.436074745090349047e+00
6.540335465384093538e+01 1.166951580226197605e-01 4.429897047310076275e+00
6.531289535028805915e+01 1.168526691199413270e-01 4.423770061869778836e+00
6.522317056111347711e+01 1.170101802172629074e-01 4.417692826523997418e+00
6.513416125895241748e+01 1.171676913145844739e-01 4.411664052512123568e+00
6.504584765834734128e+01 1.173252024119060544e-01 4.405682399726449816e+00
6.495821022033484837e+01 1.174827135092276209e-01 4.399746544754785660e+00
6.487122964863948482e+01 1.176402246065491874e-01 4.393855180622684209e+00
6.478488688596310396e+01 1.177977357038707679e-01 4.388007016542096572e+00
6.469916311036656964e+01 1.179552468011923344e-01 4.382200777666288793e+00
6.461403973174168414e+01 1.181127578985139148e-01 4.376435204850899652e+00
6.452949838837258767e+01 1.182702689958354814e-01 4.370709054421024753e+00
6.444552094358124350e+01 1.184277800931570479e-01 4.365021097944008055e+00
6.436208948245884187e+01 1.185852911904786283e-01 4.359370122008062509e+00
6.427918630867831951e+01 1.187428022878001949e-01 4.353754928006368985e+00
6.419679394138658779e+01 1.189003133851217753e-01 4.348174331926574432e+00
6.411489511217482118e+01 1.190578244824433418e-01 4.342627164145602237e+00
6.403347276212586792e+01 1.192153355797649084e-01 4.337112269229645989e+00
6.395251003893390163e+01 1.193728466770864888e-01 4.331628505739097079e+00
6.387199029409893569e+01 1.195303577744080553e-01 4.326174746038504715e+00
6.379189708019015370e+01 1.196878688717296219e-01 4.320749876111236176e+00
6.371221414817821938e+01 1.198453799690512023e-01 4.315352795378776030e+00
6.363292544483624624e+01 1.200028910663727688e-01 4.309982416524683835e+00
6.355401511020492222e+01 1.201604021636943492e-01 4.304637665322919915e+00
6.347546747512227228e+01 1.203179132610159158e-01 4.299317480470513431e+00
6.339726705881579960e+01 1.204754243583374823e-01 4.294020813424487493e+00
6.331939856655611010e+01 1.206329354556590627e-01 4.288746628242927628e+00
6.324184688736774973e+01 1.207904465529806293e-01 4.283493901429926254e+00
6.316459709180116278e+01 1.209479576503022097e-01 4.278261621784685609e+00
6.308763442975872238e+01 1.211054687476237762e-01 4.273048790254263984e+00
6.301094432837736292e+01 1.212629798449453428e-01 4.267854419790161558e+00
6.293451238996316022e+01 1.214204909422669232e-01 4.262677535208425184e+00
6.285832438998109239e+01 1.215780020395884897e-01 4.257517173053495974e+00
6.278236627509279089e+01 1.217355131369100563e-01 4.252372381465300499e+00
6.270662416124759631e+01 1.218930242342316367e-01 4.247242220049946226e+00
6.263108433181847090e+01 1.220505353315532032e-01 4.242125759753474057e+00
6.255573323578846612e+01 1.222080464288747836e-01 4.237022082739022366e+00
6.248055748598194725e+01 1.223655575261963502e-01 4.231930282267016175e+00
6.240554385734110099e+01 1.225230686235179167e-01 4.226849462578440964e+00
6.233067928524602053e+01 1.226805797208394971e-01 4.221778738781053697e+00
6.225595086363731667e+01 1.228380908181610637e-01 4.216717236722228535e+00
6.218134549653693455e+01 1.229956019154826441e-01 4.211664069385771647e+00
6.210684921082864918e+01 1.231531130128042106e-01 4.206618290345210731e+00
6.203244801185895341e+01 1.233106241101257772e-01 4.201578951715309707e+00
6.195812807707194736e+01 1.234681352074473576e-01 4.196545117267343805e+00
6.188387575439682564e+01 1.236256463047689241e-01 4.191515862319866059e+00
6.180967756067795449e+01 1.237831574020905046e-01 4.186490273632393233e+00
6.173552018015108445e+01 1.239406684994120711e-01 4.181467449302191497e+00
6.166139046295952397e+01 1.240981795967336376e-01 4.176446498663758611e+00
6.158727542371234875e+01 1.242556906940552180e-01 4.171426542191190023e+00
6.151316224008244404e+01 1.244132017913767846e-01 4.166406711403203289e+00
6.143903825144288078e+01 1.245707128886983511e-01 4.161386148770794158e+00
6.136489095754213707e+01 1.247282239860199315e-01 4.156364007627493251e+00
6.129070801721487527e+01 1.248857350833414981e-01 4.151339452082051018e+00
6.121647724712977379e+01 1.250432461806630924e-01 4.146311656933622913e+00
6.114218662057002973e+01 1.252007572779846589e-01 4.141279807589170581e+00
6.106782426625065341e+01 1.253582683753062255e-01 4.136243099983363258e+00
6.099337846716517930e+01 1.255157794726277920e-01 4.131200740500445612e+00
6.091883765946653995e+01 1.256732905699493585e-01 4.126151945898455686e+00
6.084419043137788918e+01 1.258308016672709251e-01 4.121095943235441261e+00
6.076942552213431270e+01 1.259883127645924916e-01 4.116031969797787404e+00
6.069453182095200816e+01 1.261458238619140859e-01 4.110959273030389660e+00
6.061949836602755681e+01 1.263033349592356525e-01 4.105877110468873603e+00
6.054431434356341413e+01 1.264608460565572190e-01 4.100784749673598739e+00
6.046896908682050764e+01 1.266183571538787855e-01 4.095681468165474293e+00
6.039345207519652092e+01 1.267758682512003521e-01 4.090566553363545133e+00
6.031775293332879784e+01 1.269333793485219464e-01 4.085439302524217275e+00
6.024186143022225792e+01 1.270908904458435129e-01 4.080299022682196686e+00
6.016576747839970096e+01 1.272484015431650795e-01 4.075145030592937090e+00
6.008946113307487735e+01 1.274059126404866460e-01 4.069976652676627893e+00
6.001293259134945401e+01 1.275634237378082125e-01 4.064793224963804796e+00
5.993617219142780783e+01 1.277209348351298068e-01 4.059594093042161234e+00
5.985917041185489751e+01 1.278784459324513734e-01 4.054378612004942539e+00
5.978191787077341957e+01 1.280359570297729399e-01 4.049146146400612878e+00
5.970440532519923238e+01 1.281934681270945064e-01 4.043896070183789604e+00
5.962662367031570199e+01 1.283509792244160730e-01 4.038627766667447716e+00
5.954856393878701226e+01 1.285084903217376673e-01 4.033340628476401513e+00
5.947021730008619045e+01 1.286660014190592338e-01 4.028034057501804099e+00
5.939157505984174890e+01 1.288235125163808004e-01 4.022707464856875248e+00
5.931262865919926952e+01 1.289810236137023669e-01 4.017360270833682634e+00
5.923336967770703154e+01 1.291385347110239334e-01 4.011991905098565958e+00
5.915379086481171811e+01 1.292960458083455277e-01 4.006601876557382980e+00
5.907388755789530421e+01 1.294535569056670943e-01 4.001189869401897248e+00
5.899365554264656453e+01 1.296110680029886608e-01 3.995755598188573732e+00
5.891309068834706153e+01 1.297685791003102274e-01 3.990298783135779903e+00
5.883218894747567873e+01 1.299260901976317939e-01 3.984819150096997831e+00
5.875094635531794296e+01 1.300836012949533882e-01 3.979316430534366678e+00
5.866935902957900595e+01 1.302411123922749547e-01 3.973790361492470335e+00
5.858742316999936861e+01 1.303986234895965213e-01 3.968240685572300475e+00
5.850513505797494673e+01 1.305561345869180878e-01 3.962667150905538893e+00
5.842249105617915461e+01 1.307136456842396544e-01 3.957069511128942896e+00
5.833948760818846324e+01 1.308711567815612486e-01 3.951447525359000235e+00
5.825612123811130516e+01 1.310286678788828152e-01 3.945800958166775452e+00
5.817238855021773247e+01 1.311861789762043817e-01 3.940129579552845929e+00
5.808828622857386392e+01 1.313436900735259483e-01 3.934433164922527038e+00
5.800381103667681515e+01 1.315012011708475148e-01 3.928711495061151027e+00
5.791895981709195240e+01 1.316587122681690813e-01 3.922964356109502670e+00
5.783372949109359951e+01 1.318162233654906756e-01 3.917191539539471190e+00
5.774811705830548192e+01 1.319737344628122422e-01 3.911392842129706615e+00
5.766211959634440376e+01 1.321312455601338087e-01 3.905568065941482647e+00
5.757573426046390352e+01 1.322887566574553753e-01 3.899717018294565296e+00
5.748895828320149093e+01 1.324462677547769418e-01 3.893839511743307114e+00
5.740178897402518032e+01 1.326037788520985361e-01 3.887935364052719223e+00
5.731422371898185020e+01 1.327612899494201026e-01 3.882004398174646820e+00
5.722625998034710193e+01 1.329188010467416692e-01 3.876046442224055255e+00
5.713789529627444352e+01 1.330763121440632357e-01 3.870061329455273036e+00
5.704912728044773473e+01 1.332338232413848023e-01 3.864048898238440444e+00
5.695995362173160714e+01 1.333913343387063966e-01 3.858008992035843576e+00
5.687037208382413667e+01 1.335488454360279631e-01 3.851941459378380728e+00
5.678038050490908972e+01 1.337063565333495296e-01 3.845846153842012782e+00
5.668997679730910733e+01 1.338638676306710962e-01 3.839722934024274004e+00
5.659915894713876128e+01 1.340213787279926627e-01 3.833571663520766393e+00
5.650792501395667955e+01 1.341788898253142570e-01 3.827392210901601199e+00
5.641627313042048542e+01 1.343364009226358236e-01 3.821184449688033169e+00
5.632420150193762254e+01 1.344939120199573901e-01 3.814948258328798136e+00
5.623170840631956224e+01 1.346514231172789566e-01 3.808683520176701975e+00
5.613879219343358074e+01 1.348089342146005232e-01 3.802390123465029692e+00
5.604545128485548844e+01 1.349664453119221175e-01 3.796067961284023795e+00
5.595168417352035561e+01 1.351239564092436840e-01 3.789716931557234769e+00
5.585748942337431799e+01 1.352814675065652505e-01 3.783336937017925283e+00
5.576286566902372499e+01 1.354389786038868171e-01 3.776927885185314526e+00
5.566781161538642664e+01 1.355964897012083836e-01 3.770489688340957990e+00
5.557232604804696052e+01 1.357540007985299779e-01 3.764022264230121095e+00
5.547640981409163885e+01 1.359115118958515445e-01 3.757525670227616743e+00
5.538006810571734917e+01 1.360690229931731110e-01 3.751000258011089716e+00
5.528330665778749164e+01 1.362265340904946775e-01 3.744446416014044487e+00
5.518613117844010674e+01 1.363840451878162441e-01 3.737864530859831724e+00
5.508854734895071914e+01 1.365415562851378384e-01 3.731254987352342845e+00
5.499056082359674491e+01 1.366990673824594049e-01 3.724618168466842238e+00
5.489217722952793821e+01 1.368565784797809715e-01 3.717954455341179187e+00
5.479340216664010654e+01 1.370140895771025380e-01 3.711264227267244031e+00
5.469424120745408402e+01 1.371716006744241045e-01 3.704547861682764509e+00
5.459469989699871917e+01 1.373291117717456711e-01 3.697805734163380542e+00
5.449478375269713126e+01 1.374866228690672654e-01 3.691038218414947725e+00
5.439449826425820333e+01 1.376441339663888319e-01 3.684245686266178321e+00
5.429384889357207555e+01 1.378016450637103985e-01 3.677428507661564261e+00
5.419284107460835997e+01 1.379591561610319650e-01 3.670587050654492423e+00
5.409148021332062228e+01 1.381166672583535315e-01 3.663721681400760932e+00
5.398977168755270384e+01 1.382741783556751258e-01 3.656832764152245563e+00
5.388772084694987541e+01 1.384316894529966924e-01 3.649920661250877885e+00
5.378533301287414758e+01 1.385892005503182589e-01 3.642985733122908076e+00
5.368261347832235231e+01 1.387467116476398254e-01 3.636028338273356031e+00
5.357956750784934030e+01 1.389042227449613920e-01 3.629048833280811515e+00
5.347620033749354462e+01 1.390617338422829863e-01 3.622047572792394643e+00
5.337251717470709167e+01 1.392192449396045528e-01 3.615024909519011231e+00
5.326852319828930149e+01 1.393767560369261194e-01 3.607981194230867494e+00
5.316422355832376212e+01 1.395342671342476859e-01 3.600916775753188581e+00
5.305962337611859425e+01 1.396917782315692524e-01 3.593832000962182249e+00
5.295472774415096495e+01 1.398492893288908467e-01 3.586727214781280981e+00
5.284954172601393196e+01 1.400068004262124133e-01 3.579602760177542198e+00
5.274407035636815522e+01 1.401643115235339798e-01 3.572458978158370435e+00
5.263831864089529944e+01 1.403218226208555464e-01 3.565296207768371417e+00
5.253229155625601265e+01 1.404793337181771129e-01 3.558114786086497006e+00
5.242599405005063318e+01 1.406368448154987072e-01 3.550915048223387327e+00
5.231943104078327167e+01 1.407943559128202737e-01 3.543697327318940715e+00
5.221260741782901960e+01 1.409518670101418403e-01 3.536461954540087937e+00
5.210552804140331062e+01 1.411093781074634068e-01 3.529209259078722738e+00
5.199819774253701610e+01 1.412668892047849734e-01 3.521939568150005417e+00
5.189062132305154762e+01 1.414244003021065677e-01 3.514653206990686840e+00
5.178280355553866343e+01 1.415819113994281342e-01 3.507350498857735754e+00
5.167474918334300327e+01 1.417394224967497007e-01 3.500031765027155295e+00
5.156646292054747960e+01 1.418969335940712673e-01 3.492697324792996216e+00
5.145794945196055892e+01 1.420544446913928338e-01 3.485347495466491807e+00
5.134921343310862341e+01 1.422119557887144281e-01 3.477982592375543192e+00
5.124025949022900051e+01 1.423694668860359946e-01 3.470602928864249481e+00
5.113109222026614020e+01 1.425269779833575612e-01 3.463208816292639547e+00
5.102171619187455320e+01 1.426844890806791277e-01 3.455800564104615002e+00
5.091213740617204309e+01 1.428420001780006943e-01 3.448378578767615998e+00
5.080236618436818219e+01 1.429995112753222608e-01 3.440943559357338977e+00
5.069241354342456418e+01 1.431570223726438551e-01 3.433496252074127675e+00
5.058229037025650143e+01 1.433145334699654216e-01 3.426037394310032180e+00
5.047200742228171322e+01 1.434720445672869882e-01 3.418567714685984527e+00
5.036157532798753067e+01 1.436295556646085547e-01 3.411087933090205304e+00
5.025100458751640531e+01 1.437870667619301213e-01 3.403598760717865268e+00
5.014030557326766058e+01 1.439445778592517156e-01 3.396100900111843846e+00
5.002948853051675115e+01 1.441020889565732821e-01 3.388595045204672918e+00
4.991856357805057343e+01 1.442596000538948486e-01 3.381081881361569952e+00
4.980754070881663154e+01 1.444171111512164152e-01 3.373562085424398393e+00
4.969642979058976096e+01 1.445746222485379817e-01 3.366036325756836867e+00
4.958524056665120838e+01 1.447321333458595760e-01 3.358505262290366833e+00
4.947398265648212856e+01 1.448896444431811426e-01 3.350969546571250124e+00
4.936266555647107168e+01 1.450471555405027091e-01 3.343429821808445279e+00
4.925129864063321605e+01 1.452046666378242756e-01 3.335886722922321468e+00
4.913989116134320057e+01 1.453621777351458422e-01 3.328340876594298781e+00
4.902845225007843766e+01 1.455196888324674365e-01 3.320792901317188406e+00
4.891699091817528000e+01 1.456771999297890030e-01 3.313243407446417876e+00
4.880551605759423239e+01 1.458347110271105695e-01 3.305692997251850063e+00
4.869403644169811685e+01 1.459922221244321361e-01 3.298142264970497450e+00
4.858256072603766285e+01 1.461497332217537026e-01 3.290591796859729801e+00
4.847109744914810392e+01 1.463072443190752969e-01 3.283042171251229213e+00
4.835965503335461335e+01 1.464647554163968635e-01 3.275493958605538047e+00
4.824824178558611010e+01 1.466222665137184300e-01 3.267947721567192598e+00
4.813686589819781148e+01 1.467797776110399965e-01 3.260404015020420321e+00
4.802553544980100497e+01 1.469372887083615631e-01 3.252863386145358415e+00
4.791425840610045839e+01 1.470947998056831574e-01 3.245326374474758691e+00
4.780304262073912014e+01 1.472523109030047239e-01 3.237793511951205350e+00
4.769189583614942052e+01 1.474098220003262905e-01 3.230265322984785747e+00
4.758082568441024307e+01 1.475673330976478570e-01 3.222742324511116863e+00
4.746983968811066035e+01 1.477248441949694235e-01 3.215225026049861601e+00
4.735894526121816028e+01 1.478823552922910178e-01 3.207713929763527982e+00
4.724814970995314667e+01 1.480398663896125844e-01 3.200209530516703982e+00
4.713746023366761051e+01 1.481973774869341509e-01 3.192712315935575251e+00
4.702688392572778753e+01 1.483548885842557175e-01 3.185222766467696864e+00
4.691642777440252132e+01 1.485123996815772840e-01 3.177741355442180282e+00
4.680609866375340289e+01 1.486699107788988505e-01 3.170268549129971802e+00
4.669590337452977735e+01 1.488274218762204448e-01 3.162804806804477398e+00
4.658584858506736737e+01 1.489849329735420114e-01 3.155350580802427363e+00
4.647594087218755021e+01 1.491424440708635779e-01 3.147906316584792918e+00
4.636618671210188580e+01 1.492999551681851444e-01 3.140472452798037661e+00
4.625659248131645285e+01 1.494574662655067110e-01 3.133049421335382778e+00
4.614716445754081775e+01 1.496149773628283053e-01 3.125637647398368912e+00
4.603790882059605849e+01 1.497724884601498718e-01 3.118237549558353638e+00
4.592883165332610673e+01 1.499299995574714384e-01 3.110849539818248299e+00
4.581993914567937765e+01 1.500875106547930049e-01 3.103474037435359101e+00
4.571123931053931955e+01 1.502450217521145714e-01 3.096111585137940381e+00
4.560274109031822576e+01 1.504025328494361657e-01 3.088762788613057086e+00
4.549445329539710059e+01 1.505600439467577323e-01 3.081428244605036060e+00
4.538638459429022731e+01 1.507175550440792988e-01 3.074108540249292254e+00
4.527854351507449593e+01 1.508750661414008654e-01 3.066804253169143735e+00
4.517093844682388237e+01 1.510325772387224319e-01 3.059515951572965520e+00
4.506357764104720331e+01 1.511900883360440262e-01 3.052244194351579676e+00
4.495646921313215927e+01 1.513475994333655927e-01 3.044989531176055308e+00
4.484962114379058562e+01 1.515051105306871593e-01 3.037752502595608028e+00
4.474304128050726348e+01 1.516626216280087258e-01 3.030533640135717910e+00
4.463673733899281615e+01 1.518201327253302924e-01 3.023333466396546321e+00
4.453071690463549004e+01 1.519776438226518867e-01 3.016152495151267043e+00
4.442498743395715621e+01 1.521351549199734532e-01 3.008991231444681169e+00
4.431955625606911298e+01 1.522926660172950197e-01 3.001850171691818669e+00
4.421443057412791688e+01 1.524501771146165863e-01 2.994729803776555066e+00
4.410961746679267748e+01 1.526076882119381528e-01 2.987630607150308926e+00
4.400512388968071775e+01 1.527651993092597471e-01 2.980553052930634994e+00
4.390095667682382441e+01 1.529227104065813136e-01 2.973497603999863959e+00
4.379712254212152089e+01 1.530802215039028802e-01 2.966464715103534822e+00
4.369362808079507943e+01 1.532377326012244467e-01 2.959454832948873459e+00
4.359047977083744740e+01 1.533952436985460133e-01 2.952468396303003395e+00
4.348768397446305300e+01 1.535527547958676076e-01 2.945505836091146801e+00
4.338524693955316991e+01 1.537102658931891741e-01 2.938567575494511974e+00
4.328317480109886617e+01 1.538677769905107406e-01 2.931654030048035597e+00
4.318147358264182145e+01 1.540252880878323072e-01 2.924765607737969120e+00
4.308014919770963047e+01 1.541827991851538737e-01 2.917902709099094327e+00
4.297920745124883979e+01 1.543403102824754403e-01 2.911065727311789697e+00
4.287865404105303213e+01 1.544978213797970346e-01 2.904255048298749919e+00
4.277849455918597243e+01 1.546553324771186011e-01 2.897471050821382121e+00
4.267873449340122249e+01 1.548128435744401676e-01 2.890714106575964060e+00
4.257937922855591495e+01 1.549703546717617342e-01 2.883984580289393307e+00
4.248043404801901346e+01 1.551278657690833007e-01 2.877282829814576282e+00
4.238190413507472698e+01 1.552853768664048950e-01 2.870609206225484655e+00
4.228379457431959310e+01 1.554428879637264616e-01 2.863964053911779661e+00
4.218611035305416834e+01 1.556003990610480281e-01 2.857347710673076246e+00
4.208885636266781916e+01 1.557579101583695946e-01 2.850760507812736044e+00
4.199203740001762952e+01 1.559154212556911612e-01 2.844202770231265109e+00
4.189565816880018900e+01 1.560729323530127555e-01 2.837674816519229370e+00
4.179972328091714928e+01 1.562304434503343220e-01 2.831176959049740649e+00
4.170423725783312108e+01 1.563879545476558885e-01 2.824709504070432864e+00
4.160920453192753854e+01 1.565454656449774551e-01 2.818272751795033226e+00
4.151462944783694553e+01 1.567029767422990216e-01 2.811866996494263304e+00
4.142051626379316076e+01 1.568604878396206159e-01 2.805492526586486512e+00
4.132686915295003871e+01 1.570179989369421825e-01 2.799149624727573560e+00
4.123369220470547702e+01 1.571755100342637490e-01 2.792838567900433056e+00
4.114098942601353315e+01 1.573330211315853155e-01 2.786559627503899517e+00
4.104876474268973396e+01 1.574905322289068821e-01 2.780313069441127993e+00
4.095702200070743970e+01 1.576480433262284764e-01 2.774099154207414042e+00
4.086576466644913808e+01 1.578055544235500429e-01 2.767918116587618549e+00
4.077499485160420534e+01 1.579630655208716095e-01 2.761770099610589391e+00
4.068471427411649444e+01 1.581205766181931760e-01 2.755655219636022224e+00
4.068471427411649444e+01 1.581205766181931760e-01 2.755655219636022224e+00
3.156195109479267913e+01 1.826842454521749870e-01 2.134713514883791685e+00
2.671003340147200689e+01 2.073525430377324841e-01 1.454137663919268686e+00
2.109305505051538532e+01 2.322407203492417860e-01 1.182927624677060141e+00
1.830837565632586816e+01 2.568837818198746459e-01 1.098733626179425826e+00
1.538226063848656544e+01 2.811184729179193598e-01 6.909399432042310218e-01
1.342203125540735620e+01 3.057758170190760794e-01 5.187230824807491647e-01
1.165819745686566478e+01 3.308749588216616799e-01 4.370301158402983277e-01
1.013490025802232530e+01 3.553458836143503774e-01 3.588688643880141305e-01
9.128579513156275027e+00 3.797183506574301481e-01 3.617671169555545796e-01
8.027642246308326790e+00 4.042043120935024936e-01 2.095091891135091589e-01
7.270714398490691899e+00 4.287407985369371399e-01 1.535522946831303637e-01
6.597247495842132103e+00 4.533371424922238990e-01 1.284507927158896889e-01
5.930508209090011640e+00 4.779959634912051558e-01 1.868755044803762921e-01
5.400174261298687384e+00 5.026629933946460405e-01 1.264541908940144121e-01
4.988225194616647151e+00 5.271487506500315279e-01 1.317807730166105640e-01
4.633091270105610171e+00 5.515427964227138657e-01 9.189343072112718391e-02
4.306240034839186492e+00 5.762240530263548210e-01 8.122364847263487120e-02
3.997031276218667273e+00 6.007285446297923048e-01 5.873999473162663798e-02
3.716013265614600769e+00 6.252568531449649303e-01 1.027973900132580221e-01
3.545145869877058598e+00 6.499965502683907603e-01 9.310117167420384199e-02
3.353004229775208955e+00 6.746857991314229031e-01 6.790572163038445519e-02
3.230843929874096521e+00 6.991270364754236244e-01 5.285955223634151295e-02
3.125683202564927932e+00 7.235756604093172006e-01 4.754474080921061024e-02
3.088396303825134304e+00 7.479714013051395050e-01 5.770581763539159997e-02
3.064900276188882167e+00 7.726132299420060967e-01 4.486652131360413520e-02
3.031537823817727073e+00 7.972349387995918413e-01 5.285962753565767031e-02
2.916248148345065960e+00 8.217736356692634248e-01 6.629897370422616065e-02
2.818920750412608367e+00 8.463200505719705724e-01 4.660489431801800170e-02
2.737310037043462874e+00 8.708218859006343626e-01 4.626932328987786586e-02
2.693491151708789388e+00 8.954790463233904818e-01 4.248844021029723333e-02
2.641044984699792320e+00 9.199626960429320155e-01 4.182435590418834975e-02
2.641003538833372577e+00 9.443606208269833546e-01 6.092230798402066549e-02
2.636430287918447135e+00 9.688687146412832130e-01 5.571760220248277162e-02
2.634350541232797660e+00 9.930926048855095445e-01 7.215642561417354162e-02
2.686703495640717865e+00 1.017620455362175491e+00 5.157489637023934814e-02
2.772229581207404703e+00 1.042409919186157552e+00 6.822791543635782496e-02
2.904950049970814963e+00 1.066789561870425063e+00 5.247990634079403166e-02
2.958071987569286243e+00 1.090909765172895618e+00 7.393465804094630223e-02
2.927376202896819990e+00 1.115651582439790346e+00 1.342673962455147307e-01
2.999574550947276208e+00 1.140641543091339027e+00 8.747653343767919365e-02
3.049175392855464573e+00 1.164692026865203012e+00 1.759409353044527613e-01
3.158513295274405941e+00 1.188605021497627590e+00 1.425277867576537905e-01
3.387843826746199216e+00 1.214006438167991364e+00 1.599487221935673442e-01
3.645474536604993432e+00 1.240498485730926914e+00 1.930547115626246590e-01
4.100991045827321990e+00 1.264816150349954427e+00 3.645091650337188294e-01
4.293463634462297840e+00 1.284554513240047102e+00 4.381988554318420603e-01
4.777303050141974872e+00 1.309527810458392949e+00 7.427127434581912713e-01
6.918857013012974733e+00 1.335814856768205550e+00 1.036047084624463155e+00
7.854413675897459868e+00 1.360349523175663267e+00 1.057895085536650370e+01
