3.381700906488094915e+01 7.669903939428205850e-04 2.291093539354353670e+00
4.030655185383917427e+01 9.245014912643925459e-04 2.730758369813486297e+00
4.667627826145976400e+01 1.082012588585964507e-03 3.162305671703939058e+00
5.292657302140630549e+01 1.239523685907536251e-03 3.585761510631019444e+00
5.905734863522670253e+01 1.397034783229108429e-03 4.001119958597436188e+00
6.506830250097998203e+01 1.554545880550680173e-03 4.408360514400648356e+00
7.095927108653107496e+01 1.712056977872252134e-03 4.807472098781182090e+00
7.673022917631651296e+01 1.869568075193824095e-03 5.198453003391195537e+00
8.238148977939805206e+01 2.027079172515396273e-03 5.581324434512939803e+00
8.791336544046046697e+01 2.184590269836968017e-03 5.956107566967244971e+00
9.332667306155200038e+01 2.342101367158539761e-03 6.322857745654704154e+00
9.862224099886712736e+01 2.499612464480111939e-03 6.681631091491325058e+00
1.038010350806051889e+02 2.657123561801683683e-03 7.032493039085581543e+00
1.088643595263686734e+02 2.814634659123255861e-03 7.375531948975185159e+00
1.138135845030074620e+02 2.972145756444827605e-03 7.710840649606669928e+00
1.186500622655991890e+02 3.129656853766399783e-03 8.038510755908658822e+00
1.233753347367817241e+02 3.287167951087971527e-03 8.358646732737499363e+00
1.279910995656435801e+02 3.444679048409543271e-03 8.671363595375911615e+00
1.324990591621650537e+02 3.602190145731115449e-03 8.976776681655815437e+00
1.369008688023196214e+02 3.759701243052687193e-03 9.274998136092456491e+00
1.411982682475139654e+02 3.917212340374259805e-03 9.566145827067131790e+00
1.453930691840872100e+02 4.074723437695831549e-03 9.850342495856542868e+00
1.494871325940187035e+02 4.232234535017403293e-03 1.012771422350415840e+01
1.534822735535244647e+02 4.389745632338975037e-03 1.039838398094995675e+01
1.573802459589473131e+02 4.547256729660546781e-03 1.066247059421346854e+01
1.611828285313636115e+02 4.704767826982118525e-03 1.092009457118344429e+01
1.648918195255366186e+02 4.862278924303691137e-03 1.117137774315083476e+01
1.685090275297839639e+02 5.019790021625262881e-03 1.141644264150219357e+01
1.720362626114917646e+02 5.177301118946834625e-03 1.165541189783057341e+01
1.754752735662303280e+02 5.334812216268406369e-03 1.188840399257951219e+01
1.788277243352911512e+02 5.492323313589978981e-03 1.211553165733728044e+01
1.820952724132589822e+02 5.649834410911550725e-03 1.233690718692946753e+01
1.852795709177688650e+02 5.807345508233122469e-03 1.255264257964445918e+01
1.883822644924151462e+02 5.964856605554694213e-03 1.276284925965657457e+01
1.914049858499492416e+02 6.122367702876265957e-03 1.296763784282866538e+01
1.943493528651856934e+02 6.279878800197838569e-03 1.316711793975721889e+01
1.972169496184480977e+02 6.437389897519410313e-03 1.336139687147079158e+01
2.000092479392059772e+02 6.594900994840982057e-03 1.355057435403183952e+01
2.027276749010036951e+02 6.752412092162553801e-03 1.373474707130059791e+01
2.053736470725112611e+02 6.909923189484126413e-03 1.391401099543480235e+01
2.079485685989038473e+02 7.067434286805698157e-03 1.408846125690363493e+01
2.104538295221553597e+02 7.224945384127269901e-03 1.425819203068809848e+01
2.128908043542922996e+02 7.382456481448841645e-03 1.442329643961929797e+01
2.152608508725985530e+02 7.539967578770413389e-03 1.458386647275388626e+01
2.175653091097647405e+02 7.697478676091986001e-03 1.473999291695697345e+01
2.198054924837187230e+02 7.854989773413558612e-03 1.489176475595041893e+01
2.219826050761971601e+02 8.012500870735128622e-03 1.503926356595767189e+01
2.240977819096933388e+02 8.170011968056702101e-03 1.518256624445645464e+01
2.261521485640846834e+02 8.327523065378272110e-03 1.532174904918973546e+01
2.281468210878775551e+02 8.485034162699845589e-03 1.545688759215259012e+01
2.300829050552453339e+02 8.642545260021415598e-03 1.558805677570674320e+01
2.319614947455555978e+02 8.800056357342989077e-03 1.571533073699379557e+01
2.337836724327766831e+02 8.957567454664562556e-03 1.583878279979267312e+01
2.355505077735031705e+02 9.115078551986132566e-03 1.595848543305851841e+01
2.372630572835043097e+02 9.272589649307706045e-03 1.607451021545901071e+01
2.389223638937927774e+02 9.430100746629276054e-03 1.618692780529807962e+01
2.405294554003445455e+02 9.587611843950849533e-03 1.629580783548489009e+01
2.420852813374727077e+02 9.745122941272419542e-03 1.640121463672137736e+01
2.435906867042616568e+02 9.902634038593993021e-03 1.650320545747498358e+01
2.450465052117565392e+02 1.006014513591556303e-02 1.660183678145147468e+01
2.464535667372741727e+02 1.021765623323713651e-02 1.669716483262248374e+01
2.478126966065018166e+02 1.037516733055870999e-02 1.678924552658795477e+01
2.491247149459915136e+02 1.053267842788028000e-02 1.687813442670778485e+01
2.503904361001835355e+02 1.069018952520185348e-02 1.696388670460526527e+01
2.516106681075749236e+02 1.084770062252342349e-02 1.704655710467772423e+01
2.527862122311385633e+02 1.100521171984499696e-02 1.712619991228248750e+01
2.539178625385430053e+02 1.116272281716656697e-02 1.720286892529685829e+01
2.550064055280737989e+02 1.132023391448814045e-02 1.727661742877446827e+01
2.560526197965366464e+02 1.147774501180971046e-02 1.734749817244570025e+01
2.570572757457191528e+02 1.163525610913128394e-02 1.741556335083062734e+01
2.580211333835146092e+02 1.179276720645285742e-02 1.748086445426570279e+01
2.589448755478570092e+02 1.195027830377442743e-02 1.754344774484275149e+01
2.598290961330559412e+02 1.210778940109600091e-02 1.760335345874626611e+01
2.606743845210185668e+02 1.226530049841757092e-02 1.766062152644666128e+01
2.614813305765080713e+02 1.242281159573914440e-02 1.771529191112770718e+01
2.622505240611449722e+02 1.258032269306071441e-02 1.776740456898529530e+01
2.629825540907515347e+02 1.273783379038228789e-02 1.781699941246264629e+01
2.636780086330912241e+02 1.289534488770385789e-02 1.786411627622230114e+01
2.643374740432660133e+02 1.305285598502543137e-02 1.790879488566940836e+01
2.649615346342578164e+02 1.321036708234700485e-02 1.795107482785600794e+01
2.655507722802580588e+02 1.336787817966857486e-02 1.799099552460673124e+01
2.661057660506545517e+02 1.352538927699014834e-02 1.802859620772148830e+01
2.666270918726132209e+02 1.368290037431171835e-02 1.806391589611546422e+01
2.671153222204358144e+02 1.384041147163329183e-02 1.809699337477323766e+01
2.675710258299238262e+02 1.399792256895486184e-02 1.812786717539692205e+01
2.679947674361459349e+02 1.415543366627643532e-02 1.815657555864005701e+01
2.683871075331019824e+02 1.431294476359800533e-02 1.818315649782485721e+01
2.687486017498916340e+02 1.447045586091957881e-02 1.820764763667785147e+01
2.690797633116917495e+02 1.462796695824115228e-02 1.823008374607081805e+01
2.693810355523489761e+02 1.478547805556272229e-02 1.825049486175618796e+01
2.696528559883616367e+02 1.494298915288429577e-02 1.826891062536255106e+01
2.698956633026015197e+02 1.510050025020586578e-02 1.828536075753999768e+01
2.701098969401594445e+02 1.525801134752743926e-02 1.829987503057873965e+01
2.702959967289091310e+02 1.541552244484900927e-02 1.831248324270244865e+01
2.704544025234100673e+02 1.557303354217058275e-02 1.832321519394276521e+01
2.705855538708216272e+02 1.573054463949215276e-02 1.833210066350500966e+01
2.706898896976002789e+02 1.588805573681372624e-02 1.833916938854207856e+01
2.707678480158298839e+02 1.604556683413529972e-02 1.834445104425834572e+01
2.708198656480895465e+02 1.620307793145686973e-02 1.834797522526956826e+01
2.708463779698709573e+02 1.636058902877844320e-02 1.834977142815167994e+01
2.708478186685617857e+02 1.651810012610001321e-02 1.834986903511202527e+01
2.708246195181137068e+02 1.667561122342158669e-02 1.834829729872314985e+01
2.707772101685490043e+02 1.683312232074316017e-02 1.834508532766194122e+01
2.707060179495110219e+02 1.699063341806473018e-02 1.834026207340024683e+01
2.706114676871083589e+02 1.714814451538630366e-02 1.833385631779603742e+01
2.704939815333401043e+02 1.730565561270787367e-02 1.832589666153709729e+01
2.703539788074478452e+02 1.746316671002944715e-02 1.831641151339260887e+01
2.701918758485504100e+02 1.762067780735101716e-02 1.830542908022924209e+01
2.700080858626756708e+02 1.777818890467259064e-02 1.829297735664754398e+01
2.698030151128775174e+02 1.793570000199416065e-02 1.827908386686340236e+01
2.695770584207415368e+02 1.809321109931573412e-02 1.826377535993621493e+01
2.693306066697278993e+02 1.825072219663730760e-02 1.824707831811839043e+01
2.690640478719830071e+02 1.840823329395887761e-02 1.822901902913161010e+01
2.687777670508153278e+02 1.856574439128045109e-02 1.820962357820453548e+01
2.684721461318113711e+02 1.872325548860202110e-02 1.818891784069599282e+01
2.681475638421664485e+02 1.888076658592359458e-02 1.816692747527461904e+01
2.678043956177890550e+02 1.903827768324516459e-02 1.814367791762526494e+01
2.674430135178030241e+02 1.919578878056673807e-02 1.811919437465646254e+01
2.670637861460681961e+02 1.935329987788830808e-02 1.809350181918354039e+01
2.666670785793499476e+02 1.951081097520988156e-02 1.806662498506206305e+01
2.662532523018151096e+02 1.966832207253145504e-02 1.803858836275001920e+01
2.658226651455253204e+02 1.982583316985302505e-02 1.800941619527619153e+01
2.653756712366136412e+02 1.998334426717459852e-02 1.797913247459370112e+01
2.649126209468679463e+02 2.014085536449616853e-02 1.794776093829972652e+01
2.644338608504377248e+02 2.029836646181774201e-02 1.791532506670246505e+01
2.639397336853912748e+02 2.045587755913931202e-02 1.788184808021659222e+01
2.634305783198927315e+02 2.061338865646088550e-02 1.784735293707182180e+01
2.629067297227385893e+02 2.077089975378245551e-02 1.781186233131668217e+01
2.623685189380434508e+02 2.092841085110402899e-02 1.777539869110355752e+01
2.618162730638462676e+02 2.108592194842560247e-02 1.773798417723921617e+01
2.612503152344389150e+02 2.124343304574717248e-02 1.769964068198763130e+01
2.606709646062183197e+02 2.140094414306874596e-02 1.766038982811139491e+01
2.600785363468713172e+02 2.155845524039031597e-02 1.762025296813903807e+01
2.594733416277207994e+02 2.171596633771188944e-02 1.757925118384650176e+01
2.588556879173036691e+02 2.187347743503345945e-02 1.753740530614691195e+01
2.582259113213699493e+02 2.203098853235503293e-02 1.749473810611713276e+01
2.575844032945458366e+02 2.218849962967660294e-02 1.745127610470591151e+01
2.569315531477420222e+02 2.234601072699817642e-02 1.740704567762589150e+01
2.562677411514541745e+02 2.250352182431974990e-02 1.736207258810389931e+01
2.555933387223848285e+02 2.266103292164131991e-02 1.731638199952460866e+01
2.549087086070706505e+02 2.281854401896289339e-02 1.726999848787122005e+01
2.542142050625265313e+02 2.297605511628446340e-02 1.722294605396404066e+01
2.535101740338887737e+02 2.313356621360603688e-02 1.717524813549578511e+01
2.527969533290541619e+02 2.329107731092760689e-02 1.712692761886330217e+01
2.520748727903196880e+02 2.344858840824918036e-02 1.707800685079614667e+01
2.513442544630250097e+02 2.360609950557075037e-02 1.702850764978202136e+01
2.506054127612120226e+02 2.376361060289232385e-02 1.697845131729024715e+01
2.498586546303124862e+02 2.392112170021389733e-02 1.692785864879369839e+01
2.491042797068760706e+02 2.407863279753546734e-02 1.687674994459042921e+01
2.483425804753739214e+02 2.423614389485704082e-02 1.682514502042704407e+01
2.475738424220749323e+02 2.439365499217861083e-02 1.677306321792375243e+01
2.467983441860417315e+02 2.455116608950018431e-02 1.672052341480434023e+01
2.460163577072639214e+02 2.470867718682175432e-02 1.666754403493212067e+01
2.452281483719560811e+02 2.486618828414332780e-02 1.661414305815391046e+01
2.444339751550523943e+02 2.502369938146489781e-02 1.656033802995388626e+01
2.436340907599286254e+02 2.518121047878647129e-02 1.650614607091982222e+01
2.428287417553915475e+02 2.533872157610804476e-02 1.645158388602403576e+01
2.420181687099547503e+02 2.549623267342961477e-02 1.639666777372055151e+01
2.412026063234561661e+02 2.565374377075118825e-02 1.634141363486213905e+01
2.403822835560362989e+02 2.581125486807275826e-02 1.628583698143856040e+01
2.395574237545189931e+02 2.596876596539433174e-02 1.622995294513884801e+01
2.387282447762471804e+02 2.612627706271590175e-02 1.617377628574113757e+01
2.378949591103817909e+02 2.628378816003747523e-02 1.611732139933064190e+01
2.370577739967293951e+02 2.644129925735904524e-02 1.606060232635014628e+01
2.362168915421331121e+02 2.659881035468061872e-02 1.600363275948557273e+01
2.353725088344428400e+02 2.675632145200219220e-02 1.594642605138728619e+01
2.345248189764967606e+02 2.691383254932376221e-02 1.588899528472219380e+01
2.336740573274846611e+02 2.707134364664533568e-02 1.583135640501398811e+01
2.328205203067199989e+02 2.722885474396690569e-02 1.577352949459379516e+01
2.319644994689467410e+02 2.738636584128847917e-02 1.571553430621944081e+01
2.311062761879915115e+02 2.754387693861004918e-02 1.565738990289425026e+01
2.302461219541443995e+02 2.770138803593162266e-02 1.559911467801452822e+01
2.293842986642010544e+02 2.785889913325319267e-02 1.554072637501984921e+01
2.285210589042630147e+02 2.801641023057476615e-02 1.548224210655265942e+01
2.276566462254013175e+02 2.817392132789633963e-02 1.542367837313447687e+01
2.267912954122903955e+02 2.833143242521790964e-02 1.536505108136572062e+01
2.259252327449298718e+02 2.848894352253948312e-02 1.530637556165731361e+01
2.250586762535692458e+02 2.864645461986105313e-02 1.524766658550177034e+01
2.241918359669536756e+02 2.880396571718262660e-02 1.518893838229176119e+01
2.233249141540163976e+02 2.896147681450419661e-02 1.513020465569472961e+01
2.224581055591362997e+02 2.911898791182577009e-02 1.507147859959152925e+01
2.215915976310957376e+02 2.927649900914734010e-02 1.501277291358824861e+01
2.207255707458479606e+02 2.943401010646891358e-02 1.495409981810864686e+01
2.198601984232416271e+02 2.959152120379048706e-02 1.489547106907718721e+01
2.189956475378136247e+02 2.974903230111205707e-02 1.483689797220019990e+01
2.181320785237882944e+02 2.990654339843363055e-02 1.477839139685452352e+01
2.172696455744010393e+02 3.006405449575520056e-02 1.471996178959160595e+01
2.164084968356808645e+02 3.022156559307677404e-02 1.466161918726626112e+01
2.155487745948134091e+02 3.037907669039834405e-02 1.460337322979817998e+01
2.146906154632133621e+02 3.053658778771991752e-02 1.454523317257506498e+01
2.138341505544256052e+02 3.069409888504148753e-02 1.448720789850535695e+01
2.129795056569837755e+02 3.085160998236306101e-02 1.442930592972940218e+01
2.121268014023419823e+02 3.100912107968463102e-02 1.437153543899671604e+01
2.112761534280067792e+02 3.116663217700620450e-02 1.431390426071820521e+01
2.104276725359797808e+02 3.132414327432777451e-02 1.425641990170056062e+01
2.095814648466380277e+02 3.148165437164934799e-02 1.419908955157162822e+01
2.087376319481581675e+02 3.163916546897092147e-02 1.414192009290387197e+01
2.078962710416016080e+02 3.179667656629248801e-02 1.408491811104383373e+01
2.070574750817756637e+02 3.195418766361406149e-02 1.402808990365544872e+01
2.062213329139746634e+02 3.211169876093563497e-02 1.397144148998423852e+01
2.053879294067112369e+02 3.226920985825720151e-02 1.391497861984976936e+01
2.045573455805449044e+02 3.242672095557877499e-02 1.385870678237381703e+01
2.037296587331098010e+02 3.258423205290034846e-02 1.380263121445091201e+01
2.029049425604436010e+02 3.274174315022192194e-02 1.374675690896838276e+01
2.020832672747152685e+02 3.289925424754349542e-02 1.369108862278235428e+01
2.012646997288726993e+02 3.305676534486506196e-02 1.363563088516259825e+01
2.004493148512167977e+02 3.321427644218663544e-02 1.358038877248195142e+01
1.996372165363359841e+02 3.337178753950820892e-02 1.352536932357165966e+01
1.988285095362729464e+02 3.352929863682978240e-02 1.347057963535529268e+01
1.980232935330713246e+02 3.368680973415134894e-02 1.341602646126527709e+01
1.972216633095447662e+02 3.384432083147292242e-02 1.336171622281251459e+01
1.964237089150515772e+02 3.400183192879449590e-02 1.330765502081753127e+01
1.956295158264151439e+02 3.415934302611606938e-02 1.325384864631279846e+01
1.948391651040844295e+02 3.431685412343764285e-02 1.320030259112259152e+01
1.940527335436760552e+02 3.447436522075920939e-02 1.314702205812989000e+01
1.932702938229928407e+02 3.463187631808078287e-02 1.309401197123686167e+01
1.924919146446404739e+02 3.478938741540235635e-02 1.304127698502712462e+01
1.917176608743592396e+02 3.494689851272392983e-02 1.298882149413764964e+01
1.909475936751649101e+02 3.510440961004549637e-02 1.293664964234679893e+01
1.901817706374302475e+02 3.526192070736706985e-02 1.288476533138729430e+01
1.894202459049940330e+02 3.541943180468864333e-02 1.283317222949009029e+01
1.886630702974119345e+02 3.557694290201021681e-02 1.278187377966681204e+01
1.879102914284496251e+02 3.573445399933179029e-02 1.273087320773766606e+01
1.871619538209249640e+02 3.589196509665335683e-02 1.268017353011194714e+01
1.864180990179862363e+02 3.604947619397493030e-02 1.262977756132709573e+01
1.856787656909395707e+02 3.620698729129650378e-02 1.257968792135402403e+01
1.849439897437050604e+02 3.636449838861807726e-02 1.252990704267394761e+01
1.842138044140103261e+02 3.652200948593964380e-02 1.248043717713423817e+01
1.834882403713975236e+02 3.667952058326121728e-02 1.243128040258836542e+01
1.827673258121462254e+02 3.683703168058279076e-02 1.238243862932692174e+01
1.820510865511911902e+02 3.699454277790436424e-02 1.233391360630499278e+01
1.813395461111251450e+02 3.715205387522593772e-02 1.228570692717210200e+01
1.806327258083682352e+02 3.730956497254750426e-02 1.223782003611015412e+01
1.799306448365826157e+02 3.746707606986907774e-02 1.219025423348475101e+01
1.792333203474203174e+02 3.762458716719065122e-02 1.214301068131583605e+01
1.785407675286693348e+02 3.778209826451222469e-02 1.209609040857209017e+01
1.778529996798885406e+02 3.793960936183379123e-02 1.204949431629515466e+01
1.771700282855925650e+02 3.809712045915536471e-02 1.200322318255788723e+01
1.764918630860645408e+02 3.825463155647693819e-02 1.195727766726194474e+01
1.758185121458650713e+02 3.841214265379851167e-02 1.191165831677919407e+01
1.751499819201133619e+02 3.856965375112008515e-02 1.186636556844227641e+01
1.744862773185896003e+02 3.872716484844165169e-02 1.182139975488752093e+01
1.738274017677436802e+02 3.888467594576322517e-02 1.177676110825601619e+01
1.731733572706610573e+02 3.904218704308479865e-02 1.173244976425627506e+01
1.725241444650471578e+02 3.919969814040637213e-02 1.168846576609268162e+01
1.718797626793013364e+02 3.935720923772793867e-02 1.164480906826445228e+01
1.712402099867191225e+02 3.951472033504951215e-02 1.160147954023787875e+01
1.706054832579034439e+02 3.967223143237108562e-02 1.155847696999711083e+01
1.699755782114197586e+02 3.982974252969265910e-02 1.151580106747608667e+01
1.693504894627546093e+02 3.998725362701423258e-02 1.147345146787541914e+01
1.687302105716402139e+02 4.014476472433579912e-02 1.143142773486864705e+01
1.681147340877763838e+02 4.030227582165737260e-02 1.138972936369988354e+01
1.675040515950166196e+02 4.045978691897894608e-02 1.134835578417739121e+01
1.668981537540573186e+02 4.061729801630051956e-02 1.130730636356578955e+01
1.662970295925730682e+02 4.077480911362208610e-02 1.126658035849289874e+01
1.657006622584058846e+02 4.093232021094365958e-02 1.122617662722940679e+01
1.651090322197551927e+02 4.108983130826523306e-02 1.118609384650093297e+01
1.645221194577436847e+02 4.124734240558680654e-02 1.114633066003374928e+01
1.639399035001463290e+02 4.140485350290838001e-02 1.110688568083996053e+01
1.633623634470266097e+02 4.156236460022994655e-02 1.106775749295432654e+01
1.627894779954488058e+02 4.171987569755152003e-02 1.102894465310850514e+01
1.622212254632811153e+02 4.187738679487309351e-02 1.099044569234371771e+01
1.616575838121339359e+02 4.203489789219466699e-02 1.095225911756483761e+01
1.610985306694463191e+02 4.219240898951623353e-02 1.091438341303668125e+01
1.605440433497653032e+02 4.234992008683780701e-02 1.087681704182574016e+01
1.599940988752320550e+02 4.250743118415938049e-02 1.083955844718807526e+01
1.594486739953084964e+02 4.266494228148095397e-02 1.080260605390579087e+01
1.589077452057670143e+02 4.282245337880252745e-02 1.076595826957360558e+01
1.583712887669670408e+02 4.297996447612409399e-02 1.072961348583706531e+01
1.578392807214447089e+02 4.313747557344566746e-02 1.069357007958425143e+01
1.573116969108377248e+02 4.329498667076724094e-02 1.065782641409240483e+01
1.567885129921645557e+02 4.345249776808881442e-02 1.062238084013090500e+01
1.562697044534881172e+02 4.361000886541038096e-02 1.058723169702238209e+01
1.557552466289718041e+02 4.376751996273195444e-02 1.055237731366286980e+01
1.552451147133613460e+02 4.392503106005352792e-02 1.051781600950284457e+01
1.547392837759019528e+02 4.408254215737510140e-02 1.048354609549018512e+01
1.542377287737186577e+02 4.424005325469667488e-02 1.044956587497664557e+01
1.537404245646672791e+02 4.439756435201824142e-02 1.041587364458852250e+01
1.532473459196828287e+02 4.455507544933981490e-02 1.038246769506323552e+01
1.527584675346420511e+02 4.471258654666138838e-02 1.034934631205305067e+01
1.522737640417484783e+02 4.487009764398296185e-02 1.031650777689636911e+01
1.517932100204660060e+02 4.502760874130452839e-02 1.028395036735849999e+01
1.513167800080111078e+02 4.518511983862610187e-02 1.025167235834251400e+01
1.508444485094181573e+02 4.534263093594767535e-02 1.021967202257114238e+01
1.503761900071962145e+02 4.550014203326924883e-02 1.018794763124101976e+01
1.499119789705900416e+02 4.565765313059082231e-02 1.015649745465015918e+01
1.494517898644525644e+02 4.581516422791238885e-02 1.012531976279899482e+01
1.489955971577556113e+02 4.597267532523396233e-02 1.009441282596704070e+01
1.485433753317355183e+02 4.613018642255553581e-02 1.006377491526471069e+01
1.480950988877014538e+02 4.628769751987710929e-02 1.003340430316235832e+01
1.476507423545035920e+02 4.644520861719867583e-02 1.000329926399623126e+01
1.472102802956865162e+02 4.660271971452024931e-02 9.973458074453111166e+00
1.467736873163285054e+02 4.676023081184182278e-02 9.943879014033674579e+00
1.463409380695816822e+02 4.691774190916339626e-02 9.914560365495603378e+00
1.459120072629251013e+02 4.707525300648496974e-02 9.885500415277189035e+00
1.454868696641370320e+02 4.723276410380653628e-02 9.856697453902013351e+00
1.450655001069985701e+02 4.739027520112810976e-02 9.828149776365293633e+00
1.446478734967410560e+02 4.754778629844968324e-02 9.799855682503007870e+00
1.442339648152349412e+02 4.770529739577125672e-02 9.771813477343416210e+00
1.438237491259453975e+02 4.786280849309282326e-02 9.744021471442772864e+00
1.434172015786503493e+02 4.802031959041439674e-02 9.716477981205036585e+00
1.430142974139340026e+02 4.817783068773597022e-02 9.689181329186242309e+00
1.426150119674636016e+02 4.833534178505754370e-02 9.662129844384276467e+00
1.422193206740588778e+02 4.849285288237911717e-02 9.635321862514590663e+00
1.418271990715564357e+02 4.865036397970068371e-02 9.608755726271990483e+00
1.414386228044814402e+02 4.880787507702225719e-02 9.582429785579430259e+00
1.410535676275314643e+02 4.896538617434383067e-02 9.556342397823984314e+00
1.406720094088807116e+02 4.912289727166540415e-02 9.530491928080753183e+00
1.402939241333078257e+02 4.928040836898697069e-02 9.504876749324756346e+00
1.399192879051552154e+02 4.943791946630854417e-02 9.479495242631426066e+00
1.395480769511302697e+02 4.959543056363011765e-02 9.454345797366404014e+00
1.391802676229480369e+02 4.975294166095169113e-02 9.429426811364541194e+00
1.388158363998208813e+02 4.991045275827326461e-02 9.404736691098621648e+00
1.384547596160099943e+02 5.006796385559483115e-02 9.380273833221016488e+00
1.380970048759503186e+02 5.022547495291640463e-02 9.356036042940639064e+00
1.377425296516108801e+02 5.038298605023797810e-02 9.332020438994495848e+00
1.373912914974130501e+02 5.054049714755955158e-02 9.308224145705711550e+00
1.370432486689696816e+02 5.069800824488111812e-02 9.284644334902949936e+00
1.366983601089974059e+02 5.085551934220269160e-02 9.261278224965975525e+00
1.363565854335606105e+02 5.101303043952426508e-02 9.238123079893686196e+00
1.360178849186319781e+02 5.117054153684583856e-02 9.215176208393604185e+00
1.356822194869819214e+02 5.132805263416741204e-02 9.192434962993614178e+00
1.353495506953603069e+02 5.148556373148897858e-02 9.169896739173564626e+00
1.350198407219822343e+02 5.164307482881055206e-02 9.147558974517382424e+00
1.346930523543054221e+02 5.180058592613212554e-02 9.125419147885049043e+00
1.343691489770885426e+02 5.195809702345369901e-02 9.103474778603516171e+00
1.340480945607222623e+02 5.211560812077526555e-02 9.081723425676157646e+00
1.337298536498319379e+02 5.227311921809683903e-02 9.060162687010588911e+00
1.334143913521382387e+02 5.243063031541841251e-02 9.038790198663992470e+00
1.331016733242184955e+02 5.258814141273998599e-02 9.017603633878444214e+00
1.327916648366041841e+02 5.274565251006155947e-02 8.996600639741517469e+00
1.324843295402614274e+02 5.290316360738312601e-02 8.975778753615648142e+00
1.321796313785605150e+02 5.306067470470469949e-02 8.955135532673581977e+00
1.318775348954124524e+02 5.321818580202627297e-02 8.934668574774546457e+00
1.315780052232206287e+02 5.337569689934784645e-02 8.914375517647970426e+00
1.312810080711169007e+02 5.353320799666941299e-02 8.894254038096478965e+00
1.309865097134719178e+02 5.369071909399098647e-02 8.874301851217497372e+00
1.306944769786775282e+02 5.384823019131255994e-02 8.854516709643212025e+00
1.304048772381839285e+02 5.400574128863413342e-02 8.834896402797907555e+00
1.301176783957986345e+02 5.416325238595570690e-02 8.815438756172900625e+00
1.298328488772284288e+02 5.432076348327727344e-02 8.796141630618075524e+00
1.295503576198630356e+02 5.447827458059884692e-02 8.777002921649694756e+00
1.292701740627943821e+02 5.463578567792042040e-02 8.758020558774203934e+00
1.289922681370630642e+02 5.479329677524199388e-02 8.739192504827455465e+00
1.287166102561297123e+02 5.495080787256356042e-02 8.720516755329120073e+00
1.284431713065597194e+02 5.510831896988513390e-02 8.701991337851612940e+00
1.281719226370945535e+02 5.526583006720670738e-02 8.683614311279637121e+00
1.279028333685976406e+02 5.542334116452828086e-02 8.665383583559748359e+00
1.276358651246669638e+02 5.558085226184985433e-02 8.647296554700723448e+00
1.273709787459727494e+02 5.573836335917142087e-02 8.629350571668194192e+00
1.271081358021335745e+02 5.589587445649299435e-02 8.611543030813843203e+00
1.268472985763356036e+02 5.605338555381456783e-02 8.593871376833380538e+00
1.265884300503376778e+02 5.621089665113614131e-02 8.576333101750616805e+00
1.263314938898513446e+02 5.636840774845770785e-02 8.558925743927003893e+00
1.260764544302875549e+02 5.652591884577928133e-02 8.541646887095938112e+00
1.258232766628531749e+02 5.668342994310085481e-02 8.524494159420815009e+00
1.255719262209960050e+02 5.684094104042242829e-02 8.507465232576693737e+00
1.253223693671814516e+02 5.699845213774400177e-02 8.490557820854407467e+00
1.250745729799929364e+02 5.715596323506556831e-02 8.473769680286633132e+00
1.248285045415494494e+02 5.731347433238714179e-02 8.457098607795414225e+00
1.245841321252288196e+02 5.747098542970871526e-02 8.440542440360427889e+00
1.243414243836878370e+02 5.762849652703028874e-02 8.424099054207351500e+00
1.241003505371715647e+02 5.778600762435185528e-02 8.407766364015829552e+00
1.238608803621078920e+02 5.794351872167342876e-02 8.391542322146726463e+00
1.236229841752869163e+02 5.810102981899500224e-02 8.375424917570324368e+00
1.233866302288951431e+02 5.825854091631657572e-02 8.359411999380538916e+00
1.231517804830734235e+02 5.841605201363814920e-02 8.343500990386845118e+00
1.229183965094246673e+02 5.857356311095971574e-02 8.327689287075365598e+00
1.226864406277469897e+02 5.873107420828128922e-02 8.311974336622254711e+00
1.224558758908082723e+02 5.888858530560286270e-02 8.296353635862182330e+00
1.222266660695059670e+02 5.904609640292443618e-02 8.280824730282899893e+00
1.219987756383976034e+02 5.920360750024600272e-02 8.265385213044950774e+00
1.217721697615993293e+02 5.936111859756757619e-02 8.250032724026301167e+00
1.215468142790315227e+02 5.951862969488914967e-02 8.234764948890463288e+00
1.213226756930139061e+02 5.967614079221072315e-02 8.219579618178340041e+00
1.210997211551826211e+02 5.983365188953229663e-02 8.204474506421860269e+00
1.208779184537404916e+02 5.999116298685386317e-02 8.189447431280166612e+00
1.206572360010095792e+02 6.014867408417543665e-02 8.174496252696314968e+00
1.204376428212957535e+02 6.030618518149701013e-02 8.159618872075123264e+00
1.202191085390439582e+02 6.046369627881858361e-02 8.144813231480650728e+00
1.200016033672795004e+02 6.062120737614015015e-02 8.130077312853144278e+00
1.197850980963286815e+02 6.077871847346172363e-02 8.115409137244830262e+00
1.195695640828093644e+02 6.093622957078329710e-02 8.100806764074050648e+00
1.193549732100158565e+02 6.109374066810487058e-02 8.086268288441315732e+00
1.191412947591692131e+02 6.125125176542643712e-02 8.071791629157383241e+00
1.189284927054575149e+02 6.140876286274801060e-02 8.057374345550634587e+00
1.187165310988592637e+02 6.156627396006958408e-02 8.043014002016510844e+00
1.185053747179959345e+02 6.172378505739115756e-02 8.028708212315793347e+00
1.182949890565104454e+02 6.188129615471273104e-02 8.014454638651802298e+00
1.180853403097908370e+02 6.203880725203429758e-02 8.000250990770888748e+00
1.178763953620170071e+02 6.219631834935587106e-02 7.986095025084901877e+00
1.176681217735295490e+02 6.235382944667744454e-02 7.971984543815363367e+00
1.174604877685073632e+02 6.251134054399902495e-02 7.957917394158695146e+00
1.172534622229463253e+02 6.266885164132059149e-02 7.943891467471738466e+00
1.170470146529270750e+02 6.282636273864215803e-02 7.929904698476909708e+00
1.168411152031638665e+02 6.298387383596373845e-02 7.915955064486391635e+00
1.166357346358310991e+02 6.314138493328530499e-02 7.902040584645130039e+00
1.164308443196489264e+02 6.329889603060687153e-02 7.888159319191386132e+00
1.162264162192327319e+02 6.345640712792845195e-02 7.874309368735168846e+00
1.160224228846864918e+02 6.361391822525001849e-02 7.860488873553188149e+00
1.158188374414416586e+02 6.377142932257158503e-02 7.846696012900433281e+00
1.156156335803290460e+02 6.392894041989316545e-02 7.832929004337561452e+00
1.154127855478805600e+02 6.408645151721473199e-02 7.819186103073825223e+00
1.152102680518451905e+02 6.424396261453631241e-02 7.805465595565824977e+00
1.150080533423078464e+02 6.440147371185787895e-02 7.791765601764049087e+00
1.148061105515999429e+02 6.455898480917944549e-02 7.778084030392008685e+00
1.146044092454293946e+02 6.471649590650102590e-02 7.764418819534360416e+00
1.144029196482960771e+02 6.487400700382259244e-02 7.750767951908736464e+00
1.142016126326301304e+02 6.503151810114417286e-02 7.737129454129878070e+00
1.140004597081850335e+02 6.518902919846573940e-02 7.723501395991021035e+00
1.137994330116755179e+02 6.534654029578730594e-02 7.709881889761863505e+00
1.135985052966534568e+02 6.550405139310888636e-02 7.696269089502648875e+00
1.133976499236166120e+02 6.566156249043045290e-02 7.682661190394055595e+00
1.131968408503364287e+02 6.581907358775203332e-02 7.669056428081890253e+00
1.129960526224079302e+02 6.597658468507359986e-02 7.655453078036867254e+00
1.127952603640022602e+02 6.613409578239516640e-02 7.641849454928061114e+00
1.125944397688301990e+02 6.629160687971674681e-02 7.628243912010730376e+00
1.123935670912966316e+02 6.644911797703831335e-02 7.614634840526997905e+00
1.121926191378465916e+02 6.660662907435987989e-02 7.601020669119568751e+00
1.119915732584998977e+02 6.676414017168146031e-02 7.587399863258196930e+00
1.117904073385606694e+02 6.692165126900302685e-02 7.573770924678006722e+00
1.115890997905018480e+02 6.707916236632460727e-02 7.560132390829670257e+00
1.113876295460194257e+02 6.723667346364617381e-02 7.546482834341094126e+00
1.111859760482473405e+02 6.739418456096774035e-02 7.532820862489965741e+00
1.109841191491739067e+02 6.755169565828932077e-02 7.519145110253745656e+00
1.107820375056408722e+02 6.770920675561088731e-02 7.505454131639035964e+00
1.105797088454805817e+02 6.786671785293246772e-02 7.491746417712295880e+00
1.103771113989416079e+02 6.802422895025403426e-02 7.478020493578537042e+00
1.101742239394065024e+02 6.818174004757560080e-02 7.464274921139974595e+00
1.099710257755764076e+02 6.833925114489718122e-02 7.450508298566504095e+00
1.097674967438037470e+02 6.849676224221874776e-02 7.436719259776269908e+00
1.095636172005792872e+02 6.865427333954032818e-02 7.422906473926640381e+00
1.093593680151649608e+02 6.881178443686189472e-02 7.409068644915112856e+00
1.091547305623660975e+02 6.896929553418346126e-02 7.395204510889604066e+00
1.089496867154425672e+02 6.912680663150504168e-02 7.381312843768196075e+00
1.087442188391500650e+02 6.928431772882660822e-02 7.367392448767699165e+00
1.085383097829114547e+02 6.944182882614817476e-02 7.353442163940981935e+00
1.083319428741096715e+02 6.959933992346975518e-02 7.339460859722584551e+00
1.081251019115041458e+02 6.975685102079132172e-02 7.325447438482695972e+00
1.079177711587615249e+02 6.991436211811290213e-02 7.311400834088829903e+00
1.077099353380998537e+02 7.007187321543446867e-02 7.297320011475255441e+00
1.075015796240402892e+02 7.022938431275603521e-02 7.283203966219634395e+00
1.072926896372684524e+02 7.038689541007761563e-02 7.269051724127186809e+00
1.070832514385957239e+02 7.054440650739918217e-02 7.254862340821510713e+00
1.068732515230183537e+02 7.070191760472076259e-02 7.240634901342130725e+00
1.066626768138766295e+02 7.085942870204232913e-02 7.226368519748761265e+00
1.064515147009235534e+02 7.101693979936389567e-02 7.212062341700460344e+00
1.062397535754029008e+02 7.117445089668547609e-02 7.197715580707019889e+00
1.060273826432238735e+02 7.133196199400704263e-02 7.183327505471613250e+00
1.058143915031235025e+02 7.148947309132862304e-02 7.168897411311379919e+00
1.056007701323350290e+02 7.164698418865018958e-02 7.154424619186491086e+00
1.053865088815115456e+02 7.180449528597175612e-02 7.139908475356211426e+00
1.051715984697207205e+02 7.196200638329333654e-02 7.125348351039796135e+00
1.049560299795130476e+02 7.211951748061490308e-02 7.110743642082375082e+00
1.047397948520546720e+02 7.227702857793646962e-02 7.096093768625176601e+00
1.045228848823288956e+02 7.243453967525805004e-02 7.081398174780470178e+00
1.043052922143998984e+02 7.259205077257961658e-02 7.066656328310650714e+00
1.040870093367401807e+02 7.274956186990119700e-02 7.051867720311690846e+00
1.038680290776186013e+02 7.290707296722276354e-02 7.037031864900672673e+00
1.036483446005449736e+02 7.306458406454433008e-02 7.022148298907175956e+00
1.034279493997748602e+02 7.322209516186591050e-02 7.007216581568710190e+00
1.032068372958681124e+02 7.337960625918747704e-02 6.992236294229819293e+00
1.029850024313021351e+02 7.353711735650905745e-02 6.977207040044877573e+00
1.027624392661362549e+02 7.369462845383062399e-02 6.962128443684343360e+00
1.025391425737289950e+02 7.385213955115219053e-02 6.947000151044627536e+00
1.023151074365038085e+02 7.400965064847377095e-02 6.931821828961198584e+00
1.020903292417627597e+02 7.416716174579533749e-02 6.916593164924975667e+00
1.018648036775478545e+02 7.432467284311691791e-02 6.901313866801932484e+00
1.016385267285490812e+02 7.448218394043848445e-02 6.885983662555858587e+00
1.014114948434723829e+02 7.463969503776005099e-02 6.870602311587514777e+00
1.011837075540721997e+02 7.479720613508163141e-02 6.855169782173380355e+00
1.009551668880372972e+02 7.495471723240319795e-02 6.839686211688841944e+00
1.007258751074193270e+02 7.511222832972476449e-02 6.824151753387313946e+00
1.004958346380626040e+02 7.526973942704634490e-02 6.808566571619107499e+00
1.002650480669114756e+02 7.542725052436791144e-02 6.792930841649028828e+00
1.000335181393503916e+02 7.558476162168949186e-02 6.777244749476163399e+00
9.980124775655897906e+01 7.574227271901105840e-02 6.761508491654669051e+00
9.956823997289879458e+01 7.589978381633262494e-02 6.745722275116746047e+00
9.933449799331759777e+01 7.605729491365420536e-02 6.729886316996767981e+00
9.910002517078008566e+01 7.621480601097577190e-02 6.714000844457218342e+00
9.886482500371960214e+01 7.637231710829735232e-02 6.698066094516041957e+00
9.862890113351355126e+01 7.652982820561891886e-02 6.682082313875610247e+00
9.839225734197975726e+01 7.668733930294048540e-02 6.666049758753096022e+00
9.815489754889554774e+01 7.684485040026206581e-02 6.649968694712381279e+00
9.791682580953769843e+01 7.700236149758363235e-02 6.633839396497415386e+00
9.767804631224495893e+01 7.715987259490521277e-02 6.617662147867058309e+00
9.743856337599933681e+01 7.731738369222677931e-02 6.601437241431207248e+00
9.719838144803121338e+01 7.747489478954834585e-02 6.585164978488565524e+00
9.695750510144276291e+01 7.763240588686992627e-02 6.568845668865610499e+00
9.671593903285202032e+01 7.778991698419149281e-02 6.552479630756986140e+00
9.647368806005778197e+01 7.794742808151305935e-02 6.536067190567311336e+00
9.623075711972505530e+01 7.810493917883463977e-02 6.519608682754341800e+00
9.598715126508788842e+01 7.826245027615620631e-02 6.503104449673368315e+00
9.574287572481549091e+01 7.841996137347778673e-02 6.486554845565370542e+00
9.549793916932810589e+01 7.857747247079935327e-02 6.469960457849053270e+00
9.525235526427196930e+01 7.873498356812091981e-02 6.453322212368383326e+00
9.500613800237105977e+01 7.889249466544250022e-02 6.436641057126760934e+00
9.475930128925908491e+01 7.905000576276406676e-02 6.419917934227234113e+00
9.451185894327966253e+01 7.920751686008564718e-02 6.403153779858986816e+00
9.426382469529666253e+01 7.936502795740721372e-02 6.386349524284456791e+00
9.401521218851999606e+01 7.952253905472878026e-02 6.369506091827555672e+00
9.376603497833922063e+01 7.968005015205036068e-02 6.352624400862389109e+00
9.351630653217308975e+01 7.983756124937192722e-02 6.335705363803068479e+00
9.326604022932733074e+01 7.999507234669350764e-02 6.318749887094052831e+00
9.301524936086579487e+01 8.015258344401507418e-02 6.301758871201463386e+00
9.276394712949225152e+01 8.031009454133664072e-02 6.284733210605028653e+00
9.251214664944406252e+01 8.046760563865822113e-02 6.267673793790904391e+00
9.225986094639448254e+01 8.062511673597978767e-02 6.250581503245062009e+00
9.200710295736936928e+01 8.078262783330135421e-02 6.233457215447623767e+00
9.175388553067178066e+01 8.094013893062293463e-02 6.216301800867766403e+00
9.150022142581802598e+01 8.109765002794450117e-02 6.199116123959394820e+00
9.124612331348355099e+01 8.125516112526608159e-02 6.181901043157462361e+00
9.099160377546009215e+01 8.141267222258764813e-02 6.164657410875073573e+00
9.073667530462198272e+01 8.157018331990921467e-02 6.147386073501206027e+00
9.048135030490274744e+01 8.172769441723079509e-02 6.130087871399121369e+00
9.022564109127976906e+01 8.188520551455236163e-02 6.112763638905318153e+00
8.996955988977295249e+01 8.204271661187394205e-02 6.095414204329459018e+00
8.971311883744630222e+01 8.220022770919550859e-02 6.078040389954460387e+00
8.945632998242564327e+01 8.235773880651707513e-02 6.060643012037708388e+00
8.919920648320018586e+01 8.251524990383865554e-02 6.043222962063406811e+00
8.894176834792035891e+01 8.267276100116022208e-02 6.025781595578528105e+00
8.868403781656745366e+01 8.283027209848178862e-02 6.008320419336002693e+00
8.842603680098635266e+01 8.298778319580336904e-02 5.990840917857600090e+00
8.816778688418833099e+01 8.314529429312493558e-02 5.973344553386706224e+00
8.790930932319680835e+01 8.330280539044651600e-02 5.955832766081105234e+00
8.765062505190452669e+01 8.346031648776808254e-02 5.938306974206568611e+00
8.739175468393931112e+01 8.361782758508964908e-02 5.920768574331011003e+00
8.713271851554112857e+01 8.377533868241122950e-02 5.903218941519379648e+00
8.687353652844693386e+01 8.393284977973279604e-02 5.885659429529146891e+00
8.661422839278020547e+01 8.409036087705437645e-02 5.868091371006045165e+00
8.635481346994900775e+01 8.424787197437594299e-02 5.850516077680418370e+00
8.609531081554669640e+01 8.440538307169750953e-02 5.832934840563744672e+00
8.583573918225582133e+01 8.456289416901908995e-02 5.815348930145369799e+00
8.557611702275728760e+01 8.472040526634065649e-02 5.797759596589608933e+00
8.531646249263718573e+01 8.487791636366223691e-02 5.780168069932686947e+00
8.505679345329834007e+01 8.503542746098380345e-02 5.762575560279983300e+00
8.479712747486743751e+01 8.519293855830536999e-02 5.744983258002988258e+00
8.453748183910474268e+01 8.535044965562695041e-02 5.727392333936457192e+00
8.427787354230903816e+01 8.550796075294851695e-02 5.709803939575198051e+00
8.401831929821987899e+01 8.566547185027008349e-02 5.692219207270702519e+00
8.375883554091861072e+01 8.582298294759166390e-02 5.674639250427692794e+00
8.349943842772206892e+01 8.598049404491323044e-02 5.657065163700163879e+00
8.324014384207153228e+01 8.613800514223481086e-02 5.639498023187126563e+00
8.298096739641735553e+01 8.629551623955637740e-02 5.621938886628008447e+00
8.272192443509437965e+01 8.645302733687794394e-02 5.604388793597498974e+00
8.246303003892252548e+01 8.661053843419952436e-02 5.586848765817205908e+00
8.220430134168893233e+01 8.676804953152109090e-02 5.569319964096743014e+00
8.194576201363761925e+01 8.692556062884267132e-02 5.551803992088959916e+00
8.168743651539352868e+01 8.708307172616423786e-02 5.534302506994817072e+00
8.142934881295093419e+01 8.724058282348580440e-02 5.516817132504168164e+00
8.117152238375061302e+01 8.739809392080738482e-02 5.499349459207505397e+00
8.091398022275359381e+01 8.755560501812895136e-02 5.481901045007435691e+00
8.065674484850264037e+01 8.771311611545053177e-02 5.464473415529349509e+00
8.039983830917397256e+01 8.787062721277209831e-02 5.447068064531440434e+00
8.014328218861435005e+01 8.802813831009366485e-02 5.429686454313686461e+00
7.988709761236259510e+01 8.818564940741524527e-02 5.412330016125834753e+00
7.963130525365458823e+01 8.834316050473681181e-02 5.395000150574218445e+00
7.937592533940531325e+01 8.850067160205837835e-02 5.377698228027053773e+00
7.912097765617320988e+01 8.865818269937995877e-02 5.360425589018505299e+00
7.886648155609761091e+01 8.881569379670152531e-02 5.343183544650971228e+00
7.861245596281294468e+01 8.897320489402310573e-02 5.325973376995735364e+00
7.835891937733516954e+01 8.913071599134467227e-02 5.308796339491808958e+00
7.810588988392009924e+01 8.928822708866623881e-02 5.291653657342800798e+00
7.785338515589215547e+01 8.944573818598781922e-02 5.274546527911829763e+00
7.760142246144019396e+01 8.960324928330938576e-02 5.257476121114183165e+00
7.735001866938301873e+01 8.976076038063096618e-02 5.240443579807934071e+00
7.709919025489895716e+01 8.991827147795253272e-02 5.223450020182114351e+00
7.684895330521972312e+01 9.007578257527409926e-02 5.206496532142477207e+00
7.659932352529079935e+01 9.023329367259567968e-02 5.189584179694975319e+00
7.635031624339015366e+01 9.039080476991724622e-02 5.172714001326443878e+00
7.610194641671176896e+01 9.054831586723882664e-02 5.155887010382875779e+00
7.585422863690736506e+01 9.070582696456039318e-02 5.139104195444859080e+00
7.560717713558850051e+01 9.086333806188195972e-02 5.122366520700367687e+00
7.536080578978666722e+01 9.102084915920354014e-02 5.105674926314663686e+00
7.511512923848161449e+01 9.117836025652510668e-02 5.089030404074808445e+00
7.487016683529337513e+01 9.133587135384667322e-02 5.072434265183502156e+00
7.462593890452193079e+01 9.149338245116825363e-02 5.055887886606770465e+00
7.438246526155262472e+01 9.165089354848982017e-02 5.039392610831793462e+00
7.413976522079457254e+01 9.180840464581140059e-02 5.022949746404753668e+00
7.389785760369915124e+01 9.196591574313296713e-02 5.006560568474069939e+00
7.365676074672711593e+01 9.212342684045453367e-02 4.990226319330171911e+00
7.341649250925644310e+01 9.228093793777611409e-02 4.973948208941252780e+00
7.317707028143874481e+01 9.243844903509768063e-02 4.957727415485553735e+00
7.293851099199170562e+01 9.259596013241926105e-02 4.941565085879278563e+00
7.270083111593514502e+01 9.275347122974082759e-02 4.925462336300715727e+00
7.246404668226186629e+01 9.291098232706239413e-02 4.909420252709947086e+00
7.222817328154778238e+01 9.306849342438397454e-02 4.893439891364428362e+00
7.199322607349699865e+01 9.322600452170554108e-02 4.877522279330147370e+00
7.175921979441891096e+01 9.338351561902712150e-02 4.861668414988224995e+00
7.152616876464117013e+01 9.354102671634868804e-02 4.845879268537123252e+00
7.129408689585248737e+01 9.369853781367025458e-02 4.830155782490121119e+00
7.106298769837728457e+01 9.385604891099183500e-02 4.814498872168170074e+00
7.083288428837938966e+01 9.401356000831340154e-02 4.798909426187952576e+00
7.060378939499631201e+01 9.417107110563496808e-02 4.783388306945203894e+00
7.037571536739929456e+01 9.432858220295654850e-02 4.767936351093060132e+00
7.014867418178454272e+01 9.448609330027811504e-02 4.752554370015689145e+00
6.992267744828842524e+01 9.464360439759969545e-02 4.737243150296795768e+00
6.969773641782958862e+01 9.480111549492126199e-02 4.722003454183189675e+00
6.947386198887834041e+01 9.495862659224282853e-02 4.706836020043381197e+00
6.925106471414989073e+01 9.511613768956440895e-02 4.691741562821078126e+00
6.902935480722395312e+01 9.527364878688597549e-02 4.676720774483637655e+00
6.880874214908766362e+01 9.543115988420755591e-02 4.661774324465359776e+00
6.858923629460444715e+01 9.558867098152912245e-02 4.646902860105750044e+00
6.837084650076616299e+01 9.574618207885068899e-02 4.632107008563592032e+00
6.815358275324490478e+01 9.590369317617226941e-02 4.617387446365563086e+00
6.793745617948367510e+01 9.606120427349383595e-02 4.602744927393021435e+00
6.772247766095381394e+01 9.621871537081541637e-02 4.588180188862811093e+00
6.750865772619766858e+01 9.637622646813698291e-02 4.573693944080928553e+00
6.729600655793439046e+01 9.653373756545854945e-02 4.559286882923942130e+00
6.708453400008458800e+01 9.669124866278012986e-02 4.544959672314898391e+00
6.687424956470954385e+01 9.684875976010169640e-02 4.530712956693472293e+00
6.666516243886756854e+01 9.700627085742326294e-02 4.516547358480468510e+00
6.645728149138503227e+01 9.716378195474484336e-02 4.502463478536548713e+00
6.625061527954463259e+01 9.732129305206640990e-02 4.488461896615393520e+00
6.604517205568785698e+01 9.747880414938799032e-02 4.474543171810983822e+00
6.584095977373461039e+01 9.763631524670955686e-02 4.460707842999313222e+00
6.563798609561726494e+01 9.779382634403112340e-02 4.446956429274300682e+00
6.543625839763207352e+01 9.795133744135270382e-02 4.433289430378096085e+00
6.523578377670526152e+01 9.810884853867427036e-02 4.419707327125595775e+00
6.503656905657582854e+01 9.826635963599585077e-02 4.406210581823338579e+00
6.483862079389643895e+01 9.842387073331741731e-02 4.392799638682828522e+00
6.464194528424701502e+01 9.858138183063898385e-02 4.379474924227968025e+00
6.444654856807083831e+01 9.873889292796056427e-02 4.366236847697208212e+00
6.425243643652288483e+01 9.889640402528213081e-02 4.353085801439789293e+00
6.405961443723940363e+01 9.905391512260371123e-02 4.340022161306617221e+00
6.386808788002465320e+01 9.921142621992527777e-02 4.327046287035548389e+00
6.367786184245491654e+01 9.936893731724684431e-02 4.314158522631049486e+00
6.348894117540378090e+01 9.952644841456842473e-02 4.301359196738539836e+00
6.330133050848554888e+01 9.968395951188999127e-02 4.288648623013180838e+00
6.311503425541897627e+01 9.984147060921155781e-02 4.276027100483264398e+00
6.293005661931162820e+01 9.999898170653313823e-02 4.263494913908234984e+00
6.274640159786614646e+01 1.001564928038547048e-01 4.251052334131398602e+00
6.256407298850682963e+01 1.003140039011762852e-01 4.238699618427265392e+00
6.238307439342976579e+01 1.004715149984978517e-01 4.226437010843677733e+00
6.220340921470286588e+01 1.006290260958194183e-01 4.214264741869848230e+00
6.202507963199460050e+01 1.007865371931409987e-01 4.202182959177748423e+00
6.184808573828783551e+01 1.009440482904625652e-01 4.190191669066940072e+00
6.167242730178352161e+01 1.011015593877841456e-01 4.178290855833105333e+00
6.149810398375919362e+01 1.012590704851057122e-01 4.166480496527878330e+00
6.132511534180600421e+01 1.014165815824272787e-01 4.154760561178179934e+00
6.115346083301076874e+01 1.015740926797488591e-01 4.143131013001777774e+00
6.098313981708205489e+01 1.017316037770704257e-01 4.131591808619099915e+00
6.081415155941813566e+01 1.018891148743920061e-01 4.120142898261067721e+00
6.064649523412260379e+01 1.020466259717135726e-01 4.108784225973416859e+00
6.048016992696494754e+01 1.022041370690351392e-01 4.097515729817269303e+00
6.031517463828742365e+01 1.023616481663567196e-01 4.086337342066073575e+00
6.015150828586073573e+01 1.025191592636782861e-01 4.075248989399073984e+00
5.998916970768554080e+01 1.026766703609998527e-01 4.064250593091120578e+00
5.982815766474551822e+01 1.028341814583214331e-01 4.053342069199185715e+00
5.966847084370856891e+01 1.029916925556429996e-01 4.042523328745353695e+00
5.951010785957794269e+01 1.031492036529645800e-01 4.031794277896461942e+00
5.935306725829619978e+01 1.033067147502861466e-01 4.021154818140495912e+00
5.919734751929924244e+01 1.034642258476077131e-01 4.010604846459635553e+00
5.904294705802431764e+01 1.036217369449292935e-01 4.000144255500168278e+00
5.888986422837063373e+01 1.037792480422508601e-01 3.989772933739196503e+00
5.873809732511321613e+01 1.039367591395724405e-01 3.979490765648168615e+00
5.858764458627367588e+01 1.040942702368940070e-01 3.969297631853512254e+00
5.843850419544390462e+01 1.042517813342155736e-01 3.959193409294051058e+00
5.829067428406772677e+01 1.044092924315371540e-01 3.949177971375592122e+00
5.814415293367778759e+01 1.045668035288587205e-01 3.939251188122470548e+00
5.799893817809210361e+01 1.047243146261803010e-01 3.929412926326374844e+00
5.785502800556671588e+01 1.048818257235018675e-01 3.919663049692173384e+00
5.771242036090752947e+01 1.050393368208234340e-01 3.910001418981002175e+00
5.757111314754281750e+01 1.051968479181450145e-01 3.900427892150674314e+00
5.743110422955546568e+01 1.053543590154665810e-01 3.890942324493364080e+00
5.729239143367517073e+01 1.055118701127881475e-01 3.881544568770574077e+00
5.715497255123288767e+01 1.056693812101097280e-01 3.872234475345553761e+00
5.701884510509783865e+01 1.058268923074312945e-01 3.863011876393337207e+00
5.688400263711525895e+01 1.059844034047528749e-01 3.853876334375629042e+00
5.675043545707122661e+01 1.061419145020744415e-01 3.844827192782961145e+00
5.661813388162293847e+01 1.062994255993960080e-01 3.835863795571385015e+00
5.648708833451372158e+01 1.064569366967175884e-01 3.826985493952012707e+00
5.635728934533707957e+01 1.066144477940391549e-01 3.818191646307272702e+00
5.622872754831701769e+01 1.067719588913607354e-01 3.809481618108287115e+00
5.610139368110230151e+01 1.069294699886823019e-01 3.800854781833178375e+00
5.597527858358046871e+01 1.070869810860038684e-01 3.792310516886712612e+00
5.585037319670442457e+01 1.072444921833254489e-01 3.783848209520819239e+00
5.572666856133553637e+01 1.074020032806470154e-01 3.775467252756188774e+00
5.560415581710285693e+01 1.075595143779685958e-01 3.767167046305005762e+00
5.548282620127660891e+01 1.077170254752901624e-01 3.758946996494611170e+00
5.536267104765639147e+01 1.078745365726117289e-01 3.750806516192191964e+00
5.524368178547450015e+01 1.080320476699333093e-01 3.742745024730472103e+00
5.512584993831382718e+01 1.081895587672548759e-01 3.734761947834402740e+00
5.500916712303981626e+01 1.083470698645764424e-01 3.726856717548806763e+00
5.489362504874591764e+01 1.085045809618980228e-01 3.719028772166928842e+00
5.477921551571385805e+01 1.086620920592195894e-01 3.711277556159995772e+00
5.466593041438687095e+01 1.088196031565411698e-01 3.703602520107653007e+00
5.455376172435708781e+01 1.089771142538627363e-01 3.696003120629359540e+00
5.444270151336504426e+01 1.091346253511843029e-01 3.688478820316608786e+00
5.433274193631398674e+01 1.092921364485058833e-01 3.681029087666141120e+00
5.422387523429489420e+01 1.094496475458274498e-01 3.673653397013896260e+00
5.411609373362654196e+01 1.096071586431490302e-01 3.666351228469970636e+00
5.400938984490636585e+01 1.097646697404705968e-01 3.659122067854325255e+00
5.390375606207494741e+01 1.099221808377921633e-01 3.651965406633390643e+00
5.379918496149090146e+01 1.100796919351137437e-01 3.644880741857400963e+00
5.369566920102056429e+01 1.102372030324353103e-01 3.637867576098715805e+00
5.359320151913706809e+01 1.103947141297568907e-01 3.630925417390787668e+00
5.349177473403179306e+01 1.105522252270784572e-01 3.624053779167951461e+00
5.339138174273865900e+01 1.107097363244000238e-01 3.617252180206114165e+00
5.329201552026782451e+01 1.108672474217216042e-01 3.610520144564042688e+00
5.319366911875138726e+01 1.110247585190431707e-01 3.603857201525504816e+00
5.309633565486284823e+01 1.111822696163647373e-01 3.597262884746922573e+00
5.300000589909171822e+01 1.113397807136863177e-01 3.590736568931371053e+00
5.290466538000418240e+01 1.114972918110078842e-01 3.584277273642983097e+00
5.281029910327311683e+01 1.116548029083294646e-01 3.577883983020010650e+00
5.271689227692048973e+01 1.118123140056510312e-01 3.571555694909803069e+00
5.262443030781253128e+01 1.119698251029725977e-01 3.565291420631353070e+00
5.253289879822737163e+01 1.121273362002941781e-01 3.559090184742762286e+00
5.244228354249427326e+01 1.122848472976157447e-01 3.552951024813547409e+00
5.235257052370403841e+01 1.124423583949373251e-01 3.546872991201765135e+00
5.226374591048708140e+01 1.125998694922588916e-01 3.540855146835737433e+00
5.217579605385846264e+01 1.127573805895804582e-01 3.534896567000294088e+00
5.208870748412994800e+01 1.129148916869020386e-01 3.528996339127576043e+00
5.200246690788326021e+01 1.130724027842236051e-01 3.523153562591961219e+00
5.191706120500914068e+01 1.132299138815451855e-01 3.517367348509470748e+00
5.183247742580470430e+01 1.133874249788667521e-01 3.511636819541114729e+00
5.174870278813332192e+01 1.135449360761883186e-01 3.505961109700471479e+00
5.166572467463976892e+01 1.137024471735098990e-01 3.500339364165017564e+00
5.158353063002596883e+01 1.138599582708314656e-01 3.494770739091557665e+00
5.150210835837950185e+01 1.140174693681530321e-01 3.489254401435235575e+00
5.142144572055889995e+01 1.141749804654746125e-01 3.483789528772384791e+00
5.134153073163151504e+01 1.143324915627961791e-01 3.478375309126945591e+00
5.126235155836327095e+01 1.144900026601177595e-01 3.473010940800395296e+00
5.118389651676035612e+01 1.146475137574393260e-01 3.467695632205204603e+00
5.110615406965982288e+01 1.148050248547608926e-01 3.462428601701593944e+00
5.102911282437048612e+01 1.149625359520824730e-01 3.457209077437705780e+00
5.095276153035946010e+01 1.151200470494040395e-01 3.452036297192877967e+00
5.087708907698759475e+01 1.152775581467256200e-01 3.446909508224203389e+00
5.080208449128935655e+01 1.154350692440471865e-01 3.441827967116133369e+00
5.072773693579775767e+01 1.155925803413687530e-01 3.436790939633106667e+00
5.065403570641276332e+01 1.157500914386903335e-01 3.431797700575138332e+00
5.058097023031265138e+01 1.159076025360119000e-01 3.426847533636315557e+00
5.050853006390777722e+01 1.160651136333334804e-01 3.421939731266166351e+00
5.043670489083396546e+01 1.162226247306550470e-01 3.417073594533710956e+00
5.036548451998731935e+01 1.163801358279766135e-01 3.412248432994318570e+00
5.029485888359752721e+01 1.165376469252981939e-01 3.407463564559177094e+00
5.022481803533901257e+01 1.166951580226197605e-01 3.402718315367323498e+00
5.015535214808303266e+01 1.168526691199413270e-01 3.398012019633354530e+00
5.008645031218479460e+01 1.170101802172629074e-01 3.393343938231677903e+00
5.001809791607067268e+01 1.171676913145844739e-01 3.388713081231993662e+00
4.995027976600924546e+01 1.173252024119060544e-01 3.384118419262964306e+00
4.988298085755788946e+01 1.174827135092276209e-01 3.379558935777519757e+00
4.981618637263991900e+01 1.176402246065491874e-01 3.375033626854826441e+00
4.974988167669517480e+01 1.177977357038707679e-01 3.370541501007257246e+00
4.968405231590127613e+01 1.179552468011923344e-01 3.366081578992115020e+00
4.961868401446452737e+01 1.181127578985139148e-01 3.361652893628102490e+00
4.955376267197912199e+01 1.182702689958354814e-01 3.357254489616408044e+00
4.948927436085133991e+01 1.184277800931570479e-01 3.352885423366187556e+00
4.942520532378935627e+01 1.185852911904786283e-01 3.348544762824513299e+00
4.936154197135555677e+01 1.187428022878001949e-01 3.344231587310533271e+00
4.929827087958008747e+01 1.189003133851217753e-01 3.339944987353791195e+00
4.923537878763405473e+01 1.190578244824433418e-01 3.335684064536591276e+00
4.917285259556236099e+01 1.192153355797649084e-01 3.331447931340391744e+00
4.911067936207176388e+01 1.193728466770864888e-01 3.327235710995954499e+00
4.904884630237640408e+01 1.195303577744080553e-01 3.323046537337374318e+00
4.898734078609631837e+01 1.196878688717296219e-01 3.318879554659704745e+00
4.892615033520884538e+01 1.198453799690512023e-01 3.314733917580166001e+00
4.886526262205276083e+01 1.200028910663727688e-01 3.310608790902928700e+00
4.880466546738168176e+01 1.201604021636943492e-01 3.306503349487225130e+00
4.874434683846712346e+01 1.203179132610159158e-01 3.302416778118843155e+00
4.868429484724943279e+01 1.204754243583374823e-01 3.298348271384841990e+00
4.862449774853594420e+01 1.206329354556590627e-01 3.294297033551486731e+00
4.856494393824309697e+01 1.207904465529806293e-01 3.290262278445140076e+00
4.850562195168547674e+01 1.209479576503022097e-01 3.286243229336359928e+00
4.844652046190631012e+01 1.211054687476237762e-01 3.282239118826778324e+00
4.838762827805157940e+01 1.212629798449453428e-01 3.278249188738958875e+00
4.832893434378384967e+01 1.214204909422669232e-01 3.274272690008924958e+00
4.827042773573860757e+01 1.215780020395884897e-01 3.270308882581579812e+00
4.821209766201739910e+01 1.217355131369100563e-01 3.266357035308619317e+00
4.815393346072190184e+01 1.218930242342316367e-01 3.262416425849215429e+00
4.809592459852242996e+01 1.220505353315532032e-01 3.258486340573030215e+00
4.803806066926528473e+01 1.222080464288747836e-01 3.254566074465864656e+00
4.798033139261447388e+01 1.223655575261963502e-01 3.250654931037642026e+00
4.792272661272821921e+01 1.225230686235179167e-01 3.246752222232728968e+00
4.786523629696888804e+01 1.226805797208394971e-01 3.242857268342545396e+00
4.780785053446128785e+01 1.228380908181610637e-01 3.238969397907882630e+00
4.775055926848710897e+01 1.229956019154826441e-01 3.235087929588697619e+00
4.769335176875243576e+01 1.231531130128042106e-01 3.231212136410381852e+00
4.763621728842429093e+01 1.233106241101257772e-01 3.227341290277804475e+00
4.757914521282769016e+01 1.234681352074473576e-01 3.223474672049501777e+00
4.752212505820722299e+01 1.236256463047689241e-01 3.219611571453785626e+00
4.746514647052153890e+01 1.237831574020905046e-01 3.215751287007050596e+00
4.740819922427321131e+01 1.239406684994120711e-01 3.211893125934519144e+00
4.735127322136919048e+01 1.240981795967336376e-01 3.208036404093021154e+00
4.729435849001369974e+01 1.242556906940552180e-01 3.204180445895994822e+00
4.723744518363158562e+01 1.244132017913767846e-01 3.200324584240541892e+00
4.718052357982121237e+01 1.245707128886983511e-01 3.196468160436491068e+00
4.712358407933705706e+01 1.247282239860199315e-01 3.192610524137460715e+00
4.706661720509976021e+01 1.248857350833414981e-01 3.188751033273798274e+00
4.700961360123448429e+01 1.250432461806630924e-01 3.184889053987426610e+00
4.695256403213450369e+01 1.252007572779846589e-01 3.181023960568397868e+00
4.689545938155293925e+01 1.253582683753062255e-01 3.177155135393364471e+00
4.683829065171709516e+01 1.255157794726277920e-01 3.173281968865576452e+00
4.678104896246910727e+01 1.256732905699493585e-01 3.169403859356656028e+00
4.672372555042949216e+01 1.258308016672709251e-01 3.165520213149927375e+00
4.666631176818450655e+01 1.259883127645924916e-01 3.161630444385368222e+00
4.660879908349450318e+01 1.261458238619140859e-01 3.157733975005969196e+00
4.655117907852550729e+01 1.263033349592356525e-01 3.153830234705673252e+00
4.649344344910081617e+01 1.264608460565572190e-01 3.149918660878676668e+00
4.643558400397346020e+01 1.266183571538787855e-01 3.145998698570136920e+00
4.637759266411848103e+01 1.267758682512003521e-01 3.142069800428218151e+00
4.631946146204389692e+01 1.269333793485219464e-01 3.138131426657419176e+00
4.626118254112113704e+01 1.270908904458435129e-01 3.134183044973204879e+00
4.620274815493245057e+01 1.272484015431650795e-01 3.130224130557794471e+00
4.614415066663595155e+01 1.274059126404866460e-01 3.126254166017141678e+00
4.608538254834886061e+01 1.275634237378082125e-01 3.122272641339154831e+00
4.602643638054463793e+01 1.277209348351298068e-01 3.118279053852843763e+00
4.596730485146763812e+01 1.278784459324513734e-01 3.114272908188674194e+00
4.590798075656272204e+01 1.280359570297729399e-01 3.110253716239913757e+00
4.584845699791878104e+01 1.281934681270945064e-01 3.106220997124938599e+00
4.578872658372688420e+01 1.283509792244160730e-01 3.102174277150518744e+00
4.572878262775297742e+01 1.285084903217376673e-01 3.098113089776092899e+00
4.566861834882178073e+01 1.286660014190592338e-01 3.094036975578804860e+00
4.560822707031515222e+01 1.288235125163808004e-01 3.089945482219519146e+00
4.554760221968172829e+01 1.289810236137023669e-01 3.085838164409595130e+00
4.548673733065297853e+01 1.291385347110239334e-01 3.081714584061026496e+00
4.542562683535363277e+01 1.292960458083455277e-01 3.077574363951718350e+00
4.536426715324650871e+01 1.294535569056670943e-01 3.073417261501210529e+00
4.530265504806009602e+01 1.296110680029886608e-01 3.069243057452952783e+00
4.524078734771578780e+01 1.297685791003102274e-01 3.065051536899446205e+00
4.517866094402422306e+01 1.299260901976317939e-01 3.060842489261673460e+00
4.511627279238526000e+01 1.300836012949533882e-01 3.056615708268768827e+00
4.505361991149074896e+01 1.302411123922749547e-01 3.052370991937887634e+00
4.499069938302952920e+01 1.303986234895965213e-01 3.048108142554203148e+00
4.492750835139555932e+01 1.305561345869180878e-01 3.043826966651153931e+00
4.486404402339778841e+01 1.307136456842396544e-01 3.039527274990776906e+00
4.480030366797256391e+01 1.308711567815612486e-01 3.035208882544220721e+00
4.473628461589866134e+01 1.310286678788828152e-01 3.030871608472444745e+00
4.467198425951293217e+01 1.311861789762043817e-01 3.026515276106952701e+00
4.460740005242952577e+01 1.313436900735259483e-01 3.022139712930764333e+00
4.454252950925960874e+01 1.315012011708475148e-01 3.017744750559435474e+00
4.447737020533273977e+01 1.316587122681690813e-01 3.013330224722180262e+00
4.441191977642100852e+01 1.318162233654906756e-01 3.008895975243168763e+00
4.434617591846290452e+01 1.319737344628122422e-01 3.004441846022839258e+00
4.428013638728967294e+01 1.321312455601338087e-01 2.999967685019341967e+00
4.421379899835169880e+01 1.322887566574553753e-01 2.995473344230012103e+00
4.414716162644760544e+01 1.324462677547769418e-01 2.990958679673011211e+00
4.408022220545279168e+01 1.326037788520985361e-01 2.986423551368936113e+00
4.401297872804943268e+01 1.327612899494201026e-01 2.981867823322525535e+00
4.394542924545758922e+01 1.329188010467416692e-01 2.977291363504449340e+00
4.387757186716576996e+01 1.330763121440632357e-01 2.972694043833050692e+00
4.380940476066410127e+01 1.332338232413848023e-01 2.968075740156257414e+00
4.374092615117583449e+01 1.333913343387063966e-01 2.963436332233411630e+00
4.367213432139063656e+01 1.335488454360279631e-01 2.958775703717186900e+00
4.360302761119751125e+01 1.337063565333495296e-01 2.954093742135496026e+00
4.353360441741853037e+01 1.338638676306710962e-01 2.949390338873450368e+00
4.346386319354235184e+01 1.340213787279926627e-01 2.944665389155311175e+00
4.339380244945711951e+01 1.341788898253142570e-01 2.939918792026392058e+00
4.332342075118545210e+01 1.343364009226358236e-01 2.935150450335096917e+00
4.325271672061631989e+01 1.344939120199573901e-01 2.930360270714760684e+00
4.318168903523948643e+01 1.346514231172789566e-01 2.925548163565666382e+00
4.311033642787813136e+01 1.348089342146005232e-01 2.920714043036909846e+00
4.303865768642212686e+01 1.349664453119221175e-01 2.915857827008346614e+00
4.296665165355987170e+01 1.351239564092436840e-01 2.910979437072420239e+00
4.289431722651086432e+01 1.352814675065652505e-01 2.906078798516039008e+00
4.282165335675627915e+01 1.354389786038868171e-01 2.901155840302323430e+00
4.274865904977122710e+01 1.355964897012083836e-01 2.896210495052474521e+00
4.267533337297669505e+01 1.357540007985299779e-01 2.891242699584507303e+00
4.260167697687075616e+01 1.359115118958515445e-01 2.886252497969495234e+00
4.252769384866697067e+01 1.360690229931731110e-01 2.881240160340116763e+00
4.245338839230566919e+01 1.362265340904946775e-01 2.876205985062181725e+00
4.237876499120414309e+01 1.363840451878162441e-01 2.871150269111066411e+00
4.230382800815127098e+01 1.365415562851378384e-01 2.866073308064577052e+00
4.222858178520344552e+01 1.366990673824594049e-01 2.860975396095904344e+00
4.215303064358508323e+01 1.368565784797809715e-01 2.855856825966872847e+00
4.207717888359162117e+01 1.370140895771025380e-01 2.850717889021377793e+00
4.200103078449659932e+01 1.371716006744241045e-01 2.845558875179083902e+00
4.192459060446178398e+01 1.373291117717456711e-01 2.840380072929337807e+00
4.184786258044987051e+01 1.374866228690672654e-01 2.835181769325259893e+00
4.177085092814107981e+01 1.376441339663888319e-01 2.829964249978083046e+00
4.169355984185295938e+01 1.378016450637103985e-01 2.824727799051728105e+00
4.161599349446223783e+01 1.379591561610319650e-01 2.819472699257500103e+00
4.153815603733139028e+01 1.381166672583535315e-01 2.814199231849128680e+00
4.146005160023679537e+01 1.382741783556751258e-01 2.808907676617883098e+00
4.138168429130045922e+01 1.384316894529966924e-01 2.803598311887958605e+00
4.130305819692497948e+01 1.385892005503182589e-01 2.798271414512064847e+00
4.122417738173064095e+01 1.387467116476398254e-01 2.792927259867162615e+00
4.114504588849648314e+01 1.389042227449613920e-01 2.787566121850480361e+00
4.106566773810305193e+01 1.390617338422829863e-01 2.782188272875623092e+00
4.098604692947878902e+01 1.392192449396045528e-01 2.776793983868951710e+00
4.090618743954896530e+01 1.393767560369261194e-01 2.771383524266112452e+00
4.082609322318734968e+01 1.395342671342476859e-01 2.765957162008775061e+00
4.074576821317030806e+01 1.396917782315692524e-01 2.760515163541507722e+00
4.066521632013424181e+01 1.398492893288908467e-01 2.755057793808910027e+00
4.058444143253474579e+01 1.400068004262124133e-01 2.749585316252830758e+00
4.050344741660950376e+01 1.401643115235339798e-01 2.744097992809865438e+00
4.042223811634256236e+01 1.403218226208555464e-01 2.738596083908928946e+00
4.034081735343200137e+01 1.404793337181771129e-01 2.733079848469072370e+00
4.025918892725979958e+01 1.406368448154987072e-01 2.727549543897429540e+00
4.017735661486422316e+01 1.407943559128202737e-01 2.722005426087358515e+00
4.009532417091469370e+01 1.409518670101418403e-01 2.716447749416732727e+00
4.001309532768817689e+01 1.411093781074634068e-01 2.710876766746343147e+00
3.993067379505014003e+01 1.412668892047849734e-01 2.705292729418607323e+00
3.984806326043540992e+01 1.414244003021065677e-01 2.699695887256272631e+00
3.976526738883262624e+01 1.415819113994281342e-01 2.694086488561360238e+00
3.968228982277086203e+01 1.417394224967497007e-01 2.688464780114266262e+00
3.959913418230842552e+01 1.418969335940712673e-01 2.682831007172998383e+00
3.951580406502304754e+01 1.420544446913928338e-01 2.677185413472507047e+00
3.943230304600604796e+01 1.422119557887144281e-01 2.671528241224295996e+00
3.934863467785698532e+01 1.423694668860359946e-01 2.665859731116058118e+00
3.926480249068067252e+01 1.425269779833575612e-01 2.660180122311474271e+00
3.918080999285742649e+01 1.426844890806791277e-01 2.654489652502394659e+00
3.909666179279076914e+01 1.428420001780006943e-01 2.648788633906955958e+00
3.901236581638718803e+01 1.429995112753222608e-01 2.643077603503252160e+00
3.892793052383795072e+01 1.431570223726438551e-01 2.637357134467038566e+00
3.884336427546868009e+01 1.433145334699654216e-01 2.631627793208190624e+00
3.875867533216064231e+01 1.434720445672869882e-01 2.625890139399258416e+00
3.867387185578635211e+01 1.436295556646085547e-01 2.620144726004976388e+00
3.858896190965916162e+01 1.437870667619301213e-01 2.614392099312720319e+00
3.850395345899541866e+01 1.439445778592517156e-01 2.608632798963816057e+00
3.841885437138994774e+01 1.441020889565732821e-01 2.602867357985763075e+00
3.833367241730397268e+01 1.442596000538948486e-01 2.597096302825281366e+00
3.824841527056358359e+01 1.444171111512164152e-01 2.591320153382083991e+00
3.816309050887176824e+01 1.445746222485379817e-01 2.585539423043572427e+00
3.807770561432987932e+01 1.447321333458595760e-01 2.579754618720162096e+00
3.799226797397015787e+01 1.448896444431811426e-01 2.573966240881356615e+00
3.790678488029907811e+01 1.450471555405027091e-01 2.568174783592567234e+00
3.782126353184963818e+01 1.452046666378242756e-01 2.562380734552527795e+00
3.773571103374413127e+01 1.453621777351458422e-01 2.556584575131418013e+00
3.765013439826492458e+01 1.455196888324674365e-01 2.550786780409540100e+00
3.756454054543517884e+01 1.456771999297890030e-01 2.544987819216654845e+00
3.747893630360644579e+01 1.458347110271105695e-01 2.539188154171799106e+00
3.739332841005624175e+01 1.459922221244321361e-01 2.533388241723768974e+00
3.730772351159134814e+01 1.461497332217537026e-01 2.527588532191984427e+00
3.722212816515950351e+01 1.463072443190752969e-01 2.521789469807947270e+00
3.713654883846791677e+01 1.464647554163968635e-01 2.515991492757132519e+00
3.705099191060823927e+01 1.466222665137184300e-01 2.510195033221333194e+00
3.696546367268821598e+01 1.467797776110399965e-01 2.504400517421458972e+00
3.687997032846884338e+01 1.469372887083615631e-01 2.498608365660698993e+00
3.679451799500751008e+01 1.470947998056831574e-01 2.492818992368093678e+00
3.670911270330657317e+01 1.472523109030047239e-01 2.487032806142480013e+00
3.662376039896719959e+01 1.474098220003262905e-01 2.481250209796783235e+00
3.653846694284736429e+01 1.475673330976478570e-01 2.475471600402603833e+00
3.645323811172516315e+01 1.477248441949694235e-01 2.469697369335150938e+00
3.636807959896557207e+01 1.478823552922910178e-01 2.463927902318414187e+00
3.628299701519196674e+01 1.480398663896125844e-01 2.458163579470663773e+00
3.619799588896087528e+01 1.481973774869341509e-01 2.452404775350160993e+00
3.611308166743980763e+01 1.483548885842557175e-01 2.446651859001085061e+00
3.602825971708944053e+01 1.485123996815772840e-01 2.440905193999744593e+00
3.594353532434718801e+01 1.486699107788988505e-01 2.435165138500895221e+00
3.585891369631448811e+01 1.488274218762204448e-01 2.429432045284301012e+00
3.577439996144687484e+01 1.489849329735420114e-01 2.423706261801485962e+00
3.568999917024457602e+01 1.491424440708635779e-01 2.417988130222524124e+00
3.560571629594708298e+01 1.492999551681851444e-01 2.412277987483089525e+00
3.552155623522766348e+01 1.494574662655067110e-01 2.406576165331520301e+00
3.543752380889132070e+01 1.496149773628283053e-01 2.400882990376098647e+00
3.535362376257216965e+01 1.497724884601498718e-01 2.395198784132295700e+00
3.526986076743316545e+01 1.499299995574714384e-01 2.389523863070183385e+00
3.518623957688545545e+01 1.500875106547930049e-01 2.383858549232126034e+00
3.510276634421603603e+01 1.502450217521145714e-01 2.378203259501711742e+00
3.501944793651961163e+01 1.504025328494361657e-01 2.372558459122816821e+00
3.493629111950085786e+01 1.505600439467577323e-01 2.366924606470164782e+00
3.485330254992159382e+01 1.507175550440792988e-01 2.361302152537631649e+00
3.477048877669830773e+01 1.508750661414008654e-01 2.355691541012603363e+00
3.468785624200385342e+01 1.510325772387224319e-01 2.350093208350606755e+00
3.460541128237143482e+01 1.511900883360440262e-01 2.344507583850115484e+00
3.452316012980354998e+01 1.513475994333655927e-01 2.338935089727668615e+00
3.444110891288187304e+01 1.515051105306871593e-01 2.333376141193079345e+00
3.435926365787977943e+01 1.516626216280087258e-01 2.327831146524795169e+00
3.427763028987807559e+01 1.518201327253302924e-01 2.322300507145494741e+00
3.419621463387989735e+01 1.519776438226518867e-01 2.316784617697616344e+00
3.411502241592872764e+01 1.521351549199734532e-01 2.311283866119117292e+00
3.403405926422642835e+01 1.522926660172950197e-01 2.305798633719202684e+00
3.395333071025113725e+01 1.524501771146165863e-01 2.300329295254071482e+00
3.387284218987641538e+01 1.526076882119381528e-01 2.294876219002742967e+00
3.379259904448905161e+01 1.527651993092597471e-01 2.289439766842773505e+00
3.371260652210734321e+01 1.529227104065813136e-01 2.284020294326035927e+00
3.363286977849715242e+01 1.530802215039028802e-01 2.278618150754320837e+00
3.355339387828840358e+01 1.532377326012244467e-01 2.273233679254984985e+00
3.347418379608857464e+01 1.533952436985460133e-01 2.267867216856386037e+00
3.339524441759603945e+01 1.535527547958676076e-01 2.262519094563313793e+00
3.331658054070992137e+01 1.537102658931891741e-01 2.257189637432182927e+00
3.323819687663827693e+01 1.538677769905107406e-01 2.251879164646109821e+00
3.316009805100445362e+01 1.540252880878323072e-01 2.246587989589867274e+00
3.308228860494933343e+01 1.541827991851538737e-01 2.241316419924566095e+00
3.300477299623177885e+01 1.543403102824754403e-01 2.236064757662207025e+00
3.292755560032530582e+01 1.544978213797970346e-01 2.230833299239977308e+00
3.285064071151094112e+01 1.546553324771186011e-01 2.225622335594295897e+00
3.277403254396737964e+01 1.548128435744401676e-01 2.220432152234671275e+00
3.269773523285665817e+01 1.549703546717617342e-01 2.215263029317251497e+00
3.262175283540561566e+01 1.551278657690833007e-01 2.210115241718095813e+00
3.254608933198356624e+01 1.552853768664048950e-01 2.204989059106185145e+00
3.247074862717516908e+01 1.554428879637264616e-01 2.199884746016115056e+00
3.239573455084916986e+01 1.556003990610480281e-01 2.194802561920490724e+00
3.232105085922177068e+01 1.557579101583695946e-01 2.189742761301980423e+00
3.224670123591555182e+01 1.559154212556911612e-01 2.184705593725051909e+00
3.217268929301289404e+01 1.560729323530127555e-01 2.179691303907344668e+00
3.209901857210465437e+01 1.562304434503343220e-01 2.174700131790713975e+00
3.202569254533284493e+01 1.563879545476558885e-01 2.169732312611877489e+00
3.195271461642886379e+01 1.565454656449774551e-01 2.164788076972747888e+00
3.188008812174418694e+01 1.567029767422990216e-01 2.159867650910266335e+00
3.180781633127803687e+01 1.568604878396206159e-01 2.154971255966026789e+00
3.173590244969620500e+01 1.570179989369421825e-01 2.150099109255301677e+00
3.166434961734624665e+01 1.571755100342637490e-01 2.145251423535817548e+00
3.159316091126510528e+01 1.573330211315853155e-01 2.140428407276023570e+00
3.152233934618147870e+01 1.574905322289068821e-01 2.135630264723004323e+00
3.145188787551133203e+01 1.576480433262284764e-01 2.130857195969919182e+00
3.138180916117364205e+01 1.578055544235500429e-01 2.126109381361084516e+00
3.131210482478574519e+01 1.579630655208716095e-01 2.121386930760650547e+00
3.124277618559829151e+01 1.581205766181931760e-01 2.116689933547507341e+00
3.124277618559829506e+01 1.581205766181931760e-01 2.116689933547506897e+00
2.424694570778956404e+01 1.826842454521749870e-01 1.641412935907978987e+00
2.052984749927725616e+01 2.073525430377324841e-01 1.115884396671677825e+00
1.621902642167451347e+01 2.322407203492417860e-01 9.123665840314586495e-01
1.408212648753700691e+01 2.568837818198746459e-01 8.480052515896790988e-01
1.183766046831607710e+01 2.811184729179193598e-01 5.342619537263676444e-01
1.033514451196635342e+01 3.057758170190760794e-01 4.012980163976113124e-01
8.980885423592059880e+00 3.308749588216616799e-01 3.391923866647456043e-01
7.810609200273994190e+00 3.553458836143503774e-01 2.780501248239334866e-01
7.037921308482879112e+00 3.797183506574301481e-01 2.823328889638259120e-01
6.190434617514517512e+00 4.042043120935024936e-01 1.617152991340813639e-01
5.609561682214555312e+00 4.287407985369371399e-01 1.195013313172650776e-01
5.091475498020446189e+00 4.533371424922238990e-01 1.001515908741846678e-01
4.578995548364860113e+00 4.779959634912051558e-01 1.459946851276525681e-01
4.170359719782471331e+00 5.026629933946460405e-01 9.852991027619514841e-02
3.854746758327805889e+00 5.271487506500315279e-01 1.035124031049052540e-01
3.580212965257211888e+00 5.515427964227138657e-01 7.167268584222612204e-02
3.329194308512373190e+00 5.762240530263548210e-01 6.334937624385078569e-02
3.092457019104100535e+00 6.007285446297923048e-01 4.666017814983805523e-02
2.875139184291939820e+00 6.252568531449649303e-01 8.053287714361197225e-02
2.744569746435276514e+00 6.499965502683907603e-01 7.384298922863678782e-02
2.597022345014174949e+00 6.746857991314229031e-01 5.426301706304896555e-02
2.503077364891701961e+00 6.991270364754236244e-01 4.174125369847176553e-02
2.422645571454426605e+00 7.235756604093172006e-01 3.788497441272561245e-02
2.394359955971358200e+00 7.479714013051395050e-01 4.598367198228469482e-02
2.376899129307540548e+00 7.726132299420060967e-01 3.678197376811345731e-02
2.351879389669794929e+00 7.972349387995918413e-01 4.195886679464683883e-02
2.263461954812601817e+00 8.217736356692634248e-01 5.276118635478074109e-02
2.188687334023100561e+00 8.463200505719705724e-01 3.763798261791508754e-02
2.125628986848963731e+00 8.708218859006343626e-01 3.648651440326795836e-02
2.092111342207699121e+00 8.954790463233904818e-01 3.354706402716803315e-02
2.052634950591703422e+00 9.199626960429320155e-01 3.354787109677004331e-02
2.052962260048051935e+00 9.443606208269833546e-01 4.839924814870108505e-02
2.051417461520258279e+00 9.688687146412832130e-01 4.490117867220252273e-02
2.047651375458019007e+00 9.930926048855095445e-01 5.850763239962224194e-02
2.089417113227164613e+00 1.017620455362175491e+00 4.123738352607905777e-02
2.155428144004061686e+00 1.042409919186157552e+00 5.406390883540398984e-02
2.260639120936166258e+00 1.066789561870425063e+00 4.323115198850249752e-02
2.303417518094261318e+00 1.090909765172895618e+00 5.990757454855791253e-02
2.277348004291963601e+00 1.115651582439790346e+00 1.079551180678844091e-01
2.335158203521896070e+00 1.140641543091339027e+00 6.922580932760866168e-02
2.371260590349075326e+00 1.164692026865203012e+00 1.368853548433401901e-01
2.456845623300021320e+00 1.188605021497627590e+00 1.095498098568830209e-01
2.629920977886391675e+00 1.214006438167991364e+00 1.121632523047635804e-01
2.836685614201464922e+00 1.240498485730926914e+00 1.379379056444302309e-01
3.201825164178894845e+00 1.264816150349954427e+00 2.858281185417244630e-01
3.366720300643133879e+00 1.284554513240047102e+00 3.568060684164542362e-01
3.707753406028234444e+00 1.309527810458392949e+00 5.852157630293070012e-01
5.341272617880703066e+00 1.335814856768205550e+00 8.218123497243754461e-01
5.668474439190020142e+00 1.360349523175663267e+00 7.563284609011949655e+00
