2.155049106833102357e+01 7.669903939428205850e-04 1.461023000084219481e+00
2.568606774344964094e+01 9.245014912643925459e-04 1.741395851997521671e+00
2.974528929647857467e+01 1.082012588585964507e-03 2.016592181984083076e+00
3.372840090579435923e+01 1.239523685907536251e-03 2.286628611996790017e+00
3.763534681145063132e+01 1.397034783229108429e-03 2.551501361770781795e+00
4.146593417497334855e+01 1.554545880550680173e-03 2.811197357754973591e+00
4.522005878259806622e+01 1.712056977872252134e-03 3.065709534741139386e+00
4.889770456525804576e+01 1.869568075193824095e-03 3.315036803321338876e+00
5.249907099355037587e+01 2.027079172515396273e-03 3.559192686673734674e+00
5.602435724213963653e+01 2.184590269836968017e-03 3.798190687913637564e+00
5.947408389639933546e+01 2.342101367158539761e-03 4.032066100306609613e+00
6.284877884106153800e+01 2.499612464480111939e-03 4.260854711980750942e+00
6.614905756734087561e+01 2.657123561801683683e-03 4.484598250375961825e+00
6.937575121239791542e+01 2.814634659123255861e-03 4.703353062723678590e+00
7.252973293945076705e+01 2.972145756444827605e-03 4.917178345426457042e+00
7.561186449712174351e+01 3.129656853766399783e-03 5.126132521030376310e+00
7.862312850306253154e+01 3.287167951087971527e-03 5.330282206439187931e+00
8.156460681437793880e+01 3.444679048409543271e-03 5.529700746529723432e+00
8.443738432213578449e+01 3.602190145731115449e-03 5.724461691867379187e+00
8.724251588041892091e+01 3.759701243052687193e-03 5.914636556649759846e+00
8.998111018315660203e+01 3.917212340374259805e-03 6.100300505165490605e+00
9.265432175972173923e+01 4.074723437695831549e-03 6.281531809132968824e+00
9.526333655401163014e+01 4.232234535017403293e-03 6.458410870029128503e+00
9.780931125565858508e+01 4.389745632338975037e-03 6.631016106027906254e+00
1.002933635663315215e+02 4.547256729660546781e-03 6.799423292100743588e+00
1.027166270077028685e+02 4.704767826982118525e-03 6.963709275741718052e+00
1.050802475496346347e+02 4.862278924303691137e-03 7.123951748374213189e+00
1.073853777472304500e+02 5.019790021625262881e-03 7.280228847870349185e+00
1.096331710981565664e+02 5.177301118946834625e-03 7.432618776003609540e+00
1.118247420535238632e+02 5.334812216268406369e-03 7.581197087372739674e+00
1.139611509895433841e+02 5.492323313589978981e-03 7.726035670549941337e+00
1.160434541741474987e+02 5.649834410911550725e-03 7.867206135585233184e+00
1.180727050859795071e+02 5.807345508233122469e-03 8.004779903427827747e+00
1.200499518034492894e+02 5.964856605554694213e-03 8.138828028916233137e+00
1.219762348018248446e+02 6.122367702876265957e-03 8.269421051431324443e+00
1.238525851006346130e+02 6.279878800197838569e-03 8.396628869298849551e+00
1.256800121832660579e+02 6.437389897519410313e-03 8.520519920794415114e+00
1.274594539992514939e+02 6.594900994840982057e-03 8.641157794531167724e+00
1.291918199766132034e+02 6.752412092162553801e-03 8.758604145496610371e+00
1.308780128489551657e+02 6.909923189484126413e-03 8.872920174827838125e+00
1.325189274327882174e+02 7.067434286805698157e-03 8.984166546919878371e+00
1.341154495571069560e+02 7.224945384127269901e-03 9.092403316855982354e+00
1.356684551541706867e+02 7.382456481448841645e-03 9.197689868766806498e+00
1.371788094917259286e+02 7.539967578770413389e-03 9.300084863778680599e+00
1.386473665294612942e+02 7.697478676091986001e-03 9.399646196384223273e+00
1.400749632663340094e+02 7.854989773413558612e-03 9.496430611217411055e+00
1.414623670248669214e+02 8.012500870735128622e-03 9.590490129174224165e+00
1.428103011183506226e+02 8.170011968056702101e-03 9.681873787529527320e+00
1.441194828426006040e+02 8.327523065378272110e-03 9.770630215601370239e+00
1.453906234193964622e+02 8.485034162699845589e-03 9.856807630916430085e+00
1.466244273955626340e+02 8.642545260021415598e-03 9.940453798470503699e+00
1.478215921201075105e+02 8.800056357342989077e-03 1.002161599528094094e+01
1.489828072913850860e+02 8.957567454664562556e-03 1.010034097968635081e+01
1.501087545671032046e+02 9.115078551986132566e-03 1.017667496490693324e+01
1.512001072307449192e+02 9.272589649307706045e-03 1.025066359642944036e+01
1.522575299086653047e+02 9.430100746629276054e-03 1.032235193282761365e+01
1.532816775821478359e+02 9.587611843950849533e-03 1.039178437878424432e+01
1.542731553588379541e+02 9.745122941272419542e-03 1.045900195778156672e+01
1.552325017294456870e+02 9.902634038593993021e-03 1.052404117698362285e+01
1.561602479911770445e+02 1.006014513591556303e-02 1.058693805586837300e+01
1.570569229981264527e+02 1.021765623323713651e-02 1.064772844828216414e+01
1.579230527037812806e+02 1.037516733055870999e-02 1.070644801142369218e+01
1.587591597483875319e+02 1.053267842788028000e-02 1.076313217786931631e+01
1.595657630874374036e+02 1.069018952520185348e-02 1.081781613038621792e+01
1.603433776578486061e+02 1.084770062252342349e-02 1.087053477930095369e+01
1.610925140787154817e+02 1.100521171984499696e-02 1.092132274221172139e+01
1.618136783837964856e+02 1.116272281716656697e-02 1.097021432585231615e+01
1.625073717831261035e+02 1.132023391448814045e-02 1.101724350993046642e+01
1.631740904513800672e+02 1.147774501180971046e-02 1.106244393278004701e+01
1.638143253408128999e+02 1.163525610913128394e-02 1.110584887867904236e+01
1.644285607799849913e+02 1.179276720645285742e-02 1.114749118284982821e+01
1.650172319195262673e+02 1.195027830377442743e-02 1.118740034647995429e+01
1.655807172291585800e+02 1.210778940109600091e-02 1.122560202805519225e+01
1.661193923029950668e+02 1.226530049841757092e-02 1.126212169110842964e+01
1.666336330428572694e+02 1.242281159573914440e-02 1.129698482003373883e+01
1.671238152848373772e+02 1.258032269306071441e-02 1.133021689476906602e+01
1.675903144534811986e+02 1.273783379038228789e-02 1.136184336735141365e+01
1.680335052417134420e+02 1.289534488770385789e-02 1.139188964021730044e+01
1.684537613147617492e+02 1.305285598502543137e-02 1.142038104613012806e+01
1.688514550364762385e+02 1.321036708234700485e-02 1.144734282962599714e+01
1.692269572165445766e+02 1.336787817966857486e-02 1.147280012987600273e+01
1.695806368772431654e+02 1.352538927699014834e-02 1.149677796487308079e+01
1.699128610384117621e+02 1.368290037431171835e-02 1.151930121685430741e+01
1.702239945194908444e+02 1.384041147163329183e-02 1.154039461887987983e+01
1.705143997574950561e+02 1.399792256895486184e-02 1.156008274249264112e+01
1.707844366399009175e+02 1.415543366627643532e-02 1.157838998638861661e+01
1.710344623514881164e+02 1.431294476359800533e-02 1.159534056603356333e+01
1.712648309767923820e+02 1.447045586091957881e-02 1.161095848671110886e+01
1.714758695776945956e+02 1.462796695824115228e-02 1.162526592169465189e+01
1.716678606765810002e+02 1.478547805556272229e-02 1.163828202468716455e+01
1.718410830886294036e+02 1.494298915288429577e-02 1.165002569806009447e+01
1.719958163723095481e+02 1.510050025020586578e-02 1.166051589457665649e+01
1.721323405718291326e+02 1.525801134752743926e-02 1.166977159993082935e+01
1.722509359753307763e+02 1.541552244484900927e-02 1.167781181635423948e+01
1.723518828879632565e+02 1.557303354217058275e-02 1.168465554723145949e+01
1.724354614189791164e+02 1.573054463949215276e-02 1.169032178266619582e+01
1.725019512820768739e+02 1.588805573681372624e-02 1.169482948594545491e+01
1.725516316082549508e+02 1.604556683413529972e-02 1.169819758085186479e+01
1.725847807704784884e+02 1.620307793145686973e-02 1.170044493977693456e+01
1.726016762195306455e+02 1.636058902877844320e-02 1.170159037259253587e+01
1.726025943304199757e+02 1.651810012610001321e-02 1.170165261623801811e+01
1.725878102587842022e+02 1.667561122342158669e-02 1.170065032498505353e+01
1.725575978067489018e+02 1.683312232074316017e-02 1.169860206134351444e+01
1.725122292977370932e+02 1.699063341806473018e-02 1.169552628757411661e+01
1.724519754597496046e+02 1.714814451538630366e-02 1.169144135777534466e+01
1.723771053166634033e+02 1.730565561270787367e-02 1.168636551051406158e+01
1.722878860871302606e+02 1.746316671002944715e-02 1.168031686197122809e+01
1.721845830906657966e+02 1.762067780735101716e-02 1.167331339957523717e+01
1.720674596501674500e+02 1.777818890467259064e-02 1.166537297539305129e+01
1.719367746639990457e+02 1.793570000199416065e-02 1.165651314152882989e+01
1.717927797392449065e+02 1.809321109931573412e-02 1.164675095577194952e+01
1.716357239733490303e+02 1.825072219663730760e-02 1.163610330576980800e+01
1.714658546339593386e+02 1.840823329395887761e-02 1.162458695511819151e+01
1.712834170840337435e+02 1.856574439128045109e-02 1.161221853828373618e+01
1.710886547124516426e+02 1.872325548860202110e-02 1.159901455589975328e+01
1.708818088698606630e+02 1.888076658592359458e-02 1.158499137041692428e+01
1.706631188094773961e+02 1.903827768324516459e-02 1.157016520208987309e+01
1.704328216326022414e+02 1.919578878056673807e-02 1.155455212528330655e+01
1.701911522386071169e+02 1.935329987788830808e-02 1.153816806508144666e+01
1.699383432791601933e+02 1.951081097520988156e-02 1.152102879418464099e+01
1.696746251164821615e+02 1.966832207253145504e-02 1.150314993007936337e+01
1.694002257854248796e+02 1.982583316985302505e-02 1.148454693246732816e+01
1.691153709591710879e+02 1.998334426717459852e-02 1.146523510094004905e+01
1.688202839183802553e+02 2.014085536449616853e-02 1.144522957288710252e+01
1.685151855235991718e+02 2.029836646181774201e-02 1.142454532162569869e+01
1.682002941907636000e+02 2.045587755913931202e-02 1.140319715473979478e+01
1.678758258696439611e+02 2.061338865646088550e-02 1.138119971261880714e+01
1.675419940250693003e+02 2.077089975378245551e-02 1.135856746718468990e+01
1.671990096207951240e+02 2.092841085110402899e-02 1.133531472079826941e+01
1.668470811058700747e+02 2.108592194842560247e-02 1.131145560533493466e+01
1.664864144033744537e+02 2.124343304574717248e-02 1.128700408142117162e+01
1.661172129014041161e+02 2.140094414306874596e-02 1.126197393782332945e+01
1.657396774461783195e+02 2.155845524039031597e-02 1.123637879098035697e+01
1.653540063371623887e+02 2.171596633771188944e-02 1.121023208467312315e+01
1.649603955141552944e+02 2.187347743503345945e-02 1.118354710270812191e+01
1.645590591665298916e+02 2.203098853235503293e-02 1.115633836612799534e+01
1.641502467557158411e+02 2.218849962967660294e-02 1.112862278725671317e+01
1.637342063770217351e+02 2.234601072699817642e-02 1.110041718580157522e+01
1.633111803645909959e+02 2.250352182431974990e-02 1.107173799088969979e+01
1.628814054103294779e+02 2.266103292164131991e-02 1.104260124913077235e+01
1.624451126809257460e+02 2.281854401896289339e-02 1.101302263255041680e+01
1.620025279329692580e+02 2.297605511628446340e-02 1.098301744639477384e+01
1.615538716261569618e+02 2.313356621360603688e-02 1.095260063680527018e+01
1.610993590345851487e+02 2.329107731092760689e-02 1.092178679836378663e+01
1.606392003561296633e+02 2.344858840824918036e-02 1.089059018150804015e+01
1.601736008199165440e+02 2.360609950557075037e-02 1.085902469981767027e+01
1.597027607918915351e+02 2.376361060289232385e-02 1.082710393717130160e+01
1.592268758784954912e+02 2.392112170021389733e-02 1.079484115477529649e+01
1.587461370284541715e+02 2.407863279753546734e-02 1.076224929806458519e+01
1.582607306327037406e+02 2.423614389485704082e-02 1.072934100347720410e+01
1.577708386224516914e+02 2.439365499217861083e-02 1.069612860510233077e+01
1.572766385654012424e+02 2.455116608950018431e-02 1.066262414120383184e+01
1.567783037601520846e+02 2.470867718682175432e-02 1.062883936062027423e+01
1.562760033287941042e+02 2.486618828414332780e-02 1.059478572904225935e+01
1.557699023077146023e+02 2.502369938146489781e-02 1.056047443516878559e+01
1.552601617366386790e+02 2.518121047878647129e-02 1.052591639674373702e+01
1.547469387459281052e+02 2.533872157610804476e-02 1.049112226647437573e+01
1.542303866421509326e+02 2.549623267342961477e-02 1.045610243783254489e+01
1.537106549919572558e+02 2.565374377075118825e-02 1.042086705074104103e+01
1.531878897042728056e+02 2.581125486807275826e-02 1.038542599714597969e+01
1.526622331108372634e+02 2.596876596539433174e-02 1.034978892647690785e+01
1.521338240451209458e+02 2.612627706271590175e-02 1.031396525099699879e+01
1.516027979196245496e+02 2.628378816003747523e-02 1.027796415104359795e+01
1.510692868016043064e+02 2.644129925735904524e-02 1.024179458016204869e+01
1.505334194872440321e+02 2.659881035468061872e-02 1.020546527013420146e+01
1.499953215742849011e+02 2.675632145200219220e-02 1.016898473590239327e+01
1.494551161209483325e+02 2.691383254932376221e-02 1.013236132024131742e+01
1.489129531140680456e+02 2.707134364664533568e-02 1.009560519156029024e+01
1.483690214521286919e+02 2.722885474396690569e-02 1.005872915629744391e+01
1.478235069335813989e+02 2.738636584128847917e-02 1.002174581072307724e+01
1.472765888689064582e+02 2.754387693861004918e-02 9.984667311253248911e+00
1.467284402701245654e+02 2.770138803593162266e-02 9.947505387297780999e+00
1.461792280356312688e+02 2.785889913325319267e-02 9.910271353791163307e+00
1.456291131304165276e+02 2.801641023057476615e-02 9.872976123410586169e+00
1.450782507617363137e+02 2.817392132789633963e-02 9.835630218485697185e+00
1.445267905503041845e+02 2.833143242521790964e-02 9.798243782604538765e+00
1.439748766970784857e+02 2.848894352253948312e-02 9.760826591920984896e+00
1.434226481457171474e+02 2.864645461986105313e-02 9.723388066168427102e+00
1.428702387407772676e+02 2.880396571718262660e-02 9.685937279384909004e+00
1.423177773817374430e+02 2.896147681450419661e-02 9.648482970355217958e+00
1.417653881729201544e+02 2.911898791182577009e-02 9.611033552774827626e+00
1.412131905693991314e+02 2.927649900914734010e-02 9.573597125141807496e+00
1.406612995189617834e+02 2.943401010646891358e-02 9.536181480381184628e+00
1.401098256002208302e+02 2.959152120379048706e-02 9.498794115208283984e+00
1.395588751569457031e+02 2.974903230111205707e-02 9.461442239235745788e+00
1.390085504287021934e+02 2.990654339843363055e-02 9.424132783830323490e+00
1.384589496778745286e+02 3.006405449575520056e-02 9.386872410724356186e+00
1.379101673131571317e+02 3.022156559307677404e-02 9.349667520387962227e+00
1.373622940095922615e+02 3.037907669039834405e-02 9.312524260167009515e+00
1.368154168252359852e+02 3.053658778771991752e-02 9.275448532192529072e+00
1.362696193145289385e+02 3.069409888504148753e-02 9.238446001066755287e+00
1.357249816384535848e+02 3.085160998236306101e-02 9.201522101331224945e+00
1.351815806715517283e+02 3.100912107968463102e-02 9.164682044722100684e+00
1.346394901058830555e+02 3.116663217700620450e-02 9.127930827218090570e+00
1.340987805519957021e+02 3.132414327432777451e-02 9.091273235885720894e+00
1.335595196369891084e+02 3.148165437164934799e-02 9.054713855527614541e+00
1.330217720997375181e+02 3.163916546897092147e-02 9.018257075138155443e+00
1.324855998833477599e+02 3.179667656629248801e-02 8.981907094171695860e+00
1.319510622249256357e+02 3.195418766361406149e-02 8.945667928628342480e+00
1.314182157427166828e+02 3.211169876093563497e-02 8.909543416961632545e+00
1.308871145206914832e+02 3.226920985825720151e-02 8.873537225813068474e+00
1.303578101906439599e+02 3.242672095557877499e-02 8.837652855577999844e+00
1.298303520118675749e+02 3.258423205290034846e-02 8.801893645807261635e+00
1.293047869484744297e+02 3.274174315022192194e-02 8.766262780449096681e+00
1.287811597444191136e+02 3.289925424754349542e-02 8.730763292935384001e+00
1.282595130029328914e+02 3.305676534486506196e-02 8.695398071566931009e+00
1.277398944734094215e+02 3.321427644218663544e-02 8.660170353530411091e+00
1.272223703645247781e+02 3.337178753950820892e-02 8.625084627465925635e+00
1.267070074313831185e+02 3.352929863682978240e-02 8.590145419058874410e+00
1.261938691981413427e+02 3.368680973415134894e-02 8.555357034951439843e+00
1.256830160668348952e+02 3.384432083147292242e-02 8.520723570120535939e+00
1.251745054230204630e+02 3.400183192879449590e-02 8.486248915039832141e+00
1.246683917383254965e+02 3.415934302611606938e-02 8.451936762632161759e+00
1.241647266699642387e+02 3.431685412343764285e-02 8.417790615016240707e+00
1.236635591573105160e+02 3.447436522075920939e-02 8.383813790053860515e+00
1.231649355155881125e+02 3.463187631808078287e-02 8.350009427701639453e+00
1.226688995267555669e+02 3.478938741540235635e-02 8.316380496172605774e+00
1.221754925276606798e+02 3.494689851272392983e-02 8.282929797912670367e+00
1.216847534955241343e+02 3.510440961004549637e-02 8.249659975395999822e+00
1.211967191308362857e+02 3.526192070736706985e-02 8.216573516745025785e+00
1.207114239377222589e+02 3.541943180468864333e-02 8.183672761178865329e+00
1.202289003018486824e+02 3.557694290201021681e-02 8.150959904294987624e+00
1.197491785659353809e+02 3.573445399933179029e-02 8.118437003188592627e+00
1.192722871029406662e+02 3.589196509665335683e-02 8.086105981414199562e+00
1.187982523869753777e+02 3.604947619397493030e-02 8.053968633793314069e+00
1.183270990620178367e+02 3.620698729129650378e-02 8.022026631072980862e+00
1.178588500084802462e+02 3.636449838861807726e-02 7.990281524438664462e+00
1.173935264076963563e+02 3.652200948593964380e-02 7.958734749886212434e+00
1.169311478043778294e+02 3.667952058326121728e-02 7.927387632456118993e+00
1.164717321671058556e+02 3.683703168058279076e-02 7.896241390334561849e+00
1.160152959469071163e+02 3.699454277790436424e-02 7.865297138824587364e+00
1.155618541339727017e+02 3.715205387522593772e-02 7.834555894191389314e+00
1.151114203125707860e+02 3.730956497254750426e-02 7.804018577385134492e+00
1.146640067142042767e+02 3.746707606986907774e-02 7.773686017644791058e+00
1.142196242690688024e+02 3.762458716719065122e-02 7.743558955986751258e+00
1.137782826558526210e+02 3.778209826451222469e-02 7.713638048581042739e+00
1.133399903499364143e+02 3.793960936183379123e-02 7.683923870019026658e+00
1.129047546700315792e+02 3.809712045915536471e-02 7.654416916475275556e+00
1.124725818233069816e+02 3.825463155647693819e-02 7.625117608766952770e+00
1.120434769490473883e+02 3.841214265379851167e-02 7.596026295313646592e+00
1.116174441608924894e+02 3.856965375112008515e-02 7.567143255000980062e+00
1.111944865876870523e+02 3.872716484844165169e-02 7.538468699950072960e+00
1.107746064129973007e+02 3.888467594576322517e-02 7.510002778196549045e+00
1.103578049133251255e+02 3.904218704308479865e-02 7.481745576281298327e+00
1.099440824950596465e+02 3.919969814040637213e-02 7.453697121755610944e+00
1.095334387302113726e+02 3.935720923772793867e-02 7.425857385603791272e+00
1.091258723909536315e+02 3.951472033504951215e-02 7.398226284584900725e+00
1.087213814830223697e+02 3.967223143237108562e-02 7.370803683497126002e+00
1.083199632779972319e+02 3.982974252969265910e-02 7.343589397366258709e+00
1.079216143445011369e+02 3.998725362701423258e-02 7.316583193560906473e+00
1.075263305783588379e+02 4.014476472433579912e-02 7.289784793837081445e+00
1.071341072317338359e+02 4.030227582165737260e-02 7.263193876313572162e+00
1.067449389412869891e+02 4.045978691897894608e-02 7.236810077380940953e+00
1.063588197553807788e+02 4.061729801630051956e-02 7.210632993545864622e+00
1.059757426817055119e+02 4.077480911362208610e-02 7.184662150762287425e+00
1.055956969809235204e+02 4.093232021094365958e-02 7.158896820953093432e+00
1.052186702060471077e+02 4.108983130826523306e-02 7.133336160270449255e+00
1.048446495996903565e+02 4.124734240558680654e-02 7.107979303822954620e+00
1.044736221155633729e+02 4.140485350290838001e-02 7.082825367132875805e+00
1.041055744348095828e+02 4.156236460022994655e-02 7.057873447243721898e+00
1.037404929817538886e+02 4.171987569755152003e-02 7.033122623787898320e+00
1.033783639390718179e+02 4.187738679487309351e-02 7.008571960015117064e+00
1.030191732624072500e+02 4.203489789219466699e-02 6.984220503783385325e+00
1.026629066944474147e+02 4.219240898951623353e-02 6.960067288513255512e+00
1.023095497784835572e+02 4.234992008683780701e-02 6.936111334107155635e+00
1.019590878714660249e+02 4.250743118415938049e-02 6.912351647834462653e+00
1.016115061565755440e+02 4.266494228148095397e-02 6.888787225183791385e+00
1.012667896553246152e+02 4.282245337880252745e-02 6.865417050683391587e+00
1.009249232392046451e+02 4.297996447612409399e-02 6.842240098690792749e+00
1.005858916408952695e+02 4.313747557344566746e-02 6.819255334152723336e+00
1.002496794650500078e+02 4.329498667076724094e-02 6.796461713336347188e+00
9.991627119867055740e+01 4.345249776808881442e-02 6.773858184532570270e+00
9.958565122108858247e+01 4.361000886541038096e-02 6.751443688732774895e+00
9.925780381356058513e+01 4.376751996273195444e-02 6.729217160279312715e+00
9.893271316849669006e+01 4.392503106005352792e-02 6.707177527491150038e+00
9.861036339832956799e+01 4.408254215737510140e-02 6.685323713265166390e+00
9.829073854404128952e+01 4.424005325469667488e-02 6.663654635654217451e+00
9.797382258335288441e+01 4.439756435201824142e-02 6.642169208422353144e+00
9.765959943859353132e+01 4.455507544933981490e-02 6.620866341578319769e+00
9.734805298426020670e+01 4.471258654666138838e-02 6.599744941888056715e+00
9.703916705427300826e+01 4.487009764398296185e-02 6.578803913366581213e+00
9.673292544894269440e+01 4.502760874130452839e-02 6.558042157750357148e+00
9.642931194165720399e+01 4.518511983862610187e-02 6.537458574950604451e+00
9.612831028529576827e+01 4.534263093594767535e-02 6.517052063488145031e+00
9.582990421838300676e+01 4.550014203326924883e-02 6.496821520910630809e+00
9.553407747099065261e+01 4.565765313059082231e-02 6.476765844192645005e+00
9.524081377039158269e+01 4.581516422791238885e-02 6.456883930119013293e+00
9.495009684648361770e+01 4.597267532523396233e-02 6.437174675652538980e+00
9.466191043698026419e+01 4.613018642255553581e-02 6.417636978285871763e+00
9.437623829238684436e+01 4.628769751987710929e-02 6.398269736378900951e+00
9.409306418075969702e+01 4.644520861719867583e-02 6.379071849481387169e+00
9.381237189226474982e+01 4.660271971452024931e-02 6.360042218642021794e+00
9.353414524353600257e+01 4.676023081184182278e-02 6.341179746703905273e+00
9.325836808184345728e+01 4.691774190916339626e-02 6.322483338587113089e+00
9.298502428907779915e+01 4.707525300648496974e-02 6.303951901558852988e+00
9.271409778555656089e+01 4.723276410380653628e-02 6.285584345491485259e+00
9.244557253365871929e+01 4.739027520112810976e-02 6.267379583108937169e+00
9.217943254129616548e+01 4.754778629844968324e-02 6.249336530222066699e+00
9.191566186522045712e+01 4.770529739577125672e-02 6.231454105952826339e+00
9.165424461418081137e+01 4.786280849309282326e-02 6.213731232948369154e+00
9.139516495193085177e+01 4.802031959041439674e-02 6.196166837584891951e+00
9.113840710009201018e+01 4.817783068773597022e-02 6.178759850161759992e+00
9.088395534087918293e+01 4.833534178505754370e-02 6.161509205086294294e+00
9.063179401969389914e+01 4.849285288237911717e-02 6.144413841049567004e+00
9.038190754758704770e+01 4.865036397970068371e-02 6.127472701193383386e+00
9.013428040359872284e+01 4.880787507702225719e-02 6.110684733268897162e+00
8.988889713697821549e+01 4.896538617434383067e-02 6.094048889787107903e+00
8.964574236928999085e+01 4.912289727166540415e-02 6.077564128161670354e+00
8.940480079640668976e+01 4.928040836898697069e-02 6.061229410843964160e+00
8.916605719039510802e+01 4.943791946630854417e-02 6.045043705450984461e+00
8.892949640130129296e+01 4.959543056363011765e-02 6.029005984886369518e+00
8.869510335883464336e+01 4.975294166095169113e-02 6.013115227454548517e+00
8.846286307395448034e+01 4.991045275827326461e-02 5.997370416968319518e+00
8.823276046524746619e+01 5.006796385559483115e-02 5.981770530978049116e+00
8.800477488806298254e+01 5.022547495291640463e-02 5.966314169872502404e+00
8.777887924065622371e+01 5.038298605023797810e-02 5.950999496279508527e+00
8.755504647382653616e+01 5.054049714755955158e-02 5.935824676389152010e+00
8.733324998522000726e+01 5.069800824488111812e-02 5.920787906685640145e+00
8.711346361035190000e+01 5.085551934220269160e-02 5.905887413338678726e+00
8.689566161384028931e+01 5.101303043952426508e-02 5.891121451609139470e+00
8.667981868084156361e+01 5.117054153684583856e-02 5.876488305268444456e+00
8.646590990869546545e+01 5.132805263416741204e-02 5.861986286032116134e+00
8.625391079875646483e+01 5.148556373148897858e-02 5.847613733006006065e+00
8.604379724841878385e+01 5.164307482881055206e-02 5.833369012145617205e+00
8.583554554332735620e+01 5.180058592613212554e-02 5.819250515728037421e+00
8.562913234976778654e+01 5.195809702345369901e-02 5.805256661836025067e+00
8.542453470723010867e+01 5.211560812077526555e-02 5.791385893853858491e+00
8.522173002114561768e+01 5.227311921809683903e-02 5.777636679974934353e+00
8.502069605578815015e+01 5.243063031541841251e-02 5.764007512720504600e+00
8.482141092520014070e+01 5.258814141273998599e-02 5.750496908324500112e+00
8.462385249740950144e+01 5.274565251006155947e-02 5.737103366342212851e+00
8.442799760834731160e+01 5.290316360738312601e-02 5.723825316357572746e+00
8.423382328028435495e+01 5.306067470470469949e-02 5.710661200587481723e+00
8.404130691819668186e+01 5.321818580202627297e-02 5.697609487194462474e+00
8.385042630208765502e+01 5.337569689934784645e-02 5.684668669766161031e+00
8.366115957949097037e+01 5.353320799666941299e-02 5.671837266807056466e+00
8.347348525814902587e+01 5.369071909399098647e-02 5.659113821242112152e+00
8.328738219886392358e+01 5.384823019131255994e-02 5.646496899932082592e+00
8.310282960851141354e+01 5.400574128863413342e-02 5.633985093199919802e+00
8.291980703322140300e+01 5.416325238595570690e-02 5.621577014368422276e+00
8.273829435171347768e+01 5.432076348327727344e-02 5.609271299308419501e+00
8.255827176878622709e+01 5.447827458059884692e-02 5.597066605997378375e+00
8.237971980895689228e+01 5.463578567792042040e-02 5.584961614088212123e+00
8.220261931024577962e+01 5.479329677524199388e-02 5.572955024487867171e+00
8.202695141810391988e+01 5.495080787256356042e-02 5.561045558945676426e+00
8.185269757947685321e+01 5.510831896988513390e-02 5.549231959650891888e+00
8.167983953583996026e+01 5.526583006720670738e-02 5.537512988760516564e+00
8.150835760891376935e+01 5.542334116452828086e-02 5.525887312178785038e+00
8.133822734265285703e+01 5.558085226184985433e-02 5.514353271899629760e+00
8.116942378207716047e+01 5.573836335917142087e-02 5.502909176091549170e+00
8.100192243674197812e+01 5.589587445649299435e-02 5.491553364416361660e+00
8.083569927093618901e+01 5.605338555381456783e-02 5.480284207364717552e+00
8.067073069412660402e+01 5.621089665113614131e-02 5.469100105608256435e+00
8.050699355164103110e+01 5.636840774845770785e-02 5.457999489367957757e+00
8.034446511558519433e+01 5.652591884577928133e-02 5.446980817798371177e+00
8.018312307598237965e+01 5.668342994310085481e-02 5.436042578386897084e+00
8.002294553213539530e+01 5.684094104042242829e-02 5.425183286368194580e+00
7.986391098419969126e+01 5.699845213774400177e-02 5.414401484152859823e+00
7.970599832496286297e+01 5.715596323506556831e-02 5.403695740770126932e+00
7.954918683182636130e+01 5.731347433238714179e-02 5.393064651324250391e+00
7.939345615898182018e+01 5.747098542970871526e-02 5.382506836464116873e+00
7.923878632977667280e+01 5.762849652703028874e-02 5.372020941865642385e+00
7.908515772926415366e+01 5.778600762435185528e-02 5.361605637726731821e+00
7.893255109693484428e+01 5.794351872167342876e-02 5.351259618274482932e+00
7.878094751663476814e+01 5.810102981899500224e-02 5.340981601081685959e+00
7.863032675650460135e+01 5.825854091631657572e-02 5.330770214522435602e+00
7.848066457496692294e+01 5.841605201363814920e-02 5.320623815130606893e+00
7.833193648284144217e+01 5.857356311095971574e-02 5.310540742653744317e+00
7.818411846774878882e+01 5.873107420828128922e-02 5.300519369164276462e+00
7.803718698440745527e+01 5.888858530560286270e-02 5.290558098401699993e+00
7.789111894517689905e+01 5.904609640292443618e-02 5.280655365131425860e+00
7.774589171083643180e+01 5.920360750024600272e-02 5.270809634519662445e+00
7.760148308159890007e+01 5.936111859756757619e-02 5.261019401524149153e+00
7.745787128834543012e+01 5.951862969488914967e-02 5.251283190299943726e+00
7.731503498408287101e+01 5.967614079221072315e-02 5.241599553620250873e+00
7.717295323560657039e+01 5.983365188953229663e-02 5.231967072311224598e+00
7.703160551537531830e+01 5.999116298685386317e-02 5.222384354701102183e+00
7.689097169357900441e+01 6.014867408417543665e-02 5.212850036082436134e+00
7.675103203040507083e+01 6.030618518149701013e-02 5.203362778187806015e+00
7.661176716849030299e+01 6.046369627881858361e-02 5.193921268678074910e+00
7.647315812555476100e+01 6.062120737614015015e-02 5.184524220643004000e+00
7.633518628721385824e+01 6.077871847346172363e-02 5.175170372113949036e+00
7.619783339996243399e+01 6.093622957078329710e-02 5.165858485588205262e+00
7.606108154592915582e+01 6.109374066810487058e-02 5.156587346317492937e+00
7.592491114902533411e+01 6.125125176542643712e-02 5.147355627134098555e+00
7.578929925179816962e+01 6.140876286274801060e-02 5.138161771629564001e+00
7.565422294445649243e+01 6.156627396006958408e-02 5.129004226626672214e+00
7.551965978154973413e+01 6.172378505739115756e-02 5.119881470428335746e+00
7.538558777328759675e+01 6.188129615471273104e-02 5.110792012229107506e+00
7.525198537707925084e+01 6.203880725203429758e-02 5.101734391541584479e+00
7.511883148927876164e+01 6.219631834935587106e-02 5.092707177636792260e+00
7.498610543713569143e+01 6.235382944667744454e-02 5.083708968998457145e+00
7.485378697094232336e+01 6.251134054399902495e-02 5.074738392790639097e+00
7.472185625637291650e+01 6.266885164132059149e-02 5.065794104338361414e+00
7.459029386700717623e+01 6.282636273864215803e-02 5.056874786620729978e+00
7.445908077703275296e+01 6.298387383596373845e-02 5.047979149776219643e+00
7.432819835412475129e+01 6.314138493328530499e-02 5.039105930619913742e+00
7.419762835249036925e+01 6.329889603060687153e-02 5.030253892171971941e+00
7.406735290608165201e+01 6.345640712792845195e-02 5.021421823197491641e+00
7.393735452196366964e+01 6.361391822525001849e-02 5.012608537756898741e+00
7.380761607383915646e+01 6.377142932257158503e-02 5.003812874766941476e+00
7.367812079572168216e+01 6.392894041989316545e-02 4.995033697571764186e+00
7.354885227575522322e+01 6.408645151721473199e-02 4.986269893523912700e+00
7.341979439600254409e+01 6.424396261453631241e-02 4.977520369902250330e+00
7.329092947233620237e+01 6.440147371185787895e-02 4.968783927805237255e+00
7.316223783378488577e+01 6.455898480917944549e-02 4.960059233632573950e+00
7.303370008555411630e+01 6.471649590650102590e-02 4.951344972507444098e+00
7.290529725267636252e+01 6.487400700382259244e-02 4.942639858015365206e+00
7.277701077308920219e+01 6.503151810114417286e-02 4.933942631734884898e+00
7.264882249087575872e+01 6.518902919846573940e-02 4.925252062779343909e+00
7.252071464966152803e+01 6.534654029578730594e-02 4.916566947349181760e+00
7.239266988616232368e+01 6.550405139310888636e-02 4.907886108294539973e+00
7.226467122388109487e+01 6.566156249043045290e-02 4.899208394687926571e+00
7.213670206694406772e+01 6.581907358775203332e-02 4.890532681406331683e+00
7.200874619407854027e+01 6.597658468507359986e-02 4.881857868722963012e+00
7.188078775271964105e+01 6.613409578239516640e-02 4.873182881907697883e+00
7.175281125325189180e+01 6.629160687971674681e-02 4.864506670836692415e+00
7.162480156337204562e+01 6.644911797703831335e-02 4.855828209610212554e+00
7.149674390257432322e+01 6.660662907435987989e-02 4.847146496178754482e+00
7.136862383675556032e+01 6.676414017168146031e-02 4.838460551977297186e+00
7.124042727293216615e+01 6.692165126900302685e-02 4.829769421567141841e+00
7.111214045406815387e+01 6.707916236632460727e-02 4.821072172285273183e+00
7.098374995401171361e+01 6.723667346364617381e-02 4.812367893901083882e+00
7.085524267253401831e+01 6.739418456096774035e-02 4.803655698280022257e+00
7.072660576995586723e+01 6.755169565828932077e-02 4.794934714951598842e+00
7.059782564496973123e+01 6.770920675561088731e-02 4.786204021810459786e+00
7.046888810424027838e+01 6.786671785293246772e-02 4.777462656614521741e+00
7.033977927460581725e+01 6.802422895025403426e-02 4.768709678827994125e+00
7.021048562902649337e+01 6.818174004757560080e-02 4.759944171380521283e+00
7.008099398160372573e+01 6.833925114489718122e-02 4.751165240329550343e+00
6.995129148269417385e+01 6.849676224221874776e-02 4.742372014529061097e+00
6.982136561412178821e+01 6.865427333954032818e-02 4.733563645304977641e+00
6.969120418448322596e+01 6.881178443686189472e-02 4.724739306136892303e+00
6.956079532454157288e+01 6.896929553418346126e-02 4.715898192345775897e+00
6.943012748270894008e+01 6.912680663150504168e-02 4.707039520787735576e+00
6.929918942061200937e+01 6.928431772882660822e-02 4.698162529553361111e+00
6.916797020874010116e+01 6.944182882614817476e-02 4.689266477672691558e+00
6.903645922217120301e+01 6.959933992346975518e-02 4.680350644825462147e+00
6.890464613637632851e+01 6.975685102079132172e-02 4.671414331056657154e+00
6.877252092309689147e+01 6.991436211811290213e-02 4.662456856497019686e+00
6.864007384629434227e+01 7.007187321543446867e-02 4.653477561088442016e+00
6.850729545816835753e+01 7.022938431275603521e-02 4.644475804314036615e+00
6.837417659524489011e+01 7.038689541007761563e-02 4.635450964932900320e+00
6.824070837452775606e+01 7.054440650739918217e-02 4.626402440719241227e+00
6.810688218971297658e+01 7.070191760472076259e-02 4.617329648205699577e+00
6.797268970746628725e+01 7.085942870204232913e-02 4.608232022430994057e+00
6.783812289168329812e+01 7.101693979936389567e-02 4.599109018584646158e+00
6.770317434447746052e+01 7.117445089668547609e-02 4.589960135124378837e+00
6.756783718712223674e+01 7.133196199400704263e-02 4.580784905704546439e+00
6.743210479122760148e+01 7.148947309132862304e-02 4.571582880951152283e+00
6.729597076960702395e+01 7.164698418865018958e-02 4.562353627842672843e+00
6.715942897304239523e+01 7.180449528597175612e-02 4.553096729490743400e+00
6.702247348709437347e+01 7.196200638329333654e-02 4.543811784923896369e+00
6.688509862895949709e+01 7.211951748061490308e-02 4.534498408874507724e+00
6.674729894436849520e+01 7.227702857793646962e-02 4.525156231568502996e+00
6.660906920452843849e+01 7.243453967525805004e-02 4.515784898518058199e+00
6.647040440310435372e+01 7.259205077257961658e-02 4.506384070316959978e+00
6.633129975324163752e+01 7.274956186990119700e-02 4.496953422438742187e+00
6.619175068462688216e+01 7.290707296722276354e-02 4.487492645037427508e+00
6.605175284058505270e+01 7.306458406454433008e-02 4.478001442750723982e+00
6.591130207521469231e+01 7.322209516186591050e-02 4.468479534505807038e+00
6.577039445055751798e+01 7.337960625918747704e-02 4.458926653327434764e+00
6.562902623380300327e+01 7.353711735650905745e-02 4.449342546148423949e+00
6.548719389452531914e+01 7.369462845383062399e-02 4.439726973622331485e+00
6.534489410195413939e+01 7.385213955115219053e-02 4.430079709938430810e+00
6.520212372227624087e+01 7.400965064847377095e-02 4.420400542638772023e+00
6.505887981596777081e+01 7.416716174579533749e-02 4.410689272437319453e+00
6.491515963515671217e+01 7.432467284311691791e-02 4.400945713041134688e+00
6.477096062101529128e+01 7.448218394043848445e-02 4.391169690973606876e+00
6.462628051041815525e+01 7.463969503776005099e-02 4.381361052805365475e+00
6.448111900496745363e+01 7.479720613508163141e-02 4.371519778306429238e+00
6.433547739684397015e+01 7.495471723240319795e-02 4.361645955080638792e+00
6.418935712758039358e+01 7.511222832972476449e-02 4.351739680857204640e+00
6.404275974308919217e+01 7.526973942704634490e-02 4.341801060441794036e+00
6.389568689194671691e+01 7.542725052436791144e-02 4.331830205600211592e+00
6.374814032369808103e+01 7.558476162168949186e-02 4.321827234943476981e+00
6.360012188717163184e+01 7.574227271901105840e-02 4.311792273813543908e+00
6.345163352881367302e+01 7.589978381633262494e-02 4.301725454170417073e+00
6.330267729103420749e+01 7.605729491365420536e-02 4.291626914479987676e+00
6.315325531056969055e+01 7.621480601097577190e-02 4.281496799603039527e+00
6.300336981685904192e+01 7.637231710829735232e-02 4.271335260685162893e+00
6.285302313043486322e+01 7.652982820561891886e-02 4.261142455047662203e+00
6.270221766132787167e+01 7.668733930294048540e-02 4.250918546079409666e+00
6.255095590748592826e+01 7.684485040026206581e-02 4.240663703129638584e+00
6.239924045320641000e+01 7.700236149758363235e-02 4.230378101401687019e+00
6.224707396758270761e+01 7.715987259490521277e-02 4.220061921847667818e+00
6.209445920296300869e+01 7.731738369222677931e-02 4.209715351063975319e+00
6.194139899342405897e+01 7.747489478954834585e-02 4.199338581187822328e+00
6.178789625325660495e+01 7.763240588686992627e-02 4.188931809794563144e+00
6.163395397546413790e+01 7.778991698419149281e-02 4.178495239795902982e+00
6.147957523027467630e+01 7.794742808151305935e-02 4.168029079339014231e+00
6.132476316366590652e+01 7.810493917883463977e-02 4.157533541706538216e+00
6.116952099590118053e+01 7.826245027615620631e-02 4.147008845217347250e+00
6.101385205904303177e+01 7.841996137347778673e-02 4.136455215769772487e+00
6.085776187847114471e+01 7.857747247079935327e-02 4.125873027958843586e+00
6.070125916286185230e+01 7.873498356812091981e-02 4.115262872192285037e+00
6.054435282932761453e+01 7.889249466544250022e-02 4.104625353008823474e+00
6.038705173948108751e+01 7.905000576276406676e-02 4.093961071184552658e+00
6.022936469930773029e+01 7.920751686008564718e-02 4.083270623724309267e+00
6.007130045904501259e+01 7.936502795740721372e-02 4.072554603853464350e+00
5.991286771307133563e+01 7.952253905472878026e-02 4.061813601010416441e+00
5.975407509980001208e+01 7.968005015205036068e-02 4.051048200839380442e+00
5.959493120158340673e+01 7.983756124937192722e-02 4.040258985183911022e+00
5.943544454462228543e+01 7.999507234669350764e-02 4.029446532080734222e+00
5.927562359888371191e+01 8.015258344401507418e-02 4.018611415754202554e+00
5.911547677802570888e+01 8.031009454133664072e-02 4.007754206611171099e+00
5.895501243932949365e+01 8.046760563865822113e-02 3.996875471236413180e+00
5.879423888363725581e+01 8.062511673597978767e-02 3.985975772388395733e+00
5.863316435529902293e+01 8.078262783330135421e-02 3.975055668995682634e+00
5.847179704212468465e+01 8.094013893062293463e-02 3.964115716153683522e+00
5.831014507534315072e+01 8.109765002794450117e-02 3.953156465121869800e+00
5.814821652956793230e+01 8.125516112526608159e-02 3.942178463321464044e+00
5.798601942276977894e+01 8.141267222258764813e-02 3.931182254333564163e+00
5.782356171625529839e+01 8.157018331990921467e-02 3.920168377897710776e+00
5.766085131465194991e+01 8.172769441723079509e-02 3.909137369910854254e+00
5.749789606589830981e+01 8.188520551455236163e-02 3.898089762426709459e+00
5.733470376124321177e+01 8.204271661187394205e-02 3.887026083655683806e+00
5.717128213524677705e+01 8.220022770919550859e-02 3.875946857964961634e+00
5.700763886579167661e+01 8.235773880651707513e-02 3.864852605879251612e+00
5.684378233835943917e+01 8.251524990383865554e-02 3.853743895895179961e+00
5.667972530350009919e+01 8.267276100116022208e-02 3.842621592440696343e+00
5.651548193403768749e+01 8.283027209848178862e-02 3.831486656367311117e+00
5.635106619368544756e+01 8.298778319580336904e-02 3.820340034349797076e+00
5.618649183660155444e+01 8.314529429312493558e-02 3.809182658856067771e+00
5.602177240920261880e+01 8.330280539044651600e-02 3.798015448270124939e+00
5.585692125198447400e+01 8.346031648776808254e-02 3.786839307015498424e+00
5.569195150134844141e+01 8.361782758508964908e-02 3.775655125679065804e+00
5.552687609143476521e+01 8.377533868241122950e-02 3.764463781135338305e+00
5.536170775596104932e+01 8.393284977973279604e-02 3.753266136671109088e+00
5.519645903006367860e+01 8.409036087705437645e-02 3.742063042110286286e+00
5.503114225214463318e+01 8.424787197437594299e-02 3.730855333939102625e+00
5.486576956572000086e+01 8.440538307169750953e-02 3.719643835431436507e+00
5.470035292127062121e+01 8.456289416901908995e-02 3.708429356774266772e+00
5.453490407809589158e+01 8.472040526634065649e-02 3.697212695193369925e+00
5.436943460616627277e+01 8.487791636366223691e-02 3.685994635078896131e+00
5.420395588797870801e+01 8.503542746098380345e-02 3.674775948111165480e+00
5.403847912040921386e+01 8.519293855830536999e-02 3.663557393386262628e+00
5.387301531656719789e+01 8.535044965562695041e-02 3.652339717541748243e+00
5.370757530764663557e+01 8.550796075294851695e-02 3.641123654882171046e+00
5.354216974477562019e+01 8.566547185027008349e-02 3.629909927504443079e+00
5.337680910086507424e+01 8.582298294759166390e-02 3.618699245423185218e+00
5.321150367245276414e+01 8.598049404491323044e-02 3.607492306695738282e+00
5.304626358154444432e+01 8.613800514223481086e-02 3.596289797546988076e+00
5.288109877745203846e+01 8.629551623955637740e-02 3.585092392493976376e+00
5.271601903862609362e+01 8.645302733687794394e-02 3.573900754470143326e+00
5.255103397558761458e+01 8.661053843419952436e-02 3.562715535024086222e+00
5.238615450714746657e+01 8.676804953152109090e-02 3.551537474400367156e+00
5.222139571759004184e+01 8.692556062884267132e-02 3.540367595243266496e+00
5.205677319488407306e+01 8.708307172616423786e-02 3.529206954344519254e+00
5.189230221178605973e+01 8.724058282348580440e-02 3.518056587125937273e+00
5.172799772971311683e+01 8.739809392080738482e-02 3.506917507901973874e+00
5.156387440261353561e+01 8.755560501812895136e-02 3.495790710142118840e+00
5.139994658082959234e+01 8.771311611545053177e-02 3.484677166732800924e+00
5.123622831495409002e+01 8.787062721277209831e-02 3.473577830238815167e+00
5.107273335967765604e+01 8.802813831009366485e-02 3.462493633164176909e+00
5.090947517762597130e+01 8.818564940741524527e-02 3.451425488212252812e+00
5.074646694318666107e+01 8.834316050473681181e-02 3.440374288545209325e+00
5.058372154632139939e+01 8.850067160205837835e-02 3.429340908042460168e+00
5.042125159636681531e+01 8.865818269937995877e-02 3.418326201558346877e+00
5.025906942581821113e+01 8.881569379670152531e-02 3.407331005178654948e+00
5.009718709409852977e+01 8.897320489402310573e-02 3.396356136476137433e+00
4.993561639130954433e+01 8.913071599134467227e-02 3.385402394764824852e+00
4.977436884196525568e+01 8.928822708866623881e-02 3.374470561353128062e+00
4.961345570870626887e+01 8.944573818598781922e-02 3.363561399795668816e+00
4.945288799599335050e+01 8.960324928330938576e-02 3.352675656143673688e+00
4.929267645378162399e+01 8.976076038063096618e-02 3.341814059194067266e+00
4.913283158117176441e+01 8.991827147795253272e-02 3.330977320737014580e+00
4.897336363003858395e+01 9.007578257527409926e-02 3.320166135801917662e+00
4.881428260863819446e+01 9.023329367259567968e-02 3.309381182901962148e+00
4.865559828518860996e+01 9.039080476991724622e-02 3.298623124276869323e+00
4.849732019142797412e+01 9.054831586723882664e-02 3.287892606134126261e+00
4.833945762614612107e+01 9.070582696456039318e-02 3.277190258888404539e+00
4.818201965869089065e+01 9.086333806188195972e-02 3.266516697399282965e+00
4.802501513244764197e+01 9.102084915920354014e-02 3.255872521207129999e+00
4.786845337636684405e+01 9.117836025652510668e-02 3.245258362771373584e+00
4.771234672388742126e+01 9.133587135384667322e-02 3.234675058241773371e+00
4.755670812703135653e+01 9.149338245116825363e-02 3.224123485705141512e+00
4.740155021350572895e+01 9.165089354848982017e-02 3.213604501261248192e+00
4.724688529176160756e+01 9.180840464581140059e-02 3.203118939365795725e+00
4.709272535610396204e+01 9.196591574313296713e-02 3.192667613176839225e+00
4.693908209176884583e+01 9.212342684045453367e-02 3.182251314899001482e+00
4.678596687996282100e+01 9.228093793777611409e-02 3.171870816125118342e+00
4.663339080286960581e+01 9.243844903509768063e-02 3.161526868175673410e+00
4.648136464861592287e+01 9.259596013241926105e-02 3.151220202435449202e+00
4.632989891620145073e+01 9.275347122974082759e-02 3.140951530687761117e+00
4.617900382038723706e+01 9.291098232706239413e-02 3.130721545445872334e+00
4.602868929654530206e+01 9.306849342438397454e-02 3.120530920281767706e+00
4.587896500546700196e+01 9.322600452170554108e-02 3.110380310152137007e+00
4.572984033812784332e+01 9.338351561902712150e-02 3.100270351721417406e+00
4.558132442041156196e+01 9.354102671634868804e-02 3.090201663682054622e+00
4.543342611778946605e+01 9.369853781367025458e-02 3.080174847071743383e+00
4.528615403995630828e+01 9.385604891099183500e-02 3.070190485587720897e+00
4.513951654542098879e+01 9.401356000831340154e-02 3.060249145897987688e+00
4.499352174605301968e+01 9.417107110563496808e-02 3.050351377949547693e+00
4.484817751158161059e+01 9.432858220295654850e-02 3.040497715273412727e+00
4.470349147405101320e+01 9.448609330027811504e-02 3.030688675286668854e+00
4.455947103222731442e+01 9.464360439759969545e-02 3.020924759591220088e+00
4.441612335595873162e+01 9.480111549492126199e-02 3.011206454269407029e+00
4.427345539048948808e+01 9.495862659224282853e-02 3.001534230176468032e+00
4.413147386072521527e+01 9.511613768956440895e-02 2.991908543229705675e+00
4.399018527545142376e+01 9.527364878688597549e-02 2.982329834694486870e+00
4.384959593150307455e+01 9.543115988420755591e-02 2.972798531466917638e+00
4.370971191788700594e+01 9.558867098152912245e-02 2.963315046353323989e+00
4.357053913378604193e+01 9.574618207885068899e-02 2.953879779290844443e+00
4.343208394274753914e+01 9.590369317617226941e-02 2.944493161698377381e+00
4.329435343593262786e+01 9.606120427349383595e-02 2.935155674323644437e+00
4.315735454775265367e+01 9.621871537081541637e-02 2.925867787287462107e+00
4.302109398770866733e+01 9.637622646813698291e-02 2.916629955462776813e+00
4.288557824491972070e+01 9.653373756545854945e-02 2.907442618781661547e+00
4.275081359259947078e+01 9.669124866278012986e-02 2.898306202538804666e+00
4.261680609247832052e+01 9.684875976010169640e-02 2.889221117691317176e+00
4.248356159917273800e+01 9.700627085742326294e-02 2.880187761154950454e+00
4.235108576450020479e+01 9.716378195474484336e-02 2.871206516096625805e+00
4.221938404174147763e+01 9.732129305206640990e-02 2.862277752223397975e+00
4.208846168984808855e+01 9.747880414938799032e-02 2.853401826067708313e+00
4.195832377759707299e+01 9.763631524670955686e-02 2.844579081269049681e+00
4.182897518769127743e+01 9.779382634403112340e-02 2.835809848851949422e+00
4.170042062080677425e+01 9.795133744135270382e-02 2.827094447500371643e+00
4.157266459958617588e+01 9.810884853867427036e-02 2.818433183828433108e+00
4.144571147257861554e+01 9.826635963599585077e-02 2.809826352647530889e+00
4.131956541812775185e+01 9.842387073331741731e-02 2.801274237229919528e+00
4.119423044820396740e+01 9.858138183063898385e-02 2.792777109568516991e+00
4.106971041218726270e+01 9.873889292796056427e-02 2.784335230633374625e+00
4.094600900059426607e+01 9.889640402528213081e-02 2.775948850624343933e+00
4.082312974875493694e+01 9.905391512260371123e-02 2.767618209220342518e+00
4.070107604043657545e+01 9.921142621992527777e-02 2.759343535825045102e+00
4.057985111141503864e+01 9.936893731724684431e-02 2.751125049808997858e+00
4.045945805299591314e+01 9.952644841456842473e-02 2.742962960748331014e+00
4.033989981548330661e+01 9.968395951188999127e-02 2.734857468659932955e+00
4.022117921159808418e+01 9.984147060921155781e-02 2.726808764233187077e+00
4.010329891984535777e+01 9.999898170653313823e-02 2.718817029058278933e+00
3.998626148783233702e+01 1.001564928038547048e-01 2.710882435851114103e+00
3.987006933553523425e+01 1.003140039011762852e-01 2.703005148674822333e+00
3.975472475851764642e+01 1.004715149984978517e-01 2.695185323157929691e+00
3.964022992480790464e+01 1.006290260958194183e-01 2.687423106282671004e+00
3.952658622343855654e+01 1.007865371931409987e-01 2.679718592218983897e+00
3.941379371366459594e+01 1.009440482904625652e-01 2.672071784984082043e+00
3.930185224776794684e+01 1.011015593877841456e-01 2.664482674563368736e+00
3.919076160989168045e+01 1.012590704851057122e-01 2.656951246322749594e+00
3.908052151810288422e+01 1.014165815824272787e-01 2.649477481148483804e+00
3.897113162642047257e+01 1.015740926797488591e-01 2.642061355584663485e+00
3.886259152680732853e+01 1.017316037770704257e-01 2.634702841968271869e+00
3.875490075112543309e+01 1.018891148743920061e-01 2.627401908561729726e+00
3.864805877305756354e+01 1.020466259717135726e-01 2.620158519683180032e+00
3.854206500999408291e+01 1.022041370690351392e-01 2.612972635834398982e+00
3.843691882488529643e+01 1.023616481663567196e-01 2.605844213826382649e+00
3.833261952806130779e+01 1.025191592636782861e-01 2.598773206902722066e+00
3.822916637901734305e+01 1.026766703609998527e-01 2.591759564860637521e+00
3.812655858816820142e+01 1.028341814583214331e-01 2.584803234169930963e+00
3.802479531856963035e+01 1.029916925556429996e-01 2.577904158089676656e+00
3.792387568760778294e+01 1.031492036529645800e-01 2.571062276782761558e+00
3.782379876865866919e+01 1.033067147502861466e-01 2.564277527428389547e+00
3.772456359271574655e+01 1.034642258476077131e-01 2.557549844332432709e+00
3.762616914998820050e+01 1.036217369449292935e-01 2.550879159035767341e+00
3.752861439146898448e+01 1.037792480422508601e-01 2.544265400420601786e+00
3.743189823047313070e+01 1.039367591395724405e-01 2.537708494814750360e+00
3.733601954414854163e+01 1.040942702368940070e-01 2.531208366094067408e+00
3.724097717495681792e+01 1.042517813342155736e-01 2.524764935782835451e+00
3.714676993212726330e+01 1.044092924315371540e-01 2.518378123152344550e+00
3.705339659308240385e+01 1.045668035288587205e-01 2.512047845317531003e+00
3.696085590483775718e+01 1.047243146261803010e-01 2.505774017331878323e+00
3.686914658537370570e+01 1.048818257235018675e-01 2.499556552280423283e+00
3.677826732498118645e+01 1.050393368208234340e-01 2.493395361370985608e+00
3.668821678758255445e+01 1.051968479181450145e-01 2.487290354023720340e+00
3.659899361202659662e+01 1.053543590154665810e-01 2.481241437958908946e+00
3.651059641335812955e+01 1.055118701127881475e-01 2.475248519283034909e+00
3.642302378406348140e+01 1.056693812101097280e-01 2.469311502573223294e+00
3.633627414554698021e+01 1.058268923074312945e-01 2.463430280808033501e+00
3.625034338223449026e+01 1.059844034047528749e-01 2.457604574970691846e+00
3.616522531886471370e+01 1.061419145020744415e-01 2.451833966407223286e+00
3.608091378455502962e+01 1.062994255993960080e-01 2.446118036760503767e+00
3.599740267666540205e+01 1.064569366967175884e-01 2.440456372299939503e+00
3.591468596001068647e+01 1.066144477940391549e-01 2.434848563868067917e+00
3.583275766608339552e+01 1.067719588913607354e-01 2.429294206827854463e+00
3.575161189228531100e+01 1.069294699886823019e-01 2.423792901010612511e+00
3.567124280117167956e+01 1.070869810860038684e-01 2.418344250664754558e+00
3.559164461970346593e+01 1.072444921833254489e-01 2.412947864405099452e+00
3.551281163851007960e+01 1.074020032806470154e-01 2.407603355162894587e+00
3.543473821116239009e+01 1.075595143779685958e-01 2.402310340136522893e+00
3.535741875345485141e+01 1.077170254752901624e-01 2.397068440742835538e+00
3.528084774269697022e+01 1.078745365726117289e-01 2.391877282569118801e+00
3.520501971701442301e+01 1.080320476699333093e-01 2.386736495325715079e+00
3.512992927465955262e+01 1.081895587672548759e-01 2.381645712799269177e+00
3.505557107333057587e+01 1.083470698645764424e-01 2.376604572806586546e+00
3.498193982949969438e+01 1.085045809618980228e-01 2.371612717149069294e+00
3.490903031775048504e+01 1.086620920592195894e-01 2.366669791567803216e+00
3.483683737012350434e+01 1.088196031565411698e-01 2.361775445699187514e+00
3.476535587547104456e+01 1.089771142538627363e-01 2.356929333031198670e+00
3.469458077881956370e+01 1.091346253511843029e-01 2.352131110860153029e+00
3.462450708074148054e+01 1.092921364485058833e-01 2.347380440248127087e+00
3.455512983673389016e+01 1.094496475458274498e-01 2.342676985980836957e+00
3.448644415660681517e+01 1.096071586431490302e-01 2.338020416526159551e+00
3.441844520387837036e+01 1.097646697404705968e-01 2.333410403993132487e+00
3.435112819517855343e+01 1.099221808377921633e-01 2.328846624091530426e+00
3.428448839965972184e+01 1.100796919351137437e-01 2.324328756091900150e+00
3.421852113841649157e+01 1.102372030324353103e-01 2.319856482786233354e+00
3.415322178391161145e+01 1.103947141297568907e-01 2.315429490449038230e+00
3.408858575940964641e+01 1.105522252270784572e-01 2.311047468798955062e+00
3.402460853841901667e+01 1.107097363244000238e-01 2.306710110960916271e+00
3.396128564413989892e+01 1.108672474217216042e-01 2.302417113428732787e+00
3.389861264891976589e+01 1.110247585190431707e-01 2.298168176028168030e+00
3.383658516623626866e+01 1.111822696163647373e-01 2.293963001373419353e+00
3.377519731441952189e+01 1.113397807136863177e-01 2.289801190714644274e+00
3.371443987129071473e+01 1.114972918110078842e-01 2.285682118831037446e+00
3.365430328144793037e+01 1.116548029083294646e-01 2.281605137910818204e+00
3.359477811843982664e+01 1.118123140056510312e-01 2.277569608884455477e+00
3.353585508253212311e+01 1.119698251029725977e-01 2.273574901273246684e+00
3.347752499852021657e+01 1.121273362002941781e-01 2.269620393041020812e+00
3.341977881358753422e+01 1.122848472976157447e-01 2.265705470448943437e+00
3.336260759520915542e+01 1.124423583949373251e-01 2.261829527913397531e+00
3.330600252909857062e+01 1.125998694922588916e-01 2.257991967866778360e+00
3.324995491719712959e+01 1.127573805895804582e-01 2.254192200621189190e+00
3.319445617570620044e+01 1.129148916869020386e-01 2.250429644235032001e+00
3.313949783315834452e+01 1.130724027842236051e-01 2.246703724382238754e+00
3.308507152853033517e+01 1.132299138815451855e-01 2.243013874224347504e+00
3.303116900939348000e+01 1.133874249788667521e-01 2.239359534285099151e+00
3.297778213010364823e+01 1.135449360761883186e-01 2.235740152327730268e+00
3.292490285002660499e+01 1.137024471735098990e-01 2.232155183234660889e+00
3.287252323180190672e+01 1.138599582708314656e-01 2.228604088889790003e+00
3.282063543964045493e+01 1.140174693681530321e-01 2.225086338063087865e+00
3.276923173765824515e+01 1.141749804654746125e-01 2.221601406297618375e+00
3.271830448824357518e+01 1.143324915627961791e-01 2.218148775798854722e+00
3.266784615045736473e+01 1.144900026601177595e-01 2.214727935326220809e+00
3.261784927846654369e+01 1.146475137574393260e-01 2.211338380086889099e+00
3.256830652000864035e+01 1.148050248547608926e-01 2.207979611631677663e+00
3.251921061488835818e+01 1.149625359520824730e-01 2.204651137753136148e+00
3.247055439350334183e+01 1.151200470494040395e-01 2.201352472385589287e+00
3.242233077540097241e+01 1.152775581467256200e-01 2.198083135507305830e+00
3.237453276786362011e+01 1.154350692440471865e-01 2.194842653044569492e+00
3.232715346452251737e+01 1.155925803413687530e-01 2.191630556777722560e+00
3.228018604399934333e+01 1.157500914386903335e-01 2.188446384249059129e+00
3.223362376857522094e+01 1.159076025360119000e-01 2.185289678672596381e+00
3.218745998288674315e+01 1.160651136333334804e-01 2.182159988845670195e+00
3.214168811264715941e+01 1.162226247306550470e-01 2.179056869062233837e+00
3.209630166339408675e+01 1.163801358279766135e-01 2.175979879027964081e+00
3.205129421926166344e+01 1.165376469252981939e-01 2.172928583777012257e+00
3.200665944177683286e+01 1.166951580226197605e-01 2.169902553590404182e+00
3.196239106842685018e+01 1.168526691199413270e-01 2.166901363898922739e+00
3.191848214684636886e+01 1.170101802172629074e-01 2.163924543364552200e+00
3.187492336554993955e+01 1.171676913145844739e-01 2.160971460711913927e+00
3.183170504206173135e+01 1.173252024119060544e-01 2.158041459514208782e+00
3.178881761453357058e+01 1.174827135092276209e-01 2.155133891522629241e+00
3.174625163988227072e+01 1.176402246065491874e-01 2.152248116540084411e+00
3.170399779197383339e+01 1.177977357038707679e-01 2.149383502298091830e+00
3.166204685985264078e+01 1.179552468011923344e-01 2.146539424336725954e+00
3.162038974601498253e+01 1.181127578985139148e-01 2.143715265887577104e+00
3.157901746472625248e+01 1.182702689958354814e-01 2.140910417759655626e+00
3.153792114037939598e+01 1.184277800931570479e-01 2.138124278228111130e+00
3.149709200589526858e+01 1.185852911904786283e-01 2.135356252925777909e+00
3.145652140116283491e+01 1.187428022878001949e-01 2.132605754737431525e+00
3.141620077151830159e+01 1.189003133851217753e-01 2.129872203696681066e+00
3.137612166626238519e+01 1.190578244824433418e-01 2.127155026885441558e+00
3.133627573721548387e+01 1.192153355797649084e-01 2.124453658335989203e+00
3.129665473730807435e+01 1.193728466770864888e-01 2.121767538935391162e+00
3.125725051920777631e+01 1.195303577744080553e-01 2.119096116332428892e+00
3.121805503398008597e+01 1.196878688717296219e-01 2.116438844846803224e+00
3.117906032978292785e+01 1.198453799690512023e-01 2.113795185380626496e+00
3.114025855059471581e+01 1.200028910663727688e-01 2.111164605332199518e+00
3.110164193497386265e+01 1.201604021636943492e-01 2.108546578511901082e+00
3.106320281484993018e+01 1.203179132610159158e-01 2.105940585060244619e+00
3.102493361434525454e+01 1.204754243583374823e-01 2.103346111367979887e+00
3.098682684862671266e+01 1.206329354556590627e-01 2.100762649998256570e+00
3.094887512278547348e+01 1.207904465529806293e-01 2.098189699610670367e+00
3.091107113074664881e+01 1.209479576503022097e-01 2.095626764887345228e+00
3.087340765420538347e+01 1.211054687476237762e-01 2.093073356460806167e+00
3.083587756159071702e+01 1.212629798449453428e-01 2.090528990843732782e+00
3.079847380705479409e+01 1.214204909422669232e-01 2.087993190360429629e+00
3.076118942948910373e+01 1.215780020395884897e-01 2.085465483080137794e+00
3.072401755156423775e+01 1.217355131369100563e-01 2.082945402751928299e+00
3.068695137879566914e+01 1.218930242342316367e-01 2.080432488741372321e+00
3.064998419863152535e+01 1.220505353315532032e-01 2.077926285968691555e+00
3.061310937956511324e+01 1.222080464288747836e-01 2.075426344848596116e+00
3.057632037026930050e+01 1.223655575261963502e-01 2.072932221231595484e+00
3.053961069875310486e+01 1.225230686235179167e-01 2.070443476346821132e+00
3.050297397153959267e+01 1.226805797208394971e-01 2.067959676746290665e+00
3.046640387274710093e+01 1.228380908181610637e-01 2.065480394242621198e+00
3.042989399355284519e+01 1.229956019154826441e-01 2.063005194347455884e+00
3.039343749588599053e+01 1.231531130128042106e-01 2.060533613471414061e+00
3.035702753113591257e+01 1.233106241101257772e-01 2.058065187310569755e+00
3.032065733491199921e+01 1.234681352074473576e-01 2.055599457270718577e+00
3.028432022625447217e+01 1.236256463047689241e-01 2.053135970413882294e+00
3.024800960686614459e+01 1.237831574020905046e-01 2.050674279406218048e+00
3.021171896036674198e+01 1.239406684994120711e-01 2.048213942467471238e+00
3.017544185156669556e+01 1.240981795967336376e-01 2.045754523321736684e+00
3.013917192576161241e+01 1.242556906940552180e-01 2.043295591149632440e+00
3.010290290804618962e+01 1.244132017913767846e-01 2.040836720541780558e+00
3.006662860264687964e+01 1.245707128886983511e-01 2.038377491453569501e+00
3.003034289227359821e+01 1.247282239860199315e-01 2.035917489161200855e+00
2.999403973748879082e+01 1.248857350833414981e-01 2.033456304218915101e+00
2.995771317609466422e+01 1.250432461806630924e-01 2.030993532417451508e+00
2.992135732253639446e+01 1.252007572779846589e-01 2.028528774743583618e+00
2.988496636732337919e+01 1.253582683753062255e-01 2.026061637340881738e+00
2.984853457646477892e+01 1.255157794726277920e-01 2.023591731471455990e+00
2.981205629092189824e+01 1.256732905699493585e-01 2.021118673478819350e+00
2.977552592607515081e+01 1.258308016672709251e-01 2.018642084751752996e+00
2.973893797120616611e+01 1.259883127645924916e-01 2.016161591689197952e+00
2.970228698899335029e+01 1.261458238619140859e-01 2.013676825666056658e+00
2.966556761502213391e+01 1.263033349592356525e-01 2.011187422999986207e+00
2.962877455730806275e+01 1.264608460565572190e-01 2.008693024919068648e+00
2.959190259583319360e+01 1.266183571538787855e-01 2.006193277530380570e+00
2.955494658209503100e+01 1.267758682512003521e-01 2.003687831789414897e+00
2.951790143866746519e+01 1.269333793485219464e-01 2.001176343470309149e+00
2.948076215877408046e+01 1.270908904458435129e-01 1.998658473136925240e+00
2.944352380587224260e+01 1.272484015431650795e-01 1.996133886114647149e+00
2.940618151324850160e+01 1.274059126404866460e-01 1.993602252462951308e+00
2.936873048362554783e+01 1.275634237378082125e-01 1.991063246948761689e+00
2.933116598877799674e+01 1.277209348351298068e-01 1.988516549020404423e+00
2.929348336915940010e+01 1.278784459324513734e-01 1.985961842782312692e+00
2.925567803353872520e+01 1.280359570297729399e-01 1.983398816970391554e+00
2.921774545864575856e+01 1.281934681270945064e-01 1.980827164927970951e+00
2.917968118882578921e+01 1.283509792244160730e-01 1.978246584582397327e+00
2.914148083570355396e+01 1.285084903217376673e-01 1.975656778422252069e+00
2.910314007785440182e+01 1.286660014190592338e-01 1.973057453475054457e+00
2.906465466048454260e+01 1.288235125163808004e-01 1.970448321285587445e+00
2.902602039511861776e+01 1.289810236137023669e-01 1.967829097894714607e+00
2.898723316101188630e+01 1.291385347110239334e-01 1.965199503935119996e+00
2.894828940993670230e+01 1.292960458083455277e-01 1.962559298853481904e+00
2.890918686013201366e+01 1.294535569056670943e-01 1.959908327957020857e+00
2.886992344922617448e+01 1.296110680029886608e-01 1.957246451426537082e+00
2.883049715575562999e+01 1.297685791003102274e-01 1.954573532216209886e+00
2.879090599897136116e+01 1.299260901976317939e-01 1.951889436040473047e+00
2.875114803864773450e+01 1.300836012949533882e-01 1.949194031361058288e+00
2.871122137489306070e+01 1.302411123922749547e-01 1.946487189374152660e+00
2.867112414796158859e+01 1.303986234895965213e-01 1.943768783997646743e+00
2.863085453806753478e+01 1.305561345869180878e-01 1.941038691858535614e+00
2.859041076520017199e+01 1.307136456842396544e-01 1.938296792280375991e+00
2.854979108894056594e+01 1.308711567815612486e-01 1.935542967270862835e+00
2.850899380827998186e+01 1.310286678788828152e-01 1.932777101509520756e+00
2.846801726143863576e+01 1.311861789762043817e-01 1.929999082335414284e+00
2.842685982568682945e+01 1.313436900735259483e-01 1.927208799735021794e+00
2.838551991716627043e+01 1.315012011708475148e-01 1.924406146330122080e+00
2.834399599071255693e+01 1.316587122681690813e-01 1.921591017365760434e+00
2.830228653967936481e+01 1.318162233654906756e-01 1.918763310698327285e+00
2.826039009576247452e+01 1.319737344628122422e-01 1.915922926783629521e+00
2.821830522882539327e+01 1.321312455601338087e-01 1.913069768665070169e+00
2.817603054672499141e+01 1.322887566574553753e-01 1.910203741961823187e+00
2.813356469513886182e+01 1.324462677547769418e-01 1.907324754857131044e+00
2.809090635739230635e+01 1.326037788520985361e-01 1.904432718086578102e+00
2.804805425428631338e+01 1.327612899494201026e-01 1.901527544926424840e+00
2.800500714392616430e+01 1.329188010467416692e-01 1.898609151181988919e+00
2.796176382154976992e+01 1.330763121440632357e-01 1.895677455176007165e+00
2.791832311935757716e+01 1.332338232413848023e-01 1.892732377737105232e+00
2.787468390634150950e+01 1.333913343387063966e-01 1.889773842188198882e+00
2.783084508811498381e+01 1.335488454360279631e-01 1.886801774334970094e+00
2.778680560674271405e+01 1.337063565333495296e-01 1.883816102454332730e+00
2.774256444057102655e+01 1.338638676306710962e-01 1.880816757282919083e+00
2.769812060405802967e+01 1.340213787279926627e-01 1.877803672005577296e+00
2.765347314760342101e+01 1.341788898253142570e-01 1.874776782243826156e+00
2.760862115737958433e+01 1.343364009226358236e-01 1.871736026044405587e+00
2.756356375516072532e+01 1.344939120199573901e-01 1.868681343867694356e+00
2.751830009815365585e+01 1.346514231172789566e-01 1.865612678576238137e+00
2.747282937882738452e+01 1.348089342146005232e-01 1.862529975423190320e+00
2.742715082474316191e+01 1.349664453119221175e-01 1.859433182040801880e+00
2.738126369838355956e+01 1.351239564092436840e-01 1.856322248428821320e+00
2.733516729698207470e+01 1.352814675065652505e-01 1.853197126942951245e+00
2.728886095235141340e+01 1.354389786038868171e-01 1.850057772283203672e+00
2.724234403071288568e+01 1.355964897012083836e-01 1.846904141482331729e+00
2.719561593776391817e+01 1.357540007985299779e-01 1.843736194249387506e+00
2.714867708804598223e+01 1.359115118958515445e-01 1.840553958688352809e+00
2.710153002248190646e+01 1.360690229931731110e-01 1.837357607061970821e+00
2.705417754756107485e+01 1.362265340904946775e-01 1.834147329637159096e+00
2.700662245669418127e+01 1.363840451878162441e-01 1.830923315794165562e+00
2.695886753014611870e+01 1.365415562851378384e-01 1.827685754022007947e+00
2.691091553496962163e+01 1.366990673824594049e-01 1.824434831913984478e+00
2.686276922494187502e+01 1.368565784797809715e-01 1.821170736163373771e+00
2.681443134050271482e+01 1.370140895771025380e-01 1.817893652559241069e+00
2.676590460869537935e+01 1.371716006744241045e-01 1.814603765982427674e+00
2.671719174310927158e+01 1.373291117717456711e-01 1.811301260401666946e+00
2.666829544382428452e+01 1.374866228690672654e-01 1.807986318869807985e+00
2.661921839735770234e+01 1.376441339663888319e-01 1.804659123520220065e+00
2.656996327661304846e+01 1.378016450637103985e-01 1.801319855563323413e+00
2.652053274083030487e+01 1.379591561610319650e-01 1.797968695283212792e+00
2.647092943553912647e+01 1.381166672583535315e-01 1.794605822034486708e+00
2.642115599251302527e+01 1.382741783556751258e-01 1.791231414239139896e+00
2.637121502972588161e+01 1.384316894529966924e-01 1.787845649383619451e+00
2.632110915131050888e+01 1.385892005503182589e-01 1.784448704016009080e+00
2.627084094751854337e+01 1.387467116476398254e-01 1.781040753743316385e+00
2.622041299468289566e+01 1.389042227449613920e-01 1.777621973228922903e+00
2.616982785518128551e+01 1.390617338422829863e-01 1.774192536190109859e+00
2.611908807740204708e+01 1.392192449396045528e-01 1.770752615395750018e+00
2.606819619571161795e+01 1.393767560369261194e-01 1.767302382664091009e+00
2.601715473042370874e+01 1.395342671342476859e-01 1.763842008860672994e+00
2.596596618777008203e+01 1.396917782315692524e-01 1.760371663896347139e+00
2.591463305987339538e+01 1.398492893288908467e-01 1.756891516725429758e+00
2.586315782472120972e+01 1.400068004262124133e-01 1.753401735343946610e+00
2.581154294614231048e+01 1.401643115235339798e-01 1.749902486788021960e+00
2.575979087378398091e+01 1.403218226208555464e-01 1.746393937132340923e+00
2.570790404309134658e+01 1.404793337181771129e-01 1.742876251488749695e+00
2.565588487528821560e+01 1.406368448154987072e-01 1.739349594004953259e+00
2.560373577735947492e+01 1.407943559128202737e-01 1.735814127863325673e+00
2.555145914203504276e+01 1.409518670101418403e-01 1.732270015279819608e+00
2.549905734777486899e+01 1.411093781074634068e-01 1.728717417502950049e+00
2.544653275875677423e+01 1.412668892047849734e-01 1.725156494812970731e+00
2.539388772486424273e+01 1.414244003021065677e-01 1.721587406521046582e+00
2.534112458167652804e+01 1.415819113994281342e-01 1.718010310968580701e+00
2.528824565046013362e+01 1.417394224967497007e-01 1.714425365526638600e+00
2.523525323816167187e+01 1.418969335940712673e-01 1.710832726595465259e+00
2.518214963740159362e+01 1.420544446913928338e-01 1.707232549604056127e+00
2.512893712647048261e+01 1.422119557887144281e-01 1.703624989009911328e+00
2.507561796932565912e+01 1.423694668860359946e-01 1.700010198298799846e+00
2.502219441558926860e+01 1.425269779833575612e-01 1.696388329984633847e+00
2.496866870103911751e+01 1.426844890806791277e-01 1.692759535642743618e+00
2.491504376246239616e+01 1.428420001780006943e-01 1.689124014373633464e+00
2.486132465078411613e+01 1.429995112753222608e-01 1.685482108606511265e+00
2.480751675741178985e+01 1.431570223726438551e-01 1.681834183853717413e+00
2.475362541011174500e+01 1.433145334699654216e-01 1.678180601313010722e+00
2.469965587327764567e+01 1.434720445672869882e-01 1.674521717885784300e+00
2.464561334820804817e+01 1.436295556646085547e-01 1.670857886195872499e+00
2.459150297339294511e+01 1.437870667619301213e-01 1.667189454608982935e+00
2.453732982480824987e+01 1.439445778592517156e-01 1.663516767252659623e+00
2.448309891621884304e+01 1.441020889565732821e-01 1.659840164036827437e+00
2.442881519948946689e+01 1.442596000538948486e-01 1.656159980674870580e+00
2.437448356490240897e+01 1.444171111512164152e-01 1.652476548705168469e+00
2.432010884148382246e+01 1.445746222485379817e-01 1.648790195513221812e+00
2.426569579733597593e+01 1.447321333458595760e-01 1.645101244354172376e+00
2.421124913997669026e+01 1.448896444431811426e-01 1.641410014375821014e+00
2.415677351668553996e+01 1.450471555405027091e-01 1.637716820642093785e+00
2.410227351485582759e+01 1.452046666378242756e-01 1.634021974156908419e+00
2.404775366235323730e+01 1.453621777351458422e-01 1.630325781888485759e+00
2.399321842787954040e+01 1.455196888324674365e-01 1.626628546794008479e+00
2.393867222134268857e+01 1.456771999297890030e-01 1.622930567844712124e+00
2.388411939423128416e+01 1.458347110271105695e-01 1.619232140051272362e+00
2.382956423999535644e+01 1.459922221244321361e-01 1.615533554489620771e+00
2.377501099443086474e+01 1.461497332217537026e-01 1.611835098327009552e+00
2.372046383606948439e+01 1.463072443190752969e-01 1.608137054848440828e+00
2.366592688657278742e+01 1.464647554163968635e-01 1.604439703483385049e+00
2.361140421113048760e+01 1.466222665137184300e-01 1.600743319832787392e+00
2.355689981886300188e+01 1.467797776110399965e-01 1.597048175696353711e+00
2.350241766322745818e+01 1.469372887083615631e-01 1.593354539100078293e+00
2.344796164242758962e+01 1.470947998056831574e-01 1.589662674324032077e+00
2.339353559982701825e+01 1.472523109030047239e-01 1.585972841930380905e+00
2.333914332436592431e+01 1.474098220003262905e-01 1.582285298791637818e+00
2.328478855098040867e+01 1.475673330976478570e-01 1.578600298119086753e+00
2.323047496102514486e+01 1.477248441949694235e-01 1.574918089491442963e+00
2.317620618269833344e+01 1.478823552922910178e-01 1.571238918883657520e+00
2.312198579146959432e+01 1.480398663896125844e-01 1.567563028695931671e+00
2.306781731051000506e+01 1.481973774869341509e-01 1.563890657782867510e+00
2.301370421112403974e+01 1.483548885842557175e-01 1.560222041482753674e+00
2.295964991318430393e+01 1.485123996815772840e-01 1.556557411647036426e+00
2.290565778556713994e+01 1.486699107788988505e-01 1.552896996669853591e+00
2.285173114659065519e+01 1.488274218762204448e-01 1.549241021517729688e+00
2.279787326445443796e+01 1.489849329735420114e-01 1.545589707759387865e+00
2.274408735767966760e+01 1.491424440708635779e-01 1.541943273595583364e+00
2.269037659555175424e+01 1.492999551681851444e-01 1.538301933889117956e+00
2.263674409856290026e+01 1.494574662655067110e-01 1.534665900194840837e+00
2.258319293885693924e+01 1.496149773628283053e-01 1.531035380789807387e+00
2.252972614067367729e+01 1.497724884601498718e-01 1.527410580703399523e+00
2.247634668079488307e+01 1.499299995574714384e-01 1.523791701747569283e+00
2.242305758841641961e+01 1.500875106547930049e-01 1.520178949287697590e+00
2.236986278482998713e+01 1.502450217521145714e-01 1.516572589169113305e+00
2.231676664621393158e+01 1.504025328494361657e-01 1.512972918076341156e+00
2.226377348413400625e+01 1.505600439467577323e-01 1.509380228313474515e+00
2.221088754073019444e+01 1.507175550440792988e-01 1.505794807477859099e+00
2.215811298941611795e+01 1.508750661414008654e-01 1.502216938507518584e+00
2.210545393558111371e+01 1.510325772387224319e-01 1.498646899728742099e+00
2.205291441729377411e+01 1.511900883360440262e-01 1.495084964903787839e+00
2.200049840600864570e+01 1.513475994333655927e-01 1.491531403278790968e+00
2.194820980727350346e+01 1.515051105306871593e-01 1.487986479631716374e+00
2.189605246143833384e+01 1.516626216280087258e-01 1.484450454320417334e+00
2.184403014436637847e+01 1.518201327253302924e-01 1.480923583330851168e+00
2.179214656814457740e+01 1.519776438226518867e-01 1.477406118325236273e+00
2.174040538179609072e+01 1.521351549199734532e-01 1.473898306690360593e+00
2.168881017199273842e+01 1.522926660172950197e-01 1.470400391585880540e+00
2.163736446376745093e+01 1.524501771146165863e-01 1.466912611992624793e+00
2.158607172122742313e+01 1.526076882119381528e-01 1.463435202760938747e+00
2.153493534826648670e+01 1.527651993092597471e-01 1.459968394658983204e+00
2.148395868927772412e+01 1.529227104065813136e-01 1.456512414421044177e+00
2.143314502986472192e+01 1.530802215039028802e-01 1.453067484795754760e+00
2.138249759755306556e+01 1.532377326012244467e-01 1.449633824594327658e+00
2.133201956249993714e+01 1.533952436985460133e-01 1.446211648738666034e+00
2.128171403820359231e+01 1.535527547958676076e-01 1.442801168309463478e+00
2.123158408221067717e+01 1.537102658931891741e-01 1.439402590594151654e+00
2.118163269682239047e+01 1.538677769905107406e-01 1.436016119134779334e+00
2.113186282979955877e+01 1.540252880878323072e-01 1.432641953775812826e+00
2.108227737506506827e+01 1.541827991851538737e-01 1.429280290711754109e+00
2.103287917340510305e+01 1.543403102824754403e-01 1.425931322534687684e+00
2.098367101316805616e+01 1.544978213797970346e-01 1.422595238281656238e+00
2.093465563096097171e+01 1.546553324771186011e-01 1.419272223481881090e+00
2.088583571234423530e+01 1.548128435744401676e-01 1.415962460203859408e+00
2.083721389252349354e+01 1.549703546717617342e-01 1.412666127102270908e+00
2.078879275703876317e+01 1.551278657690833007e-01 1.409383399464692044e+00
2.074057484245124527e+01 1.552853768664048950e-01 1.406114449258170085e+00
2.069256263702704501e+01 1.554428879637264616e-01 1.402859445175566933e+00
2.064475858141819842e+01 1.556003990610480281e-01 1.399618552681731520e+00
2.059716506934034186e+01 1.557579101583695946e-01 1.396391934059442841e+00
2.054978444824755357e+01 1.559154212556911612e-01 1.393179748455164235e+00
2.050261902000364245e+01 1.560729323530127555e-01 1.389982151924547438e+00
2.045567104155041349e+01 1.562304434503343220e-01 1.386799297477744553e+00
2.040894272557219580e+01 1.563879545476558885e-01 1.383631335124455131e+00
2.036243624115741113e+01 1.565454656449774551e-01 1.380478411918778514e+00
2.031615371445543516e+01 1.567029767422990216e-01 1.377340672003749322e+00
2.027009722933148694e+01 1.568604878396206159e-01 1.374218256655728165e+00
2.022426882801590153e+01 1.570179989369421825e-01 1.371111304328431091e+00
2.017867051175105075e+01 1.571755100342637490e-01 1.368019950696774956e+00
2.013330424143352815e+01 1.573330211315853155e-01 1.364944328700423037e+00
2.008817193825284519e+01 1.574905322289068821e-01 1.361884568587083733e+00
2.004327548432592820e+01 1.576480433262284764e-01 1.358840797955525703e+00
1.999861657600801479e+01 1.578055544235500429e-01 1.355813131810738481e+00
1.995419624670363135e+01 1.579630655208716095e-01 1.352801640212739853e+00
1.991001533712874050e+01 1.581205766181931760e-01 1.349806380158160124e+00
1.991001533712874050e+01 1.581205766181931760e-01 1.349806380158159458e+00
1.546212986470158945e+01 1.826842454521749870e-01 1.048391911348451444e+00
1.310238517207263165e+01 2.073525430377324841e-01 7.098190996409243780e-01
1.035860952775275834e+01 2.322407203492417860e-01 5.859150218986821645e-01
8.998452864489205894e+00 2.568837818198746459e-01 5.448833070371514875e-01
7.570930261729193589e+00 2.811184729179193598e-01 3.444547149889107263e-01
6.616327850734204041e+00 3.057758170190760794e-01 2.589615228701125371e-01
5.753541368532521183e+00 3.308749588216616799e-01 2.199503336466428205e-01
5.006980537841370982e+00 3.553458836143503774e-01 1.794881156858076920e-01
4.514536826486287069e+00 3.797183506574301481e-01 1.843055981657444331e-01
3.972293279286932766e+00 4.042043120935024936e-01 1.038071341217449844e-01
3.602142545757438530e+00 4.287407985369371399e-01 7.770894155494852129e-02
3.271302108172878587e+00 4.533371424922238990e-01 6.527305115473963637e-02
2.943866146022621422e+00 4.779959634912051558e-01 9.526465099368498779e-02
2.682054462661092931e+00 5.026629933946460405e-01 6.435666722105233550e-02
2.481396631745354853e+00 5.271487506500315279e-01 6.833335859562587877e-02
2.304676361354477176e+00 5.515427964227138657e-01 4.714843832437173865e-02
2.144509633192885456e+00 5.762240530263548210e-01 4.141581463130734886e-02
1.994249035045834395e+00 6.007285446297923048e-01 3.140711125067766063e-02
1.854127147728908298e+00 6.252568531449649303e-01 5.270102462452723457e-02
1.771482616113955855e+00 6.499965502683907603e-01 4.921136131697746718e-02
1.677462946222684437e+00 6.746857991314229031e-01 3.651297270360966130e-02
1.617396283146274705e+00 6.991270364754236244e-01 2.812279315993501672e-02
1.566303281653806945e+00 7.235756604093172006e-01 2.519897894190762516e-02
1.548802988786014634e+00 7.479714013051395050e-01 3.100766484617930099e-02
1.537931573937392660e+00 7.726132299420060967e-01 2.531743221665352581e-02
1.522320554733078479e+00 7.972349387995918413e-01 2.800872254822179760e-02
1.466185858233255423e+00 8.217736356692634248e-01 3.485743599393966580e-02
1.418381727984431073e+00 8.463200505719705724e-01 2.529221017520671966e-02
1.377670643444135701e+00 8.708218859006343626e-01 2.402059959735448197e-02
1.356462459919309804e+00 8.954790463233904818e-01 2.232626775542347064e-02
1.331737917737616739e+00 9.199626960429320155e-01 2.304966582489872615e-02
1.332681069309518795e+00 9.443606208269833546e-01 3.202051145127607357e-02
1.333358680031936139e+00 9.688687146412832130e-01 3.063308580939744577e-02
1.329687880236162911e+00 9.930926048855095445e-01 3.892329747026113812e-02
1.357162424328875572e+00 1.017620455362175491e+00 2.819726175129463538e-02
1.399860766957945479e+00 1.042409919186157552e+00 3.659192911371531715e-02
1.469069105981672285e+00 1.066789561870425063e+00 3.079408002764114777e-02
1.499265081009055089e+00 1.090909765172895618e+00 4.123962506822947266e-02
1.481010861283084346e+00 1.115651582439790346e+00 7.222316334577370822e-02
1.520061816085420681e+00 1.140641543091339027e+00 4.641298667742749240e-02
1.542253083072810949e+00 1.164692026865203012e+00 8.834946296935228260e-02
1.598673798582293637e+00 1.188605021497627590e+00 7.074970033255391366e-02
1.709854299270605837e+00 1.214006438167991364e+00 6.926085962002422047e-02
1.841420698489314667e+00 1.240498485730926914e+00 9.085048822884703168e-02
2.086946919599028671e+00 1.264816150349954427e+00 1.837260423734255466e-01
2.198402643240419341e+00 1.284554513240047102e+00 2.543010882714718535e-01
2.402463769701435936e+00 1.309527810458392949e+00 3.920283506137020035e-01
3.464617833927209123e+00 1.335814856768205550e+00 5.389217392294877174e-01
3.323595171553430205e+00 1.360349523175663267e+00 4.322476001051478001e+00
