5.708137185848325146e+01 7.669903939428205850e-04 3.865455738191793333e+00
6.803538628410427691e+01 9.245014912643925459e-04 4.607243409706205384e+00
7.878715682101386619e+01 1.082012588585964507e-03 5.335335460833777077e+00
8.933733287984665594e+01 1.239523685907536251e-03 6.049775868584560179e+00
9.968576676771611744e+01 1.397034783229108429e-03 6.750554631441474385e+00
1.098319477081108460e+02 1.554545880550680173e-03 7.437637160467139630e+00
1.197755996671983922e+02 1.712056977872252134e-03 8.111004763108676130e+00
1.295166800824046618e+02 1.869568075193824095e-03 8.770654557099232917e+00
1.390557172969256783e+02 2.027079172515396273e-03 9.416622320962909853e+00
1.483932388701129526e+02 2.184590269836968017e-03 1.004894378014315492e+01
1.575306236906050970e+02 2.342101367158539761e-03 1.066771231068941006e+01
1.664692699810501892e+02 2.499612464480111939e-03 1.127302259791812666e+01
1.752108080097694938e+02 2.657123561801683683e-03 1.186498504089352046e+01
1.837574392323669770e+02 2.814634659123255861e-03 1.244374871853433362e+01
1.921114764200080742e+02 2.972145756444827605e-03 1.300947024786432671e+01
2.002752021097080046e+02 3.129656853766399783e-03 1.356230419850079016e+01
2.082512189875676825e+02 3.287167951087971527e-03 1.410242682002561310e+01
2.160423925979266926e+02 3.444679048409543271e-03 1.463003216234422155e+01
2.236515965212650201e+02 3.602190145731115449e-03 1.514531481955611625e+01
2.310816247782836399e+02 3.759701243052687193e-03 1.564846399810466160e+01
2.383354139967489402e+02 3.917212340374259805e-03 1.613967856154691916e+01
2.454160222100139208e+02 4.074723437695831549e-03 1.661916559482476075e+01
2.523265906599364143e+02 4.232234535017403293e-03 1.708713781762181938e+01
2.590701831018072312e+02 4.389745632338975037e-03 1.754380270236008954e+01
2.656497600224377607e+02 4.547256729660546781e-03 1.798936072829155819e+01
2.720683238115133236e+02 4.704767826982118525e-03 1.842401521226127059e+01
2.783289098305773450e+02 4.862278924303691137e-03 1.884797170391375687e+01
2.844345708836818289e+02 5.019790021625262881e-03 1.926143693407132318e+01
2.903883622714702142e+02 5.177301118946834625e-03 1.966461780262122616e+01
2.961932358709125310e+02 5.334812216268406369e-03 2.005771420577131892e+01
3.018520003293208447e+02 5.492323313589978981e-03 2.044091634045475914e+01
3.073674534122976638e+02 5.649834410911550725e-03 2.081441366671342408e+01
3.127423854973798711e+02 5.807345508233122469e-03 2.117839514428165515e+01
3.179795726583589612e+02 5.964856605554694213e-03 2.153304876426787828e+01
3.230817708303778772e+02 6.122367702876265957e-03 2.187856115402470181e+01
3.280517109029050289e+02 6.279878800197838569e-03 2.221511724485321082e+01
3.328920667220463656e+02 6.437389897519410313e-03 2.254289810517268577e+01
3.376053226602400059e+02 6.594900994840982057e-03 2.286207197256021217e+01
3.421938875442245376e+02 6.752412092162553801e-03 2.317280196876347276e+01
3.466601524690511837e+02 6.909923189484126413e-03 2.347525001476973827e+01
3.510064875595505782e+02 7.067434286805698157e-03 2.376957661149778644e+01
3.552352391350752328e+02 7.224945384127269901e-03 2.405594064779888441e+01
3.593487273012252103e+02 7.382456481448841645e-03 2.433449923737253684e+01
3.633492439162158121e+02 7.539967578770413389e-03 2.460540758105224413e+01
3.672390508863015270e+02 7.697478676091986001e-03 2.486881885137443859e+01
3.710203651933866240e+02 7.854989773413558612e-03 2.512488317867311949e+01
3.746952192655081717e+02 8.012500870735128622e-03 2.537373819560083987e+01
3.782655289622527448e+02 8.170011968056702101e-03 2.561551364098813011e+01
3.817331942045571509e+02 8.327523065378272110e-03 2.585033817432670489e+01
3.851000988248939620e+02 8.485034162699845589e-03 2.607833936562414934e+01
3.883681089756005349e+02 8.642545260021415598e-03 2.629964358761859344e+01
3.915390717439629498e+02 8.800056357342989077e-03 2.651437592199463111e+01
3.946148139527710441e+02 8.957567454664562556e-03 2.672266007815877487e+01
3.975971411273364424e+02 9.115078551986132566e-03 2.692461832328766747e+01
4.004878366119337443e+02 9.272589649307706045e-03 2.712037142249496569e+01
4.032886608204672143e+02 9.430100746629276054e-03 2.731003858808767504e+01
4.060013486196777421e+02 9.587611843950849533e-03 2.749373730236134250e+01
4.086275027746444835e+02 9.745122941272419542e-03 2.767157610190631090e+01
4.111685496003578351e+02 9.902634038593993021e-03 2.784365157440580774e+01
4.136258963581785224e+02 1.006014513591556303e-02 2.801005901726291114e+01
4.160009438383308407e+02 1.021765623323713651e-02 2.817089328966605422e+01
4.182950851481229506e+02 1.037516733055870999e-02 2.832624873052938952e+01
4.205097046189896446e+02 1.053267842788028000e-02 2.847621908447947447e+01
4.226461768224588695e+02 1.069018952520185348e-02 2.862089743521816487e+01
4.247058656859504708e+02 1.084770062252342349e-02 2.876037614564600631e+01
4.266901237001482627e+02 1.100521171984499696e-02 2.889474680418675590e+01
4.286002912104324309e+02 1.116272281716656697e-02 2.902410017680438159e+01
4.304376957854537977e+02 1.132023391448814045e-02 2.914852616424393617e+01
4.322036516565718784e+02 1.147774501180971046e-02 2.926811376407125564e+01
4.338994592223770042e+02 1.163525610913128394e-02 2.938295103712001222e+01
4.355264013371004808e+02 1.179276720645285742e-02 2.949312485614901647e+01
4.370856305960518853e+02 1.195027830377442743e-02 2.959871327299913446e+01
4.385781494622777359e+02 1.210778940109600091e-02 2.969978417280364269e+01
4.400049527821213928e+02 1.226530049841757092e-02 2.979640492490529624e+01
4.413670362169621058e+02 1.242281159573914440e-02 2.988864295383974934e+01
4.426653952540798400e+02 1.258032269306071441e-02 2.997656567235292613e+01
4.439010242906803114e+02 1.273783379038228789e-02 3.006024041937277147e+01
4.450749157861050094e+02 1.289534488770385789e-02 3.013973440259820791e+01
4.461880594776057478e+02 1.305285598502543137e-02 3.021511464539285186e+01
4.472414416554406102e+02 1.321036708234700485e-02 3.028644793769555932e+01
4.482360444933150916e+02 1.336787817966857486e-02 3.035380079067911652e+01
4.491728454305701916e+02 1.352538927699014834e-02 3.041723939491297202e+01
4.500528166026380177e+02 1.368290037431171835e-02 3.047682958179469992e+01
4.508769243166937031e+02 1.384041147163329183e-02 3.053263678804199799e+01
4.516461285695160086e+02 1.399792256895486184e-02 3.058472602304295762e+01
4.523613826048528495e+02 1.415543366627643532e-02 3.063316183888164446e+01
4.530236325077455604e+02 1.431294476359800533e-02 3.067800830286642721e+01
4.536338161515347451e+02 1.447045586091957881e-02 3.071932892622291433e+01
4.541927998339202759e+02 1.462796695824115228e-02 3.075718237319314241e+01
4.547013318796313115e+02 1.478547805556272229e-02 3.079161931908543437e+01
4.551601507940126226e+02 1.494298915288429577e-02 3.082268977425570355e+01
4.555699970511873289e+02 1.510050025020586578e-02 3.085044388238225110e+01
4.559316124118651032e+02 1.525801134752743926e-02 3.087493187426890984e+01
4.562457392828732736e+02 1.541552244484900927e-02 3.089620402447351566e+01
4.565131201160835417e+02 1.557303354217058275e-02 3.091431061060424312e+01
4.567344968444919573e+02 1.573054463949215276e-02 3.092930187513182716e+01
4.569106103533799796e+02 1.588805573681372624e-02 3.094122798957758036e+01
4.570421999846152517e+02 1.604556683413529972e-02 3.095013902094532554e+01
4.571300030722422889e+02 1.620307793145686973e-02 3.095608490027247228e+01
4.571747545076970596e+02 1.636058902877844320e-02 3.095911539318704087e+01
4.571771863329819325e+02 1.651810012610001321e-02 3.095928007235811918e+01
4.571380273603187447e+02 1.667561122342158669e-02 3.095662829173942754e+01
4.570580028168446916e+02 1.683312232074316017e-02 3.095120916250871090e+01
4.569378340130175502e+02 1.699063341806473018e-02 3.094307153061267002e+01
4.567782380334568302e+02 1.714814451538630366e-02 3.093226395583127086e+01
4.565799274490227617e+02 1.730565561270787367e-02 3.091883469228019266e+01
4.563436100490266654e+02 1.746316671002944715e-02 3.090283167027654798e+01
4.560699885924859700e+02 1.762067780735101716e-02 3.088430247949431262e+01
4.557597605499215661e+02 1.777818890467259064e-02 3.086329435147924727e+01
4.554136116724714611e+02 1.793570000199416065e-02 3.083985372415995840e+01
4.550322083986638972e+02 1.809321109931573412e-02 3.081402572764720205e+01
4.546162105196736434e+02 1.825072219663730760e-02 3.078585504190396094e+01
4.541662729800457328e+02 1.840823329395887761e-02 3.075538601868752053e+01
4.536830456793205713e+02 1.856574439128045109e-02 3.072266266811580238e+01
4.531671732882427932e+02 1.872325548860202110e-02 3.068772864622141228e+01
4.526192950788377516e+02 1.888076658592359458e-02 3.065062724344459255e+01
4.520400447676076965e+02 1.903827768324516459e-02 3.061140137401482164e+01
4.514300503712161117e+02 1.919578878056673807e-02 3.057009356617791340e+01
4.507899340740184471e+02 1.935329987788830808e-02 3.052674595322553586e+01
4.501203121068164137e+02 1.951081097520988156e-02 3.048140026528450264e+01
4.494217946362897464e+02 1.966832207253145504e-02 3.043409782182942536e+01
4.486949856645526893e+02 1.982583316985302505e-02 3.038487952488071997e+01
4.479404829383029778e+02 1.998334426717459852e-02 3.033378585285239737e+01
4.471588778670962938e+02 2.014085536449616853e-02 3.028085685501777036e+01
4.463507554502703556e+02 2.029836646181774201e-02 3.022613214656077929e+01
4.455166942120550289e+02 2.045587755913931202e-02 3.016965090418179685e+01
4.446572661444810137e+02 2.061338865646088550e-02 3.011145186223159698e+01
4.437730366576470828e+02 2.077089975378245551e-02 3.005157330934337523e+01
4.428645645369905424e+02 2.092841085110402899e-02 2.999005308553926952e+01
4.419324019071765406e+02 2.108592194842560247e-02 2.992692857978500243e+01
4.409770942022686313e+02 2.124343304574717248e-02 2.986223672796983664e+01
4.399991801418484556e+02 2.140094414306874596e-02 2.979601401128949689e+01
4.389991917127600800e+02 2.155845524039031597e-02 2.972829645500986828e+01
4.379776541561906811e+02 2.171596633771188944e-02 2.965911962759217602e+01
4.369350864632156117e+02 2.187347743503345945e-02 2.958851867425042670e+01
4.358720559630523326e+02 2.203098853235503293e-02 2.951653201357737544e+01
4.347892234109750120e+02 2.218849962967660294e-02 2.944320439082322594e+01
4.336872459437756788e+02 2.234601072699817642e-02 2.936858030620058813e+01
4.325667654384911884e+02 2.250352182431974990e-02 2.929270322655678527e+01
4.314284088274108058e+02 2.266103292164131991e-02 2.921561560670562585e+01
4.302727884080299532e+02 2.281854401896289339e-02 2.913735891041700299e+01
4.291005021479678021e+02 2.297605511628446340e-02 2.905797363106535514e+01
4.279121339848200591e+02 2.313356621360603688e-02 2.897749931193525441e+01
4.267082541209407509e+02 2.329107731092760689e-02 2.889597456618346882e+01
4.254894193131610791e+02 2.344858840824918036e-02 2.881343709645831908e+01
4.242561731574493820e+02 2.360609950557075037e-02 2.872992371417631219e+01
4.230090463685360191e+02 2.376361060289232385e-02 2.864547035845792777e+01
4.217485570545213136e+02 2.392112170021389733e-02 2.856011211472357658e+01
4.204752109864887188e+02 2.407863279753546734e-02 2.847388323295136203e+01
4.191895018631810217e+02 2.423614389485704082e-02 2.838681714560054203e+01
4.178919115707356582e+02 2.439365499217861083e-02 2.829894648520033940e+01
4.165829104375579846e+02 2.455116608950018431e-02 2.821030310160952581e+01
4.152629574843626870e+02 2.470867718682175432e-02 2.812091807894886486e+01
4.139325006694293165e+02 2.486618828414332780e-02 2.803082175220936634e+01
4.125919771291258371e+02 2.502369938146489781e-02 2.794004372354016041e+01
4.112418134137524248e+02 2.518121047878647129e-02 2.784861287821942000e+01
4.098824257187720832e+02 2.533872157610804476e-02 2.775655740031296759e+01
4.085142201114614977e+02 2.549623267342961477e-02 2.766390478802262010e+01
4.071375927530750118e+02 2.565374377075118825e-02 2.757068186873084059e+01
4.057529301165528182e+02 2.581125486807275826e-02 2.747691481374355504e+01
4.043606091998451575e+02 2.596876596539433174e-02 2.738262915273606168e+01
4.029609977349412020e+02 2.612627706271590175e-02 2.728784978790816140e+01
4.015544543926146162e+02 2.628378816003747523e-02 2.719260100784922329e+01
4.001413289829991982e+02 2.644129925735904524e-02 2.709690650112073129e+01
3.987219626520503084e+02 2.659881035468061872e-02 2.700078936956046505e+01
3.972966880739210183e+02 2.675632145200219220e-02 2.690427214130975031e+01
3.958658311962695961e+02 2.691383254932376221e-02 2.680737688900290294e+01
3.944297892933023491e+02 2.707134364664533568e-02 2.671013051538962202e+01
3.929890627055731898e+02 2.722885474396690569e-02 2.661256690270157677e+01
3.915441435624935025e+02 2.738636584128847917e-02 2.651471937712550186e+01
3.900955068086095707e+02 2.754387693861004918e-02 2.641662010111757652e+01
3.886436107055664024e+02 2.770138803593162266e-02 2.631830010739563264e+01
3.871888973216839531e+02 2.785889913325319267e-02 2.621978933209236828e+01
3.857317930093092855e+02 2.801641023057476615e-02 2.612111664708092817e+01
3.842727088701228126e+02 2.817392132789633963e-02 2.602230989148462825e+01
3.828120412085784210e+02 2.833143242521790964e-02 2.592339590238313107e+01
3.813501719736763107e+02 2.848894352253948312e-02 2.582440054472866819e+01
3.798874691892627311e+02 2.864645461986105313e-02 2.572534874048511000e+01
3.784242873730564725e+02 2.880396571718262660e-02 2.562626449700380604e+01
3.769609679446125483e+02 2.896147681450419661e-02 2.552717093465023623e+01
3.754978396224256016e+02 2.911898791182577009e-02 2.542809031369512240e+01
3.740352188103984190e+02 2.927649900914734010e-02 2.532904406048547941e+01
3.725734099738621126e+02 2.943401010646891358e-02 2.523005279290806158e+01
3.711127060053958076e+02 2.959152120379048706e-02 2.513113634516209061e+01
3.696533885806343847e+02 2.974903230111205707e-02 2.503231379185395156e+01
3.681957285042962553e+02 2.990654339843363055e-02 2.493360347142957067e+01
3.667399860466313726e+02 3.006405449575520056e-02 2.483502300895819204e+01
3.652864112705167372e+02 3.022156559307677404e-02 2.473658933828269113e+01
3.638352443494028989e+02 3.037907669039834405e-02 2.463831872355044439e+01
3.623867158763308680e+02 3.053658778771991752e-02 2.454022678013932790e+01
3.609410471642203220e+02 3.069409888504148753e-02 2.444232849499289983e+01
3.594984505376459651e+02 3.085160998236306101e-02 2.434463824637880691e+01
3.580591296162972981e+02 3.100912107968463102e-02 2.424716982308443392e+01
3.566232795903374608e+02 3.116663217700620450e-02 2.414993644306354525e+01
3.551910874878459481e+02 3.132414327432777451e-02 2.405295077154721284e+01
3.537627324345604052e+02 3.148165437164934799e-02 2.395622493863299241e+01
3.523383859060977557e+02 3.163916546897092147e-02 2.385977055636501021e+01
3.509182119728500879e+02 3.179667656629248801e-02 2.376359873531779243e+01
3.495023675377506720e+02 3.195418766361406149e-02 2.366772010069756504e+01
3.480910025670864343e+02 3.211169876093563497e-02 2.357214480797223999e+01
3.466842603145413477e+02 3.226920985825720151e-02 2.347688255804352409e+01
3.452822775386524654e+02 3.242672095557877499e-02 2.338194261197246959e+01
3.438851847138501512e+02 3.258423205290034846e-02 2.328733380527091867e+01
3.424931062352554250e+02 3.274174315022192194e-02 2.319306456176993692e+01
3.411061606173979044e+02 3.289925424754349542e-02 2.309914290707672535e+01
3.397244607046150122e+02 3.305676534486506196e-02 2.300557648282247669e+01
3.383481329720245299e+02 3.321427644218663544e-02 2.291237385369218060e+01
3.369773527883476163e+02 3.337178753950820892e-02 2.281954689536451397e+01
3.356122969696443761e+02 3.352929863682978240e-02 2.272710758152951627e+01
3.342531337740770141e+02 3.368680973415134894e-02 2.263506730635060293e+01
3.329000231901596862e+02 3.384432083147292242e-02 2.254343690398433608e+01
3.315531172165773341e+02 3.400183192879449590e-02 2.245222666752932028e+01
3.302125601338111096e+02 3.415934302611606938e-02 2.236144636742021774e+01
3.288784887677295501e+02 3.431685412343764285e-02 2.227110526927769740e+01
3.275510327453831678e+02 3.447436522075920939e-02 2.218121215123040102e+01
3.262303147431649109e+02 3.463187631808078287e-02 2.209177532072000716e+01
3.249164507275393703e+02 3.478938741540235635e-02 2.200280263080297516e+01
3.236095501885395151e+02 3.494689851272392983e-02 2.191430149596257237e+01
3.223097163661899458e+02 3.510440961004549637e-02 2.182627890744186772e+01
3.210170464700777870e+02 3.526192070736706985e-02 2.173874144811270881e+01
3.197316318922177061e+02 3.541943180468864333e-02 2.165169530689060196e+01
3.184535584134057444e+02 3.557694290201021681e-02 2.156514629270866479e+01
3.171829064032293672e+02 3.573445399933179029e-02 2.147909984806192085e+01
3.159197510139147766e+02 3.589196509665335683e-02 2.139356106213437769e+01
3.146641623681595661e+02 3.604947619397493030e-02 2.130853468351866908e+01
3.134162057411394358e+02 3.620698729129650378e-02 2.122402513254135314e+01
3.121759417368244840e+02 3.636449838861807726e-02 2.114003651320267352e+01
3.109434264587895314e+02 3.652200948593964380e-02 2.105657262474356983e+01
3.097187116756439877e+02 3.667952058326121728e-02 2.097363697284831474e+01
3.085018449812575909e+02 3.683703168058279076e-02 2.089123278049477861e+01
3.072928699499121876e+02 3.699454277790436424e-02 2.080936299846097626e+01
3.060918262865345696e+02 3.715205387522593772e-02 2.072803031549862141e+01
3.048987499721454810e+02 3.730956497254750426e-02 2.064723716818272692e+01
3.037136734046592323e+02 3.746707606986907774e-02 2.056698575044623922e+01
3.025366255351822815e+02 3.762458716719065122e-02 2.048727802281005950e+01
3.013676319999195812e+02 3.778209826451222469e-02 2.040811572131540075e+01
3.002067152478424532e+02 3.793960936183379123e-02 2.032950036616932010e+01
2.990538946642207634e+02 3.809712045915536471e-02 2.025143327011014449e+01
2.979091866901515004e+02 3.825463155647693819e-02 2.017391554650164665e+01
2.967726049381981284e+02 3.841214265379851167e-02 2.009694811716402185e+01
2.956441603042698603e+02 3.856965375112008515e-02 2.002053171995016712e+01
2.945238610758231061e+02 3.872716484844165169e-02 1.994466691607286180e+01
2.934117130365289086e+02 3.888467594576322517e-02 1.986935409719270140e+01
2.923077195674927111e+02 3.904218704308479865e-02 1.979459349227255416e+01
2.912118817451283235e+02 3.919969814040637213e-02 1.972038517420536152e+01
2.901241984358084096e+02 3.935720923772793867e-02 1.964672906622376658e+01
2.890446663873549937e+02 3.951472033504951215e-02 1.957362494809567721e+01
2.879732803175067488e+02 3.967223143237108562e-02 1.950107246211511125e+01
2.869100329994222989e+02 3.982974252969265910e-02 1.942907111889239502e+01
2.858549153443200339e+02 3.998725362701423258e-02 1.935762030295030556e+01
2.848079164813591433e+02 4.014476472433579912e-02 1.928671927813355325e+01
2.837690238348161529e+02 4.030227582165737260e-02 1.921636719283502970e+01
2.827382231986686065e+02 4.045978691897894608e-02 1.914656308504646987e+01
2.817154988086524554e+02 4.061729801630051956e-02 1.907730588723809007e+01
2.807008321440468421e+02 4.077480911362208610e-02 1.900859434521742131e+01
2.796941947592758311e+02 4.093232021094365958e-02 1.894042653269728405e+01
2.786955536856647200e+02 4.108983130826523306e-02 1.887280021709375433e+01
2.777048751323783335e+02 4.124734240558680654e-02 1.880571311014758606e+01
2.767221245433538570e+02 4.140485350290838001e-02 1.873916287177954842e+01
2.757472666405735140e+02 4.156236460022994655e-02 1.867314711302087460e+01
2.747802654657774610e+02 4.171987569755152003e-02 1.860766339883788945e+01
2.738210844206425918e+02 4.187738679487309351e-02 1.854270925085291566e+01
2.728696863055007498e+02 4.203489789219466699e-02 1.847828214996618001e+01
2.719260333566198824e+02 4.219240898951623353e-02 1.841437953888043566e+01
2.709900872821223174e+02 4.234992008683780701e-02 1.835099882453331688e+01
2.700618092965641495e+02 4.250743118415938049e-02 1.828813738043891846e+01
2.691411601542329777e+02 4.266494228148095397e-02 1.822579254894278122e+01
2.682281001812018530e+02 4.282245337880252745e-02 1.816396164339243313e+01
2.673225893061782585e+02 4.297996447612409399e-02 1.810264195022646661e+01
2.664245870901957005e+02 4.313747557344566746e-02 1.804183073098519330e+01
2.655340527551812215e+02 4.329498667076724094e-02 1.798152522424522104e+01
2.646509452114341343e+02 4.345249776808881442e-02 1.792172264748023380e+01
2.637752230840653169e+02 4.361000886541038096e-02 1.786242019885143506e+01
2.629068447384114506e+02 4.376751996273195444e-02 1.780361505892853557e+01
2.620457683044792816e+02 4.392503106005352792e-02 1.774530439234510482e+01
2.611919517004369595e+02 4.408254215737510140e-02 1.768748534938934824e+01
2.603453526551997470e+02 4.424005325469667488e-02 1.763015506753359318e+01
2.595059287301214681e+02 4.439756435201824142e-02 1.757331067290317606e+01
2.586736373398381374e+02 4.455507544933981490e-02 1.751694928168793908e+01
2.578484357722911682e+02 4.471258654666138838e-02 1.746106800149819449e+01
2.570302812079452224e+02 4.487009764398296185e-02 1.740566393266607648e+01
2.562191307382425407e+02 4.502760874130452839e-02 1.735073416949531477e+01
2.554149413833146411e+02 4.518511983862610187e-02 1.729627580146053845e+01
2.546176701089706853e+02 4.534263093594767535e-02 1.724228591435781155e+01
2.538272738429985509e+02 4.550014203326924883e-02 1.718876159140842219e+01
2.530437094907966866e+02 4.565765313059082231e-02 1.713569991431751305e+01
2.522669339503501647e+02 4.581516422791238885e-02 1.708309796428817506e+01
2.514969041265968031e+02 4.597267532523396233e-02 1.703095282299434743e+01
2.507335769451760825e+02 4.613018642255553581e-02 1.697926157351183818e+01
2.499769093656094014e+02 4.628769751987710929e-02 1.692802130121090443e+01
2.492268583939060704e+02 4.644520861719867583e-02 1.687722909460985576e+01
2.484833810946377639e+02 4.660271971452024931e-02 1.682688204619278594e+01
2.477464346024827364e+02 4.676023081184182278e-02 1.677697725319126221e+01
2.470159761332656672e+02 4.691774190916339626e-02 1.672751181833194067e+01
2.462919629945120334e+02 4.707525300648496974e-02 1.667848285055135094e+01
2.455743525955295468e+02 4.723276410380653628e-02 1.662988746567850740e+01
2.448631024570350689e+02 4.739027520112810976e-02 1.658172278708688197e+01
2.441581702203499731e+02 4.754778629844968324e-02 1.653398594631706686e+01
2.434595136561584070e+02 4.770529739577125672e-02 1.648667408366991793e+01
2.427670906728722287e+02 4.786280849309282326e-02 1.643978434877294958e+01
2.420808593245948259e+02 4.802031959041439674e-02 1.639331390111967934e+01
2.414007778187058193e+02 4.817783068773597022e-02 1.634725991058326500e+01
2.407268045230802613e+02 4.833534178505754370e-02 1.630161955790529404e+01
2.400588979729573396e+02 4.849285288237911717e-02 1.625639003516100445e+01
2.393970168774635852e+02 4.865036397970068371e-02 1.621156854620098997e+01
2.387411201258102267e+02 4.880787507702225719e-02 1.616715230707090711e+01
2.380911667931737838e+02 4.896538617434383067e-02 1.612313854640962774e+01
2.374471161462736291e+02 4.912289727166540415e-02 1.607952450582703108e+01
2.368089276486514336e+02 4.928040836898697069e-02 1.603630744026144228e+01
2.361765609656662264e+02 4.943791946630854417e-02 1.599348461831794665e+01
2.355499759692229986e+02 4.959543056363011765e-02 1.595105332258856379e+01
2.349291327422330369e+02 4.975294166095169113e-02 1.590901084995430104e+01
2.343139915828167261e+02 4.991045275827326461e-02 1.586735451186981294e+01
2.337045125444242331e+02 5.006796385559483115e-02 1.582608160322104141e+01
2.331006409450079673e+02 5.022547495291640463e-02 1.578518842103049913e+01
2.325023049994393602e+02 5.038298605023797810e-02 1.574467010412847578e+01
2.319094330617648438e+02 5.054049714755955158e-02 1.570452180076991766e+01
2.313219546696061002e+02 5.069800824488111812e-02 1.566473873935955829e+01
2.307398005203806974e+02 5.085551934220269160e-02 1.562531622684155863e+01
2.301629024480824626e+02 5.101303043952426508e-02 1.558624964712715766e+01
2.295911934005966941e+02 5.117054153684583856e-02 1.554753445955845237e+01
2.290246074175697970e+02 5.132805263416741204e-02 1.550916619740980984e+01
2.284630796087729436e+02 5.148556373148897858e-02 1.547114046642266239e+01
2.279065461329786899e+02 5.164307482881055206e-02 1.543345294337506957e+01
2.273549441773297417e+02 5.180058592613212554e-02 1.539609937468462419e+01
2.268082119371820795e+02 5.195809702345369901e-02 1.535907557504341980e+01
2.262662885964084580e+02 5.211560812077526555e-02 1.532237742608430331e+01
2.257291143081601774e+02 5.227311921809683903e-02 1.528600087507802563e+01
2.251966301760645024e+02 5.243063031541841251e-02 1.524994193366000594e+01
2.246687782301904406e+02 5.258814141273998599e-02 1.521419667620275185e+01
2.241454998489814727e+02 5.274565251006155947e-02 1.517876113295178442e+01
2.236267336771381906e+02 5.290316360738312601e-02 1.514363114902807972e+01
2.231124188529242645e+02 5.306067470470469949e-02 1.510880260297590816e+01
2.226024955282851465e+02 5.321818580202627297e-02 1.507427144198434732e+01
2.220969048485113433e+02 5.337569689934784645e-02 1.504003368051020040e+01
2.215955889323811334e+02 5.353320799666941299e-02 1.500608539893321591e+01
2.210984908527670143e+02 5.369071909399098647e-02 1.497242274224282355e+01
2.206055546177005908e+02 5.384823019131255994e-02 1.493904191875588872e+01
2.201167251518682804e+02 5.400574128863413342e-02 1.490593919886360297e+01
2.196319482785478101e+02 5.416325238595570690e-02 1.487311091380827932e+01
2.191511707019565165e+02 5.432076348327727344e-02 1.484055345448799557e+01
2.186743399900059899e+02 5.447827458059884692e-02 1.480826327028876221e+01
2.182014045574553620e+02 5.463578567792042040e-02 1.477623686794371061e+01
2.177323136494478035e+02 5.479329677524199388e-02 1.474447081041820695e+01
2.172670173254266501e+02 5.495080787256356042e-02 1.471296171582065071e+01
2.168054664434119161e+02 5.510831896988513390e-02 1.468170625633774939e+01
2.163476126415527858e+02 5.526583006720670738e-02 1.465070115698524766e+01
2.158934037974551075e+02 5.542334116452828086e-02 1.461994288812114817e+01
2.154427751337262578e+02 5.558085226184985433e-02 1.458942706312796211e+01
2.149956605514317971e+02 5.573836335917142087e-02 1.455914920589559181e+01
2.145519951820647293e+02 5.589587445649299435e-02 1.452910492363641382e+01
2.141117153615831228e+02 5.605338555381456783e-02 1.449928990512723104e+01
2.136747586051001804e+02 5.621089665113614131e-02 1.446969991899521801e+01
2.132410635822058396e+02 5.636840774845770785e-02 1.444033081204683278e+01
2.128105700929082786e+02 5.652591884577928133e-02 1.441117850763857611e+01
2.123832190441654859e+02 5.668342994310085481e-02 1.438223900408774547e+01
2.119589524270049878e+02 5.684094104042242829e-02 1.435350837312301664e+01
2.115377132942037690e+02 5.699845213774400177e-02 1.432498275837300206e+01
2.111194457385142869e+02 5.715596323506556831e-02 1.429665837389170946e+01
2.107040948714260367e+02 5.731347433238714179e-02 1.426853150272033233e+01
2.102916068024430274e+02 5.747098542970871526e-02 1.424059849548394219e+01
2.098819286188622755e+02 5.762849652703028874e-02 1.421285576902214309e+01
2.094750083660407256e+02 5.778600762435185528e-02 1.418529980505275390e+01
2.090707950281432090e+02 5.794351872167342876e-02 1.415792714886811687e+01
2.086692385014382864e+02 5.810102981899500224e-02 1.413073440752672205e+01
2.082702851972497058e+02 5.825854091631657572e-02 1.410371795209236723e+01
2.078738709062519661e+02 5.841605201363814920e-02 1.407687343441613770e+01
2.074799307632873422e+02 5.857356311095971574e-02 1.405019646193723659e+01
2.070884011661132718e+02 5.873107420828128922e-02 1.402368272761738766e+01
2.066992197497022801e+02 5.888858530560286270e-02 1.399732800820046386e+01
2.063123253611929044e+02 5.904609640292443618e-02 1.397112816251620870e+01
2.059276580354655266e+02 5.920360750024600272e-02 1.394507912982627751e+01
2.055451589713400438e+02 5.936111859756757619e-02 1.391917692821236585e+01
2.051647705083591688e+02 5.951862969488914967e-02 1.389341765300404496e+01
2.047864361041615666e+02 5.967614079221072315e-02 1.386779747524646389e+01
2.044101003123986686e+02 5.983365188953229663e-02 1.384231264020494478e+01
2.040357087612138116e+02 5.999116298685386317e-02 1.381695946590763135e+01
2.036632081322312899e+02 6.014867408417543665e-02 1.379173434172262880e+01
2.032925461400727727e+02 6.030618518149701013e-02 1.376663372697091958e+01
2.029236715123637111e+02 6.046369627881858361e-02 1.374165414957242781e+01
2.025565339702230290e+02 6.062120737614015015e-02 1.371679220472478633e+01
2.021910842092239022e+02 6.077871847346172363e-02 1.369204455361406580e+01
2.018272738808106794e+02 6.093622957078329710e-02 1.366740792215634670e+01
2.014650555254303583e+02 6.109374066810487058e-02 1.364287909646949437e+01
2.011043772913641874e+02 6.125125176542643712e-02 1.361845456524119236e+01
2.007451783705825505e+02 6.140876286274801060e-02 1.359413021065262583e+01
2.003873980812984712e+02 6.156627396006958408e-02 1.356990192343391755e+01
2.000309769716365622e+02 6.172378505739115756e-02 1.354576567760277150e+01
1.996758567966410851e+02 6.188129615471273104e-02 1.352171752890748024e+01
1.993219804958656880e+02 6.203880725203429758e-02 1.349775361330934942e+01
1.989692921715095224e+02 6.219631834935587106e-02 1.347387014550210083e+01
1.986177370670961295e+02 6.235382944667744454e-02 1.345006341746804779e+01
1.982672615466739217e+02 6.251134054399902495e-02 1.342632979706960583e+01
1.979178130745248154e+02 6.266885164132059149e-02 1.340266572667514922e+01
1.975693401953609509e+02 6.282636273864215803e-02 1.337906772181801607e+01
1.972217925149956557e+02 6.298387383596373845e-02 1.335553236988755010e+01
1.968751206814832813e+02 6.314138493328530499e-02 1.333205632885192315e+01
1.965292763666960525e+02 6.329889603060687153e-02 1.330863632601054469e+01
1.961842122483468245e+02 6.345640712792845195e-02 1.328526915677670495e+01
1.958398819924230736e+02 6.361391822525001849e-02 1.326195168348798425e+01
1.954962402360354474e+02 6.377142932257158503e-02 1.323868083424483366e+01
1.951532425706595859e+02 6.392894041989316545e-02 1.321545360177571204e+01
1.948108455257660694e+02 6.408645151721473199e-02 1.319226704232852398e+01
1.944690064093360604e+02 6.424396261453631241e-02 1.316911826487064374e+01
1.941276783809403241e+02 6.440147371185787895e-02 1.314600409744595311e+01
1.937868093375420244e+02 6.455898480917944549e-02 1.312292101172330128e+01
1.934463479076215435e+02 6.471649590650102590e-02 1.309986552890866562e+01
1.931062438316662622e+02 6.487400700382259244e-02 1.307683424551129114e+01
1.927664479438364822e+02 6.503151810114417286e-02 1.305382383210212716e+01
1.924269121540614833e+02 6.518902919846573940e-02 1.303083103210143712e+01
1.920875894305490021e+02 6.534654029578730594e-02 1.300785266059431855e+01
1.917484337826960257e+02 6.550405139310888636e-02 1.298488560317349361e+01
1.914094002443930265e+02 6.566156249043045290e-02 1.296192681480866327e+01
1.910704448576977654e+02 6.581907358775203332e-02 1.293897331874097389e+01
1.907315246568839768e+02 6.597658468507359986e-02 1.291602220540275603e+01
1.903925976528319950e+02 6.613409578239516640e-02 1.289307063136054943e+01
1.900536228177758744e+02 6.629160687971674681e-02 1.287011581828214268e+01
1.897145600703725279e+02 6.644911797703831335e-02 1.284715505192553842e+01
1.893753702610941332e+02 6.660662907435987989e-02 1.282418568114969837e+01
1.890360151579391754e+02 6.676414017168146031e-02 1.280120511694694407e+01
1.886964574324385637e+02 6.692165126900302685e-02 1.277821083149532733e+01
1.883566606459569641e+02 6.707916236632460727e-02 1.275520035723095624e+01
1.880165892362809643e+02 6.723667346364617381e-02 1.273217128593978487e+01
1.876762085044779838e+02 6.739418456096774035e-02 1.270912126786769569e+01
1.873354844417406753e+02 6.755169565828932077e-02 1.268604799999471489e+01
1.869943810219156717e+02 6.770920675561088731e-02 1.266294904268954902e+01
1.866528606507297354e+02 6.786671785293246772e-02 1.263982185013042248e+01
1.863108865819620803e+02 6.802422895025403426e-02 1.261666393392427921e+01
1.859684229861742892e+02 6.818174004757560080e-02 1.259347286776101704e+01
1.856254349375182642e+02 6.833925114489718122e-02 1.257024628652019516e+01
1.852818884007940312e+02 6.849676224221874776e-02 1.254698188539457249e+01
1.849377502187683433e+02 6.865427333954032818e-02 1.252367741903136356e+01
1.845929880997395003e+02 6.881178443686189472e-02 1.250033070069012453e+01
1.842475706053367617e+02 6.896929553418346126e-02 1.247693960141659986e+01
1.839014671385552617e+02 6.912680663150504168e-02 1.245350204923240689e+01
1.835546479320098001e+02 6.928431772882660822e-02 1.243001602833963481e+01
1.832070840364081334e+02 6.944182882614817476e-02 1.240647957834028148e+01
1.828587473092304094e+02 6.959933992346975518e-02 1.238289079346961330e+01
1.825096104036158522e+02 6.975685102079132172e-02 1.235924782184363480e+01
1.821596467574431415e+02 6.991436211811290213e-02 1.233554886471957523e+01
1.818088305826022406e+02 7.007187321543446867e-02 1.231179217576943508e+01
1.814571368544474126e+02 7.022938431275603521e-02 1.228797606036574841e+01
1.811045413014355745e+02 7.038689541007761563e-02 1.226409887487992378e+01
1.807510203949333913e+02 7.054440650739918217e-02 1.224015902599196437e+01
1.803965513391891875e+02 7.070191760472076259e-02 1.221615497001140938e+01
1.800411120614739673e+02 7.085942870204232913e-02 1.219208521220969565e+01
1.796846812763394041e+02 7.101693979936389567e-02 1.216794831117160847e+01
1.793272393888021838e+02 7.117445089668547609e-02 1.214374293995739862e+01
1.789687681789921783e+02 7.133196199400704263e-02 1.211946786474770832e+01
1.786092500901125391e+02 7.148947309132862304e-02 1.209512189662541992e+01
1.782486682042484745e+02 7.164698418865018958e-02 1.207070388993741084e+01
1.778870062337988429e+02 7.180449528597175612e-02 1.204621274171437051e+01
1.775242485130271461e+02 7.196200638329333654e-02 1.202164739109864477e+01
1.771603799897373221e+02 7.211951748061490308e-02 1.199700681878049480e+01
1.767953862170581090e+02 7.227702857793646962e-02 1.197229004644179540e+01
1.764292533453433407e+02 7.243453967525805004e-02 1.194749613620747830e+01
1.760619681141774322e+02 7.259205077257961658e-02 1.192262419010424068e+01
1.756935178444883263e+02 7.274956186990119700e-02 1.189767334952635380e+01
1.753238904307627308e+02 7.290707296722276354e-02 1.187264279470856110e+01
1.749530743333569660e+02 7.306458406454433008e-02 1.184753174420534805e+01
1.745810585709089082e+02 7.322209516186591050e-02 1.182233945437710432e+01
1.742078327128415367e+02 7.337960625918747704e-02 1.179706521888247295e+01
1.738333868719579698e+02 7.353711735650905745e-02 1.177170836817688659e+01
1.734577116971233011e+02 7.369462845383062399e-02 1.174626826901702437e+01
1.730807983660355944e+02 7.385213955115219053e-02 1.172074432397124077e+01
1.727026385780785063e+02 7.400965064847377095e-02 1.169513597093557422e+01
1.723232245472552790e+02 7.416716174579533749e-02 1.166944268265525153e+01
1.719425489952025430e+02 7.432467284311691791e-02 1.164366396625159794e+01
1.715606051442836133e+02 7.448218394043848445e-02 1.161779936275429215e+01
1.711773870000967293e+02 7.463969503776005099e-02 1.159184846623241505e+01
1.707928937722674334e+02 7.479720613508163141e-02 1.156581122316311117e+01
1.704071288834301185e+02 7.495471723240319795e-02 1.153968786532150403e+01
1.700200961518116287e+02 7.511222832972476449e-02 1.151347865127157100e+01
1.696317996721124075e+02 7.526973942704634490e-02 1.148718385829963751e+01
1.692422438109613552e+02 7.542725052436791144e-02 1.146080378210655049e+01
1.688514332024263069e+02 7.558476162168949186e-02 1.143433873650369925e+01
1.684593727435491815e+02 7.574227271901105840e-02 1.140778905311063340e+01
1.680660675899351872e+02 7.589978381633262494e-02 1.138115508105637730e+01
1.676715231513713320e+02 7.605729491365420536e-02 1.135443718668271629e+01
1.672757450874895540e+02 7.621480601097577190e-02 1.132763575325054539e+01
1.668787393034653235e+02 7.637231710829735232e-02 1.130075118064853079e+01
1.664805119457564899e+02 7.652982820561891886e-02 1.127378388510460283e+01
1.660810693978769450e+02 7.668733930294048540e-02 1.124673429889972276e+01
1.656804182762091671e+02 7.684485040026206581e-02 1.121960287008432822e+01
1.652785654258518946e+02 7.700236149758363235e-02 1.119239006219713595e+01
1.648755179165053733e+02 7.715987259490521277e-02 1.116509635398651312e+01
1.644712830383891173e+02 7.731738369222677931e-02 1.113772223913402115e+01
1.640658682981993195e+02 7.747489478954834585e-02 1.111026822598067199e+01
1.636592814150971265e+02 7.763240588686992627e-02 1.108273483725523434e+01
1.632515303167322713e+02 7.778991698419149281e-02 1.105512260980498773e+01
1.628426231353012383e+02 7.794742808151305935e-02 1.102743209432878224e+01
1.624325682036406988e+02 7.810493917883463977e-02 1.099966385511248390e+01
1.620213740513498237e+02 7.826245027615620631e-02 1.097181846976637765e+01
1.616090495041531767e+02 7.841996137347778673e-02 1.094389653595388801e+01
1.611956091972742797e+02 7.857747247079935327e-02 1.091589904474805195e+01
1.607810761976209903e+02 7.873498356812091981e-02 1.088782755820158421e+01
1.603654741241916497e+02 7.889249466544250022e-02 1.085968367575382665e+01
1.599488264489806681e+02 7.905000576276406676e-02 1.083146898688928061e+01
1.595311564966413584e+02 7.920751686008564718e-02 1.080318507111474169e+01
1.591124874441656516e+02 7.936502795740721372e-02 1.077483349793763523e+01
1.586928423205900458e+02 7.952253905472878026e-02 1.074641582684607855e+01
1.582722440067149421e+02 7.968005015205036068e-02 1.071793360728987388e+01
1.578507152348504690e+02 7.983756124937192722e-02 1.068938837866334168e+01
1.574282785885764042e+02 7.999507234669350764e-02 1.066078167028901014e+01
1.570049565025250331e+02 8.015258344401507418e-02 1.063211500140292287e+01
1.565807712621810879e+02 8.031009454133664072e-02 1.060338988114111913e+01
1.561557450037027195e+02 8.046760563865822113e-02 1.057460780852747639e+01
1.557298997137563674e+02 8.062511673597978767e-02 1.054577027246253529e+01
1.553032572293762428e+02 8.078262783330135421e-02 1.051687875171401387e+01
1.548758392378371127e+02 8.094013893062293463e-02 1.048793471490814611e+01
1.544476672765460705e+02 8.109765002794450117e-02 1.045893962052238457e+01
1.540187627329516147e+02 8.125516112526608159e-02 1.042989491687924541e+01
1.535891468444710029e+02 8.141267222258764813e-02 1.040080204214134696e+01
1.531588406984334938e+02 8.157018331990921467e-02 1.037166242430764740e+01
1.527278652320408412e+02 8.172769441723079509e-02 1.034247748121066834e+01
1.522962412323414583e+02 8.188520551455236163e-02 1.031324862051482860e+01
1.518639893362281157e+02 8.204271661187394205e-02 1.028397723971623279e+01
1.514311300304404995e+02 8.220022770919550859e-02 1.025466472614289870e+01
1.509976836515952812e+02 8.235773880651707513e-02 1.022531245695672908e+01
1.505636724105454505e+02 8.251524990383865554e-02 1.019592193623982901e+01
1.501291300800197348e+02 8.267276100116022208e-02 1.016649545102531960e+01
1.496940941999625920e+02 8.283027209848178862e-02 1.013703554345590696e+01
1.492586017564412089e+02 8.298778319580336904e-02 1.010754471816666289e+01
1.488226891804683021e+02 8.314529429312493558e-02 1.007802544220528773e+01
1.483863923528061264e+02 8.330280539044651600e-02 1.004848014535743062e+01
1.479497466087888142e+02 8.346031648776808254e-02 1.001891122047326199e+01
1.475127867431598077e+02 8.361782758508964908e-02 9.989321023795044496e+00
1.470755470149282473e+02 8.377533868241122950e-02 9.959711875285993443e+00
1.466380611522382367e+02 8.393284977973279604e-02 9.930086058960043260e+00
1.462003623572465472e+02 8.409036087705437645e-02 9.900445823212116636e+00
1.457624833110139662e+02 8.424787197437594299e-02 9.870793381149409740e+00
1.453244561784020448e+02 8.440538307169750953e-02 9.841130910922936792e+00
1.448863126129742795e+02 8.456289416901908995e-02 9.811460556059470761e+00
1.444480837619068723e+02 8.472040526634065649e-02 9.781784425794080917e+00
1.440098002708953402e+02 8.487791636366223691e-02 9.752104595402380838e+00
1.435714922890688570e+02 8.503542746098380345e-02 9.722423106533351955e+00
1.431331894738975450e+02 8.519293855830536999e-02 9.692741967541630643e+00
1.426949209961037752e+02 8.535044965562695041e-02 9.663063153820116824e+00
1.422567155445657079e+02 8.550796075294851695e-02 9.633388608132007036e+00
1.418186013312159730e+02 8.566547185027008349e-02 9.603720240942536179e+00
1.413806060959386173e+02 8.582298294759166390e-02 9.574059930750602021e+00
1.409427571114532896e+02 8.598049404491323044e-02 9.544409524419513957e+00
1.405050811881919515e+02 8.613800514223481086e-02 9.514770837507196433e+00
1.400676046791676868e+02 8.629551623955637740e-02 9.485145654595957154e+00
1.396303534848284471e+02 8.645302733687794394e-02 9.455535729621134422e+00
1.391933530608225738e+02 8.661053843419952436e-02 9.425942786396960926e+00
1.387566323281014888e+02 8.676804953152109090e-02 9.396368783402268221e+00
1.383202312408194530e+02 8.692556062884267132e-02 9.366816426266046491e+00
1.378841910872533276e+02 8.708307172616423786e-02 9.337288510961858634e+00
1.374485523207685844e+02 8.724058282348580440e-02 9.307787776924454803e+00
1.370133545700777233e+02 8.739809392080738482e-02 9.278316907744457609e+00
1.365786366494921538e+02 8.755560501812895136e-02 9.248878531862596120e+00
1.361444365691537826e+02 8.771311611545053177e-02 9.219475223262579178e+00
1.357107915452499753e+02 8.787062721277209831e-02 9.190109502162835398e+00
1.352777380102038478e+02 8.802813831009366485e-02 9.160783835706560296e+00
1.348453116228382953e+02 8.818564940741524527e-02 9.131500638650054569e+00
1.344135472785121408e+02 8.834316050473681181e-02 9.102262274049078172e+00
1.339824791192174303e+02 8.850067160205837835e-02 9.073071053942653563e+00
1.335521405436470843e+02 8.865818269937995877e-02 9.043929240034822570e+00
1.331225642172168477e+02 8.881569379670152531e-02 9.014839044373307075e+00
1.326937820820483296e+02 8.897320489402310573e-02 8.985802630025549576e+00
1.322658253669047212e+02 8.913071599134467227e-02 8.956822111751556292e+00
1.318387245970797608e+02 8.928822708866623881e-02 8.927899556673533965e+00
1.314125096042359075e+02 8.944573818598781922e-02 8.899036984942142681e+00
1.309872095361877768e+02 8.960324928330938576e-02 8.870236370398997039e+00
1.305628528666338468e+02 8.976076038063096618e-02 8.841499641235694540e+00
1.301394674048276556e+02 8.991827147795253272e-02 8.812828680648708612e+00
1.297170803051888868e+02 9.007578257527409926e-02 8.784225327490256419e+00
1.292957180768577246e+02 9.023329367259567968e-02 8.755691376915310187e+00
1.288754065931788659e+02 9.039080476991724622e-02 8.727228581023821263e+00
1.284561711011264720e+02 9.054831586723882664e-02 8.698838649498961573e+00
1.280380362306580651e+02 9.070582696456039318e-02 8.670523250240554702e+00
1.276210260040019051e+02 9.086333806188195972e-02 8.642284009994035898e+00
1.272051638448734110e+02 9.102084915920354014e-02 8.614122514974512868e+00
1.267904744631173912e+02 9.117836025652510668e-02 8.586040438491663096e+00
1.263769905266489673e+02 9.133587135384667322e-02 8.558039992762463299e+00
1.259647463418410780e+02 9.149338245116825363e-02 8.530123500957522253e+00
1.255537753560449659e+02 9.165089354848982017e-02 8.502293228075950893e+00
1.251441101709896913e+02 9.180840464581140059e-02 8.474551381852721832e+00
1.247357825563171332e+02 9.196591574313296713e-02 8.446900113675226862e+00
1.243288234630298490e+02 9.212342684045453367e-02 8.419341519493979575e+00
1.239232630368391739e+02 9.228093793777611409e-02 8.391877640726509213e+00
1.235191306314266200e+02 9.243844903509768063e-02 8.364510465155396091e+00
1.231164548215968608e+02 9.259596013241926105e-02 8.337241927818968890e+00
1.227152634163358726e+02 9.275347122974082759e-02 8.310073911895594634e+00
1.223155834717591119e+02 9.291098232706239413e-02 8.283008249580493754e+00
1.219174413039566787e+02 9.306849342438397454e-02 8.256046722955598938e+00
1.215208625017293969e+02 9.322600452170554108e-02 8.229191064852019011e+00
1.211258719392095600e+02 9.338351561902712150e-02 8.202442959704699277e+00
1.207324937883735885e+02 9.354102671634868804e-02 8.175804044399757942e+00
1.203407515314365099e+02 9.369853781367025458e-02 8.149275909113804062e+00
1.199506679731309760e+02 9.385604891099183500e-02 8.122860098145476826e+00
1.195622652528668937e+02 9.401356000831340154e-02 8.096558110738865111e+00
1.191755648567736330e+02 9.417107110563496808e-02 8.070371401898972508e+00
1.187905876296170362e+02 9.432858220295654850e-02 8.044301383198741107e+00
1.184073537866002823e+02 9.448609330027811504e-02 8.018349423578163382e+00
1.180258829250363846e+02 9.464360439759969545e-02 7.992516850134747664e+00
1.176461940358972953e+02 9.480111549492126199e-02 7.966804948905586770e+00
1.172683055152403000e+02 9.495862659224282853e-02 7.941214965641136381e+00
1.168922351755058742e+02 9.511613768956440895e-02 7.915748106570299925e+00
1.165180002566912520e+02 9.527364878688597549e-02 7.890405539157061554e+00
1.161456174373944492e+02 9.543115988420755591e-02 7.865188392848390997e+00
1.157751028457334712e+02 9.558867098152912245e-02 7.840097759813669853e+00
1.154064721070343751e+02 9.574618207885068899e-02 7.815134698174033723e+00
1.150397420765980883e+02 9.590369317617226941e-02 7.790300349342479613e+00
1.146749315369759756e+02 9.606120427349383595e-02 7.765595985242207178e+00
1.143120588555319870e+02 9.621871537081541637e-02 7.741022849680601503e+00
1.139511418039040365e+02 9.637622646813698291e-02 7.716582146123490027e+00
1.135921975699983193e+02 9.653373756545854945e-02 7.692275038507340845e+00
1.132352427698464368e+02 9.669124866278012986e-02 7.668102652042223966e+00
1.128802934593185512e+02 9.684875976010169640e-02 7.644066074005017697e+00
1.125273651456965922e+02 9.700627085742326294e-02 7.620166354523106200e+00
1.121764727991032373e+02 9.716378195474484336e-02 7.596404507348347046e+00
1.118276308637915690e+02 9.732129305206640990e-02 7.572781510621580559e+00
1.114808532692894971e+02 9.747880414938799032e-02 7.549298307627306137e+00
1.111361534414047014e+02 9.763631524670955686e-02 7.525955807538935005e+00
1.107935443130849507e+02 9.779382634403112340e-02 7.502754886154218816e+00
1.104530383351388707e+02 9.795133744135270382e-02 7.479696386621245807e+00
1.101146474868128990e+02 9.810884853867427036e-02 7.456781120154696296e+00
1.097783832862274949e+02 9.826635963599585077e-02 7.434009866742571582e+00
1.094442568006750776e+02 9.842387073331741731e-02 7.411383375843536570e+00
1.091122786567707408e+02 9.858138183063898385e-02 7.388902367074323685e+00
1.087824590504720135e+02 9.873889292796056427e-02 7.366567530888247006e+00
1.084548077569506574e+02 9.889640402528213081e-02 7.344379529243717286e+00
1.081293341403312951e+02 9.905391512260371123e-02 7.322338996263704658e+00
1.078060471632904012e+02 9.921142621992527777e-02 7.300446538885779546e+00
1.074849553965155451e+02 9.936893731724684431e-02 7.278702737502673159e+00
1.071660670280318328e+02 9.952644841456842473e-02 7.257108146593855835e+00
1.068493898723901054e+02 9.968395951188999127e-02 7.235663295347737112e+00
1.065349313797205468e+02 9.984147060921155781e-02 7.214368688274763741e+00
1.062226986446525387e+02 9.999898170653313823e-02 7.193224805811459177e+00
1.059126984151025681e+02 1.001564928038547048e-01 7.172232104915526207e+00
1.056049371009274722e+02 1.003140039011762852e-01 7.151391019651826220e+00
1.052994207824489479e+02 1.004715149984978517e-01 7.130701961769653430e+00
1.049961552021826492e+02 1.006290260958194183e-01 7.110165320142631806e+00
1.046951440392968777e+02 1.007865371931409987e-01 7.089781343917930911e+00
1.043963874507419121e+02 1.009440482904625652e-01 7.069550043723962673e+00
1.040998850452528330e+02 1.011015593877841456e-01 7.049471393064922431e+00
1.038056362510836124e+02 1.012590704851057122e-01 7.029545353223108251e+00
1.035136403214708167e+02 1.014165815824272787e-01 7.009771873628949379e+00
1.032238963400049556e+02 1.015740926797488591e-01 6.990150892224708201e+00
1.029364032259070001e+02 1.017316037770704257e-01 6.970682335821829056e+00
1.026511597392070314e+02 1.018891148743920061e-01 6.951366120451607067e+00
1.023681644858343560e+02 1.020466259717135726e-01 6.932202151709890181e+00
1.020874159226149800e+02 1.022041370690351392e-01 6.913190325095491140e+00
1.018089123621779777e+02 1.023616481663567196e-01 6.894330526342457688e+00
1.015326519777759984e+02 1.025191592636782861e-01 6.875622631746490576e+00
1.012586328080139140e+02 1.026766703609998527e-01 6.857066508485167411e+00
1.009868527614958964e+02 1.028341814583214331e-01 6.838662014932635813e+00
1.007173096213849277e+02 1.029916925556429996e-01 6.820409000968371771e+00
1.004500010498777272e+02 1.031492036529645800e-01 6.802307308280224341e+00
1.001849245926001259e+02 1.033067147502861466e-01 6.784356770662038016e+00
9.992207768291814318e+01 1.034642258476077131e-01 6.766557214305628065e+00
9.966145764617138525e+01 1.036217369449292935e-01 6.748908458087434781e+00
9.940306170382633866e+01 1.037792480422508601e-01 6.731410313849774063e+00
9.914688697755096314e+01 1.039367591395724405e-01 6.714062586676787348e+00
9.889293049321641149e+01 1.040942702368940070e-01 6.696865075165400860e+00
9.864118918481919707e+01 1.042517813342155736e-01 6.679817571690948697e+00
9.839165989833260539e+01 1.044092924315371540e-01 6.662919862667981086e+00
9.814433939548243302e+01 1.045668035288587205e-01 6.646171728805943424e+00
9.789922435745461371e+01 1.047243146261803010e-01 6.629572945360254543e+00
9.765631138852886295e+01 1.048818257235018675e-01 6.613123282378378320e+00
9.741559701964318663e+01 1.050393368208234340e-01 6.596822504941195042e+00
9.717707771189240873e+01 1.051968479181450145e-01 6.580670373399917672e+00
9.694074985995831639e+01 1.053543590154665810e-01 6.564666643608382479e+00
9.670660979547234604e+01 1.055118701127881475e-01 6.548811067150762888e+00
9.647465379031481802e+01 1.056693812101097280e-01 6.533103391564985429e+00
9.624487766321641402e+01 1.058268923074312945e-01 6.517543333702431774e+00
9.601727051314404093e+01 1.059844034047528749e-01 6.502130155363236241e+00
9.579181598351503624e+01 1.061419145020744415e-01 6.486862748906776943e+00
9.556849772934484122e+01 1.062994255993960080e-01 6.471740007477835732e+00
9.534729958640475900e+01 1.064569366967175884e-01 6.456760836461676867e+00
9.512820556913575842e+01 1.066144477940391549e-01 6.441924153342785786e+00
9.491119986858970492e+01 1.067719588913607354e-01 6.427228887565435755e+00
9.469626685039412450e+01 1.069294699886823019e-01 6.412673980395883433e+00
9.448339105275037753e+01 1.070869810860038684e-01 6.398258384786790209e+00
9.427255718445290711e+01 1.072444921833254489e-01 6.383981065243101938e+00
9.406375012293656823e+01 1.074020032806470154e-01 6.369840997689815154e+00
9.385695491235091481e+01 1.075595143779685958e-01 6.355837169341564952e+00
9.365215676165882996e+01 1.077170254752901624e-01 6.341968578573871085e+00
9.344934104275979792e+01 1.078745365726117289e-01 6.328234234796053848e+00
9.324849328863876963e+01 1.080320476699333093e-01 6.314633158325874795e+00
9.304959919153972692e+01 1.081895587672548759e-01 6.301164380265843690e+00
9.285264460116266605e+01 1.083470698645764424e-01 6.287826942381141038e+00
9.265761552288384451e+01 1.085045809618980228e-01 6.274619896979077183e+00
9.246449811600056989e+01 1.086620920592195894e-01 6.261542306790238932e+00
9.227327869199812937e+01 1.088196031565411698e-01 6.248593244851148754e+00
9.208394371284059332e+01 1.089771142538627363e-01 6.235771794388475620e+00
9.189647978928203997e+01 1.091346253511843029e-01 6.223077048704718450e+00
9.171087367920260647e+01 1.092921364485058833e-01 6.210508111065504266e+00
9.152711228596302817e+01 1.094496475458274498e-01 6.198064094588167983e+00
9.134518265678404703e+01 1.096071586431490302e-01 6.185744122131996647e+00
9.116507198114456401e+01 1.097646697404705968e-01 6.173547326189770423e+00
9.098676758920232999e+01 1.099221808377921633e-01 6.161472848780807254e+00
9.081025695023254229e+01 1.100796919351137437e-01 6.149519841345225224e+00
9.063552767109125341e+01 1.102372030324353103e-01 6.137687464639891566e+00
9.046256749469462477e+01 1.103947141297568907e-01 6.125974888635435711e+00
9.029136429851908474e+01 1.105522252270784572e-01 6.114381292414689639e+00
9.012190609312327183e+01 1.107097363244000238e-01 6.102905864072587505e+00
8.995418102068565247e+01 1.108672474217216042e-01 6.091547800617140851e+00
8.978817735356261664e+01 1.110247585190431707e-01 6.080306307871794047e+00
8.962388347305306979e+01 1.111822696163647373e-01 6.069180599037397705e+00
8.946128380021802684e+01 1.113397807136863177e-01 6.058169619134064376e+00
8.930035390802163420e+01 1.114972918110078842e-01 6.047271714003483289e+00
8.914106848681090867e+01 1.116548029083294646e-01 6.036485169717971111e+00
8.898340256848780427e+01 1.118123140056510312e-01 6.025808295479380128e+00
8.882733152059314818e+01 1.119698251029725977e-01 6.015239423218468495e+00
8.867283104051298892e+01 1.121273362002941781e-01 6.004776907202561631e+00
8.851987714980583632e+01 1.122848472976157447e-01 5.994419123651415937e+00
8.836844618864996903e+01 1.124423583949373251e-01 5.984164470361174715e+00
8.821851481040489773e+01 1.125998694922588916e-01 5.974011366336115181e+00
8.807005997628617422e+01 1.127573805895804582e-01 5.963958251427993851e+00
8.792305895015286410e+01 1.129148916869020386e-01 5.954003585983095093e+00
8.777748929339871609e+01 1.130724027842236051e-01 5.944145850496253658e+00
8.763332885995411914e+01 1.132299138815451855e-01 5.934383545272401861e+00
8.749055579138672556e+01 1.133874249788667521e-01 5.924715190094792305e+00
8.734914851210737652e+01 1.135449360761883186e-01 5.915139323900342028e+00
8.720908572466944975e+01 1.137024471735098990e-01 5.905654504461327114e+00
8.707034640517045432e+01 1.138599582708314656e-01 5.896259308073971361e+00
8.693290979874268487e+01 1.140174693681530321e-01 5.886952329253086091e+00
8.679675541513974224e+01 1.141749804654746125e-01 5.877732180433209663e+00
8.666186302441178668e+01 1.143324915627961791e-01 5.868597491675719979e+00
8.652821265266837258e+01 1.144900026601177595e-01 5.859546910381915552e+00
8.639578457792890731e+01 1.146475137574393260e-01 5.850579101012014505e+00
8.626455932605581722e+01 1.148050248547608926e-01 5.841692744809748206e+00
8.613451766677235355e+01 1.149625359520824730e-01 5.832886539532701420e+00
8.600564060975769110e+01 1.151200470494040395e-01 5.824159199187875835e+00
8.587790940082446411e+01 1.152775581467256200e-01 5.815509453772834014e+00
8.575130551817125024e+01 1.154350692440471865e-01 5.806936049021936164e+00
8.562581066871123880e+01 1.155925803413687530e-01 5.798437746157715011e+00
8.550140678447414189e+01 1.157500914386903335e-01 5.790013321647213829e+00
8.537807601908072286e+01 1.159076025360119000e-01 5.781661566963259169e+00
8.525580074428889077e+01 1.160651136333334804e-01 5.773381288350567075e+00
8.513456354660648628e+01 1.162226247306550470e-01 5.765171306596350576e+00
8.501434722397439714e+01 1.163801358279766135e-01 5.757030456805727781e+00
8.489513478251414824e+01 1.165376469252981939e-01 5.748957588181461631e+00
8.477690943333978169e+01 1.166951580226197605e-01 5.740951563808068592e+00
8.465965458876345906e+01 1.168526691199413270e-01 5.733011260394863307e+00
8.454335183386598374e+01 1.170101802172629074e-01 5.725135430914091828e+00
8.442797650506257412e+01 1.171676913145844739e-01 5.717322405188736134e+00
8.431350295611612466e+01 1.173252024119060544e-01 5.709570446498200447e+00
8.419990586029929602e+01 1.174827135092276209e-01 5.701877839758546784e+00
8.408716020546083314e+01 1.176402246065491874e-01 5.694242891188425304e+00
8.397524128921591569e+01 1.177977357038707679e-01 5.686663927983341971e+00
8.386412471425589388e+01 1.179552468011923344e-01 5.679139297998057501e+00
8.375378638377519280e+01 1.181127578985139148e-01 5.671667369436907080e+00
8.364420249701420573e+01 1.182702689958354814e-01 5.664246530551956482e+00
8.353534954491108522e+01 1.184277800931570479e-01 5.656875189348574473e+00
8.342720430586484781e+01 1.185852911904786283e-01 5.649551773298486346e+00
8.331974384160383806e+01 1.187428022878001949e-01 5.642274729060021699e+00
8.321294549315737754e+01 1.189003133851217753e-01 5.635042522205303328e+00
8.310678687692842459e+01 1.190578244824433418e-01 5.627853636954293748e+00
8.300124588086660538e+01 1.192153355797649084e-01 5.620706575915657588e+00
8.289630066073456760e+01 1.193728466770864888e-01 5.613599859833907857e+00
8.279192963647140857e+01 1.195303577744080553e-01 5.606532027343138935e+00
8.268811148864537586e+01 1.196878688717296219e-01 5.599501634726830268e+00
8.258482515499609633e+01 1.198453799690512023e-01 5.592507255683677236e+00
8.248204982706549515e+01 1.200028910663727688e-01 5.585547481099443878e+00
8.237976494691216089e+01 1.201604021636943492e-01 5.578620918824465313e+00
8.227795020390931313e+01 1.203179132610159158e-01 5.571726193456818521e+00
8.217658553162374346e+01 1.204754243583374823e-01 5.564861946130953640e+00
8.207565110477439418e+01 1.206329354556590627e-01 5.558026834311757369e+00
8.197512733626507497e+01 1.207904465529806293e-01 5.551219531593589274e+00
8.187499487429653300e+01 1.209479576503022097e-01 5.544438727504729769e+00
8.177523459954832674e+01 1.211054687476237762e-01 5.537683127316547882e+00
8.167582762243451100e+01 1.212629798449453428e-01 5.530951451857632151e+00
8.157675528042622659e+01 1.214204909422669232e-01 5.524242437332518740e+00
8.147799913544598382e+01 1.215780020395884897e-01 5.517554835145205949e+00
8.137954097132436004e+01 1.217355131369100563e-01 5.510887411726943519e+00
8.128136279132536401e+01 1.218930242342316367e-01 5.504238948368648465e+00
8.118344681573026378e+01 1.220505353315532032e-01 5.497608241057284850e+00
8.108577547948692654e+01 1.222080464288747836e-01 5.490994100316680893e+00
8.098833142991696832e+01 1.223655575261963502e-01 5.484395351052266498e+00
8.089109752448183599e+01 1.225230686235179167e-01 5.477810832399796048e+00
8.079405682860527804e+01 1.226805797208394971e-01 5.471239397577867258e+00
8.069719261323974990e+01 1.228380908181610637e-01 5.464679913723164084e+00
8.060048790316200495e+01 1.229956019154826441e-01 5.458131231301744712e+00
8.050392458618787828e+01 1.231531130128042106e-01 5.451592123786564770e+00
8.040748452221608034e+01 1.233106241101257772e-01 5.445061362760085011e+00
8.031114979422122246e+01 1.234681352074473576e-01 5.438537734911090382e+00
8.021490270616342855e+01 1.236256463047689241e-01 5.432020041893135698e+00
8.011872578095345432e+01 1.237831574020905046e-01 5.425507100186756304e+00
8.002260175847764856e+01 1.239406684994120711e-01 5.418997740965707521e+00
7.992651359367432917e+01 1.240981795967336376e-01 5.412490809966707062e+00
7.983044445466515526e+01 1.242556906940552180e-01 5.405985167362902466e+00
7.973437772093774356e+01 1.244132017913767846e-01 5.399479687640788228e+00
7.963829698157823600e+01 1.245707128886983511e-01 5.392973259480514869e+00
7.954218603355393213e+01 1.247282239860199315e-01 5.386464785639616615e+00
7.944602888004233421e+01 1.248857350833414981e-01 5.379953182839825487e+00
7.934980972880796912e+01 1.250432461806630924e-01 5.373437381657174328e+00
7.925351299062174348e+01 1.252007572779846589e-01 5.366916326414950866e+00
7.915712327772783397e+01 1.253582683753062255e-01 5.360388975079874996e+00
7.906062540234870539e+01 1.255157794726277920e-01 5.353854299160867747e+00
7.896400437523472249e+01 1.256732905699493585e-01 5.347311283610827637e+00
7.886724540425203145e+01 1.258308016672709251e-01 5.340758926731007605e+00
7.877033389301102773e+01 1.259883127645924916e-01 5.334196240078132867e+00
7.867325543953009515e+01 1.261458238619140859e-01 5.327622248373917735e+00
7.857599583493842488e+01 1.263033349592356525e-01 5.321035989417230994e+00
7.847854106221291204e+01 1.264608460565572190e-01 5.314436513998524347e+00
7.838087729495001099e+01 1.266183571538787855e-01 5.307822885816711356e+00
7.828299089617112827e+01 1.267758682512003521e-01 5.301194181398241945e+00
7.818486841715964886e+01 1.269333793485219464e-01 5.294549490018349402e+00
7.808649659633064744e+01 1.270908904458435129e-01 5.287887913624519598e+00
7.798786235812941925e+01 1.272484015431650795e-01 5.281208566761896428e+00
7.788895281195965481e+01 1.274059126404866460e-01 5.274510576500700765e+00
7.778975525114249479e+01 1.275634237378082125e-01 5.267793082365733071e+00
7.769025715189870596e+01 1.277209348351298068e-01 5.261055236267452528e+00
7.759044617236088470e+01 1.278784459324513734e-01 5.254296202435090990e+00
7.749031015161054370e+01 1.280359570297729399e-01 5.247515157351442028e+00
7.738983710873881705e+01 1.281934681270945064e-01 5.240711289689238050e+00
7.728901524193187811e+01 1.283509792244160730e-01 5.233883800249244267e+00
7.718783292758081416e+01 1.285084903217376673e-01 5.227031901899964694e+00
7.708627871941061471e+01 1.286660014190592338e-01 5.220154819518654676e+00
7.698434134763321879e+01 1.288235125163808004e-01 5.213251789933975644e+00
7.688200971812003104e+01 1.289810236137023669e-01 5.206322061869959050e+00
7.677927291614237504e+01 1.291385347110239334e-01 5.199364896199299757e+00
7.667612154341317421e+01 1.292960458083455277e-01 5.192379656485597295e+00
7.657254955616984660e+01 1.294535569056670943e-01 5.185365933455285514e+00
7.646855149175256372e+01 1.296110680029886608e-01 5.178323357186107145e+00
7.636412199585578264e+01 1.297685791003102274e-01 5.171251565093384350e+00
7.625925582201571729e+01 1.299260901976317939e-01 5.164150201895293613e+00
7.615394783110396304e+01 1.300836012949533882e-01 5.157018919578596261e+00
7.604819299082572570e+01 1.302411123922749547e-01 5.149857377364641664e+00
7.594198637522181627e+01 1.303986234895965213e-01 5.142665241675646648e+00
7.583532316417617380e+01 1.305561345869180878e-01 5.135442186101361273e+00
7.572819864292596037e+01 1.307136456842396544e-01 5.128187891365867834e+00
7.562060820157621777e+01 1.308711567815612486e-01 5.120902045294735139e+00
7.551254733461877322e+01 1.310286678788828152e-01 5.113584342782432124e+00
7.540401164045242410e+01 1.311861789762043817e-01 5.106234485759827635e+00
7.529499682090880697e+01 1.313436900735259483e-01 5.098852183162096097e+00
7.518549868077940346e+01 1.315012011708475148e-01 5.091437150896687136e+00
7.507551312734521787e+01 1.316587122681690813e-01 5.083989111811461292e+00
7.496503616991115848e+01 1.318162233654906756e-01 5.076507795663168565e+00
7.485406391933992154e+01 1.319737344628122422e-01 5.068992939085894989e+00
7.474259258759008162e+01 1.321312455601338087e-01 5.061444285559756118e+00
7.463061848725422465e+01 1.322887566574553753e-01 5.053861585379650023e+00
7.451813803110177048e+01 1.324462677547769418e-01 5.046244595624271412e+00
7.440514773162064444e+01 1.326037788520985361e-01 5.038593080125095547e+00
7.429164420056164886e+01 1.327612899494201026e-01 5.030906809435515825e+00
7.417762414848442631e+01 1.329188010467416692e-01 5.023185560800083493e+00
7.406308438430286856e+01 1.330763121440632357e-01 5.015429118123751806e+00
7.394802181483456138e+01 1.332338232413848023e-01 5.007637271941338675e+00
7.383243344434761468e+01 1.333913343387063966e-01 4.999809819386856979e+00
7.371631637411054783e+01 1.335488454360279631e-01 4.991946564163022515e+00
7.359966780194137925e+01 1.337063565333495296e-01 4.984047316510721970e+00
7.348248502175822239e+01 1.338638676306710962e-01 4.976111893178587486e+00
7.336476542312951210e+01 1.340213787279926627e-01 4.968140117392517041e+00
7.324650649082302323e+01 1.341788898253142570e-01 4.960131818825169070e+00
7.312770580435875445e+01 1.343364009226358236e-01 4.952086833565651602e+00
7.300836103755612783e+01 1.344939120199573901e-01 4.944005004088884547e+00
7.288846995808592055e+01 1.346514231172789566e-01 4.935886179225230208e+00
7.276803042701882873e+01 1.348089342146005232e-01 4.927730214129949715e+00
7.264704039837529592e+01 1.349664453119221175e-01 4.919536970252707420e+00
7.252549791867288320e+01 1.351239564092436840e-01 4.911306315306914527e+00
7.240340112647483295e+01 1.352814675065652505e-01 4.903038123239161550e+00
7.228074825193527886e+01 1.354389786038868171e-01 4.894732274198426047e+00
7.215753761634736918e+01 1.355964897012083836e-01 4.886388654505465112e+00
7.203376764556570322e+01 1.357540007985299779e-01 4.878007157561770057e+00
7.190943943759756962e+01 1.359115118958515445e-01 4.869587857722569524e+00
7.178455972265436458e+01 1.360690229931731110e-01 4.861131210746603593e+00
7.165913593436084739e+01 1.362265340904946775e-01 4.852637720026605095e+00
7.153317547169991997e+01 1.363840451878162441e-01 4.844107886609406499e+00
7.140668569883482064e+01 1.365415562851378384e-01 4.835542209183921969e+00
7.127967394493339270e+01 1.366990673824594049e-01 4.826941184069226232e+00
7.115214750400016896e+01 1.368565784797809715e-01 4.818305305203198330e+00
7.102411363471266270e+01 1.370140895771025380e-01 4.809635064131430937e+00
7.089557956026449403e+01 1.371716006744241045e-01 4.800930949996602415e+00
7.076655246821371748e+01 1.373291117717456711e-01 4.792193449528213911e+00
7.063703951033538431e+01 1.374866228690672654e-01 4.783423047032592024e+00
7.050704780248091197e+01 1.376441339663888319e-01 4.774620224383389733e+00
7.037658442444255513e+01 1.378016450637103985e-01 4.765785461012380431e+00
7.024565641982158581e+01 1.379591561610319650e-01 4.756919233900551269e+00
7.011427079590433209e+01 1.381166672583535315e-01 4.748022017569695663e+00
6.998243452354090266e+01 1.382741783556751258e-01 4.739094284074214514e+00
6.985015453702993682e+01 1.384316894529966924e-01 4.730136502993296688e+00
6.971743773400882560e+01 1.385892005503182589e-01 4.721149141423498286e+00
6.958429097534754248e+01 1.387467116476398254e-01 4.712132663971537738e+00
6.945072108504913899e+01 1.389042227449613920e-01 4.703087532747579402e+00
6.931673485015318192e+01 1.390617338422829863e-01 4.694014207358668145e+00
6.918233902064515917e+01 1.392192449396045528e-01 4.684913144902624893e+00
6.904754030937040454e+01 1.393767560369261194e-01 4.675784799962182881e+00
6.891234539195237119e+01 1.395342671342476859e-01 4.666629624599481829e+00
6.877676090671531028e+01 1.396917782315692524e-01 4.657448068350820591e+00
6.864079345461229309e+01 1.398492893288908467e-01 4.648240578221783714e+00
6.850444959915635934e+01 1.400068004262124133e-01 4.639007598682575839e+00
6.836773586635786160e+01 1.401643115235339798e-01 4.629749571663783314e+00
6.823065874466414016e+01 1.403218226208555464e-01 4.620466936552286796e+00
6.809322468490496760e+01 1.404793337181771129e-01 4.611160130187576200e+00
6.795544010024170234e+01 1.406368448154987072e-01 4.601829586858283250e+00
6.781731136612067701e+01 1.407943559128202737e-01 4.592475738299055976e+00
6.767884482023072223e+01 1.409518670101418403e-01 4.583099013687653489e+00
6.754004676246339045e+01 1.411093781074634068e-01 4.573699839642280551e+00
6.740092345488076830e+01 1.412668892047849734e-01 4.564278640219380456e+00
6.726148112168317539e+01 1.414244003021065677e-01 4.554835836911467872e+00
6.712172594918288837e+01 1.415819113994281342e-01 4.545371848645338275e+00
6.698166408578165942e+01 1.417394224967497007e-01 4.535887091780555380e+00
6.684130164195170209e+01 1.418969335940712673e-01 4.526381980108145520e+00
6.670064469021916409e+01 1.420544446913928338e-01 4.516856924849505184e+00
6.655969926515432178e+01 1.422119557887144281e-01 4.507312334655710018e+00
6.641847136336245683e+01 1.423694668860359946e-01 4.497748615606918854e+00
6.627696694347896766e+01 1.425269779833575612e-01 4.488166171212025546e+00
6.613519192746932163e+01 1.426844890806791277e-01 4.478565402496700543e+00
6.599315409408166033e+01 1.428420001780006943e-01 4.468946836224856334e+00
6.585086682183840878e+01 1.429995112753222608e-01 4.459311378367818435e+00
6.570834439110730330e+01 1.431570223726438551e-01 4.449659995968382908e+00
6.556560091368794474e+01 1.433145334699654216e-01 4.439993644654189886e+00
6.542265033352299497e+01 1.434720445672869882e-01 4.430313268685890371e+00
6.527950642743343224e+01 1.436295556646085547e-01 4.420619801006926863e+00
6.513618280587746767e+01 1.437870667619301213e-01 4.410914163294935797e+00
6.499269291373056490e+01 1.439445778592517156e-01 4.401197266014560405e+00
6.484905003108809751e+01 1.441020889565732821e-01 4.391470008471816122e+00
6.470526727408895340e+01 1.442596000538948486e-01 4.381733278869847759e+00
6.456135759575683153e+01 1.444171111512164152e-01 4.371987954365923024e+00
6.441733378686461720e+01 1.445746222485379817e-01 4.362234901129940390e+00
6.427320847681451710e+01 1.447321333458595760e-01 4.352474974404053398e+00
6.412899413453699538e+01 1.448896444431811426e-01 4.342709018563533974e+00
6.398470306940789243e+01 1.450471555405027091e-01 4.332937867178876523e+00
6.384034743218061436e+01 1.452046666378242756e-01 4.323162343078934988e+00
6.369593921593613572e+01 1.453621777351458422e-01 4.313383258415233179e+00
6.355149025704641019e+01 1.455196888324674365e-01 4.303601414727235230e+00
6.340701223615458559e+01 1.456771999297890030e-01 4.293817603008704964e+00
6.326251667916684340e+01 1.458347110271105695e-01 4.284032603774870829e+00
6.311801495826109232e+01 1.459922221244321361e-01 4.274247187130741032e+00
6.297351829290528968e+01 1.461497332217537026e-01 4.264462112840060826e+00
6.282903775088993825e+01 1.463072443190752969e-01 4.254678130395229019e+00
6.268458424937215057e+01 1.464647554163968635e-01 4.244895979088002314e+00
6.254016855593049229e+01 1.466222665137184300e-01 4.235116388080921723e+00
6.239580128963124395e+01 1.467797776110399965e-01 4.225340076479527696e+00
6.225149292210387131e+01 1.469372887083615631e-01 4.215567753405185414e+00
6.210725377862659968e+01 1.470947998056831574e-01 4.205800118068592219e+00
6.196309403922120396e+01 1.472523109030047239e-01 4.196037859843926299e+00
6.181902373975660225e+01 1.474098220003262905e-01 4.186281658343563805e+00
6.167505277305961897e+01 1.475673330976478570e-01 4.176532183493318229e+00
6.153119089003453723e+01 1.477248441949694235e-01 4.166790095608234878e+00
6.138744770078858437e+01 1.478823552922910178e-01 4.157056045468825012e+00
6.124383267576541101e+01 1.480398663896125844e-01 4.147330674397810668e+00
6.110035514688406977e+01 1.481973774869341509e-01 4.137614614337253194e+00
6.095702430868313826e+01 1.483548885842557175e-01 4.127908487926045034e+00
6.081384921947222466e+01 1.485123996815772840e-01 4.118212908577874920e+00
6.067083880248571859e+01 1.486699107788988505e-01 4.108528480559355600e+00
6.052800184704305764e+01 1.488274218762204448e-01 4.098855799068615191e+00
6.038534700971335667e+01 1.489849329735420114e-01 4.089195450314138114e+00
6.024288281548123791e+01 1.491424440708635779e-01 4.079548011593732149e+00
6.010061765891913410e+01 1.492999551681851444e-01 4.069914051373905828e+00
5.995855980535966978e+01 1.494574662655067110e-01 4.060294129369262706e+00
5.981671739207373406e+01 1.496149773628283053e-01 4.050688796622278431e+00
5.967509842944758702e+01 1.497724884601498718e-01 4.041098595583011210e+00
5.953371080216403755e+01 1.499299995574714384e-01 4.031524060189091152e+00
5.939256253373660144e+01 1.500875106547930049e-01 4.021965733779534702e+00
5.925166401059722432e+01 1.502450217521145714e-01 4.012424319706267895e+00
5.911102682404852970e+01 1.504025328494361657e-01 4.002900602913063821e+00
5.897066239425202383e+01 1.505600439467577323e-01 3.993395356754299907e+00
5.883058195747923946e+01 1.507175550440792988e-01 3.983909342131626730e+00
5.869079656796436950e+01 1.508750661414008654e-01 3.974443307619435650e+00
5.855131709976381416e+01 1.510325772387224319e-01 3.964997989590772320e+00
5.841215424861967165e+01 1.511900883360440262e-01 3.955574112343534399e+00
5.827331853383163462e+01 1.513475994333655927e-01 3.946172388227235928e+00
5.813482030013032897e+01 1.515051105306871593e-01 3.936793517769856532e+00
5.799666971955522143e+01 1.516626216280087258e-01 3.927438189805025015e+00
5.785887679333796285e+01 1.518201327253302924e-01 3.918107081599546682e+00
5.772145135378420377e+01 1.519776438226518867e-01 3.908800858980832515e+00
5.758440306616084570e+01 1.521351549199734532e-01 3.899520176464714716e+00
5.744774143058311466e+01 1.522926660172950197e-01 3.890265677383222709e+00
5.731147578390157804e+01 1.524501771146165863e-01 3.881037994012376924e+00
5.717561530159120764e+01 1.526076882119381528e-01 3.871837747700111798e+00
5.704016899963817622e+01 1.527651993092597471e-01 3.862665548994038911e+00
5.690514573642740714e+01 1.529227104065813136e-01 3.853521997769281615e+00
5.677055421462647899e+01 1.530802215039028802e-01 3.844407683356040550e+00
5.663640298307021936e+01 1.532377326012244467e-01 3.835323184667216889e+00
5.650270043864014724e+01 1.533952436985460133e-01 3.826269070325686972e+00
5.636945482814380881e+01 1.535527547958676076e-01 3.817245898791568948e+00
5.623667425018816601e+01 1.537102658931891741e-01 3.808254218489077747e+00
5.610436665705006476e+01 1.538677769905107406e-01 3.799294567933201971e+00
5.597253985654376862e+01 1.540252880878323072e-01 3.790367475856160961e+00
5.584120151388155051e+01 1.541827991851538737e-01 3.781473461333401787e+00
5.571035915353105139e+01 1.543403102824754403e-01 3.772613033909386182e+00
5.558002016106649279e+01 1.544978213797970346e-01 3.763786693722936061e+00
5.545019178501338786e+01 1.546553324771186011e-01 3.754994931632165578e+00
5.532088113868859836e+01 1.548128435744401676e-01 3.746238229339083237e+00
5.519209520203295227e+01 1.549703546717617342e-01 3.737517059513693507e+00
5.506384082343664943e+01 1.551278657690833007e-01 3.728831885917615274e+00
5.493612472155833615e+01 1.552853768664048950e-01 3.720183163527253534e+00
5.480895348713612236e+01 1.554428879637264616e-01 3.711571338656453722e+00
5.468233358479142225e+01 1.556003990610480281e-01 3.702996849078644459e+00
5.455627135482398415e+01 1.557579101583695946e-01 3.694460124148399416e+00
5.443077301499925369e+01 1.559154212556911612e-01 3.685961584922472944e+00
5.430584466232649987e+01 1.560729323530127555e-01 3.677501644280207760e+00
5.418149227482889785e+01 1.562304434503343220e-01 3.669080707043412826e+00
5.405772171330359299e+01 1.563879545476558885e-01 3.660699170095540467e+00
5.393453872307409114e+01 1.565454656449774551e-01 3.652357422500356776e+00
5.381194893573008642e+01 1.567029767422990216e-01 3.644055845619769585e+00
5.368995787086205240e+01 1.568604878396206159e-01 3.635794813231280731e+00
5.356857093778102552e+01 1.570179989369421825e-01 3.627574691644454674e+00
5.344779343723211440e+01 1.571755100342637490e-01 3.619395839816949234e+00
5.332763056309544680e+01 1.573330211315853155e-01 3.611258609469706116e+00
5.320808740407797899e+01 1.574905322289068821e-01 3.603163345201508605e+00
5.308916894539395770e+01 1.576480433262284764e-01 3.595110384602791864e+00
5.297087968022565718e+01 1.578055544235500429e-01 3.587100031944398637e+00
5.285322234577976985e+01 1.579630655208716095e-01 3.579132472585423219e+00
5.273619916888351611e+01 1.581205766181931760e-01 3.571207857322908019e+00
5.273619916888351611e+01 1.581205766181931760e-01 3.571207857322908019e+00
4.089424262803451171e+01 1.826842454521749870e-01 2.763345059353623512e+00
3.458963262415863937e+01 2.073525430377324841e-01 1.885574380889684987e+00
2.730388636545683667e+01 2.322407203492417860e-01 1.527208549453825670e+00
2.369128570639846032e+01 2.568837818198746459e-01 1.416247713871267022e+00
1.989385028848848336e+01 2.811184729179193598e-01 8.893786838503530134e-01
1.734746460260635814e+01 3.057758170190760794e-01 6.667843891731232153e-01
1.506039061534342416e+01 3.308749588216616799e-01 5.604627092665713795e-01
1.308659759582275051e+01 3.553458836143503774e-01 4.603283796151430018e-01
1.178099913598717130e+01 3.797183506574301481e-01 4.604589304115615511e-01
1.035766228201088346e+01 4.042043120935024936e-01 2.703939907988762159e-01
9.375401910903375935e+00 4.287407985369371399e-01 1.949656900888927513e-01
8.504035215385032487e+00 4.533371424922238990e-01 1.637894343095177285e-01
7.640220953601259524e+00 4.779959634912051558e-01 2.374031099529534672e-01
6.955048646741118112e+00 5.026629933946460405e-01 1.610760663024994876e-01
6.419487732985817097e+00 5.271487506500315279e-01 1.660675560391651207e-01
5.962614896447474777e+00 5.515427964227138657e-01 1.170722850404911503e-01
5.538075471985509424e+00 5.762240530263548210e-01 1.028561562250534800e-01
5.136178995374346634e+00 6.007285446297923048e-01 7.307929996376065496e-02
4.774385919233999687e+00 6.252568531449649303e-01 1.299670538046646950e-01
4.551488639688535009e+00 6.499965502683907603e-01 1.154106087130034597e-01
4.302547004925884266e+00 6.746857991314229031e-01 8.346588549611634600e-02
4.144401562566556230e+00 6.991270364754236244e-01 6.575823084750437308e-02
4.007405364323306074e+00 7.235756604093172006e-01 5.839313470021494090e-02
3.957799586985546902e+00 7.479714013051395050e-01 7.078253329814435113e-02
3.925579993097546794e+00 7.726132299420060967e-01 5.288604846726149833e-02
3.881503349002920267e+00 7.972349387995918413e-01 6.557109525001784955e-02
3.730709275856549212e+00 8.217736356692634248e-01 8.175283728949152284e-02
3.605075944629743567e+00 8.463200505719705724e-01 5.633924722264137264e-02
3.499957623610394641e+00 8.708218859006343626e-01 5.797927508101687055e-02
3.441709325183439638e+00 8.954790463233904818e-01 5.341772540932237384e-02
3.372895532832980603e+00 9.199626960429320155e-01 5.147556935469866507e-02
3.371094871533039328e+00 9.443606208269833546e-01 7.403133239620041106e-02
3.363898020318211834e+00 9.688687146412832130e-01 6.756201526182412098e-02
3.364462882132194466e+00 9.930926048855095445e-01 8.600125662038925201e-02
3.428517729543044457e+00 1.017620455362175491e+00 6.224805825572789220e-02
3.539334287484591446e+00 1.042409919186157552e+00 8.587870588127605176e-02
3.706795133809783760e+00 1.066789561870425063e+00 6.468480932149613116e-02
3.769506654603759888e+00 1.090909765172895618e+00 9.030134974956505189e-02
3.737184832393169120e+00 1.115651582439790346e+00 1.597343696332274021e-01
3.829458434016057122e+00 1.140641543091339027e+00 1.078319753064366920e-01
3.902147500530719348e+00 1.164692026865203012e+00 2.285375558914361227e-01
4.039467442931554686e+00 1.188605021497627590e+00 1.677737747257911916e-01
4.336318905051297357e+00 1.214006438167991364e+00 2.178081516871549772e-01
4.659168814127667702e+00 1.240498485730926914e+00 2.801465689394531666e-01
5.244453157695948775e+00 1.264816150349954427e+00 4.609756226246233823e-01
5.464291223574684331e+00 1.284554513240047102e+00 5.534283245938126372e-01
6.139271009747650609e+00 1.309527810458392949e+00 9.076016099844070872e-01
9.038650590568105159e+00 1.335814856768205550e+00 1.430906202137820937e+00
1.011124179418033719e+01 1.360349523175663267e+00 1.280983205701561189e+01
