8.401652435828580678e+00 7.669903939428205850e-04 5.709675615467142418e-01
1.001394413423566654e+01 9.245014912643925459e-04 6.805372285345768768e-01
1.159646810273540751e+01 1.082012588585964507e-03 7.880839115573455844e-01
1.314931992631924373e+01 1.239523685907536251e-03 8.936141064716260907e-01
1.467247786647144814e+01 1.397034783229108429e-03 9.971263359504991541e-01
1.616586674338149265e+01 1.554545880550680173e-03 1.098615490852230536e+00
1.762944592837761704e+01 1.712056977872252134e-03 1.198078810094542312e+00
1.906320915678988115e+01 1.869568075193824095e-03 1.295515867936980703e+00
2.046723419402151833e+01 2.027079172515396273e-03 1.390931949235471699e+00
2.184159869010382238e+01 2.184590269836968017e-03 1.484332331005382422e+00
2.318650559991877103e+01 2.342101367158539761e-03 1.575730805849413718e+00
2.450216072406882262e+01 2.499612464480111939e-03 1.665141359762467577e+00
2.578880401733022865e+01 2.657123561801683683e-03 1.752580299821578702e+00
2.704675950598748457e+01 2.814634659123255861e-03 1.838069646516042210e+00
2.827636760056092058e+01 2.972145756444827605e-03 1.921632533790783137e+00
2.947796426148823556e+01 3.129656853766399783e-03 2.003291793167737644e+00
3.065193257108345293e+01 3.287167951087971527e-03 2.083073458522547661e+00
3.179869430105241435e+01 3.444679048409543271e-03 2.161006193021686617e+00
3.291867240591870569e+01 3.602190145731115449e-03 2.237118740214689705e+00
3.401227813001761291e+01 3.759701243052687193e-03 2.311439047838876437e+00
3.507994370763195491e+01 3.917212340374259805e-03 2.383996490086569775e+00
3.612211924240379801e+01 4.074723437695831549e-03 2.454821655533161895e+00
3.713926708520958186e+01 4.232234535017403293e-03 2.523945965063355334e+00
3.813183818188792884e+01 4.389745632338975037e-03 2.591400064487343613e+00
3.910026827846981234e+01 4.547256729660546781e-03 2.657213566652205206e+00
4.004499928855665303e+01 4.704767826982118525e-03 2.721416503546683519e+00
4.096647797878834751e+01 4.862278924303691137e-03 2.784039236966978415e+00
4.186515368312035434e+01 5.019790021625262881e-03 2.845112303181376312e+00
4.274147610297461597e+01 5.177301118946834625e-03 2.904666263430811579e+00
4.359587971712293353e+01 5.334812216268406369e-03 2.962730644440741301e+00
4.442877792275182003e+01 5.492323313589978981e-03 3.019333540254017567e+00
4.524058251539852193e+01 5.649834410911550725e-03 3.074502936067069925e+00
4.603170420317086098e+01 5.807345508233122469e-03 3.128266743175752040e+00
4.680255158884718014e+01 5.964856605554694213e-03 3.180652729799926526e+00
4.755353031105273232e+01 6.122367702876265957e-03 3.231688462718683041e+00
4.828504232200774737e+01 6.279878800197838569e-03 3.281401258186866343e+00
4.899748117787454760e+01 6.437389897519410313e-03 3.329817861871958939e+00
4.969121254669978072e+01 6.594900994840982057e-03 3.376963124194102051e+00
5.036659097716329825e+01 6.752412092162553801e-03 3.422861139912834805e+00
5.102396840806589751e+01 6.909923189484126413e-03 3.467535826423034706e+00
5.166369369165847303e+01 7.067434286805698157e-03 3.511010891360853758e+00
5.228611217632809627e+01 7.224945384127269901e-03 3.553309804243504733e+00
5.289156535213066235e+01 7.382456481448841645e-03 3.594455772380022562e+00
5.348039055146604426e+01 7.539967578770413389e-03 3.634471720529468985e+00
5.405292069818617051e+01 7.697478676091986001e-03 3.673380273850566535e+00
5.460948210384961499e+01 7.854989773413558612e-03 3.711203608137464194e+00
5.515037391603134154e+01 8.012500870735128622e-03 3.747962053148230943e+00
5.567587812491203891e+01 8.170011968056702101e-03 3.783674772642268369e+00
5.618627437470565411e+01 8.327523065378272110e-03 3.818360770949519534e+00
5.668183994160875017e+01 8.485034162699845589e-03 3.852038891471922355e+00
5.716284949952664363e+01 8.642545260021415598e-03 3.884727800762413530e+00
5.762957491623146922e+01 8.800056357342989077e-03 3.916445974672038144e+00
5.808228507681905484e+01 8.957567454664562556e-03 3.947211686352257498e+00
5.852124573166710064e+01 9.115078551986132566e-03 3.977042995922352553e+00
5.894671936638663823e+01 9.272589649307706045e-03 4.005957741631453572e+00
5.935896509152954792e+01 9.430100746629276054e-03 4.033973532363183345e+00
5.975823825743003681e+01 9.587611843950849533e-03 4.061107721460681219e+00
6.014477477073666734e+01 9.745122941272419542e-03 4.087376340894436133e+00
6.051878456688764629e+01 9.902634038593993021e-03 4.112793657658486701e+00
6.088047477686901487e+01 1.006014513591556303e-02 4.137373748159221876e+00
6.123005157919783414e+01 1.021765623323713651e-02 4.161130624074226070e+00
6.156772002156349544e+01 1.037516733055870999e-02 4.184078220231217671e+00
6.189368385995844335e+01 1.053267842788028000e-02 4.206230383675529261e+00
6.220814541384083896e+01 1.069018952520185348e-02 4.227600863827118971e+00
6.251130543599141021e+01 1.084770062252342349e-02 4.248203303636173267e+00
6.280336299584875093e+01 1.100521171984499696e-02 4.268051231654702349e+00
6.308451537521705177e+01 1.116272281716656697e-02 4.287158054948939423e+00
6.335495797532839646e+01 1.132023391448814045e-02 4.305537052783392937e+00
6.361488423433507222e+01 1.147774501180971046e-02 4.323201371013712269e+00
6.386448555438159502e+01 1.163525610913128394e-02 4.340164017130569540e+00
6.410395075530574616e+01 1.179276720645285742e-02 4.356437823133767040e+00
6.433344948448770140e+01 1.195027830377442743e-02 4.372034318082818949e+00
6.455312929174662884e+01 1.210778940109600091e-02 4.386963529309979570e+00
6.476313660581980969e+01 1.226530049841757092e-02 4.401235407959947388e+00
6.496361797540747318e+01 1.242281159573914440e-02 4.414859913329968855e+00
6.515471992358460795e+01 1.258032269306071441e-02 4.427847002975837221e+00
6.533658881298119070e+01 1.273783379038228789e-02 4.440206623549660669e+00
6.550937072099813463e+01 1.289534488770385789e-02 4.451948702319678652e+00
6.567321132437939468e+01 1.305285598502543137e-02 4.463083139325904725e+00
6.582825579251527870e+01 1.321036708234700485e-02 4.473619800129122304e+00
6.597464868889183265e+01 1.336787817966857486e-02 4.483568509113494471e+00
6.611253388015683186e+01 1.352538927699014834e-02 4.492939043306772184e+00
6.624205445229009115e+01 1.368290037431171835e-02 4.501741126683334038e+00
6.636335263342608926e+01 1.384041147163329183e-02 4.509984424919278645e+00
6.647656972288912414e+01 1.399792256895486184e-02 4.517678540569725953e+00
6.658184602604318059e+01 1.415543366627643532e-02 4.524833008641289567e+00
6.667932079458168459e+01 1.431294476359800533e-02 4.531457292534232906e+00
6.676913207154002805e+01 1.447045586091957881e-02 4.537560773509669687e+00
6.685140736492901681e+01 1.462796695824115228e-02 4.543152116879397795e+00
6.692625681863761145e+01 1.478547805556272229e-02 4.548238807907564407e+00
6.699378913126621171e+01 1.494298915288429577e-02 4.552828233637999489e+00
6.705411329119431230e+01 1.510050025020586578e-02 4.556927800807623719e+00
6.710733847617065351e+01 1.525801134752743926e-02 4.560544929022688265e+00
6.715357395904426596e+01 1.541552244484900927e-02 4.563687044352370492e+00
6.719292901929412665e+01 1.557303354217058275e-02 4.566361573316408240e+00
6.722551286002730819e+01 1.573054463949215276e-02 4.568575937244376384e+00
6.725143453014062800e+01 1.588805573681372624e-02 4.570337546985897781e+00
6.727080285136000271e+01 1.604556683413529972e-02 4.571653797952281550e+00
6.728372634988529910e+01 1.620307793145686973e-02 4.572532065471203389e+00
6.729031319239544473e+01 1.636058902877844320e-02 4.572979700437660888e+00
6.729067112616900204e+01 1.651810012610001321e-02 4.573004025244648219e+00
6.728490742310178518e+01 1.667561122342158669e-02 4.572612329978639423e+00
6.727312882741087208e+01 1.683312232074316017e-02 4.571811868865607309e+00
6.725544150682776490e+01 1.699063341806473018e-02 4.570609856954168215e+00
6.723195100709435224e+01 1.714814451538630366e-02 4.569013467023171238e+00
6.720276220958450608e+01 1.730565561270787367e-02 4.567029826701702433e+00
6.716797929188889782e+01 1.746316671002944715e-02 4.564666015790477260e+00
6.712770569120284847e+01 1.762067780735101716e-02 4.561929063773709103e+00
6.708204406632222572e+01 1.777818890467259064e-02 4.558825947236397447e+00
6.703109535109865647e+01 1.793570000199416065e-02 4.555363525538131064e+00
6.697495763681311587e+01 1.809321109931573412e-02 4.551548464860335486e+00
6.691372803634061484e+01 1.825072219663730760e-02 4.547387364893001660e+00
6.684750294919383862e+01 1.840823329395887761e-02 4.542886776846755126e+00
6.677637803232495628e+01 1.856574439128045109e-02 4.538053201468576603e+00
6.670044817307383767e+01 1.872325548860202110e-02 4.532893087203397897e+00
6.661980746415750332e+01 1.888076658592359458e-02 4.527412828494406405e+00
6.653454918059054535e+01 1.903827768324516459e-02 4.521618764214588637e+00
6.644476575844382182e+01 1.919578878056673807e-02 4.515517176223180051e+00
6.635054877534646778e+01 1.935329987788830808e-02 4.509114288040615648e+00
6.625198893264024491e+01 1.951081097520988156e-02 4.502416263635748983e+00
6.614917603910521393e+01 1.966832207253145504e-02 4.495429206319865756e+00
6.604219899617577028e+01 1.982583316985302505e-02 4.488159157741991478e+00
6.593114578456848562e+01 1.998334426717459852e-02 4.480612096980115311e+00
6.581610345225313097e+01 2.014085536449616853e-02 4.472793939723736401e+00
6.569715810369693543e+01 2.029836646181774201e-02 4.464710537542894819e+00
6.557439489031349922e+01 2.045587755913931202e-02 4.456367677239096992e+00
6.544789800205975894e+01 2.061338865646088550e-02 4.447771080274257827e+00
6.531775066011590525e+01 2.077089975378245551e-02 4.438926402273227545e+00
6.518403511059619859e+01 2.092841085110402899e-02 4.429839232596396670e+00
6.504683261923383952e+01 2.108592194842560247e-02 4.420515093978468535e+00
6.490622346699055356e+01 2.124343304574717248e-02 4.410959442230113936e+00
6.476228694654164997e+01 2.140094414306874596e-02 4.401177665999074229e+00
6.461510135958901913e+01 2.155845524039031597e-02 4.391175086587580267e+00
6.446474401495969175e+01 2.171596633771188944e-02 4.380956957823106457e+00
6.431129130154354812e+01 2.187347743503345945e-02 4.370528471015165728e+00
6.415482672299069122e+01 2.203098853235503293e-02 4.359895300984971911e+00
6.399544753407929676e+01 2.218849962967660294e-02 4.349064057066104105e+00
6.383325045699297107e+01 2.234601072699817642e-02 4.338041312397558968e+00
6.366832996787331922e+01 2.250352182431974990e-02 4.326833487479667006e+00
6.350077834318502568e+01 2.266103292164131991e-02 4.315446853324998777e+00
6.333068570533716013e+01 2.281854401896289339e-02 4.303887534558742622e+00
6.315814006756311016e+01 2.297605511628446340e-02 4.292161512468701368e+00
6.298322737805514748e+01 2.313356621360603688e-02 4.280274628004633541e+00
6.280603156335253345e+01 2.329107731092760689e-02 4.268232584726863621e+00
6.262663457098448561e+01 2.344858840824918036e-02 4.256040951704245678e+00
6.244511641136843849e+01 2.360609950557075037e-02 4.243705166361536385e+00
6.226155519896733637e+01 2.376361060289232385e-02 4.231230537276398529e+00
6.207602719270842329e+01 2.392112170021389733e-02 4.218622246926213570e+00
6.188860683566687015e+01 2.407863279753546734e-02 4.205885354384944819e+00
6.169936679402270840e+01 2.423614389485704082e-02 4.193024797970615225e+00
6.150837799529062266e+01 2.439365499217861083e-02 4.180045397843353605e+00
6.131570966583402793e+01 2.455116608950018431e-02 4.166951858554821975e+00
6.112142936766800005e+01 2.470867718682175432e-02 4.153748771549296670e+00
6.092560303455774573e+01 2.486618828414332780e-02 4.140440617616889085e+00
6.072829500742065534e+01 2.502369938146489781e-02 4.127031769299427388e+00
6.052956806903947040e+01 2.518121047878647129e-02 4.113526493249531235e+00
6.032948347809650613e+01 2.533872157610804476e-02 4.099928952543540284e+00
6.012810100253383183e+01 2.549623267342961477e-02 4.086243208948634020e+00
5.992547895225286680e+01 2.565374377075118825e-02 4.072473225145071929e+00
5.972167421115835850e+01 2.581125486807275826e-02 4.058622866903857762e+00
5.951674226855696048e+01 2.596876596539433174e-02 4.044695905220563326e+00
5.931073724992361207e+01 2.612627706271590175e-02 4.030696018406169756e+00
5.910371194703751030e+01 2.628378816003747523e-02 4.016626794135087941e+00
5.889571784750427952e+01 2.644129925735904524e-02 4.002491731451448764e+00
5.868680516367260225e+01 2.659881035468061872e-02 3.988294242734243156e+00
5.847702286094952484e+01 2.675632145200219220e-02 3.974037655621611709e+00
5.826641891468759127e+01 2.691383254932376221e-02 3.959725230468613688e+00
5.805505179860058718e+01 2.707134364664533568e-02 3.945360941088026596e+00
5.784299515645879097e+01 2.722885474396690569e-02 3.930949792233885631e+00
5.763032142345657860e+01 2.738636584128847917e-02 3.916496706526665150e+00
5.741710050539465726e+01 2.754387693861004918e-02 3.902006434691877246e+00
5.720339985256268278e+01 2.770138803593162266e-02 3.887483560581054487e+00
5.698928453179867404e+01 2.785889913325319267e-02 3.872932506068841541e+00
5.677481729674921951e+01 2.801641023057476615e-02 3.858357535827789064e+00
5.656005865635657415e+01 2.817392132789633963e-02 3.843762761982687515e+00
5.634506694159934170e+01 2.833143242521790964e-02 3.829152148646171927e+00
5.612989837051580366e+01 2.848894352253948312e-02 3.814529516337656467e+00
5.591460711153855101e+01 2.864645461986105313e-02 3.799898546287486578e+00
5.569924534516988501e+01 2.880396571718262660e-02 3.785262784628322219e+00
5.548386332402888854e+01 2.896147681450419661e-02 3.770625646475898041e+00
5.526850943129995386e+01 2.911898791182577009e-02 3.755990419901101607e+00
5.505323023761611978e+01 2.927649900914734010e-02 3.741360269795723337e+00
5.483807055640436801e+01 2.943401010646891358e-02 3.726738241633648308e+00
5.462307349772968479e+01 2.959152120379048706e-02 3.712127265130062526e+00
5.440828052066545695e+01 2.974903230111205707e-02 3.697530157800468231e+00
5.419373148422430120e+01 2.990654339843363055e-02 3.682949628421914756e+00
5.397946469687902038e+01 3.006405449575520056e-02 3.668388280398366952e+00
5.376551696470677655e+01 3.022156559307677404e-02 3.653848615032551539e+00
5.355192363818693480e+01 3.037907669039834405e-02 3.639333034706279335e+00
5.333871865768426801e+01 3.053658778771991752e-02 3.624843845971442935e+00
5.312593459764771353e+01 3.069409888504148753e-02 3.610383262553712669e+00
5.291360270955600953e+01 3.085160998236306101e-02 3.595953408271081120e+00
5.270175296363945705e+01 3.100912107968463102e-02 3.581556319869227512e+00
5.249041408940920661e+01 3.116663217700620450e-02 3.567193949775853135e+00
5.227961361502144655e+01 3.132414327432777451e-02 3.552868168775820124e+00
5.206937790550807676e+01 3.148165437164934799e-02 3.538580768609277172e+00
5.185973219990047767e+01 3.163916546897092147e-02 3.524333464494547208e+00
5.165070064727500210e+01 3.179667656629248801e-02 3.510127897577743461e+00
5.144230634174922301e+01 3.195418766361406149e-02 3.495965637311077234e+00
5.123457135645450222e+01 3.211169876093563497e-02 3.481848183761597770e+00
5.102751677651238538e+01 3.226920985825720151e-02 3.467776969852240931e+00
5.082116273104131210e+01 3.242672095557877499e-02 3.453753363536955057e+00
5.061552842421912146e+01 3.258423205290034846e-02 3.439778669911696785e+00
5.041063216542656278e+01 3.274174315022192194e-02 3.425854133262936863e+00
5.020649139849608389e+01 3.289925424754349542e-02 3.411980939055388795e+00
5.000312273267990548e+01 3.305676534486506196e-02 3.398160216036558268e+00
4.980054478350788116e+01 3.321427644218663544e-02 3.384393229298491956e+00
4.959878336302683977e+01 3.337178753950820892e-02 3.370681733001049452e+00
4.939786449631348830e+01 3.352929863682978240e-02 3.357027495781376381e+00
4.919781294883074452e+01 3.368680973415134894e-02 3.343432200674574251e+00
4.899865226885446390e+01 3.384432083147292242e-02 3.329897447996982063e+00
4.880040482865916829e+01 3.400183192879449590e-02 3.316424758145103624e+00
4.860309186449788399e+01 3.415934302611606938e-02 3.303015574312611502e+00
4.840673351539940228e+01 3.431685412343764285e-02 3.289671265126958843e+00
4.821134886081800630e+01 3.447436522075920939e-02 3.276393127208011347e+00
4.801695595715953857e+01 3.463187631808078287e-02 3.263182387650334082e+00
4.782357187321363057e+01 3.478938741540235635e-02 3.250040206431117351e+00
4.763121272452155353e+01 3.494689851272392983e-02 3.236967678745783061e+00
4.743989370670274042e+01 3.510440961004549637e-02 3.223965837272827706e+00
4.724962912777287727e+01 3.526192070736706985e-02 3.211035654370113956e+00
4.706043243947495114e+01 3.541943180468864333e-02 3.198178044204105230e+00
4.687231626765186121e+01 3.557694290201021681e-02 3.185393864813953702e+00
4.668529244168537673e+01 3.573445399933179029e-02 3.172683920112142619e+00
4.649937202302803030e+01 3.589196509665335683e-02 3.160048961823479274e+00
4.631456533284965360e+01 3.604947619397493030e-02 3.147489691363934750e+00
4.613088197882643726e+01 3.620698729129650378e-02 3.135006761661188524e+00
4.594833088109253083e+01 3.636449838861807726e-02 3.122600778918279030e+00
4.576692029738107692e+01 3.652200948593964380e-02 3.110272304322164949e+00
4.558665784737338811e+01 3.667952058326121728e-02 3.098021855698463334e+00
4.540755053628218718e+01 3.683703168058279076e-02 3.085849909114142253e+00
4.522960477768792487e+01 3.699454277790436424e-02 3.073756900429460259e+00
4.505282641565118240e+01 3.715205387522593772e-02 3.061743226800698547e+00
4.487722074612088363e+01 3.730956497254750426e-02 3.049809248135035400e+00
4.470279253765825445e+01 3.746707606986907774e-02 3.037955288498933815e+00
4.452954605149820111e+01 3.762458716719065122e-02 3.026181637481485165e+00
4.435748506096424393e+01 3.778209826451222469e-02 3.014488551513831993e+00
4.418661287025963702e+01 3.793960936183379123e-02 3.002876255146190942e+00
4.401693233264973060e+01 3.809712045915536471e-02 2.991344942283507891e+00
4.384844586805502331e+01 3.825463155647693819e-02 2.979894777381062898e+00
4.368115548007185822e+01 3.841214265379851167e-02 2.968525896601179603e+00
4.351506277243957044e+01 3.856965375112008515e-02 2.957238408932314933e+00
4.335016896496640015e+01 3.872716484844165169e-02 2.946032397271369785e+00
4.318647490893524576e+01 3.888467594576322517e-02 2.934907919470643112e+00
4.302398110200182657e+01 3.904218704308479865e-02 2.923865009350299360e+00
4.286268770260059568e+01 3.919969814040637213e-02 2.912903677677380898e+00
4.270259454387600329e+01 3.935720923772793867e-02 2.902023913112557807e+00
4.254370114714878071e+01 3.951472033504951215e-02 2.891225683125282941e+00
4.238600673493721160e+01 3.967223143237108562e-02 2.880508934878710292e+00
4.222951024354210148e+01 3.982974252969265910e-02 2.869873596084946854e+00
4.207421033521031006e+01 3.998725362701423258e-02 2.859319575831681615e+00
4.192010540989222989e+01 4.014476472433579912e-02 2.848846765381206403e+00
4.176719361660120455e+01 4.030227582165737260e-02 2.838455038942393927e+00
4.161547286439130744e+01 4.045978691897894608e-02 2.828144254416733894e+00
4.146494083296320099e+01 4.061729801630051956e-02 2.817914254119095574e+00
4.131559479630218590e+01 4.077480911362208610e-02 2.807764852792356436e+00
4.116743056758103592e+01 4.093232021094365958e-02 2.797695765904090415e+00
4.102044329422984958e+01 4.108983130826523306e-02 2.787706663678696017e+00
4.087462800266718688e+01 4.124734240558680654e-02 2.777797208116749683e+00
4.072997960667979100e+01 4.140485350290838001e-02 2.767967053564488911e+00
4.058649291379184376e+01 4.156236460022994655e-02 2.758215847146660682e+00
4.044416263140450241e+01 4.171987569755152003e-02 2.748543229183745940e+00
4.030298337270978948e+01 4.187738679487309351e-02 2.738948833593880305e+00
4.016294966238935871e+01 4.203489789219466699e-02 2.729432288280123853e+00
4.002405594210180340e+01 4.219240898951623353e-02 2.719993215503374362e+00
3.988629657576943544e+01 4.234992008683780701e-02 2.710631232241656363e+00
3.974966585466787450e+01 4.250743118415938049e-02 2.701345950535993801e+00
3.961415800232707340e+01 4.266494228148095397e-02 2.692136977823492483e+00
3.947976717924920820e+01 4.282245337880252745e-02 2.683003917257954729e+00
3.934648748744937308e+01 4.297996447612409399e-02 2.673946368018459641e+00
3.921431297482563849e+01 4.313747557344566746e-02 2.664963925606349093e+00
3.908323763936395778e+01 4.329498667076724094e-02 2.656056182130990262e+00
3.895325543318264749e+01 4.345249776808881442e-02 2.647222726584636199e+00
3.882436026642390203e+01 4.361000886541038096e-02 2.638463145106884067e+00
3.869654601099445301e+01 4.376751996273195444e-02 2.629777021238887347e+00
3.856980650416345213e+01 4.392503106005352792e-02 2.621163936167868691e+00
3.844413555202012844e+01 4.408254215737510140e-02 2.612623468962091966e+00
3.831952693279804834e+01 4.424005325469667488e-02 2.604155196796781979e+00
3.819597440006790379e+01 4.439756435201824142e-02 2.595758695171100694e+00
3.807347168580537300e+01 4.455507544933981490e-02 2.587433538116631127e+00
3.795201250333829535e+01 4.471258654666138838e-02 2.579179298397675346e+00
3.783159055017530648e+01 4.487009764398296185e-02 2.570995547703472273e+00
3.771219951072207976e+01 4.502760874130452839e-02 2.562881856832801120e+00
3.759383305888821525e+01 4.518511983862610187e-02 2.554837795871136574e+00
3.747648486058782424e+01 4.534263093594767535e-02 2.546862934360590636e+00
3.736014857613870532e+01 4.550014203326924883e-02 2.538956841462953307e+00
3.724481786256323801e+01 4.565765313059082231e-02 2.531119086116063066e+00
3.713048637579266398e+01 4.581516422791238885e-02 2.523349237183605265e+00
3.701714777278154855e+01 4.597267532523396233e-02 2.515646863598809624e+00
3.690479571353151300e+01 4.613018642255553581e-02 2.508011534501978002e+00
3.679342386303115120e+01 4.628769751987710929e-02 2.500442819372325154e+00
3.668302589311147699e+01 4.644520861719867583e-02 2.492940288154068984e+00
3.657359548422314077e+01 4.660271971452024931e-02 2.485503511377208152e+00
3.646512632713560720e+01 4.676023081184182278e-02 2.478132060272995041e+00
3.635761212456205271e+01 4.691774190916339626e-02 2.470825506884369194e+00
3.625104659271284646e+01 4.707525300648496974e-02 2.463583424171522207e+00
3.614542346277941931e+01 4.723276410380653628e-02 2.456405386112740619e+00
3.604073648235119265e+01 4.739027520112810976e-02 2.449290967800707541e+00
3.593697941676904861e+01 4.754778629844968324e-02 2.442239745534474427e+00
3.583414605041442513e+01 4.770529739577125672e-02 2.435251296907064322e+00
3.573223018794053019e+01 4.786280849309282326e-02 2.428325200889154711e+00
3.563122565544453124e+01 4.802031959041439674e-02 2.421461037908730685e+00
3.553112630158386764e+01 4.817783068773597022e-02 2.414658389926947812e+00
3.543192599863890280e+01 4.833534178505754370e-02 2.407916840510354817e+00
3.533361864352385595e+01 4.849285288237911717e-02 2.401235974899587067e+00
3.523619815874695149e+01 4.865036397970068371e-02 2.394615380074627264e+00
3.513965849332260660e+01 4.880787507702225719e-02 2.388054644816784311e+00
3.504399362363695758e+01 4.896538617434383067e-02 2.381553359767528466e+00
3.494919755426881380e+01 4.912289727166540415e-02 2.375111117484269396e+00
3.485526431876672859e+01 4.928040836898697069e-02 2.368727512493171705e+00
3.476218798038419067e+01 4.943791946630854417e-02 2.362402141339119410e+00
3.466996263277565049e+01 4.959543056363011765e-02 2.356134602633007891e+00
3.457858240065299782e+01 4.975294166095169113e-02 2.349924497096369969e+00
3.448804144040414599e+01 4.991045275827326461e-02 2.343771427603404955e+00
3.439833387240469165e+01 5.006796385559483115e-02 2.337674994580955179e+00
3.430945164815224757e+01 5.022547495291640463e-02 2.331634651061167407e+00
3.422138420178825413e+01 5.038298605023797810e-02 2.325649678999283321e+00
3.413412098793896376e+01 5.054049714755955158e-02 2.319719361742670571e+00
3.404765163543787310e+01 5.069800824488111812e-02 2.313842994477639969e+00
3.396196594382566758e+01 5.085551934220269160e-02 2.308019883991584642e+00
3.387705387993264594e+01 5.101303043952426508e-02 2.302249348440726706e+00
3.379290557453973065e+01 5.117054153684583856e-02 2.296530717123203225e+00
3.370951131912123344e+01 5.132805263416741204e-02 2.290863330257704167e+00
3.362686156266023829e+01 5.148556373148897858e-02 2.285246538767053526e+00
3.354494690853945826e+01 5.164307482881055206e-02 2.279679704066913448e+00
3.346375811150467428e+01 5.180058592613212554e-02 2.274162197859423085e+00
3.338328607469779996e+01 5.195809702345369901e-02 2.268693401931566989e+00
3.330352184675788152e+01 5.211560812077526555e-02 2.263272707958165597e+00
3.322445661898944991e+01 5.227311921809683903e-02 2.257899517309435389e+00
3.314608172259499241e+01 5.243063031541841251e-02 2.252573240862913551e+00
3.306838862513748012e+01 5.258814141273998599e-02 2.247293298763053393e+00
3.299136869826887164e+01 5.274565251006155947e-02 2.242059104636294542e+00
3.291501291126888873e+01 5.290316360738312601e-02 2.236870044764281751e+00
3.283931230606353324e+01 5.306067470470469949e-02 2.231725510365621723e+00
3.276425807377980703e+01 5.321818580202627297e-02 2.226624902798465033e+00
3.268984155175253647e+01 5.337569689934784645e-02 2.221567633357099059e+00
3.261605422060154069e+01 5.353320799666941299e-02 2.216553123073304210e+00
3.254288770137719666e+01 5.369071909399098647e-02 2.211580802522381983e+00
3.247033375277341349e+01 5.384823019131255994e-02 2.206650111633738032e+00
3.239838426840402974e+01 5.400574128863413342e-02 2.201760499505802660e+00
3.232703127414411881e+01 5.416325238595570690e-02 2.196911424225336695e+00
3.225626692553184682e+01 5.432076348327727344e-02 2.192102352690874500e+00
3.218608350523022921e+01 5.447827458059884692e-02 2.187332760440219737e+00
3.211647342054744314e+01 5.463578567792042040e-02 2.182602131481932606e+00
3.204742920101366366e+01 5.479329677524199388e-02 2.177909958130654466e+00
3.197894349601367736e+01 5.495080787256356042e-02 2.173255740846219197e+00
3.191100907247263407e+01 5.510831896988513390e-02 2.168638988076383445e+00
3.184361881214076462e+01 5.526583006720670738e-02 2.164059216072296010e+00
3.177676504326413465e+01 5.542334116452828086e-02 2.159515903469536369e+00
3.171043823143386220e+01 5.558085226184985433e-02 2.155008402319596783e+00
3.164462864772691120e+01 5.573836335917142087e-02 2.150536051454981834e+00
3.157932674432351305e+01 5.589587445649299435e-02 2.146098202015794154e+00
3.151452315068588916e+01 5.605338555381456783e-02 2.141694217190030169e+00
3.145020866983287178e+01 5.621089665113614131e-02 2.137323471960412391e+00
3.138637427470759889e+01 5.636840774845770785e-02 2.132985352857550421e+00
3.132301110463641791e+01 5.652591884577928133e-02 2.128679257719273465e+00
3.126011046187462128e+01 5.668342994310085481e-02 2.124404595455898548e+00
3.119766380823874385e+01 5.684094104042242829e-02 2.120160785821358918e+00
3.113566276182135795e+01 5.699845213774400177e-02 2.115947259189940866e+00
3.107409909378621293e+01 5.715596323506556831e-02 2.111763456338492606e+00
3.101296472524218117e+01 5.731347433238714179e-02 2.107608828233974219e+00
3.095225172419320359e+01 5.747098542970871526e-02 2.103482835826184782e+00
3.089195230256191493e+01 5.762849652703028874e-02 2.099384949845485071e+00
3.083205881328520093e+01 5.778600762435185528e-02 2.095314650605418993e+00
3.077256374748053602e+01 5.794351872167342876e-02 2.091271427810140082e+00
3.071345973051546352e+01 5.810102981899500224e-02 2.087254780287297606e+00
3.065473887481795146e+01 5.825854091631657572e-02 2.083264172005697024e+00
3.059639172959139231e+01 5.841605201363814920e-02 2.079298960699030641e+00
3.053840874750898493e+01 5.857356311095971574e-02 2.075358497540900515e+00
3.048078056712902040e+01 5.873107420828128922e-02 2.071442146337463708e+00
3.042349800911210878e+01 5.888858530560286270e-02 2.067549283270359695e+00
3.036655207253428657e+01 5.904609640292443618e-02 2.063679296646160122e+00
3.030993393129210389e+01 5.920360750024600272e-02 2.059831586652052682e+00
3.025363493059920827e+01 5.936111859756757619e-02 2.056005565117757339e+00
3.019764658356915632e+01 5.951862969488914967e-02 2.052200655283300090e+00
3.014196056788500044e+01 5.967614079221072315e-02 2.048416291572675352e+00
3.008656872254896442e+01 5.983365188953229663e-02 2.044651919372961313e+00
3.003146304471479411e+01 5.999116298685386317e-02 2.040906994819051246e+00
2.997663568659526945e+01 6.014867408417543665e-02 2.037180984583486065e+00
2.992207895244724725e+01 6.030618518149701013e-02 2.033473365671567112e+00
2.986778529562886320e+01 6.046369627881858361e-02 2.029783625221362353e+00
2.981374731572785919e+01 6.062120737614015015e-02 2.026111260308548712e+00
2.975995775575927027e+01 6.077871847346172363e-02 2.022455777755977735e+00
2.970640949943020814e+01 6.093622957078329710e-02 2.018816693947785623e+00
2.965309556129768254e+01 6.109374066810487058e-02 2.015193534160531375e+00
2.960000830944771977e+01 6.125125176542643712e-02 2.011585779737279367e+00
2.954713879371124108e+01 6.140876286274801060e-02 2.007992822433846580e+00
2.949447808250045711e+01 6.156627396006958408e-02 2.004414055268816330e+00
2.944201742525493870e+01 6.172378505739115756e-02 2.000848883563203007e+00
2.938974824905749728e+01 6.188129615471273104e-02 1.997296724710470706e+00
2.933766215533566779e+01 6.203880725203429758e-02 1.993757007952369653e+00
2.928575091664362162e+01 6.219631834935587106e-02 1.990229174160237147e+00
2.923400647352397286e+01 6.235382944667744454e-02 1.986712675621731927e+00
2.918242093144636229e+01 6.251134054399902495e-02 1.983206975832781271e+00
2.913098655782081536e+01 6.266885164132059149e-02 1.979711549294613127e+00
2.907969577908294667e+01 6.282636273864215803e-02 1.976225881315668564e+00
2.902854117784900012e+01 6.298387383596373845e-02 1.972749467818260438e+00
2.897751549013981887e+01 6.314138493328530499e-02 1.969281815149921844e+00
2.892661160266925791e+01 6.329889603060687153e-02 1.965822439899123530e+00
2.887582255019810873e+01 6.345640712792845195e-02 1.962370868715452854e+00
2.882514151294862614e+01 6.361391822525001849e-02 1.958926638133908105e+00
2.877456181408006231e+01 6.377142932257158503e-02 1.955489294403334855e+00
2.872407691722206380e+01 6.392894041989316545e-02 1.952058393318802709e+00
2.867368042406520345e+01 6.408645151721473199e-02 1.948633500057856294e+00
2.862336605088692565e+01 6.424396261453631241e-02 1.945214187585248222e+00
2.857312690337139216e+01 6.440147371185787895e-02 1.941799987370442127e+00
2.852295531261379580e+01 6.455898480917944549e-02 1.938390378242644374e+00
2.847284371737939068e+01 6.471649590650102590e-02 1.934984846348205112e+00
2.842278472010670498e+01 6.487400700382259244e-02 1.931582888956540955e+00
2.837277108420903460e+01 6.503151810114417286e-02 1.928184014276746128e+00
2.832279573143919293e+01 6.518902919846573940e-02 1.924787741278502606e+00
2.827285173931513640e+01 6.534654029578730594e-02 1.921393599517130513e+00
2.822293233860462891e+01 6.550405139310888636e-02 1.918001128962646629e+00
2.817303091086787248e+01 6.566156249043045290e-02 1.914609879832767092e+00
2.812314098605447654e+01 6.581907358775203332e-02 1.911219412429595810e+00
2.807325624015561871e+01 6.597658468507359986e-02 1.907829296980069866e+00
2.802337049290656523e+01 6.613409578239516640e-02 1.904439113479826418e+00
2.797347770554163660e+01 6.629160687971674681e-02 1.901048451540629847e+00
2.792357197859655571e+01 6.644911797703831335e-02 1.897656910241023676e+00
2.787364754975842018e+01 6.660662907435987989e-02 1.894264097980216333e+00
2.782369879176252780e+01 6.676414017168146031e-02 1.890869632335151040e+00
2.777372021033268368e+01 6.692165126900302685e-02 1.887473139920530674e+00
2.772370644216488955e+01 6.707916236632460727e-02 1.884074256251795365e+00
2.767365225295332465e+01 6.723667346364617381e-02 1.880672625610964044e+00
2.762355253545614886e+01 6.739418456096774035e-02 1.877267900915194909e+00
2.757340228400914839e+01 6.755169565828932077e-02 1.873859741984751359e+00
2.752319619602045719e+01 6.770920675561088731e-02 1.870447788461007566e+00
2.747292873809086799e+01 6.786671785293246772e-02 1.867031664299905636e+00
2.742259450164372936e+01 6.802422895025403426e-02 1.863611001940203904e+00
2.737218821304109539e+01 6.818174004757560080e-02 1.860185442990950788e+00
2.732170473164202562e+01 6.833925114489718122e-02 1.856754638099535226e+00
2.727113904789767673e+01 6.849676224221874776e-02 1.853318246822227122e+00
2.722048628148474236e+01 6.865427333954032818e-02 1.849875937497331035e+00
2.716974167947515184e+01 6.881178443686189472e-02 1.846427387120798347e+00
2.711890061454032264e+01 6.896929553418346126e-02 1.842972281224190656e+00
2.706795858319001269e+01 6.912680663150504168e-02 1.839510313754994852e+00
2.701691120404346691e+01 6.928431772882660822e-02 1.836041186959133320e+00
2.696575421613281520e+01 6.944182882614817476e-02 1.832564611265659282e+00
2.691448347723682843e+01 6.959933992346975518e-02 1.829080305173525600e+00
2.686309496224516025e+01 6.975685102079132172e-02 1.825587995140422137e+00
2.681158476155117754e+01 6.991436211811290213e-02 1.822087415473545802e+00
2.675994907947283963e+01 7.007187321543446867e-02 1.818578308222293272e+00
2.670818423270035424e+01 7.022938431275603521e-02 1.815060423072762275e+00
2.665628664877107212e+01 7.038689541007761563e-02 1.811533517244105607e+00
2.660425286456921512e+01 7.054440650739918217e-02 1.807997355386577354e+00
2.655207952484986222e+01 7.070191760472076259e-02 1.804451709481222910e+00
2.649976338078786142e+01 7.085942870204232913e-02 1.800896358741263636e+00
2.644730129943574326e+01 7.101693979936389567e-02 1.797331090254847386e+00
2.639469039666102290e+01 7.117445089668547609e-02 1.793755708019329376e+00
2.634192799073039382e+01 7.133196199400704263e-02 1.790170029786904760e+00
2.628901149750649680e+01 7.148947309132862304e-02 1.786573879942285448e+00
2.623593842688731215e+01 7.164698418865018958e-02 1.782967089260727667e+00
2.618270638154495344e+01 7.180449528597175612e-02 1.779349494822321853e+00
2.612931305568212537e+01 7.196200638329333654e-02 1.775720939927481812e+00
2.607575623380688157e+01 7.211951748061490308e-02 1.772081274013680208e+00
2.602203378952339108e+01 7.227702857793646962e-02 1.768430352573266529e+00
2.596814368433976838e+01 7.243453967525805004e-02 1.764768037072451445e+00
2.591408396649136847e+01 7.259205077257961658e-02 1.761094194871342111e+00
2.585985276977995184e+01 7.274956186990119700e-02 1.757408699145045272e+00
2.580544831242781356e+01 7.290707296722276354e-02 1.753711428805801553e+00
2.575086889594606276e+01 7.306458406454433008e-02 1.750002268426071872e+00
2.569611290401778092e+01 7.322209516186591050e-02 1.746281108162641038e+00
2.564117880139459515e+01 7.337960625918747704e-02 1.742547843681625963e+00
2.558606513280680161e+01 7.353711735650905745e-02 1.738802376084409795e+00
2.553077052188617913e+01 7.369462845383062399e-02 1.735044611834440254e+00
2.547529367010202250e+01 7.385213955115219053e-02 1.731274462684921911e+00
2.541963335570910942e+01 7.400965064847377095e-02 1.727491845607320498e+00
2.536378843270767192e+01 7.416716174579533749e-02 1.723696682720681661e+00
2.530775782981513089e+01 7.432467284311691791e-02 1.719888901221756194e+00
2.525154054944950133e+01 7.448218394043848445e-02 1.716068433315911523e+00
2.519513570931104596e+01 7.463969503776005099e-02 1.712235219042972378e+00
2.513854319306668827e+01 7.479720613508163141e-02 1.708389250497066136e+00
2.508176350448470515e+01 7.495471723240319795e-02 1.704530561913760067e+00
2.502479720555955822e+01 7.511222832972476449e-02 1.700659191485613508e+00
2.496764489897910622e+01 7.526973942704634490e-02 1.696775180170666975e+00
2.491030722745563253e+01 7.542725052436791144e-02 1.692878571646977859e+00
2.485278487306501916e+01 7.558476162168949186e-02 1.688969412267713244e+00
2.479507855658959059e+01 7.574227271901105840e-02 1.685047751016491846e+00
2.473718903686892290e+01 7.589978381633262494e-02 1.681113639463261089e+00
2.467911711015487697e+01 7.605729491365420536e-02 1.677167131720470161e+00
2.462086360947336416e+01 7.621480601097577190e-02 1.673208284399692714e+00
2.456242940399114971e+01 7.637231710829735232e-02 1.669237156568599056e+00
2.450381539838871348e+01 7.652982820561891886e-02 1.665253809708332033e+00
2.444502253223815913e+01 7.668733930294048540e-02 1.661258307671236389e+00
2.438605177938690005e+01 7.684485040026206581e-02 1.657250716638968502e+00
2.432690414734646112e+01 7.700236149758363235e-02 1.653231105080964047e+00
2.426758067668687602e+01 7.715987259490521277e-02 1.649199543713280480e+00
2.420808244043578839e+01 7.731738369222677931e-02 1.645156105457760365e+00
2.414841054348346816e+01 7.747489478954834585e-02 1.641100865401597053e+00
2.408856612199232572e+01 7.763240588686992627e-02 1.637033900757206339e+00
2.402855034281164848e+01 7.778991698419149281e-02 1.632955290822452721e+00
2.396836440289740011e+01 7.794742808151305935e-02 1.628865116941218716e+00
2.390800952873721741e+01 7.810493917883463977e-02 1.624763462464327901e+00
2.384748697577968812e+01 7.826245027615620631e-02 1.620650412710760380e+00
2.378679804305931000e+01 7.841996137347778673e-02 1.616526055961550190e+00
2.372594488469495033e+01 7.857747247079935327e-02 1.612390538608375445e+00
2.366493089584228926e+01 7.873498356812091981e-02 1.608244091382484475e+00
2.360375955291766914e+01 7.889249466544250022e-02 1.604086950537516376e+00
2.354243431070034731e+01 7.905000576276406676e-02 1.599919350856676026e+00
2.348095860228283271e+01 7.920751686008564718e-02 1.595741525649361447e+00
2.341933583902375204e+01 7.936502795740721372e-02 1.591553706747955044e+00
2.335756941050459545e+01 7.952253905472878026e-02 1.587356124504891053e+00
2.329566268448835586e+01 7.968005015205036068e-02 1.583149007789838247e+00
2.323361900688215798e+01 7.983756124937192722e-02 1.578932583987167071e+00
2.317144170170192297e+01 7.999507234669350764e-02 1.574707078993540899e+00
2.310913407104035500e+01 8.015258344401507418e-02 1.570472717215746439e+00
2.304669939503758513e+01 8.031009454133664072e-02 1.566229721568694666e+00
2.298414093185473206e+01 8.046760563865822113e-02 1.561978313473626923e+00
2.292146191764964414e+01 8.062511673597978767e-02 1.557718712856465348e+00
2.285866556655620840e+01 8.078262783330135421e-02 1.553451138146406896e+00
2.279575507066562423e+01 8.094013893062293463e-02 1.549175806274647460e+00
2.273273360001048715e+01 8.109765002794450117e-02 1.544892932673306962e+00
2.266960430255138093e+01 8.125516112526608159e-02 1.540602731274511639e+00
2.260637030416618742e+01 8.141267222258764813e-02 1.536305414509671285e+00
2.254303470864176262e+01 8.157018331990921467e-02 1.532001193308914155e+00
2.247960059766809948e+01 8.172769441723079509e-02 1.527690277100685945e+00
2.241607103083451591e+01 8.188520551455236163e-02 1.523372873811493777e+00
2.235244904562932433e+01 8.204271661187394205e-02 1.519049189865886440e+00
2.228873765744023316e+01 8.220022770919550859e-02 1.514719430186474369e+00
2.222493985955873441e+01 8.235773880651707513e-02 1.510383798194236515e+00
2.216105892114009634e+01 8.251524990383865554e-02 1.506042516057562564e+00
2.209709981310072990e+01 8.267276100116022208e-02 1.501695921594762062e+00
2.203306806084333402e+01 8.283027209848178862e-02 1.497344390306457607e+00
2.196896910824689186e+01 8.298778319580336904e-02 1.492988292153002217e+00
2.190480831749346535e+01 8.314529429312493558e-02 1.488627991542710971e+00
2.184059096977519232e+01 8.330280539044651600e-02 1.484263847379910572e+00
2.177632226600415422e+01 8.346031648776808254e-02 1.479896213113176318e+00
2.171200732752435059e+01 8.361782758508964908e-02 1.475525436783719613e+00
2.164765119682648731e+01 8.377533868241122950e-02 1.471151861073965117e+00
2.158325883826470104e+01 8.393284977973279604e-02 1.466775823356256891e+00
2.151883513877447029e+01 8.409036087705437645e-02 1.462397655741646041e+00
2.145438490859256575e+01 8.424787197437594299e-02 1.458017685128823127e+00
2.138991288197778928e+01 8.440538307169750953e-02 1.453636233253089882e+00
2.132542371793237734e+01 8.456289416901908995e-02 1.449253616735395100e+00
2.126092200092478990e+01 8.472040526634065649e-02 1.444870147131446014e+00
2.119641224161189541e+01 8.487791636366223691e-02 1.440486130980793034e+00
2.113189887756232110e+01 8.503542746098380345e-02 1.436101869855983759e+00
2.106738627397871255e+01 8.519293855830536999e-02 1.431717660411650828e+00
2.100287872442066117e+01 8.535044965562695041e-02 1.427333794433638614e+00
2.093838045152638472e+01 8.550796075294851695e-02 1.422950558888048223e+00
2.087389560773380026e+01 8.566547185027008349e-02 1.418568235970241398e+00
2.080942827600125611e+01 8.582298294759166390e-02 1.414187103153823566e+00
2.074498247052645894e+01 8.598049404491323044e-02 1.409807433239492536e+00
2.068056213746423566e+01 8.613800514223481086e-02 1.405429494403828361e+00
2.061617115564316194e+01 8.629551623955637740e-02 1.401053550247986834e+00
2.055181333727998449e+01 8.645302733687794394e-02 1.396679859846252869e+00
2.048749242912260371e+01 8.661053843419952436e-02 1.392308677823717256e+00
2.042321268796747091e+01 8.676804953152109090e-02 1.387940293467838648e+00
2.035897999455829321e+01 8.692556062884267132e-02 1.383575106427843870e+00
2.029480042600463818e+01 8.708307172616423786e-02 1.379213529697779439e+00
2.023067993652776053e+01 8.724058282348580440e-02 1.374855967920328492e+00
2.016662435897044503e+01 8.739809392080738482e-02 1.370502817489420710e+00
2.010263940630601098e+01 8.755560501812895136e-02 1.366154466652780508e+00
2.003873067314423650e+01 8.771311611545053177e-02 1.361811295614270945e+00
1.997490363723488471e+01 8.787062721277209831e-02 1.357473676636067772e+00
1.991116366096759194e+01 8.802813831009366485e-02 1.353141974140594339e+00
1.984751599286785506e+01 8.818564940741524527e-02 1.348816544812183604e+00
1.978396576908897586e+01 8.834316050473681181e-02 1.344497737698474138e+00
1.972051801489824996e+01 8.850067160205837835e-02 1.340185894311402670e+00
1.965717764615877172e+01 8.865818269937995877e-02 1.335881348727915086e+00
1.959394947080456717e+01 8.881569379670152531e-02 1.331584427690204242e+00
1.953083819030994306e+01 8.897320489402310573e-02 1.327295450705577418e+00
1.946784840115194370e+01 8.913071599134467227e-02 1.323014730145831708e+00
1.940498459626581607e+01 8.928822708866623881e-02 1.318742571346175563e+00
1.934225116649312071e+01 8.944573818598781922e-02 1.314479272703633628e+00
1.927965240202170349e+01 8.960324928330938576e-02 1.310225125774909793e+00
1.921719249381807515e+01 8.976076038063096618e-02 1.305980415373730663e+00
1.915487553505091256e+01 8.991827147795253272e-02 1.301745419667581283e+00
1.909270552250564990e+01 9.007578257527409926e-02 1.297520410273843794e+00
1.903068635799079900e+01 9.023329367259567968e-02 1.293305652355364987e+00
1.896882184973384966e+01 9.039080476991724622e-02 1.289101404715326415e+00
1.890711571376850486e+01 9.054831586723882664e-02 1.284907919891513206e+00
1.884557157531147453e+01 9.070582696456039318e-02 1.280725444249882106e+00
1.878419297012943545e+01 9.086333806188195972e-02 1.276554218077459169e+00
1.872298334589557456e+01 9.102084915920354014e-02 1.272394475674529346e+00
1.866194633958499693e+01 9.117836025652510668e-02 1.268246464206137070e+00
1.860108675949959789e+01 9.133587135384667322e-02 1.264110510439478974e+00
1.854040965510143479e+01 9.149338245116825363e-02 1.259986957530744300e+00
1.847991994941550331e+01 9.165089354848982017e-02 1.255876140043593159e+00
1.841962244100195534e+01 9.180840464581140059e-02 1.251778384083181317e+00
1.835952180594828320e+01 9.196591574313296713e-02 1.247694007431551455e+00
1.829962259984867501e+01 9.212342684045453367e-02 1.243623319682147788e+00
1.823992925976869017e+01 9.228093793777611409e-02 1.239566622373330151e+00
1.818044610619716295e+01 9.243844903509768063e-02 1.235524209121026118e+00
1.812117734498215427e+01 9.259596013241926105e-02 1.231496365750296196e+00
1.806212706925295208e+01 9.275347122974082759e-02 1.227483370425950016e+00
1.800329926132587133e+01 9.291098232706239413e-02 1.223485493782061839e+00
1.794469779459489800e+01 9.306849342438397454e-02 1.219502999050459335e+00
1.788632643540627498e+01 9.322600452170554108e-02 1.215536142188114788e+00
1.782818884491613076e+01 9.338351561902712150e-02 1.211585172003392552e+00
1.777028858093217423e+01 9.354102671634868804e-02 1.207650330281203388e+00
1.771262909973798827e+01 9.369853781367025458e-02 1.203731851906985062e+00
1.765521375790038405e+01 9.385604891099183500e-02 1.199829964989527431e+00
1.759804581405909474e+01 9.401356000831340154e-02 1.195944890982597375e+00
1.754112843069929184e+01 9.417107110563496808e-02 1.192076844805397773e+00
1.748446467590556352e+01 9.432858220295654850e-02 1.188226034961766375e+00
1.742805752509888606e+01 9.448609330027811504e-02 1.184392663658218492e+00
1.737190986275464510e+01 9.464360439759969545e-02 1.180576926920701819e+00
1.731602448410255235e+01 9.480111549492126199e-02 1.176779014710120030e+00
1.726040409680841492e+01 9.495862659224282853e-02 1.172999111036624909e+00
1.720505132263708248e+01 9.511613768956440895e-02 1.169237394072628833e+00
1.714996869909701971e+01 9.527364878688597549e-02 1.165494036264568933e+00
1.709515868106587888e+01 9.543115988420755591e-02 1.161769204443376724e+00
1.704062364239764094e+01 9.558867098152912245e-02 1.158063059933699179e+00
1.698636588294170124e+01 9.574618207885068899e-02 1.154375759030911386e+00
1.693238788358413061e+01 9.590369317617226941e-02 1.150707470333448335e+00
1.687869240887776101e+01 9.606120427349383595e-02 1.147058381717446229e+00
1.682528216226511475e+01 9.621871537081541637e-02 1.143428676906046881e+00
1.677215975950542770e+01 9.637622646813698291e-02 1.139818533663528033e+00
1.671932773044002118e+01 9.653373756545854945e-02 1.136228123915273613e+00
1.666678852073756545e+01 9.669124866278012986e-02 1.132657613866384416e+00
1.661454449361807661e+01 9.684875976010169640e-02 1.129107164118833273e+00
1.656259793155635407e+01 9.700627085742326294e-02 1.125576929787235780e+00
1.651095103796419394e+01 9.716378195474484336e-02 1.122067060613163969e+00
1.645960593885205725e+01 9.732129305206640990e-02 1.118577701078079301e+00
1.640856468446941463e+01 9.747880414938799032e-02 1.115108990514801501e+00
1.635782925092451379e+01 9.763631524670955686e-02 1.111661063217593837e+00
1.630740154178288392e+01 9.779382634403112340e-02 1.108234048550788664e+00
1.625728338964530906e+01 9.795133744135270382e-02 1.104828071056029426e+00
1.620747655770460938e+01 9.810884853867427036e-02 1.101443250558067355e+00
1.615798274128172451e+01 9.826635963599585077e-02 1.098079702269149527e+00
1.610880356934142910e+01 9.842387073331741731e-02 1.094737536892027352e+00
1.605994060598640161e+01 9.858138183063898385e-02 1.091416860721493576e+00
1.601139535193200203e+01 9.873889292796056427e-02 1.088117775744601445e+00
1.596316924595927489e+01 9.889640402528213081e-02 1.084840379739415939e+00
1.591526366634833600e+01 9.905391512260371123e-02 1.081584766372419848e+00
1.586767993229125828e+01 9.921142621992527777e-02 1.078351025294534304e+00
1.582041930528431450e+01 9.936893731724684431e-02 1.075139242235733761e+00
1.577348299050072811e+01 9.952644841456842473e-02 1.071949499098337810e+00
1.572687213814306695e+01 9.968395951188999127e-02 1.068781874048915892e+00
1.568058784477579870e+01 9.984147060921155781e-02 1.065636441608848850e+00
1.563463115463819619e+01 9.999898170653313823e-02 1.062513272743551784e+00
1.558900306093780053e+01 1.001564928038547048e-01 1.059412434950376625e+00
1.554370450712407248e+01 1.003140039011762852e-01 1.056333992345167117e+00
1.549873638814308130e+01 1.004715149984978517e-01 1.053278005747527279e+00
1.545409954922014784e+01 1.006290260958194183e-01 1.050244532598090919e+00
1.540979453188207593e+01 1.007865371931409987e-01 1.047233609698457135e+00
1.536582135922995995e+01 1.009440482904625652e-01 1.044245238618551230e+00
1.532217997367457762e+01 1.011015593877841456e-01 1.041279415444669620e+00
1.527887029106217476e+01 1.012590704851057122e-01 1.038336134457811477e+00
1.523589220147866641e+01 1.014165815824272787e-01 1.035415388188329455e+00
1.519324557004022580e+01 1.015740926797488591e-01 1.032517167469658936e+00
1.515093023766991287e+01 1.017316037770704257e-01 1.029641461491096477e+00
1.510894602185992319e+01 1.018891148743920061e-01 1.026788257849601482e+00
1.506729271742075937e+01 1.020466259717135726e-01 1.023957542600709036e+00
1.502597009721682575e+01 1.022041370690351392e-01 1.021149300308520802e+00
1.498497791288857606e+01 1.023616481663567196e-01 1.018363514094779765e+00
1.494431589556200990e+01 1.025191592636782861e-01 1.015600165687089440e+00
1.490398375654469554e+01 1.026766703609998527e-01 1.012859235466210706e+00
1.486398118800974899e+01 1.028341814583214331e-01 1.010140702512549948e+00
1.482430786366693809e+01 1.029916925556429996e-01 1.007444544651761920e+00
1.478496343942133251e+01 1.031492036529645800e-01 1.004770738499513705e+00
1.474594755402024937e+01 1.033067147502861466e-01 1.002119259505447557e+00
1.470725982968779277e+01 1.034642258476077131e-01 9.994900819963071781e-01
1.466889987274793583e+01 1.036217369449292935e-01 9.968831792182792917e-01
1.463086727423587341e+01 1.037792480422508601e-01 9.942985233785406329e-01
1.459316161049770955e+01 1.039367591395724405e-01 9.917360856860135687e-01
1.455578244377947073e+01 1.040942702368940070e-01 9.891958363913930796e-01
1.451872932280442186e+01 1.042517813342155736e-01 9.866777448263814865e-01
1.448200178333991595e+01 1.044092924315371540e-01 9.841817794422110799e-01
1.444559934875314688e+01 1.045668035288587205e-01 9.817079078474117981e-01
1.440952153055686757e+01 1.047243146261803010e-01 9.792560968448988934e-01
1.437376782894420835e+01 1.048818257235018675e-01 9.768263124683166376e-01
1.433833773331333816e+01 1.050393368208234340e-01 9.744185200176961326e-01
1.430323072278239671e+01 1.051968479181450145e-01 9.720326840944478741e-01
1.426844626669435812e+01 1.053543590154665810e-01 9.696687686356720848e-01
1.423398382511200566e+01 1.055118701127881475e-01 9.673267369477972499e-01
1.419984284930350071e+01 1.056693812101097280e-01 9.650065517395782777e-01
1.416602272383914318e+01 1.058268923074312945e-01 9.627081711870524305e-01
1.413252184422541369e+01 1.059844034047528749e-01 9.604314862505093364e-01
1.409933780298123729e+01 1.061419145020744415e-01 9.581763333200391530e-01
1.406646819433263040e+01 1.062994255993960080e-01 9.559425489017433497e-01
1.403391063911057479e+01 1.064569366967175884e-01 9.537299713097704412e-01
1.400166278444395296e+01 1.066144477940391549e-01 9.515384406454460153e-01
1.396972230345653720e+01 1.067719588913607354e-01 9.493677987766818704e-01
1.393808689496741238e+01 1.069294699886823019e-01 9.472178893176160797e-01
1.390675428319632978e+01 1.070869810860038684e-01 9.450885576085905626e-01
1.387572221747218926e+01 1.072444921833254489e-01 9.429796506963366021e-01
1.384498847194560511e+01 1.074020032806470154e-01 9.408910173144467981e-01
1.381455084530547950e+01 1.075595143779685958e-01 9.388225078641068144e-01
1.378440716049914450e+01 1.077170254752901624e-01 9.367739743950823650e-01
1.375455526445612797e+01 1.078745365726117289e-01 9.347452705869432332e-01
1.372499302781568176e+01 1.080320476699333093e-01 9.327362517305473055e-01
1.369571834465797977e+01 1.081895587672548759e-01 9.307467747097741828e-01
1.366672913223870900e+01 1.083470698645764424e-01 9.287766979834856107e-01
1.363802333072712081e+01 1.085045809618980228e-01 9.268258815677267171e-01
1.360959890294770069e+01 1.086620920592195894e-01 9.248941870181680569e-01
1.358145383412505680e+01 1.088196031565411698e-01 9.229814774127697019e-01
1.355358613163237358e+01 1.089771142538627363e-01 9.210876173346850271e-01
1.352599382474282486e+01 1.091346253511843029e-01 9.192124728553690005e-01
1.349867496438467640e+01 1.092921364485058833e-01 9.173559115179339418e-01
1.347162762289907967e+01 1.094496475458274498e-01 9.155178023206890225e-01
1.344484989380156570e+01 1.096071586431490302e-01 9.136980157009323422e-01
1.341833989154624618e+01 1.097646697404705968e-01 9.118964235189266354e-01
1.339209575129337360e+01 1.099221808377921633e-01 9.101128990421021303e-01
1.336611562867952330e+01 1.100796919351137437e-01 9.083473169294384864e-01
1.334039769959142241e+01 1.102372030324353103e-01 9.065995532160956438e-01
1.331494015994211821e+01 1.103947141297568907e-01 9.048694852981988834e-01
1.328974122545021608e+01 1.105522252270784572e-01 9.031569919178420447e-01
1.326479913142232903e+01 1.107097363244000238e-01 9.014619531482973569e-01
1.324011213253785080e+01 1.108672474217216042e-01 8.997842503793910263e-01
1.321567850263668831e+01 1.110247585190431707e-01 8.981237663030789964e-01
1.319149653159371738e+01 1.111822696163647373e-01 8.964803847010359705e-01
1.316756392638713180e+01 1.113397807136863177e-01 8.948539497418854793e-01
1.314387709166771323e+01 1.114972918110078842e-01 8.932442170894334676e-01
1.312043230217623346e+01 1.116548029083294646e-01 8.916509335789373214e-01
1.309722588292600065e+01 1.118123140056510312e-01 8.900738494621234231e-01
1.307425420833209984e+01 1.119698251029725977e-01 8.885127183480114876e-01
1.305151370135864752e+01 1.121273362002941781e-01 8.869672971449638066e-01
1.302900083268381870e+01 1.122848472976157447e-01 8.854373460039391963e-01
1.300671211988256637e+01 1.124423583949373251e-01 8.839226282629530917e-01
1.298464412662615253e+01 1.125998694922588916e-01 8.824229103926795048e-01
1.296279346189832715e+01 1.127573805895804582e-01 8.809379619431794151e-01
1.294115677922811791e+01 1.129148916869020386e-01 8.794675554917665838e-01
1.291973077593787878e+01 1.130724027842236051e-01 8.780114665919032113e-01
1.289851219240764024e+01 1.132299138815451855e-01 8.765694737232061495e-01
1.287749781135397775e+01 1.133874249788667521e-01 8.751413582424402149e-01
1.285668445712439301e+01 1.135449360761883186e-01 8.737269043355642140e-01
1.283606899500543364e+01 1.137024471735098990e-01 8.723258989707116662e-01
1.281564833054586394e+01 1.138599582708314656e-01 8.709381318521952631e-01
1.279541940889295404e+01 1.140174693681530321e-01 8.695633953754008383e-01
1.277537921414286259e+01 1.141749804654746125e-01 8.682014845826403482e-01
1.275552476870409535e+01 1.143324915627961791e-01 8.668521971198913656e-01
1.273585313267384578e+01 1.144900026601177595e-01 8.655153331944180906e-01
1.271636140322723563e+01 1.146475137574393260e-01 8.641906955332595563e-01
1.269704671401872886e+01 1.148050248547608926e-01 8.628780893425557208e-01
1.267790623459600319e+01 1.149625359520824730e-01 8.615773222677093335e-01
1.265893716982520623e+01 1.151200470494040395e-01 8.602882043543308432e-01
1.264013675932831582e+01 1.152775581467256200e-01 8.590105480100015400e-01
1.262150227693157412e+01 1.154350692440471865e-01 8.577441679667878738e-01
1.260303103012510917e+01 1.155925803413687530e-01 8.564888812445188293e-01
1.258472035953333901e+01 1.157500914386903335e-01 8.552445071147961597e-01
1.256656763839606228e+01 1.159076025360119000e-01 8.540108670657279299e-01
1.254857027206009867e+01 1.160651136333334804e-01 8.527877847673830392e-01
1.253072569748072951e+01 1.162226247306550470e-01 8.515750860379077691e-01
1.251303138273348736e+01 1.163801358279766135e-01 8.503725988103489897e-01
1.249548482653545811e+01 1.165376469252981939e-01 8.491801531001209602e-01
1.247808355777601008e+01 1.166951580226197605e-01 8.479975809731150616e-01
1.246082513495832345e+01 1.168526691199413270e-01 8.468247165077474881e-01
1.244370684764034252e+01 1.170101802172629074e-01 8.456613755051936021e-01
1.242672506565586410e+01 1.171676913145844739e-01 8.445073112631346079e-01
1.240987601420474817e+01 1.173252024119060544e-01 8.433622672500791229e-01
1.239315596551463017e+01 1.174827135092276209e-01 8.422259901304941510e-01
1.237656123811475162e+01 1.176402246065491874e-01 8.410982297154552256e-01
1.236008819612803400e+01 1.177977357038707679e-01 8.399787389145382255e-01
1.234373324858072252e+01 1.179552468011923344e-01 8.388672736889009052e-01
1.232749284872932272e+01 1.181127578985139148e-01 8.377635930055444824e-01
1.231136349340451375e+01 1.182702689958354814e-01 8.366674587927256379e-01
1.229534172237119449e+01 1.184277800931570479e-01 8.355786358964651939e-01
1.227942411770484910e+01 1.185852911904786283e-01 8.344968920381675703e-01
1.226360730318342718e+01 1.187428022878001949e-01 8.334219977732940654e-01
1.224788794369444744e+01 1.189003133851217753e-01 8.323537264510688649e-01
1.223226274465691787e+01 1.190578244824433418e-01 8.312918541751942447e-01
1.221672845145806185e+01 1.192153355797649084e-01 8.302361597655710801e-01
1.220128184890378442e+01 1.193728466770864888e-01 8.291864247209521643e-01
1.218591976068339910e+01 1.195303577744080553e-01 8.281424331825666396e-01
1.217063904884752823e+01 1.196878688717296219e-01 8.271039718986389344e-01
1.215543661329913760e+01 1.198453799690512023e-01 8.260708301897982109e-01
1.214030939129767894e+01 1.200028910663727688e-01 8.250427999153828740e-01
1.212525435697545895e+01 1.201604021636943492e-01 8.240196754405709756e-01
1.211026852086637362e+01 1.203179132610159158e-01 8.230012536043553872e-01
1.209534892944648909e+01 1.204754243583374823e-01 8.219873336883207759e-01
1.208049266468641569e+01 1.206329354556590627e-01 8.209777173862259358e-01
1.206569684361454797e+01 1.207904465529806293e-01 8.199722087743172017e-01
1.205095861789198786e+01 1.209479576503022097e-01 8.189706142824468849e-01
1.203627517339778308e+01 1.211054687476237762e-01 8.179727426658813805e-01
1.202164372982496054e+01 1.212629798449453428e-01 8.169784049778502366e-01
1.200706154028647532e+01 1.214204909422669232e-01 8.159874145427670200e-01
1.199252589093166854e+01 1.215780020395884897e-01 8.149995869301630558e-01
1.197803410057192686e+01 1.217355131369100563e-01 8.140147399292491093e-01
1.196358352031644579e+01 1.218930242342316367e-01 8.130326935241606323e-01
1.194917153321661729e+01 1.220505353315532032e-01 8.120532698697924268e-01
1.193479555392000790e+01 1.222080464288747836e-01 8.110762932682814563e-01
1.192045302833292020e+01 1.223655575261963502e-01 8.101015901460768553e-01
1.190614143329155361e+01 1.225230686235179167e-01 8.091289890315904731e-01
1.189185827624152658e+01 1.226805797208394971e-01 8.081583205334191833e-01
1.187760109487966353e+01 1.228380908181610637e-01 8.071894173160000241e-01
1.186336739066885571e+01 1.229956019154826441e-01 8.062221095813496552e-01
1.184915449772579876e+01 1.231531130128042106e-01 8.052562161588111556e-01
1.183495974605814638e+01 1.233106241101257772e-01 8.042915555984815335e-01
1.182078049850748336e+01 1.234681352074473576e-01 8.033279486818174497e-01
1.180661415044165707e+01 1.236256463047689241e-01 8.023652184007276089e-01
1.179245812945526417e+01 1.237831574020905046e-01 8.014031899372151546e-01
1.177830989507894444e+01 1.239406684994120711e-01 8.004416906436251367e-01
1.176416693849626860e+01 1.240981795967336376e-01 7.994805500234020146e-01
1.175002678226867658e+01 1.242556906940552180e-01 7.985195997123979428e-01
1.173588698006798658e+01 1.244132017913767846e-01 7.975586734606940897e-01
1.172174511641626005e+01 1.245707128886983511e-01 7.965976071149214466e-01
1.170759880643302964e+01 1.247282239860199315e-01 7.956362386010842336e-01
1.169344569558933955e+01 1.248857350833414981e-01 7.946744079078430500e-01
1.167928345946884505e+01 1.250432461806630924e-01 7.937119570702814153e-01
1.166510980353516480e+01 1.252007572779846589e-01 7.927487301540925291e-01
1.165092246290621425e+01 1.253582683753062255e-01 7.917845732402453152e-01
1.163671920213418431e+01 1.255157794726277920e-01 7.908193344100320488e-01
1.162249781499203571e+01 1.256732905699493585e-01 7.898528637305571865e-01
1.160825612426567410e+01 1.258308016672709251e-01 7.888850132406159954e-01
1.159399198155206889e+01 1.259883127645924916e-01 7.879156369369725299e-01
1.157970326706257147e+01 1.261458238619140859e-01 7.869445907609945445e-01
1.156538788943200124e+01 1.263033349592356525e-01 7.859717325856803161e-01
1.155104378553270372e+01 1.264608460565572190e-01 7.849969222030190874e-01
1.153666892029381685e+01 1.266183571538787855e-01 7.840200213117126671e-01
1.152226128652541348e+01 1.267758682512003521e-01 7.830408935052202146e-01
1.150781890474733871e+01 1.269333793485219464e-01 7.820594042601298757e-01
1.149333982302285406e+01 1.270908904458435129e-01 7.810754209248502722e-01
1.147882211679648634e+01 1.272484015431650795e-01 7.800888127085936485e-01
1.146426388873630486e+01 1.274059126404866460e-01 7.790994506706551137e-01
1.144966326858067696e+01 1.275634237378082125e-01 7.781072077099993045e-01
1.143501841298848021e+01 1.277209348351298068e-01 7.771119585550804176e-01
1.142032750539370056e+01 1.278784459324513734e-01 7.761135797539616688e-01
1.140558875586369503e+01 1.280359570297729399e-01 7.751119496646819984e-01
1.139080040096095736e+01 1.281934681270945064e-01 7.741069484458625860e-01
1.137596070360849332e+01 1.283509792244160730e-01 7.730984580475579460e-01
1.136106795295880900e+01 1.285084903217376673e-01 7.720863622023513839e-01
1.134612046426569876e+01 1.286660014190592338e-01 7.710705464166425216e-01
1.133111657875960532e+01 1.288235125163808004e-01 7.700508979621778494e-01
1.131605466352579903e+01 1.289810236137023669e-01 7.690273058677711271e-01
1.130093311205494722e+01 1.291385347110239334e-01 7.679996609567181221e-01
1.128575054103864694e+01 1.292960458083455277e-01 7.669678692208184989e-01
1.127050606091185969e+01 1.294535569056670943e-01 7.659318702061579387e-01
1.125519886764048394e+01 1.296110680029886608e-01 7.648916092714150849e-01
1.123982817313880567e+01 1.297685791003102274e-01 7.638470328591036029e-01
1.122439320519403161e+01 1.299260901976317939e-01 7.627980884904462799e-01
1.120889320739177997e+01 1.300836012949533882e-01 7.617447247603080784e-01
1.119332743904221594e+01 1.302411123922749547e-01 7.606868913321775949e-01
1.117769517510676280e+01 1.303986234895965213e-01 7.596245389331878206e-01
1.116199570612559278e+01 1.305561345869180878e-01 7.585576193491868624e-01
1.114622833814554248e+01 1.307136456842396544e-01 7.574860854198389726e-01
1.113039239264866254e+01 1.308711567815612486e-01 7.564098910337698767e-01
1.111448720648142441e+01 1.310286678788828152e-01 7.553289911237562881e-01
1.109851213178406226e+01 1.311861789762043817e-01 7.542433416619214182e-01
1.108246653592083142e+01 1.313436900735259483e-01 7.531528996549988753e-01
1.106634980141035385e+01 1.315012011708475148e-01 7.520576231395954547e-01
1.105016132585641842e+01 1.316587122681690813e-01 7.509574711774917866e-01
1.103390052187942239e+01 1.318162233654906756e-01 7.498524038509809531e-01
1.101756681704778984e+01 1.319737344628122422e-01 7.487423822582083277e-01
1.100115965380996208e+01 1.321312455601338087e-01 7.476273685085496057e-01
1.098467848942644309e+01 1.322887566574553753e-01 7.465073257179937194e-01
1.096812279590248274e+01 1.324462677547769418e-01 7.453822180045659440e-01
1.095149205992062669e+01 1.326037788520985361e-01 7.442520104837457851e-01
1.093478578277365543e+01 1.327612899494201026e-01 7.431166692639101790e-01
1.091800348029776657e+01 1.329188010467416692e-01 7.419761614417900164e-01
1.090114468280563464e+01 1.330763121440632357e-01 7.408304550979233349e-01
1.088420893502012454e+01 1.332338232413848023e-01 7.396795192921492568e-01
1.086719579600758223e+01 1.333913343387063966e-01 7.385233240590756143e-01
1.085010483911156953e+01 1.335488454360279631e-01 7.373618404035746643e-01
1.083293565188651897e+01 1.337063565333495296e-01 7.361950402962739171e-01
1.081568783603157158e+01 1.338638676306710962e-01 7.350228966690620647e-01
1.079836100732437387e+01 1.340213787279926627e-01 7.338453834105871376e-01
1.078095479555471847e+01 1.341788898253142570e-01 7.326624753617486663e-01
1.076346884445870700e+01 1.343364009226358236e-01 7.314741483112225939e-01
1.074590281165212957e+01 1.344939120199573901e-01 7.302803789909335652e-01
1.072825636856449272e+01 1.346514231172789566e-01 7.290811450715735109e-01
1.071052920037258716e+01 1.348089342146005232e-01 7.278764251580840394e-01
1.069272100593423502e+01 1.349664453119221175e-01 7.266661987851557036e-01
1.067483149772164097e+01 1.351239564092436840e-01 7.254504464126989571e-01
1.065686040175497595e+01 1.352814675065652505e-01 7.242291494213298764e-01
1.063880745753542456e+01 1.354389786038868171e-01 7.230022901078190234e-01
1.062067241797867467e+01 1.355964897012083836e-01 7.217698516805742814e-01
1.060245505139053002e+01 1.357540007985299779e-01 7.205318183938983490e-01
1.058415551938370669e+01 1.359115118958515445e-01 7.192882012308240425e-01
1.056577481255978412e+01 1.360690229931731110e-01 7.180390675116042898e-01
1.054731402505384175e+01 1.362265340904946775e-01 7.167844915925203342e-01
1.052877424590212740e+01 1.363840451878162441e-01 7.155245474833444863e-01
1.051015655901586676e+01 1.365415562851378384e-01 7.142593088455546635e-01
1.049146204315541375e+01 1.366990673824594049e-01 7.129888489905840121e-01
1.047269177190552902e+01 1.368565784797809715e-01 7.117132408781353670e-01
1.045384681365128721e+01 1.370140895771025380e-01 7.104325571145473361e-01
1.043492823155498428e+01 1.371716006744241045e-01 7.091468699512241125e-01
1.041593708353380876e+01 1.373291117717456711e-01 7.078562512831175768e-01
1.039687442223814884e+01 1.374866228690672654e-01 7.065607726472531436e-01
1.037774129503089426e+01 1.376441339663888319e-01 7.052605052213235526e-01
1.035853874396747543e+01 1.378016450637103985e-01 7.039555198223327315e-01
1.033926780577648152e+01 1.379591561610319650e-01 7.026458869052759626e-01
1.031992951184139606e+01 1.381166672583535315e-01 7.013316765619029836e-01
1.030052488818275691e+01 1.382741783556751258e-01 7.000129585195028481e-01
1.028105495544118497e+01 1.384316894529966924e-01 6.986898021397492942e-01
1.026152072886124067e+01 1.385892005503182589e-01 6.973622764176086175e-01
1.024192321827577956e+01 1.387467116476398254e-01 6.960304499802701939e-01
1.022226342809132049e+01 1.389042227449613920e-01 6.946943910861563820e-01
1.020254235727382230e+01 1.390617338422829863e-01 6.933541676239551865e-01
1.018276099933535939e+01 1.392192449396045528e-01 6.920098471117134276e-01
1.016292034232143848e+01 1.393767560369261194e-01 6.906614966959770952e-01
1.014302136879899230e+01 1.395342671342476859e-01 6.893091831509723377e-01
1.012306505584497529e+01 1.396917782315692524e-01 6.879529728778327469e-01
1.010305237503578013e+01 1.398492893288908467e-01 6.865929319038798218e-01
1.008298429243710892e+01 1.400068004262124133e-01 6.852291258819336317e-01
1.006286176859473436e+01 1.401643115235339798e-01 6.838616200896860953e-01
1.004268575852564105e+01 1.403218226208555464e-01 6.824904794290982402e-01
1.002245721170998038e+01 1.404793337181771129e-01 6.811157684258534184e-01
1.000217707208359563e+01 1.406368448154987072e-01 6.797375512288500454e-01
9.981846278031150987e+00 1.407943559128202737e-01 6.783558916097339742e-01
9.961465762379891231e+00 1.409518670101418403e-01 6.769708529624747229e-01
9.941036452393785083e+00 1.411093781074634068e-01 6.755824983029669051e-01
9.920559269768778776e+00 1.412668892047849734e-01 6.741908902687082650e-01
9.900035130628047852e+00 1.414244003021065677e-01 6.727960911184772685e-01
9.879464945518137142e+00 1.415819113994281342e-01 6.713981627320702028e-01
9.858849619405637199e+00 1.417394224967497007e-01 6.699971666100756895e-01
9.838190051674390091e+00 1.418969335940712673e-01 6.685931638736831717e-01
9.817487136123066449e+00 1.420544446913928338e-01 6.671862152645218202e-01
9.796741760963708856e+00 1.422119557887144281e-01 6.657763811445577273e-01
9.775954808820403130e+00 1.423694668860359946e-01 6.643637214960063098e-01
9.755127156728542914e+00 1.425269779833575612e-01 6.629482959212795734e-01
9.734259676326177058e+00 1.426844890806791277e-01 6.615301636559947074e-01
9.713353512546163415e+00 1.428420001780006943e-01 6.601094025085958439e-01
9.692410634536965830e+00 1.429995112753222608e-01 6.586861463003661488e-01
9.671433144187210118e+00 1.431570223726438551e-01 6.572605378734702741e-01
9.650423118574433801e+00 1.433145334699654216e-01 6.558327183839366414e-01
9.629382610069775694e+00 1.434720445672869882e-01 6.544028273087743042e-01
9.608313646446180911e+00 1.436295556646085547e-01 6.529710024533231794e-01
9.587218230990103507e+00 1.437870667619301213e-01 6.515373799588475290e-01
9.566098342616333738e+00 1.439445778592517156e-01 6.501020943103378302e-01
9.544955935986120465e+00 1.441020889565732821e-01 6.486652783445403525e-01
9.523792941628400399e+00 1.442596000538948486e-01 6.472270632581927918e-01
9.502611266063629714e+00 1.444171111512164152e-01 6.457875786164439802e-01
9.481412791931008499e+00 1.445746222485379817e-01 6.443469523614944183e-01
9.460199378118019808e+00 1.447321333458595760e-01 6.429053108214053402e-01
9.438972859892754030e+00 1.448896444431811426e-01 6.414627787190861907e-01
9.417735049038878259e+00 1.450471555405027091e-01 6.400194791814719508e-01
9.396487733992859859e+00 1.452046666378242756e-01 6.385755337488444594e-01
9.375232679983787065e+00 1.453621777351458422e-01 6.371310623843360332e-01
9.353971629175170222e+00 1.455196888324674365e-01 6.356861834835679792e-01
9.332706300809221034e+00 1.456771999297890030e-01 6.342410138844521983e-01
9.311438391352835353e+00 1.458347110271105695e-01 6.327956688771146920e-01
9.290169574646062856e+00 1.459922221244321361e-01 6.313502622139847142e-01
9.268901502051985375e+00 1.461497332217537026e-01 6.299049061199792909e-01
9.247635802608696665e+00 1.463072443190752969e-01 6.284597113028335125e-01
9.226374083182966146e+00 1.464647554163968635e-01 6.270147869635415150e-01
9.205117928625503154e+00 1.466222665137184300e-01 6.255702408069097054e-01
9.183868901927894512e+00 1.467797776110399965e-01 6.241261790522197872e-01
9.162628544380906348e+00 1.469372887083615631e-01 6.226827064439905968e-01
9.141398375734256732e+00 1.470947998056831574e-01 6.212399262628309771e-01
9.120179894357766770e+00 1.472523109030047239e-01 6.197979403363966799e-01
9.098974577403783570e+00 1.474098220003262905e-01 6.183568490504243176e-01
9.077783880970677899e+00 1.475673330976478570e-01 6.169167513598450281e-01
9.056609240267629701e+00 1.477248441949694235e-01 6.154777447999819628e-01
9.035452069780273376e+00 1.478823552922910178e-01 6.140399254978075039e-01
9.014313763437549198e+00 1.480398663896125844e-01 6.126033881832833039e-01
8.993195694779334559e+00 1.481973774869341509e-01 6.111682262007500643e-01
8.972099217124844373e+00 1.483548885842557175e-01 6.097345315203750449e-01
8.951025663742120386e+00 1.485123996815772840e-01 6.083023947496666306e-01
8.929976348017850896e+00 1.486699107788988505e-01 6.068719051450196522e-01
8.908952563628149690e+00 1.488274218762204448e-01 6.054431506233159954e-01
8.887955584709962054e+00 1.489849329735420114e-01 6.040162177735780569e-01
8.866986666032671494e+00 1.491424440708635779e-01 6.025911918686277513e-01
8.846047043170651492e+00 1.492999551681851444e-01 6.011681568768147965e-01
8.825137932675803043e+00 1.494574662655067110e-01 5.997471954737407795e-01
8.804260532250983928e+00 1.496149773628283053e-01 5.983283890540466166e-01
8.783416020923237255e+00 1.497724884601498718e-01 5.969118177431836925e-01
8.762605559217659490e+00 1.499299995574714384e-01 5.954975604092307417e-01
8.741830328093458391e+00 1.500875106547930049e-01 5.940856973089467807e-01
8.721091856301409706e+00 1.502450217521145714e-01 5.926763323346454504e-01
8.700391849933934552e+00 1.504025328494361657e-01 5.912695814305926056e-01
8.679731989893651800e+00 1.505600439467577323e-01 5.898655588291825680e-01
8.659113930016923533e+00 1.507175550440792988e-01 5.884643769234140231e-01
8.638539297346524037e+00 1.508750661414008654e-01 5.870661462854217527e-01
8.618009692405342648e+00 1.510325772387224319e-01 5.856709756850767556e-01
8.597526689470676331e+00 1.511900883360440262e-01 5.842789721086271149e-01
8.577091836849742634e+00 1.513475994333655927e-01 5.828902407774207983e-01
8.556706657155402240e+00 1.515051105306871593e-01 5.815048851666442253e-01
8.536372647582584960e+00 1.516626216280087258e-01 5.801230070241077952e-01
8.516091280185470680e+00 1.518201327253302924e-01 5.787447063890828192e-01
8.495864002154485561e+00 1.519776438226518867e-01 5.773700816111251299e-01
8.475692236094070964e+00 1.521351549199734532e-01 5.759992293689529808e-01
8.455577380300439927e+00 1.522926660172950197e-01 5.746322446893231684e-01
8.435520809039328327e+00 1.524501771146165863e-01 5.732692209659052685e-01
8.415523872824030249e+00 1.526076882119381528e-01 5.719102499781786308e-01
8.395587898693118944e+00 1.527651993092597471e-01 5.705554219103045055e-01
8.375714190488265487e+00 1.529227104065813136e-01 5.692048253700063842e-01
8.355904029131524524e+00 1.530802215039028802e-01 5.678585474074153705e-01
8.336158672902730160e+00 1.532377326012244467e-01 5.665166735339203230e-01
8.316479357716115572e+00 1.533952436985460133e-01 5.651792877409665961e-01
8.296867297396937957e+00 1.535527547958676076e-01 5.638464725188567783e-01
8.277323683957206413e+00 1.537102658931891741e-01 5.625183088754870386e-01
8.257849687871001265e+00 1.538677769905107406e-01 5.611948763550591579e-01
8.238446458349343970e+00 1.540252880878323072e-01 5.598762530567579221e-01
8.219115123614056273e+00 1.541827991851538737e-01 5.585625156533656765e-01
8.199856791171143300e+00 1.543403102824754403e-01 5.572537394098382446e-01
8.180672548083252948e+00 1.544978213797970346e-01 5.559499982018228925e-01
8.161563461241218675e+00 1.546553324771186011e-01 5.546513645341109022e-01
8.142530577634868649e+00 1.548128435744401676e-01 5.533579095590422936e-01
8.123574924622781523e+00 1.549703546717617342e-01 5.520697030948372719e-01
8.104697510200949750e+00 1.551278657690833007e-01 5.507868136438555107e-01
8.085899323270531625e+00 1.552853768664048950e-01 5.495093084107911530e-01
8.067181333904409613e+00 1.554428879637264616e-01 5.482372533207883203e-01
8.048544493612691753e+00 1.556003990610480281e-01 5.469707130374839021e-01
8.029989735606914536e+00 1.557579101583695946e-01 5.457097509809639702e-01
8.011517975063124908e+00 1.559154212556911612e-01 5.444544293456407003e-01
7.993130109383595361e+00 1.560729323530127555e-01 5.432048091180390337e-01
7.974827018457355976e+00 1.562304434503343220e-01 5.419609500945026248e-01
7.956609564919254751e+00 1.563879545476558885e-01 5.407229108987982036e-01
7.938478594407892608e+00 1.565454656449774551e-01 5.394907489996461081e-01
7.920434935821691447e+00 1.567029767422990216e-01 5.382645207281204769e-01
7.902479401574216133e+00 1.568604878396206159e-01 5.370442812950027012e-01
7.884612787847298243e+00 1.570179989369421825e-01 5.358300848079814438e-01
7.866835874843251197e+00 1.571755100342637490e-01 5.346219842887951490e-01
7.849149427035208682e+00 1.573330211315853155e-01 5.334200316902422134e-01
7.831554193416160992e+00 1.574905322289068821e-01 5.322242779131078905e-01
7.814050907746280750e+00 1.576480433262284764e-01 5.310347728229700692e-01
7.796640231364896145e+00 1.578055544235500429e-01 5.298515613637615473e-01
7.779322567154038026e+00 1.579630655208716095e-01 5.286746709149265921e-01
7.762098242874370335e+00 1.581205766181931760e-01 5.275041237507385183e-01
7.762098242874370335e+00 1.581205766181931760e-01 5.275041237507385183e-01
6.037038239713960586e+00 1.826842454521749870e-01 4.117442688997349221e-01
5.123640263711085829e+00 2.073525430377324841e-01 2.754937127314710521e-01
4.058246956256602367e+00 2.322407203492417860e-01 2.321867913570114517e-01
3.528931616030822838e+00 2.568837818198746459e-01 2.163018011831562837e-01
2.974890926705092031e+00 2.811184729179193598e-01 1.378582303306253032e-01
2.604994814953899951e+00 3.057758170190760794e-01 1.039580274676049909e-01
2.268965688420024662e+00 3.308749588216616799e-01 8.879311470133333106e-02
1.977293651836149690e+00 3.553458836143503774e-01 7.208960421319199341e-02
1.785233869754550229e+00 3.797183506574301481e-01 7.539810568117753797e-02
1.572303175460209257e+00 4.042043120935024936e-01 4.147653315482098535e-02
1.427820869748676502e+00 4.287407985369371399e-01 3.155554827060331330e-02
1.298462837453862484e+00 4.533371424922238990e-01 2.694081650965075500e-02
1.169840199688254145e+00 4.779959634912051558e-01 3.906501120748252093e-02
1.066848445654409616e+00 5.026629933946460405e-01 2.638500084651643901e-02
9.887194265493535195e-01 5.271487506500315279e-01 2.854431479446101552e-02
9.184485122045558114e-01 5.515427964227138657e-01 1.990558754359797108e-02
8.557613181450087758e-01 5.762240530263548210e-01 1.713822941315694057e-02
7.975009747616745859e-01 6.007285446297923048e-01 1.378932542872455917e-02
7.417289891440591587e-01 6.252568531449649303e-01 2.190403619608333186e-02
7.097728951790910346e-01 6.499965502683907603e-01 2.088258851882814765e-02
6.730946909658510613e-01 6.746857991314229031e-01 1.573202304736578613e-02
6.495815376047886502e-01 6.991270364754236244e-01 1.221399854878765269e-02
6.296998526222380432e-01 7.235756604093172006e-01 1.076791953173950565e-02
6.233370002429670098e-01 7.479714013051395050e-01 1.352153861176638369e-02
6.192096184401100212e-01 7.726132299420060967e-01 1.125967373333496176e-02
6.133681284390248845e-01 7.972349387995918413e-01 1.199692091592815570e-02
5.914239376802562509e-01 8.217736356692634248e-01 1.448914573310293441e-02
5.727603315936522499e-01 8.463200505719705724e-01 1.108248121487667714e-02
5.565175625978094898e-01 8.708218859006343626e-01 9.909356631000128257e-03
5.483730942307842859e-01 8.954790463233904818e-01 9.703135288891122714e-03
5.388198296407145094e-01 9.199626960429320155e-01 1.043801326003393655e-02
5.399720491236861264e-01 9.443606208269833546e-01 1.331374706850499932e-02
5.410603114460438290e-01 9.688687146412832130e-01 1.333887621645486223e-02
5.391485811046125010e-01 9.930926048855095445e-01 1.632400641073538522e-02
5.504874410495578241e-01 1.017620455362175491e+00 1.211495943754078639e-02
5.684032105007285063e-01 1.042409919186157552e+00 1.579395025260056998e-02
5.969081563456537509e-01 1.066789561870425063e+00 1.407658433432098025e-02
6.106394688965897100e-01 1.090909765172895618e+00 1.804961701773787064e-02
6.031086128115862310e-01 1.115651582439790346e+00 3.050810712546868017e-02
6.200174403007978619e-01 1.140641543091339027e+00 1.963667896662127724e-02
6.292378274011248829e-01 1.164692026865203012e+00 3.575576649598170842e-02
6.519644817274140580e-01 1.188605021497627590e+00 2.938621678612753779e-02
6.985113394410589205e-01 1.214006438167991364e+00 2.716814268082388267e-02
7.530117143098585819e-01 1.240498485730926914e+00 3.822431287511811326e-02
8.538806466586927879e-01 1.264816150349954427e+00 7.825988013459309056e-02
9.056077797083903480e-01 1.284554513240047102e+00 1.106826475415646077e-01
9.832782026054002200e-01 1.309527810458392949e+00 1.620186882109261872e-01
1.422626761745792612e+00 1.335814856768205550e+00 2.358024102607579331e-01
1.361067240863530481e+00 1.360349523175663267e+00 1.674386438417590162e+00
