1.310768145725979537e+02 7.669903939428205850e-04 8.869200751393968574e+00
1.562306830054097304e+02 9.245014912643925459e-04 1.057121578381753935e+01
1.809201357481993000e+02 1.082012588585964507e-03 1.224180652507005718e+01
2.051466640523953515e+02 1.239523685907536251e-03 1.388107387940628712e+01
2.289099287685965294e+02 1.397034783229108429e-03 1.548899489857153000e+01
2.522087569930008613e+02 1.554545880550680173e-03 1.706549021903139263e+01
2.750425148649582638e+02 1.712056977872252134e-03 1.861051695114614191e+01
2.974111046473883562e+02 1.869568075193824095e-03 2.012406848161968043e+01
3.193157395827356027e+02 2.027079172515396273e-03 2.160622690346621511e+01
3.407576311134909020e+02 2.184590269836968017e-03 2.305707418790762020e+01
3.617399456024185156e+02 2.342101367158539761e-03 2.447682458417705220e+01
3.822658938092603762e+02 2.499612464480111939e-03 2.586569534559128769e+01
4.023392193437354081e+02 2.657123561801683683e-03 2.722393978030583028e+01
4.219649774415288448e+02 2.814634659123255861e-03 2.855189994652743479e+01
4.411484789539277926e+02 2.972145756444827605e-03 2.984993519847431287e+01
4.598949653050844404e+02 3.129656853766399783e-03 3.111840019263684809e+01
4.782104130823219066e+02 3.287167951087971527e-03 3.235769932969378004e+01
4.961014024782990077e+02 3.444679048409543271e-03 3.356827785276352216e+01
5.135745321391846119e+02 3.602190145731115449e-03 3.475058225360547937e+01
5.306362180168279110e+02 3.759701243052687193e-03 3.590504666212398632e+01
5.472932035338321839e+02 3.917212340374259805e-03 3.703212736625225432e+01
5.635525108982786833e+02 4.074723437695831549e-03 3.813229951770489379e+01
5.794213533911927243e+02 4.232234535017403293e-03 3.920605119698416274e+01
5.949067663600282003e+02 4.389745632338975037e-03 4.025385844486911679e+01
6.100155480152726568e+02 4.547256729660546781e-03 4.127618125646845471e+01
6.247545927896145486e+02 4.704767826982118525e-03 4.227348613768389640e+01
6.391308708295175620e+02 4.862278924303691137e-03 4.324624471752515120e+01
6.531513923349406241e+02 5.019790021625262881e-03 4.419493133518750483e+01
6.668231732388029513e+02 5.177301118946834625e-03 4.512002071778208290e+01
6.801529919806835096e+02 5.334812216268406369e-03 4.602197152263592272e+01
6.931472980997393734e+02 5.492323313589978981e-03 4.690122015230980423e+01
7.058125161472936497e+02 5.649834410911550725e-03 4.775820131858404238e+01
7.181550537093427238e+02 5.807345508233122469e-03 4.859334858529461343e+01
7.301812855259775006e+02 5.964856605554694213e-03 4.940709329378736214e+01
7.418975400926060502e+02 6.122367702876265957e-03 5.019986365630109049e+01
7.533100883918766613e+02 6.279878800197838569e-03 5.097208399352289376e+01
7.644250704169046458e+02 6.437389897519410313e-03 5.172416976284489465e+01
7.752481910695660190e+02 6.594900994840982057e-03 5.245650698158196690e+01
7.857849817750087595e+02 6.752412092162553801e-03 5.316946992889430845e+01
7.960409332408387399e+02 6.909923189484126413e-03 5.386343012882441883e+01
8.060214880204293877e+02 7.067434286805698157e-03 5.453875584709966517e+01
8.157320340022747587e+02 7.224945384127269901e-03 5.519581165059516081e+01
8.251778988798353112e+02 7.382456481448841645e-03 5.583495803314039563e+01
8.343643454816751728e+02 7.539967578770413389e-03 5.645655109953698059e+01
8.432965678572196566e+02 7.697478676091986001e-03 5.706094230070490880e+01
8.519796568954318445e+02 7.854989773413558612e-03 5.764847610729948713e+01
8.604182796914471965e+02 8.012500870735128622e-03 5.821946831432859426e+01
8.686168356625120168e+02 8.170011968056702101e-03 5.877421660460412767e+01
8.765796876257103349e+02 8.327523065378272110e-03 5.931301618441937507e+01
8.843111614539436687e+02 8.485034162699845589e-03 5.983615976027098782e+01
8.918155424209520561e+02 8.642545260021415598e-03 6.034393729154808739e+01
8.990970720211114440e+02 8.800056357342989077e-03 6.083663577534640865e+01
9.061599452151293690e+02 8.957567454664562556e-03 6.131453906010075627e+01
9.130083080579931902e+02 9.115078551986132566e-03 6.177792768508219723e+01
9.196462556700405457e+02 9.272589649307706045e-03 6.222707874311222298e+01
9.260778305162541528e+02 9.430100746629276054e-03 6.266226576413255600e+01
9.323070163972803357e+02 9.587611843950849533e-03 6.308375830861282907e+01
9.383374937667283575e+02 9.745122941272419542e-03 6.349180541130424871e+01
9.441725378932093236e+02 9.902634038593993021e-03 6.388662869046120818e+01
9.498153802921971192e+02 1.006014513591556303e-02 6.426844680381931596e+01
9.552692376193976997e+02 1.021765623323713651e-02 6.463747740364074446e+01
9.605373088881203785e+02 1.037516733055870999e-02 6.499393694842980551e+01
9.656227729595049141e+02 1.053267842788028000e-02 6.533804053311168047e+01
9.705287862828695324e+02 1.069018952520185348e-02 6.567000173613460845e+01
9.752584808653064101e+02 1.084770062252342349e-02 6.599003248208457251e+01
9.798149624515586993e+02 1.100521171984499696e-02 6.629834291852804995e+01
9.842013088969254113e+02 1.116272281716656697e-02 6.659514130591620074e+01
9.884205687173098340e+02 1.132023391448814045e-02 6.688063391947490288e+01
9.924757598019916713e+02 1.147774501180971046e-02 6.715502496210574179e+01
9.963698682758547420e+02 1.163525610913128394e-02 6.741851648739964276e+01
1.000105839976406401e+03 1.179276720645285742e-02 6.767130782293644131e+01
1.003686321625629034e+03 1.195027830377442743e-02 6.791357805689953864e+01
1.007113615194525778e+03 1.210778940109600091e-02 6.814548295019145030e+01
1.010390005163750402e+03 1.226530049841757092e-02 6.836717708024536932e+01
1.013517777885535224e+03 1.242281159573914440e-02 6.857881515113302839e+01
1.016499219312326090e+03 1.258032269306071441e-02 6.878055183987505927e+01
1.019336612893414895e+03 1.273783379038228789e-02 6.897254165411833071e+01
1.022032237628146390e+03 1.289534488770385789e-02 6.915493880040784802e+01
1.024588366265089917e+03 1.305285598502543137e-02 6.932789706233509719e+01
1.027007263637431606e+03 1.321036708234700485e-02 6.949156968790408939e+01
1.029291185125455286e+03 1.336787817966857486e-02 6.964610928549618052e+01
1.031442375237852275e+03 1.352538927699014834e-02 6.979166772787576178e+01
1.033463066303868118e+03 1.368290037431171835e-02 6.992839606369533101e+01
1.035355477269233916e+03 1.384041147163329183e-02 7.005644443602338356e+01
1.037121812589022966e+03 1.399792256895486184e-02 7.017596200743041379e+01
1.038764261211221083e+03 1.415543366627643532e-02 7.028709689121306781e+01
1.040284995645169147e+03 1.431294476359800533e-02 7.038999608836111577e+01
1.041686169543555479e+03 1.447045586091957881e-02 7.048480532394501097e+01
1.042969772198845476e+03 1.462796695824115228e-02 7.057165920174107043e+01
1.044137522000394483e+03 1.478547805556272229e-02 7.065067399509803181e+01
1.045191114789156927e+03 1.494298915288429577e-02 7.072196445164614431e+01
1.046132250927022369e+03 1.510050025020586578e-02 7.078564562492108792e+01
1.046962633730289326e+03 1.525801134752743926e-02 7.084183276836591858e+01
1.047683967998945036e+03 1.541552244484900927e-02 7.089064123581627541e+01
1.048297958636413568e+03 1.557303354217058275e-02 7.093218638810689924e+01
1.048806309354616587e+03 1.573054463949215276e-02 7.096658350545033045e+01
1.049210721459593515e+03 1.588805573681372624e-02 7.099394770526724585e+01
1.049512892713218207e+03 1.604556683413529972e-02 7.101439386516544516e+01
1.049714516266771398e+03 1.620307793145686973e-02 7.102803655078078293e+01
1.049817279662533792e+03 1.636058902877844320e-02 7.103498994822093948e+01
1.049822863899589947e+03 1.651810012610001321e-02 7.103536780085380542e+01
1.049732942560429365e+03 1.667561122342158669e-02 7.102928335020972384e+01
1.049549180995059032e+03 1.683312232074316017e-02 7.101684928077517611e+01
1.049273235559555133e+03 1.699063341806473018e-02 7.099817766846980760e+01
1.048906752906137626e+03 1.714814451538630366e-02 7.097337993261039912e+01
1.048451369322013079e+03 1.730565561270787367e-02 7.094256679117381736e+01
1.047908710114445967e+03 1.746316671002944715e-02 7.090584821918841385e+01
1.047280389039560305e+03 1.762067780735101716e-02 7.086333341008455022e+01
1.046568007709425956e+03 1.777818890467259064e-02 7.081513073557560745e+01
1.045773140824717530e+03 1.793570000199416065e-02 7.076134674643840583e+01
1.044897318738272133e+03 1.809321109931573412e-02 7.070208499269105573e+01
1.043942056538509632e+03 1.825072219663730760e-02 7.063744799149802134e+01
1.042908858184460541e+03 1.840823329395887761e-02 7.056753750696299221e+01
1.041799216050234918e+03 1.856574439128045109e-02 7.049245451930615047e+01
1.040614610502980895e+03 1.872325548860202110e-02 7.041229919630667666e+01
1.039356509512685989e+03 1.888076658592359458e-02 7.032717086690048802e+01
1.038026368292106099e+03 1.903827768324516459e-02 7.023716799681628231e+01
1.036625628965371561e+03 1.919578878056673807e-02 7.014238816615217331e+01
1.035155720263795502e+03 1.935329987788830808e-02 7.004292804879270307e+01
1.033618057247456591e+03 1.951081097520988156e-02 6.993888339356990969e+01
1.032014041051298136e+03 1.966832207253145504e-02 6.983034900708359771e+01
1.030345058654479317e+03 1.982583316985302505e-02 6.971741873809445167e+01
1.028612482671751877e+03 1.998334426717459852e-02 6.960018546340768353e+01
1.026817671165792262e+03 2.014085536449616853e-02 6.947874107517492348e+01
1.024961967479397572e+03 2.029836646181774201e-02 6.935317646953966175e+01
1.023046700086476676e+03 2.045587755913931202e-02 6.922358153655473245e+01
1.021073182460951216e+03 2.061338865646088550e-02 6.909004515131164226e+01
1.019042712962553423e+03 2.077089975378245551e-02 6.895265516621327606e+01
1.016956574738705285e+03 2.092841085110402899e-02 6.881149840433440090e+01
1.014816035641597637e+03 2.108592194842560247e-02 6.866666065381109263e+01
1.012622348159691228e+03 2.124343304574717248e-02 6.851822666320575195e+01
1.010376749362882151e+03 2.140094414306874596e-02 6.836628013779673552e+01
1.008080460860578114e+03 2.155845524039031597e-02 6.821090373674167040e+01
1.005734688772035042e+03 2.171596633771188944e-02 6.805217907107028452e+01
1.003340624864281040e+03 2.187347743503345945e-02 6.789018678068107704e+01
1.000899571903949777e+03 2.203098853235503293e-02 6.772501501616606845e+01
9.984130471933367517e+02 2.218849962967660294e-02 6.755676644448968204e+01
9.958825597255621460e+02 2.234601072699817642e-02 6.738554317038313002e+01
9.933095834525408918e+02 2.250352182431974990e-02 6.721144492754430644e+01
9.906955580083380255e+02 2.266103292164131991e-02 6.703456912758318254e+01
9.880418894209217342e+02 2.281854401896289339e-02 6.685501090818175385e+01
9.853499508123486521e+02 2.297605511628446340e-02 6.667286318047176508e+01
9.826210830873212672e+02 2.313356621360603688e-02 6.648821667562506832e+01
9.798565956100998164e+02 2.329107731092760689e-02 6.630115999065650101e+01
9.770577668697878835e+02 2.344858840824918036e-02 6.611177963343970987e+01
9.742258451340006786e+02 2.360609950557075037e-02 6.592016006693718566e+01
9.713620490909730734e+02 2.376361060289232385e-02 6.572638375264789090e+01
9.684675684801447915e+02 2.392112170021389733e-02 6.553053119327526588e+01
9.655435647112786910e+02 2.407863279753546734e-02 6.533268097461937884e+01
9.625911714722387842e+02 2.423614389485704082e-02 6.513290980670164743e+01
9.596114953254264037e+02 2.439365499217861083e-02 6.493129256412224493e+01
9.566056162930472055e+02 2.455116608950018431e-02 6.472790232566163127e+01
9.535745884312873386e+02 2.470867718682175432e-02 6.452281041313179344e+01
9.505194403934963248e+02 2.486618828414332780e-02 6.431608642948334875e+01
9.474411759825045465e+02 2.502369938146489781e-02 6.410779829617784742e+01
9.443407746921955095e+02 2.518121047878647129e-02 6.389801228983263570e+01
9.412191922384840836e+02 2.533872157610804476e-02 6.368679307814924329e+01
9.380773610797787114e+02 2.549623267342961477e-02 6.347420375512976420e+01
9.349161909271384729e+02 2.565374377075118825e-02 6.326030587559628060e+01
9.317365692442015188e+02 2.581125486807275826e-02 6.304515948901823208e+01
9.285393617370432366e+02 2.596876596539433174e-02 6.282882317265816852e+01
9.253254128341728801e+02 2.612627706271590175e-02 6.261135406405015402e+01
9.220955461566945814e+02 2.628378816003747523e-02 6.239280789281308870e+01
9.188505649788910432e+02 2.644129925735904524e-02 6.217323901181548251e+01
9.155912526793614461e+02 2.659881035468061872e-02 6.195270042770147256e+01
9.123183731827779184e+02 2.675632145200219220e-02 6.173124383078179278e+01
9.090326749676610234e+02 2.691383254932376221e-02 6.150891986621651597e+01
9.057350703007585935e+02 2.707134364664533568e-02 6.128579026175628286e+01
9.024267081216265751e+02 2.722885474396690569e-02 6.106193275941522103e+01
8.991087185144496061e+02 2.738636584128847917e-02 6.083742382537492688e+01
8.957821921015480484e+02 2.754387693861004918e-02 6.061233725566357577e+01
8.924481811960448567e+02 2.770138803593162266e-02 6.038674425415019442e+01
8.891077009260860677e+02 2.785889913325319267e-02 6.016071350861415112e+01
8.857617303309929184e+02 2.801641023057476615e-02 5.993431126491522321e+01
8.824112134297503189e+02 2.817392132789633963e-02 5.970760139929212329e+01
8.790570602622491378e+02 2.833143242521790964e-02 5.948064548881706770e+01
8.757001479037356830e+02 2.848894352253948312e-02 5.925350288003787114e+01
8.723413214529150537e+02 2.864645461986105313e-02 5.902623075583682066e+01
8.689813949941684541e+02 2.880396571718262660e-02 5.879888420053860898e+01
8.656211525343665016e+02 2.896147681450419661e-02 5.857151626329874716e+01
8.622613489147428254e+02 2.911898791182577009e-02 5.834417801980489315e+01
8.589027106983487556e+02 2.927649900914734010e-02 5.811691863232562838e+01
8.555459370335129279e+02 2.943401010646891358e-02 5.788978540813568685e+01
8.521917004938796936e+02 2.959152120379048706e-02 5.766282385635653185e+01
8.488406478954549357e+02 2.974903230111205707e-02 5.743607774324092219e+01
8.454934010911955511e+02 2.990654339843363055e-02 5.720958914593833100e+01
8.421505577435993928e+02 3.006405449575520056e-02 5.698339850477143642e+01
8.388126920758197684e+02 3.022156559307677404e-02 5.675754467405962345e+01
8.354803556017717483e+02 3.037907669039834405e-02 5.653206497152113030e+01
8.321540778357307317e+02 3.053658778771991752e-02 5.630699522628729170e+01
8.288343669818900707e+02 3.069409888504148753e-02 5.608236982556100969e+01
8.255217106043710373e+02 3.085160998236306101e-02 5.585822175995227212e+01
8.222165762781356761e+02 3.100912107968463102e-02 5.563458266752170545e+01
8.189194122212976481e+02 3.116663217700620450e-02 5.541148287656531579e+01
8.156306479092548898e+02 3.132414327432777451e-02 5.518895144716922374e+01
8.123506946711387400e+02 3.148165437164934799e-02 5.496701621156793749e+01
8.090799462689931261e+02 3.163916546897092147e-02 5.474570381333397506e+01
8.058187794601318501e+02 3.179667656629248801e-02 5.452503974542931786e+01
8.025675545431262208e+02 3.195418766361406149e-02 5.430504838714918492e+01
7.993266158878208216e+02 3.211169876093563497e-02 5.408575303998513562e+01
7.960962924498098801e+02 3.226920985825720151e-02 5.386717596243657624e+01
7.928768982697826004e+02 3.242672095557877499e-02 5.364933840379865160e+01
7.896687329581407084e+02 3.258423205290034846e-02 5.343226063695337302e+01
7.864720821652751965e+02 3.274174315022192194e-02 5.321596199019062112e+01
7.832872180378871008e+02 3.289925424754349542e-02 5.300046087808453876e+01
7.801143997021289351e+02 3.305676534486506196e-02 5.278577483418501259e+01
7.769539175847204433e+02 3.321427644218663544e-02 5.257192350996808727e+01
7.738061743874990270e+02 3.337178753950820892e-02 5.235893415390977879e+01
7.706715761358484542e+02 3.352929863682978240e-02 5.214683423937104578e+01
7.675505092035231200e+02 3.368680973415134894e-02 5.193564991000210540e+01
7.644433409745593053e+02 3.384432083147292242e-02 5.172540602453012326e+01
7.613504204858282947e+02 3.400183192879449590e-02 5.151612620023700373e+01
7.582720790507736410e+02 3.415934302611606938e-02 5.130783285516404391e+01
7.552086308646996713e+02 3.431685412343764285e-02 5.110054724906826351e+01
7.521603735921562475e+02 3.447436522075920939e-02 5.089428952316732335e+01
7.491275889367936998e+02 3.463187631808078287e-02 5.068907873869819980e+01
7.461105431941523420e+02 3.478938741540235635e-02 5.048493291432126995e+01
7.431094877878455236e+02 3.494689851272392983e-02 5.028186906240069476e+01
7.401246597894976276e+02 3.510440961004549637e-02 5.007990322418552154e+01
7.371562824229488342e+02 3.526192070736706985e-02 4.987905050392633655e+01
7.342045655530600925e+02 3.541943180468864333e-02 4.967932510194977880e+01
7.312697061595662262e+02 3.557694290201021681e-02 4.948074034672141153e+01
7.283518887963621182e+02 3.573445399933179029e-02 4.928330872592302114e+01
7.254512860366379527e+02 3.589196509665335683e-02 4.908704191657214011e+01
7.225680589042008251e+02 3.604947619397493030e-02 4.889195081420720612e+01
7.197023572914204124e+02 3.620698729129650378e-02 4.869804556116746141e+01
7.168543203641072523e+02 3.636449838861807726e-02 4.850533557398866691e+01
7.140240769537454071e+02 3.652200948593964380e-02 4.831382956994318789e+01
7.112117459373732800e+02 3.667952058326121728e-02 4.812353559274431802e+01
7.084174366055110568e+02 3.683703168058279076e-02 4.793446103744184938e+01
7.056412490184392254e+02 3.699454277790436424e-02 4.774661267452917457e+01
7.028832743511792387e+02 3.715205387522593772e-02 4.755999667328635638e+01
7.001435952274914598e+02 3.730956497254750426e-02 4.737461862437953641e+01
6.974222860431950721e+02 3.746707606986907774e-02 4.719048356173831138e+01
6.947194132791522634e+02 3.762458716719065122e-02 4.700759598373348069e+01
6.920350358041666823e+02 3.778209826451222469e-02 4.682595987367236035e+01
6.893692051681491648e+02 3.793960936183379123e-02 4.664557871963572211e+01
6.867219658857878812e+02 3.809712045915536471e-02 4.646645553367186210e+01
6.840933557110211041e+02 3.825463155647693819e-02 4.628859287036878811e+01
6.814834059025837405e+02 3.841214265379851167e-02 4.611199284482214722e+01
6.788921414809163934e+02 3.856965375112008515e-02 4.593665715001868932e+01
6.763195814766297644e+02 3.872716484844165169e-02 4.576258707364838330e+01
6.737657391708552268e+02 3.888467594576322517e-02 4.558978351436772414e+01
6.712306223276759738e+02 3.904218704308479865e-02 4.541824699752673666e+01
6.687142334188773702e+02 3.919969814040637213e-02 4.524797769037662931e+01
6.662165698412939037e+02 3.935720923772793867e-02 4.507897541677651532e+01
6.637376241269000730e+02 3.951472033504951215e-02 4.491123967140874385e+01
6.612773841459596724e+02 3.967223143237108562e-02 4.474476963352511660e+01
6.588358333033680765e+02 3.982974252969265910e-02 4.457956418023203327e+01
6.564129507284188776e+02 3.998725362701423258e-02 4.441562189933095084e+01
6.540087114582365757e+02 4.014476472433579912e-02 4.425294110173024364e+01
6.516230866149977601e+02 4.030227582165737260e-02 4.409151983343659964e+01
6.492560435771990797e+02 4.045978691897894608e-02 4.393135588714388007e+01
6.469075461451230922e+02 4.061729801630051956e-02 4.377244681342909161e+01
6.445775517893594042e+02 4.077480911362208610e-02 4.361478973457603558e+01
6.422659951899036059e+02 4.093232021094365958e-02 4.345838023076230172e+01
6.399728006402905294e+02 4.108983130826523306e-02 4.330321317937460890e+01
6.376978905461164686e+02 4.124734240558680654e-02 4.314928333005389760e+01
6.354411855557732451e+02 4.140485350290838001e-02 4.299658531354126723e+01
6.332026046598170979e+02 4.156236460022994655e-02 4.284511364840193437e+01
6.309820652867539366e+02 4.171987569755152003e-02 4.269486274750623522e+01
6.287794833953025773e+02 4.187738679487309351e-02 4.254582692427262458e+01
6.265947735633045568e+02 4.203489789219466699e-02 4.239800039868366355e+01
6.244278490733325953e+02 4.219240898951623353e-02 4.225137730307869788e+01
6.222786219951708517e+02 4.234992008683780701e-02 4.210595168773472352e+01
6.201470032652199507e+02 4.250743118415938049e-02 4.196171752623933315e+01
6.180329027629591110e+02 4.266494228148095397e-02 4.181866872066441942e+01
6.159362293845514387e+02 4.282245337880252745e-02 4.167679910654665321e+01
6.138568911136844690e+02 4.297996447612409399e-02 4.153610245768078357e+01
6.117947950897496412e+02 4.313747557344566746e-02 4.139657249073304968e+01
6.097498476734432415e+02 4.329498667076724094e-02 4.125820286967988437e+01
6.077219545098664639e+02 4.345249776808881442e-02 4.112098721007762947e+01
6.057110205892378190e+02 4.361000886541038096e-02 4.098491908317051724e+01
6.037169503052523396e+02 4.376751996273195444e-02 4.084999201983958272e+01
6.017396475112132066e+02 4.392503106005352792e-02 4.071619951440062835e+01
5.997790155739760394e+02 4.408254215737510140e-02 4.058353502825443826e+01
5.978349574258113535e+02 4.424005325469667488e-02 4.045199199339601392e+01
5.959073756142165621e+02 4.439756435201824142e-02 4.032156381578493409e+01
5.939961723497784760e+02 4.455507544933981490e-02 4.019224387858404413e+01
5.921012495521532628e+02 4.471258654666138838e-02 4.006402554527061000e+01
5.902225088941960394e+02 4.487009764398296185e-02 3.993690216262234571e+01
5.883598518443394596e+02 4.502760874130452839e-02 3.981086706358485117e+01
5.865131797072633617e+02 4.518511983862610187e-02 3.968591357002355124e+01
5.846823936629067475e+02 4.534263093594767535e-02 3.956203499536336210e+01
5.828673948038997423e+02 4.550014203326924883e-02 3.943922464712158416e+01
5.810680841714590770e+02 4.565765313059082231e-02 3.931747582933662954e+01
5.792843627897785836e+02 4.581516422791238885e-02 3.919678184489504247e+01
5.775161316990170235e+02 4.597267532523396233e-02 3.907713599776365498e+01
5.757632919868711951e+02 4.613018642255553581e-02 3.895853159512594743e+01
5.740257448188415310e+02 4.628769751987710929e-02 3.884096194942986102e+01
5.723033914671790399e+02 4.644520861719867583e-02 3.872442038034657230e+01
5.705961333386125034e+02 4.660271971452024931e-02 3.860890021664651783e+01
5.689038720008574046e+02 4.676023081184182278e-02 3.849439479799325881e+01
5.672265092079671831e+02 4.691774190916339626e-02 3.838089747665866014e+01
5.655639469245691089e+02 4.707525300648496974e-02 3.826840161916292971e+01
5.639160873490144468e+02 4.723276410380653628e-02 3.815690060784098137e+01
5.622828329354852031e+02 4.739027520112810976e-02 3.804638784233839743e+01
5.606640864151090682e+02 4.754778629844968324e-02 3.793685674103987537e+01
5.590597508160714142e+02 4.770529739577125672e-02 3.782830074243043583e+01
5.574697294828240501e+02 4.786280849309282326e-02 3.772071330639492714e+01
5.558939260943726595e+02 4.802031959041439674e-02 3.761408791545544261e+01
5.543322446816926004e+02 4.817783068773597022e-02 3.750841807594994037e+01
5.527845896443081983e+02 4.833534178505754370e-02 3.740369731915381379e+01
5.512508657660641802e+02 4.849285288237911717e-02 3.729991920234721903e+01
5.497309782301052792e+02 4.865036397970068371e-02 3.719707730982856475e+01
5.482248326331076669e+02 4.880787507702225719e-02 3.709516525387757468e+01
5.467323349987823349e+02 4.896538617434383067e-02 3.699417667566888923e+01
5.452533917906830538e+02 4.912289727166540415e-02 3.689410524613870024e+01
5.437879099243294831e+02 4.928040836898697069e-02 3.679494466680514364e+01
5.423357967786777181e+02 4.943791946630854417e-02 3.669668867054431871e+01
5.408969602069782923e+02 4.959543056363011765e-02 3.659933102232514557e+01
5.394713085470187934e+02 4.975294166095169113e-02 3.650286551990225092e+01
5.380587506307743979e+02 4.991045275827326461e-02 3.640728599446905633e+01
5.366591947283809532e+02 5.006796385559483115e-02 3.631258623920265194e+01
5.352725152726283113e+02 5.022547495291640463e-02 3.621875775770493533e+01
5.338985474222433822e+02 5.038298605023797810e-02 3.612578939613191409e+01
5.325371266555434886e+02 5.054049714755955158e-02 3.603367002226437421e+01
5.311880911687070466e+02 5.069800824488111812e-02 3.594238868778489149e+01
5.298512818211694366e+02 5.085551934220269160e-02 3.585193462458303060e+01
5.285265420823035356e+02 5.101303043952426508e-02 3.576229724114750042e+01
5.272137179793271571e+02 5.117054153684583856e-02 3.567346611904147125e+01
5.259126580464865128e+02 5.132805263416741204e-02 3.558543100946404536e+01
5.246232132753709720e+02 5.148556373148897858e-02 3.549818182988833115e+01
5.233452370664076625e+02 5.164307482881055206e-02 3.541170866077935386e+01
5.220785851814857779e+02 5.180058592613212554e-02 3.532600174238852020e+01
5.208231156976694365e+02 5.195809702345369901e-02 3.524105147162154594e+01
5.195786889619690783e+02 5.211560812077526555e-02 3.515684839897809866e+01
5.183451675471641238e+02 5.227311921809683903e-02 3.507338322556262256e+01
5.171224162086259639e+02 5.243063031541841251e-02 3.499064680016280704e+01
5.159103018291283433e+02 5.258814141273998599e-02 3.490863011551518724e+01
5.147086897951074889e+02 5.274565251006155947e-02 3.482732406310787354e+01
5.135174392154643783e+02 5.290316360738312601e-02 3.474671910966497990e+01
5.123364103324768166e+02 5.306067470470469949e-02 3.466680579859951195e+01
5.111654657161547561e+02 5.321818580202627297e-02 3.458757483082852957e+01
5.100044702175419502e+02 5.337569689934784645e-02 3.450901706161328519e+01
5.088532909231163330e+02 5.353320799666941299e-02 3.443112349747382694e+01
5.077117971102571232e+02 5.369071909399098647e-02 3.435388529317555850e+01
5.065798602037633032e+02 5.384823019131255994e-02 3.427729374878733637e+01
5.054573537333620266e+02 5.400574128863413342e-02 3.420134030680606685e+01
5.043441532922295778e+02 5.416325238595570690e-02 3.412601654935028961e+01
5.032401364964567847e+02 5.432076348327727344e-02 3.405131419541724114e+01
5.021451829454487097e+02 5.447827458059884692e-02 3.397722509820344783e+01
5.010591741832392358e+02 5.463578567792042040e-02 3.390374124248712917e+01
4.999819936606856459e+02 5.479329677524199388e-02 3.383085474207000232e+01
4.989135266985348380e+02 5.495080787256356042e-02 3.375855783727836013e+01
4.978536604513175803e+02 5.510831896988513390e-02 3.368684289251984865e+01
4.968022838649867481e+02 5.526583006720670738e-02 3.361570239341717325e+01
4.957592772501031959e+02 5.542334116452828086e-02 3.354512824128661919e+01
4.947244918573638870e+02 5.558085226184985433e-02 3.347511037113360288e+01
4.936977759027892034e+02 5.573836335917142087e-02 3.340563851262471928e+01
4.926789804278487850e+02 5.589587445649299435e-02 3.333670258660820451e+01
4.916679592398437535e+02 5.605338555381456783e-02 3.326829270107987924e+01
4.906645688537865340e+02 5.621089665113614131e-02 3.320039914725057173e+01
4.896686684357321724e+02 5.636840774845770785e-02 3.313301239571161005e+01
4.886801197475319896e+02 5.652591884577928133e-02 3.306612309269668515e+01
4.876987870929430642e+02 5.668342994310085481e-02 3.299972205643541656e+01
4.867245372650874629e+02 5.684094104042242829e-02 3.293380027359810214e+01
4.857572394951985757e+02 5.699845213774400177e-02 3.286834889582777919e+01
4.847967654026213040e+02 5.715596323506556831e-02 3.280335923635707474e+01
4.838429889460415438e+02 5.731347433238714179e-02 3.273882276670801161e+01
4.828957863759012525e+02 5.747098542970871526e-02 3.267473111347243986e+01
4.819550361879627189e+02 5.762849652703028874e-02 3.261107605516983909e+01
4.810206190779962867e+02 5.778600762435185528e-02 3.254784951918136215e+01
4.800924178975705559e+02 5.794351872167342876e-02 3.248504357875841464e+01
4.791703175927318625e+02 5.810102981899500224e-02 3.242265044887343350e+01
4.782541951069952120e+02 5.825854091631657572e-02 3.236066180301445883e+01
4.773439029955187038e+02 5.841605201363814920e-02 3.229906766445211019e+01
4.764392923074626651e+02 5.857356311095971574e-02 3.223785795455499681e+01
4.755402169920392339e+02 5.873107420828128922e-02 3.217702279092126361e+01
4.746465338394956461e+02 5.888858530560286270e-02 3.211655248338524160e+01
4.737581024235943232e+02 5.904609640292443618e-02 3.205643753012544295e+01
4.728747850455272328e+02 5.920360750024600272e-02 3.199666861386960548e+01
4.719964466792583266e+02 5.936111859756757619e-02 3.193723659819625738e+01
4.711229549182103824e+02 5.951862969488914967e-02 3.187813252392741958e+01
4.702541799233068787e+02 5.967614079221072315e-02 3.181934760561279418e+01
4.693899943722616968e+02 5.983365188953229663e-02 3.176087322809862457e+01
4.685302734101609303e+02 5.999116298685386317e-02 3.170270094318373211e+01
4.676748946012148735e+02 6.014867408417543665e-02 3.164482246635494178e+01
4.668237378817210015e+02 6.030618518149701013e-02 3.158722967360434097e+01
4.659766855141530755e+02 6.046369627881858361e-02 3.152991459832271914e+01
4.651336220423584678e+02 6.062120737614015015e-02 3.147286942826808698e+01
4.642944342478386943e+02 6.077871847346172363e-02 3.141608650260740276e+01
4.634590111070767193e+02 6.093622957078329710e-02 3.135955830902917185e+01
4.626272436379856003e+02 6.109374066810487058e-02 3.130327747335351773e+01
4.617990127726820333e+02 6.125125176542643712e-02 3.124723593895378215e+01
4.609741788767712478e+02 6.140876286274801060e-02 3.119142425758784398e+01
4.601526026057508147e+02 6.156627396006958408e-02 3.113583300062892789e+01
4.593341474393834005e+02 6.172378505739115756e-02 3.108045293055171499e+01
4.585186796288991786e+02 6.188129615471273104e-02 3.102527499735989025e+01
4.577060681455352551e+02 6.203880725203429758e-02 3.097029033510407814e+01
4.568961846303288326e+02 6.219631834935587106e-02 3.091549025848463472e+01
4.560889033451577461e+02 6.235382944667744454e-02 3.086086625953888074e+01
4.552841011249779513e+02 6.251134054399902495e-02 3.080641000440926902e+01
4.544816573312280639e+02 6.266885164132059149e-02 3.075211333019054294e+01
4.536814538063551367e+02 6.282636273864215803e-02 3.069796824185274176e+01
4.528833748294287602e+02 6.298387383596373845e-02 3.064396690923791766e+01
4.520873070728320045e+02 6.314138493328530499e-02 3.059010166412960530e+01
4.512931395599568418e+02 6.329889603060687153e-02 3.053636499739040033e+01
4.505007636239220687e+02 6.345640712792845195e-02 3.048274955616852466e+01
4.497100728672361925e+02 6.361391822525001849e-02 3.042924814116859622e+01
4.489209631224126724e+02 6.377142932257158503e-02 3.037585370398653595e+01
4.481333324134877216e+02 6.392894041989316545e-02 3.032255934450583013e+01
4.473470809184293557e+02 6.408645151721473199e-02 3.026935830835389751e+01
4.465621106029112752e+02 6.424396261453631241e-02 3.021624396212175867e+01
4.457783139065498972e+02 6.440147371185787895e-02 3.016320902782788949e+01
4.449955711843562085e+02 6.455898480917944549e-02 3.011024540979623865e+01
4.442137644711355051e+02 6.471649590650102590e-02 3.005734512601263120e+01
4.434327783552114397e+02 6.487400700382259244e-02 3.000450036724450698e+01
4.426524999363252277e+02 6.503151810114417286e-02 2.995170349419226241e+01
4.418728187845225079e+02 6.518902919846573940e-02 2.989894703470730875e+01
4.410936268999899994e+02 6.534654029578730594e-02 2.984622368107447343e+01
4.403148186738126810e+02 6.550405139310888636e-02 2.979352628735670550e+01
4.395362908496355203e+02 6.566156249043045290e-02 2.974084786680088399e+01
4.387579424861731354e+02 6.581907358775203332e-02 2.968818158930110940e+01
4.379796749205806918e+02 6.597658468507359986e-02 2.963552077892022396e+01
4.372013917326098635e+02 6.613409578239516640e-02 2.958285891146443802e+01
4.364229987095833394e+02 6.629160687971674681e-02 2.953018961211338933e+01
4.356444038121087488e+02 6.644911797703831335e-02 2.947750665310016061e+01
4.348655171405353030e+02 6.660662907435987989e-02 2.942480395144163197e+01
4.340862509021416713e+02 6.676414017168146031e-02 2.937207556671826580e+01
4.333065193790017702e+02 6.692165126900302685e-02 2.931931569889978206e+01
4.325262388965277864e+02 6.707916236632460727e-02 2.926651868621663155e+01
4.317453277926730948e+02 6.723667346364617381e-02 2.921367900307615173e+01
4.309637063877560763e+02 6.739418456096774035e-02 2.916079125802070493e+01
4.301812965868393803e+02 6.755169565828932077e-02 2.910785016682303450e+01
4.293980156625244717e+02 6.770920675561088731e-02 2.905485013180434350e+01
4.286137772865146758e+02 6.786671785293246772e-02 2.900178531163413354e+01
4.278284970779096170e+02 6.802422895025403426e-02 2.894864999675084505e+01
4.270420927610296644e+02 6.818174004757560080e-02 2.889543862004082797e+01
4.262544841351233913e+02 6.833925114489718122e-02 2.884214575478872078e+01
4.254655930446481875e+02 6.849676224221874776e-02 2.878876611266645824e+01
4.246753433501494897e+02 6.865427333954032818e-02 2.873529454176286180e+01
4.238836608997060011e+02 6.881178443686189472e-02 2.868172602465147492e+01
4.230904735009132196e+02 6.896929553418346126e-02 2.862805567649488125e+01
4.222957108934074881e+02 6.912680663150504168e-02 2.857427874318554473e+01
4.214993047218935089e+02 6.928431772882660822e-02 2.852039059952078759e+01
4.207011885096753758e+02 6.944182882614817476e-02 2.846638674741173602e+01
4.199012976326604303e+02 6.959933992346975518e-02 2.841226281412432542e+01
4.190995692938399770e+02 6.975685102079132172e-02 2.835801455055256426e+01
4.182959424982146857e+02 6.991436211811290213e-02 2.830363782952192153e+01
4.174903580281586528e+02 7.007187321543446867e-02 2.824912864412227620e+01
4.166827584192006384e+02 7.022938431275603521e-02 2.819448310606925290e+01
4.158730879362306041e+02 7.038689541007761563e-02 2.813969744409420670e+01
4.150612925500929578e+02 7.054440650739918217e-02 2.808476800236047666e+01
4.142473199145596254e+02 7.070191760472076259e-02 2.802969123890519043e+01
4.134311193436902840e+02 7.085942870204232913e-02 2.797446372410751181e+01
4.126126419593892365e+02 7.101693979936389567e-02 2.791908215067277865e+01
4.117918427654008156e+02 7.117445089668547609e-02 2.786354347396780540e+01
4.109686799231627106e+02 7.133196199400704263e-02 2.780784486302198033e+01
4.101431131167375383e+02 7.148947309132862304e-02 2.775198358989181102e+01
4.093151034972628395e+02 7.164698418865018958e-02 2.769595702590219233e+01
4.084846136632743310e+02 7.180449528597175612e-02 2.763976264031497720e+01
4.076516076413052474e+02 7.196200638329333654e-02 2.758339799901625611e+01
4.068160508667710360e+02 7.211951748061490308e-02 2.752686076322291342e+01
4.059779101651033102e+02 7.227702857793646962e-02 2.747014868820609834e+01
4.051371537331507966e+02 7.243453967525805004e-02 2.741325962203275068e+01
4.042937511208214687e+02 7.259205077257961658e-02 2.735619150432338387e+01
4.034476732129709831e+02 7.274956186990119700e-02 2.729894236502659766e+01
4.025988922115266746e+02 7.290707296722276354e-02 2.724151032320955323e+01
4.017473816178307970e+02 7.306458406454433008e-02 2.718389358586318849e+01
4.008931162152160823e+02 7.322209516186591050e-02 2.712609044672324998e+01
4.000360720517912227e+02 7.337960625918747704e-02 2.706809928510545404e+01
3.991762264234371287e+02 7.353711735650905745e-02 2.700991856475495112e+01
3.983135578570014559e+02 7.369462845383062399e-02 2.695154683270926554e+01
3.974480460936996451e+02 7.385213955115219053e-02 2.689298271817499142e+01
3.965796720727012143e+02 7.400965064847377095e-02 2.683422493141733156e+01
3.957084179149042029e+02 7.416716174579533749e-02 2.677527226266210292e+01
3.948342669068933333e+02 7.432467284311691791e-02 2.671612358101034701e+01
3.939572034850791624e+02 7.448218394043848445e-02 2.665677783336505513e+01
3.930772138844267261e+02 7.463969503776005099e-02 2.659723408832688207e+01
3.921942962899872214e+02 7.479720613508163141e-02 2.653749222308888278e+01
3.913084585612075443e+02 7.495471723240319795e-02 2.647755276945382974e+01
3.904197094659396043e+02 7.511222832972476449e-02 2.641741632069092205e+01
3.895280584069055294e+02 7.526973942704634490e-02 2.635708351302731600e+01
3.886335154112614418e+02 7.542725052436791144e-02 2.629655502494198416e+01
3.877360911202869147e+02 7.558476162168949186e-02 2.623583157646801922e+01
3.868357967791331475e+02 7.574227271901105840e-02 2.617491392849898091e+01
3.859326442266942649e+02 7.589978381633262494e-02 2.611380288210352774e+01
3.850266458855454061e+02 7.605729491365420536e-02 2.605249927784460340e+01
3.841178147519848949e+02 7.621480601097577190e-02 2.599100399510562553e+01
3.832061643861561038e+02 7.637231710829735232e-02 2.592931795142214924e+01
3.822917089022629398e+02 7.652982820561891886e-02 2.586744210181969450e+01
3.813744629588644557e+02 7.668733930294048540e-02 2.580537743815717278e+01
3.804544417492595585e+02 7.684485040026206581e-02 2.574312498847617903e+01
3.795316609919515258e+02 7.700236149758363235e-02 2.568068581635581893e+01
3.786061369211997203e+02 7.715987259490521277e-02 2.561806102027337317e+01
3.776778862776450865e+02 7.731738369222677931e-02 2.555525173297003505e+01
3.767469262990271659e+02 7.747489478954834585e-02 2.549225912082271606e+01
3.758132747109719958e+02 7.763240588686992627e-02 2.542908438322081466e+01
3.748769497178613506e+02 7.778991698419149281e-02 2.536572875194822174e+01
3.739379699937804276e+02 7.794742808151305935e-02 2.530219349057102107e+01
3.729963546735477848e+02 7.810493917883463977e-02 2.523847989383033408e+01
3.720521233438103081e+02 7.826245027615620631e-02 2.517458928703993237e+01
3.711052962712126941e+02 7.841996137347778673e-02 2.511052304152500270e+01
3.701559070628390486e+02 7.857747247079935327e-02 2.504628343128020518e+01
3.692040086875778115e+02 7.873498356812091981e-02 2.498187404040015736e+01
3.682496553820906797e+02 7.889249466544250022e-02 2.491729853876228162e+01
3.672929010454722629e+02 7.905000576276406676e-02 2.485256057340276215e+01
3.663337992384754784e+02 7.920751686008564718e-02 2.478766376846425601e+01
3.653724031827762815e+02 7.936502795740721372e-02 2.472261172514600247e+01
3.644087657602983654e+02 7.952253905472878026e-02 2.465740802165823808e+01
3.634429395125684437e+02 7.968005015205036068e-02 2.459205621317850188e+01
3.624749766401329225e+02 7.983756124937192722e-02 2.452655983181221089e+01
3.615049290020065769e+02 7.999507234669350764e-02 2.446092238655530693e+01
3.605328481151734650e+02 8.015258344401507418e-02 2.439514736326054489e+01
3.595587851541283158e+02 8.031009454133664072e-02 2.432923822460641361e+01
3.585827909504645845e+02 8.046760563865822113e-02 2.426319841006929678e+01
3.576049159924958758e+02 8.062511673597978767e-02 2.419703133589782240e+01
3.566252104249330159e+02 8.078262783330135421e-02 2.413074039509103841e+01
3.556437240485917073e+02 8.094013893062293463e-02 2.406432895737863120e+01
3.546605063201448615e+02 8.109765002794450117e-02 2.399780036920413551e+01
3.536756063519125632e+02 8.125516112526608159e-02 2.393115795371077326e+01
3.526890729116962007e+02 8.141267222258764813e-02 2.386440501073018439e+01
3.517009544226478965e+02 8.157018331990921467e-02 2.379754481677361966e+01
3.507112989631796154e+02 8.172769441723079509e-02 2.373058062502574828e+01
3.497201542669039327e+02 8.188520551455236163e-02 2.366351566534077122e+01
3.487275677226286348e+02 8.204271661187394205e-02 2.359635314424185282e+01
3.477335863743629716e+02 8.220022770919550859e-02 2.352909624492174601e+01
3.467382569213863803e+02 8.235773880651707513e-02 2.346174812724731851e+01
3.457416303668152864e+02 8.251524990383865554e-02 2.339431224230090223e+01
3.447437842634757317e+02 8.267276100116022208e-02 2.332679383762824443e+01
3.437448048149080364e+02 8.283027209848178862e-02 2.325919874611832583e+01
3.427447769527756805e+02 8.298778319580336904e-02 2.319153271459963861e+01
3.417437843341623989e+02 8.314529429312493558e-02 2.312380140365731407e+01
3.407419093526032157e+02 8.330280539044651600e-02 2.305601038837958328e+01
3.397392331491586788e+02 8.346031648776808254e-02 2.298816515910701952e+01
3.387358356235225187e+02 8.361782758508964908e-02 2.292027112218419305e+01
3.377317954451737592e+02 8.377533868241122950e-02 2.285233360071422126e+01
3.367271900645582150e+02 8.393284977973279604e-02 2.278435783531541503e+01
3.357220957242887494e+02 8.409036087705437645e-02 2.271634898487907961e+01
3.347165874703780446e+02 8.424787197437594299e-02 2.264831212732959287e+01
3.337107391634823443e+02 8.440538307169750953e-02 2.258025226038518340e+01
3.327046234901566208e+02 8.456289416901908995e-02 2.251217430231954353e+01
3.316983119741311157e+02 8.472040526634065649e-02 2.244408309272483848e+01
3.306918749875783874e+02 8.487791636366223691e-02 2.237598339327401931e+01
3.296853817623981513e+02 8.503542746098380345e-02 2.230787988848448578e+01
3.286789004014859188e+02 8.519293855830536999e-02 2.223977718648052715e+01
3.276724978900114706e+02 8.535044965562695041e-02 2.217167981975644864e+01
3.266662401066778898e+02 8.550796075294851695e-02 2.210359224593846150e+01
3.256601918349714424e+02 8.566547185027008349e-02 2.203551884854584841e+01
3.246544167744057745e+02 8.582298294759166390e-02 2.196746393775183748e+01
3.236489775517383691e+02 8.598049404491323044e-02 2.189943175114247964e+01
3.226439357321680745e+02 8.613800514223481086e-02 2.183142645447442121e+01
3.216393518305160910e+02 8.629551623955637740e-02 2.176345214243133341e+01
3.206352853223714874e+02 8.645302733687794394e-02 2.169551283937822106e+01
3.196317946619232657e+02 8.661053843419952436e-02 2.162761250056784590e+01
3.186289462607878704e+02 8.676804953152109090e-02 2.155975561968553222e+01
3.176268318662922070e+02 8.692556062884267132e-02 2.149194840473585799e+01
3.166255462893286108e+02 8.708307172616423786e-02 2.142419727101688665e+01
3.156251824235700383e+02 8.724058282348580440e-02 2.135650850409968626e+01
3.146258312690262073e+02 8.739809392080738482e-02 2.128888826142222968e+01
3.136275819555855833e+02 8.755560501812895136e-02 2.122134257388232470e+01
3.126305217665099576e+02 8.771311611545053177e-02 2.115387734742737180e+01
3.116347361618911691e+02 8.787062721277209831e-02 2.108649836464151761e+01
3.106403088020516634e+02 8.802813831009366485e-02 2.101921128632905322e+01
3.096473215708838893e+02 8.818564940741524527e-02 2.095202165309364517e+01
3.086558545991263145e+02 8.834316050473681181e-02 2.088493488691331379e+01
3.076659862875498561e+02 8.850067160205837835e-02 2.081795629270928316e+01
3.066777933300764971e+02 8.865818269937995877e-02 2.075109105991030134e+01
3.056913507367927991e+02 8.881569379670152531e-02 2.068434426400985160e+01
3.047067318568739438e+02 8.897320489402310573e-02 2.061772086811723526e+01
3.037240084013998285e+02 8.913071599134467227e-02 2.055122572450146379e+01
3.027432504660623067e+02 8.928822708866623881e-02 2.048486357612766540e+01
3.017645265537576051e+02 8.944573818598781922e-02 2.041863905818583902e+01
3.007879035970516952e+02 8.960324928330938576e-02 2.035255669961092551e+01
2.998134469805277149e+02 8.976076038063096618e-02 2.028662092459490651e+01
2.988412205629936125e+02 8.991827147795253272e-02 2.022083605408950291e+01
2.978712866995526838e+02 9.007578257527409926e-02 2.015520630729955798e+01
2.969037062635430289e+02 9.023329367259567968e-02 2.008973580316751040e+01
2.959385386683160846e+02 9.039080476991724622e-02 2.002442856184705988e+01
2.949758418888791311e+02 9.054831586723882664e-02 1.995928850616758865e+01
2.940156724833749422e+02 9.070582696456039318e-02 1.989431946308753396e+01
2.930580856144082986e+02 9.086333806188195972e-02 1.982952516513746133e+01
2.921031350702099303e+02 9.102084915920354014e-02 1.976490925185206393e+01
2.911508775923690564e+02 9.117836025652510668e-02 1.970047556260255917e+01
2.902013881967113775e+02 9.133587135384667322e-02 1.963622917327073125e+01
2.892547456614782959e+02 9.149338245116825363e-02 1.957217541431901608e+01
2.883110267923266292e+02 9.165089354848982017e-02 1.950831948273662420e+01
2.873703064530981806e+02 9.180840464581140059e-02 1.944466644412150913e+01
2.864326575969004125e+02 9.196591574313296713e-02 1.938122123478338921e+01
2.854981512969870323e+02 9.212342684045453367e-02 1.931798866383329383e+01
2.845668567774094413e+02 9.228093793777611409e-02 1.925497341525756312e+01
2.836388414434687775e+02 9.243844903509768063e-02 1.919218004997836147e+01
2.827141709119198367e+02 9.259596013241926105e-02 1.912961300789737962e+01
2.817929090409562605e+02 9.275347122974082759e-02 1.906727660992475393e+01
2.808751179599437364e+02 9.291098232706239413e-02 1.900517505999098944e+01
2.799608580989166740e+02 9.306849342438397454e-02 1.894331244704277140e+01
2.790501882178240862e+02 9.322600452170554108e-02 1.888169274702186584e+01
2.781431654355108094e+02 9.338351561902712150e-02 1.882031982482616783e+01
2.772398452584507140e+02 9.354102671634868804e-02 1.875919743625383163e+01
2.763402816092080911e+02 9.369853781367025458e-02 1.869832922992913282e+01
2.754445268546343186e+02 9.385604891099183500e-02 1.863771874921035732e+01
2.745526318337898601e+02 9.401356000831340154e-02 1.857736943407914509e+01
2.736646458855976789e+02 9.417107110563496808e-02 1.851728462301156597e+01
2.727806168762076595e+02 9.432858220295654850e-02 1.845746755482981527e+01
2.719005912260955711e+02 9.448609330027811504e-02 1.839792137053574450e+01
2.710246139368666718e+02 9.464360439759969545e-02 1.833864911512455720e+01
2.701527286177761198e+02 9.480111549492126199e-02 1.827965373937924554e+01
2.692849775119676110e+02 9.495862659224282853e-02 1.822093810164609806e+01
2.684214015224164882e+02 9.511613768956440895e-02 1.816250496959001026e+01
2.675620402375884055e+02 9.527364878688597549e-02 1.810435702193069574e+01
2.667069319567993375e+02 9.543115988420755591e-02 1.804649685015870020e+01
2.658561137152897800e+02 9.558867098152912245e-02 1.798892696023192173e+01
2.650096213937314360e+02 9.574618207885068899e-02 1.793164977998539911e+01
2.641674936972059413e+02 9.590369317617226941e-02 1.787466792836543306e+01
2.633297737563690362e+02 9.606120427349383595e-02 1.781798432377102515e+01
2.624965037484755044e+02 9.621871537081541637e-02 1.776160182009009958e+01
2.616677244828052267e+02 9.637622646813698291e-02 1.770552317864774849e+01
2.608434754282063182e+02 9.653373756545854945e-02 1.764975107006987542e+01
2.600237947403226144e+02 9.669124866278012986e-02 1.759428807612554380e+01
2.592087192884907267e+02 9.684875976010169640e-02 1.753913669154696109e+01
2.583982846823159889e+02 9.700627085742326294e-02 1.748429932582764224e+01
2.575925252979166657e+02 9.716378195474484336e-02 1.742977830499829750e+01
2.567914743038488155e+02 9.732129305206640990e-02 1.737557587338093867e+01
2.559951636866973672e+02 9.747880414938799032e-02 1.732169419532055343e+01
2.552036242763468579e+02 9.763631524670955686e-02 1.726813535689492696e+01
2.544168857709202030e+02 9.779382634403112340e-02 1.721490136760222001e+01
2.536349767613968709e+02 9.795133744135270382e-02 1.716199416202662320e+01
2.528579247559010525e+02 9.810884853867427036e-02 1.710941560148189566e+01
2.520857562036663353e+02 9.826635963599585077e-02 1.705716747563283775e+01
2.513184965186831050e+02 9.842387073331741731e-02 1.700525150409540842e+01
2.505561701030078723e+02 9.858138183063898385e-02 1.695366933801393117e+01
2.497988003697714987e+02 9.873889292796056427e-02 1.690242256161792156e+01
2.490464097658482956e+02 9.889640402528213081e-02 1.685151269375596428e+01
2.482990197942187081e+02 9.905391512260371123e-02 1.680094118940887427e+01
2.475566510360118855e+02 9.921142621992527777e-02 1.675070944118117566e+01
2.468193231722268308e+02 9.936893731724684431e-02 1.670081878077087367e+01
2.460870550051490397e+02 9.952644841456842473e-02 1.665127048041855318e+01
2.453598644794493566e+02 9.968395951188999127e-02 1.660206575433505094e+01
2.446377687029740571e+02 9.984147060921155781e-02 1.655320576010818456e+01
2.439207839672275213e+02 9.999898170653313823e-02 1.650469160008869096e+01
2.432089257675520741e+02 1.001564928038547048e-01 1.645652432275565857e+01
2.425022088229985684e+02 1.003140039011762852e-01 1.640870492406112646e+01
2.418006470959014678e+02 1.004715149984978517e-01 1.636123434875452176e+01
2.411042537728858974e+02 1.006290260958194183e-01 1.631411348909757209e+01
2.404130373024815128e+02 1.007865371931409987e-01 1.626734291675282762e+01
2.397269980450956268e+02 1.009440482904625652e-01 1.622092265610693573e+01
2.390461351022607346e+02 1.011015593877841456e-01 1.617485264636586706e+01
2.383704471610677160e+02 1.012590704851057122e-01 1.612913279869275129e+01
2.376999325067125710e+02 1.014165815824272787e-01 1.608376299705683010e+01
2.370345890348302760e+02 1.015740926797488591e-01 1.603874309906804285e+01
2.363744142636116692e+02 1.017316037770704257e-01 1.599407293679689523e+01
2.357194053456952076e+02 1.018891148743920061e-01 1.594975231757909206e+01
2.350695590798552814e+02 1.020466259717135726e-01 1.590578102480643885e+01
2.344248719224781894e+02 1.022041370690351392e-01 1.586215881870334776e+01
2.337853399988287038e+02 1.023616481663567196e-01 1.581888543708915762e+01
2.331509591141192459e+02 1.025191592636782861e-01 1.577596059612715429e+01
2.325217247643687131e+02 1.026766703609998527e-01 1.573338399105929675e+01
2.318976321470732671e+02 1.028341814583214331e-01 1.569115529692826350e+01
2.312786761716767501e+02 1.029916925556429996e-01 1.564927416928592407e+01
2.306648514698461270e+02 1.031492036529645800e-01 1.560774024488859624e+01
2.300561524055650864e+02 1.033067147502861466e-01 1.556655314238005872e+01
2.294525730850332934e+02 1.034642258476077131e-01 1.552571246296133722e+01
2.288541073663877796e+02 1.036217369449292935e-01 1.548521779104852492e+01
2.282607488692401603e+02 1.037792480422508601e-01 1.544506869491808132e+01
2.276724909840332316e+02 1.039367591395724405e-01 1.540526472733995966e+01
2.270893268812300221e+02 1.040942702368940070e-01 1.536580542619938150e+01
2.265112495203205185e+02 1.042517813342155736e-01 1.532669031510623725e+01
2.259382516586656777e+02 1.044092924315371540e-01 1.528791890399354081e+01
2.253703258601676112e+02 1.045668035288587205e-01 1.524949068970408916e+01
2.248074645037835637e+02 1.047243146261803010e-01 1.521140515656651715e+01
2.242496597918698740e+02 1.048818257235018675e-01 1.517366177695992846e+01
2.236969037583671991e+02 1.050393368208234340e-01 1.513626001186772285e+01
2.231491882768341952e+02 1.051968479181450145e-01 1.509919931142117200e+01
2.226065050683243101e+02 1.053543590154665810e-01 1.506247911543243667e+01
2.220688457091075918e+02 1.055118701127881475e-01 1.502609885391702349e+01
2.215362016382466095e+02 1.056693812101097280e-01 1.499005794760639887e+01
2.210085632542295571e+02 1.058268923074312945e-01 1.495435574682247371e+01
2.204859055248498123e+02 1.059844034047528749e-01 1.491899055778235095e+01
2.199681908902401801e+02 1.061419145020744415e-01 1.488395983902969277e+01
2.194553818171661419e+02 1.062994255993960080e-01 1.484926105091021853e+01
2.189474411874657562e+02 1.064569366967175884e-01 1.481489168185520278e+01
2.184443322932588103e+02 1.066144477940391549e-01 1.478084924805725109e+01
2.179460188322195222e+02 1.067719588913607354e-01 1.474713129315050075e+01
2.174524649029027046e+02 1.069294699886823019e-01 1.471373538789430846e+01
2.169636350001469793e+02 1.070869810860038684e-01 1.468065912986223864e+01
2.164794940105267074e+02 1.072444921833254489e-01 1.464790014313432565e+01
2.160000072078674407e+02 1.074020032806470154e-01 1.461545607799362578e+01
2.155251402488245276e+02 1.075595143779685958e-01 1.458332461062703622e+01
2.150548591685164013e+02 1.077170254752901624e-01 1.455150344282985309e+01
2.145891303762153939e+02 1.078745365726117289e-01 1.451999030171416116e+01
2.141279206510967867e+02 1.080320476699333093e-01 1.448878293942121509e+01
2.136711971380447324e+02 1.081895587672548759e-01 1.445787913283765569e+01
2.132189273435121208e+02 1.083470698645764424e-01 1.442727668331535718e+01
2.127710791314334813e+02 1.085045809618980228e-01 1.439697341639489103e+01
2.123276207191946128e+02 1.086620920592195894e-01 1.436696718153279306e+01
2.118885206736528346e+02 1.088196031565411698e-01 1.433725585183230855e+01
2.114537479072122039e+02 1.089771142538627363e-01 1.430783732377779138e+01
2.110232716739454872e+02 1.091346253511843029e-01 1.427870951697231838e+01
2.105970615657732878e+02 1.092921364485058833e-01 1.424987037387917965e+01
2.101750875086853512e+02 1.094496475458274498e-01 1.422131785956612582e+01
2.097573197590195946e+02 1.096071586431490302e-01 1.419304996145366893e+01
2.093437288997832013e+02 1.097646697404705968e-01 1.416506468906609761e+01
2.089342858370264935e+02 1.099221808377921633e-01 1.413736007378615334e+01
2.085289617962572493e+02 1.100796919351137437e-01 1.410993416861237471e+01
2.081277283189121476e+02 1.102372030324353103e-01 1.408278504792039065e+01
2.077305572588649341e+02 1.103947141297568907e-01 1.405591080722656372e+01
2.073374207789819081e+02 1.105522252270784572e-01 1.402930956295504750e+01
2.069482913477282011e+02 1.107097363244000238e-01 1.400297945220800777e+01
2.065631417358095234e+02 1.108672474217216042e-01 1.397691863253851885e+01
2.061819450128610356e+02 1.110247585190431707e-01 1.395112528172641575e+01
2.058046744986842782e+02 1.111822696163647373e-01 1.392559759447886236e+01
2.054312944191269423e+02 1.113397807136863177e-01 1.390033315016837179e+01
2.050617486820183046e+02 1.114972918110078842e-01 1.387532815336610881e+01
2.046959791684207630e+02 1.116548029083294646e-01 1.385057867150378286e+01
2.043339285437145065e+02 1.118123140056510312e-01 1.382608082508328273e+01
2.039755402440121657e+02 1.119698251029725977e-01 1.380183078675747588e+01
2.036207584628550649e+02 1.121273362002941781e-01 1.377782478042996317e+01
2.032695281381865584e+02 1.122848472976157447e-01 1.375405908037370573e+01
2.029217949396013978e+02 1.124423583949373251e-01 1.373053001036821286e+01
2.025775052558571758e+02 1.125998694922588916e-01 1.370723394285452912e+01
2.022366061826459145e+02 1.127573805895804582e-01 1.368416729810782861e+01
2.018990455106244326e+02 1.129148916869020386e-01 1.366132654342748509e+01
2.015647717136830011e+02 1.130724027842236051e-01 1.363870819234326248e+01
2.012337339374682301e+02 1.132299138815451855e-01 1.361630880383876452e+01
2.009058819881323643e+02 1.133874249788667521e-01 1.359412498159013616e+01
2.005811663213248437e+02 1.135449360761883186e-01 1.357215337322118209e+01
2.002595380313979661e+02 1.137024471735098990e-01 1.355039066957301586e+01
1.999409488408476250e+02 1.138599582708314656e-01 1.352883360398953627e+01
1.996253510899582011e+02 1.140174693681530321e-01 1.350747895161677903e+01
1.993126977266680626e+02 1.141749804654746125e-01 1.348632352871714879e+01
1.990029422966385084e+02 1.143324915627961791e-01 1.346536419199749801e+01
1.986960389335237949e+02 1.144900026601177595e-01 1.344459783795069185e+01
1.983919423494426439e+02 1.146475137574393260e-01 1.342402140221090789e+01
1.980906078256393812e+02 1.148050248547608926e-01 1.340363185892172027e+01
1.977919912033397054e+02 1.149625359520824730e-01 1.338342622011736438e+01
1.974960488747836678e+02 1.151200470494040395e-01 1.336340153511600271e+01
1.972027377744481100e+02 1.152775581467256200e-01 1.334355488992576788e+01
1.969120153704412814e+02 1.154350692440471865e-01 1.332388340666252446e+01
1.966238396560722208e+02 1.155925803413687530e-01 1.330438424297938305e+01
1.963381691415883665e+02 1.157500914386903335e-01 1.328505459150766832e+01
1.960549628460801159e+02 1.159076025360119000e-01 1.326589167930910662e+01
1.957741802895494061e+02 1.160651136333334804e-01 1.324689276733919918e+01
1.954957814851318290e+02 1.162226247306550470e-01 1.322805514992090714e+01
1.952197269314796699e+02 1.163801358279766135e-01 1.320937615422925049e+01
1.949459776052937343e+02 1.165376469252981939e-01 1.319085313978601803e+01
1.946744949540020002e+02 1.166951580226197605e-01 1.317248349796432016e+01
1.944052408870469719e+02 1.168526691199413270e-01 1.315426465139912260e+01
1.941381731179721157e+02 1.170101802172629074e-01 1.313619373881343044e+01
1.938732350114158862e+02 1.171676913145844739e-01 1.311826692802386951e+01
1.936103676755375318e+02 1.173252024119060544e-01 1.310048023416431029e+01
1.933495129521913043e+02 1.174827135092276209e-01 1.308282972201346972e+01
1.930906134055972529e+02 1.176402246065491874e-01 1.306531150522833684e+01
1.928336123112968039e+02 1.177977357038707679e-01 1.304792174559684881e+01
1.925784536453822966e+02 1.179552468011923344e-01 1.303065665230912806e+01
1.923250820739961000e+02 1.181127578985139148e-01 1.301351248124693072e+01
1.920734429430949035e+02 1.182702689958354814e-01 1.299648553429107878e+01
1.918234822684657956e+02 1.184277800931570479e-01 1.297957215864590275e+01
1.915751467259964613e+02 1.185852911904786283e-01 1.296276874618086339e+01
1.913283836421878448e+02 1.187428022878001949e-01 1.294607173278861900e+01
1.910831409849040767e+02 1.189003133851217753e-01 1.292947759775911365e+01
1.908393673543539535e+02 1.190578244824433418e-01 1.291298286316936483e+01
1.905970119743028022e+02 1.192153355797649084e-01 1.289658409328879074e+01
1.903560246834992142e+02 1.193728466770864888e-01 1.288027789399915157e+01
1.901163559273240367e+02 1.195303577744080553e-01 1.286406091222944958e+01
1.898779567496448522e+02 1.196878688717296219e-01 1.284792983540478062e+01
1.896407787848756357e+02 1.198453799690512023e-01 1.283188139090905366e+01
1.894047742502404788e+02 1.200028910663727688e-01 1.281591234556152692e+01
1.891698959382286489e+02 1.201604021636943492e-01 1.280001950510630593e+01
1.889360972092417796e+02 1.203179132610159158e-01 1.278419971371477182e+01
1.887033319844267965e+02 1.204754243583374823e-01 1.276844985350067674e+01
1.884715547386919923e+02 1.206329354556590627e-01 1.275276684404755478e+01
1.882407204938931500e+02 1.207904465529806293e-01 1.273714764194767746e+01
1.880107848122019334e+02 1.209479576503022097e-01 1.272158924035333527e+01
1.877817037896347472e+02 1.211054687476237762e-01 1.270608866853894980e+01
1.875534340497505355e+02 1.212629798449453428e-01 1.269064299147467878e+01
1.873259327375029955e+02 1.214204909422669232e-01 1.267524930941039862e+01
1.870991575132569551e+02 1.215780020395884897e-01 1.265990475747084787e+01
1.868730665469479391e+02 1.217355131369100563e-01 1.264460650526041441e+01
1.866476185123998448e+02 1.218930242342316367e-01 1.262935175647868391e+01
1.864227725817765702e+02 1.220505353315532032e-01 1.261413774854498548e+01
1.861984884201841055e+02 1.222080464288747836e-01 1.259896175223314252e+01
1.859747261804056109e+02 1.223655575261963502e-01 1.258382107131525451e+01
1.857514464977713260e+02 1.225230686235179167e-01 1.256871304221454722e+01
1.855286104851586515e+02 1.226805797208394971e-01 1.255363503366707612e+01
1.853061797274034745e+02 1.228380908181610637e-01 1.253858444634353653e+01
1.850841152440448525e+02 1.229956019154826441e-01 1.252355864266434082e+01
1.848623754438011701e+02 1.231531130128042106e-01 1.250855480839091882e+01
1.846409186712845951e+02 1.233106241101257772e-01 1.249357012494701635e+01
1.844197037833594948e+02 1.234681352074473576e-01 1.247860180841749056e+01
1.841986901443428621e+02 1.236256463047689241e-01 1.246364710922353503e+01
1.839778376213312754e+02 1.237831574020905046e-01 1.244870331180651668e+01
1.837571065796655319e+02 1.239406684994120711e-01 1.243376773432104621e+01
1.835364578785135450e+02 1.240981795967336376e-01 1.241883772833614152e+01
1.833158528665794904e+02 1.242556906940552180e-01 1.240391067854486629e+01
1.830952533779301916e+02 1.244132017913767846e-01 1.238898400248193532e+01
1.828746217279367556e+02 1.245707128886983511e-01 1.237405515024911651e+01
1.826539207093310608e+02 1.247282239860199315e-01 1.235912160424837225e+01
1.824331135883684283e+02 1.248857350833414981e-01 1.234418087892223070e+01
1.822121641011005408e+02 1.250432461806630924e-01 1.232923052050158930e+01
1.819910364497456499e+02 1.252007572779846589e-01 1.231426810676010675e+01
1.817696952991680632e+02 1.253582683753062255e-01 1.229929124677599539e+01
1.815481057734454566e+02 1.255157794726277920e-01 1.228429758069974120e+01
1.813262334525377923e+02 1.256732905699493585e-01 1.226928477952873031e+01
1.811040443690452548e+02 1.258308016672709251e-01 1.225425054488785648e+01
1.808815050050583579e+02 1.259883127645924916e-01 1.223919260881637072e+01
1.806585822890895940e+02 1.261458238619140859e-01 1.222410873356032646e+01
1.804352435930948388e+02 1.263033349592356525e-01 1.220899671137096476e+01
1.802114567295726033e+02 1.264608460565572190e-01 1.219385436430847847e+01
1.799871899487440032e+02 1.266183571538787855e-01 1.217867954405118525e+01
1.797624119358096380e+02 1.267758682512003521e-01 1.216347013170991787e+01
1.795370918082787455e+02 1.269333793485219464e-01 1.214822403764730829e+01
1.793111991133740446e+02 1.270908904458435129e-01 1.213293920130218062e+01
1.790847038255020891e+02 1.272484015431650795e-01 1.211761359101838131e+01
1.788575763437923740e+02 1.274059126404866460e-01 1.210224520387828839e+01
1.786297874897066436e+02 1.275634237378082125e-01 1.208683206554101730e+01
1.784013085047018876e+02 1.277209348351298068e-01 1.207137223008430560e+01
1.781721110479620336e+02 1.278784459324513734e-01 1.205586377985103574e+01
1.779421671941865668e+02 1.280359570297729399e-01 1.204030482529958768e+01
1.777114494314338629e+02 1.281934681270945064e-01 1.202469350485791821e+01
1.774799306590210222e+02 1.283509792244160730e-01 1.200902798478145250e+01
1.772475841854796954e+02 1.285084903217376673e-01 1.199330645901477865e+01
1.770143837265559910e+02 1.286660014190592338e-01 1.197752714905629823e+01
1.767803034032657763e+02 1.288235125163808004e-01 1.196168830382664083e+01
1.765453177399942888e+02 1.289810236137023669e-01 1.194578819954008075e+01
1.763094016730855458e+02 1.291385347110239334e-01 1.192982514028574137e+01
1.760725336211113472e+02 1.292960458083455277e-01 1.191379766577470001e+01
1.758346997056885357e+02 1.294535569056670943e-01 1.189770483693801317e+01
1.755958873828290052e+02 1.296110680029886608e-01 1.188154580499743318e+01
1.753560843573602597e+02 1.297685791003102274e-01 1.186531973801060502e+01
1.751152785817483846e+02 1.299260901976317939e-01 1.184902582079145361e+01
1.748734582549353433e+02 1.300836012949533882e-01 1.183266325483144321e+01
1.746306118211868181e+02 1.302411123922749547e-01 1.181623125822167530e+01
1.743867279689484917e+02 1.303986234895965213e-01 1.179972906557549095e+01
1.741417956297151193e+02 1.305561345869180878e-01 1.178315592795193822e+01
1.738958039769058246e+02 1.307136456842396544e-01 1.176651111277964468e+01
1.736487424247492015e+02 1.308711567815612486e-01 1.174979390378145361e+01
1.734006006271791023e+02 1.310286678788828152e-01 1.173300360089960748e+01
1.731513684767321308e+02 1.311861789762043817e-01 1.171613952022124039e+01
1.729010361034596031e+02 1.313436900735259483e-01 1.169920099390469481e+01
1.726495938738410132e+02 1.315012011708475148e-01 1.168218737010603014e+01
1.723970323897039520e+02 1.316587122681690813e-01 1.166509801290593629e+01
1.721433424871551949e+02 1.318162233654906756e-01 1.164793230223740217e+01
1.718885152355100843e+02 1.319737344628122422e-01 1.163068963381327059e+01
1.716325419362320019e+02 1.321312455601338087e-01 1.161336941905449471e+01
1.713754141218717564e+02 1.322887566574553753e-01 1.159597108501834484e+01
1.711171235550176846e+02 1.324462677547769418e-01 1.157849407432740385e+01
1.708576622272432246e+02 1.326037788520985361e-01 1.156093784509831757e+01
1.705970223580606557e+02 1.327612899494201026e-01 1.154330187087102999e+01
1.703351963938785616e+02 1.329188010467416692e-01 1.152558564053822820e+01
1.700721770069577872e+02 1.330763121440632357e-01 1.150778865827469488e+01
1.698079570943769454e+02 1.332338232413848023e-01 1.148991044346732160e+01
1.695425297769917279e+02 1.333913343387063966e-01 1.147195053064467452e+01
1.692758883984012925e+02 1.335488454360279631e-01 1.145390846940708762e+01
1.690080265239130028e+02 1.337063565333495296e-01 1.143578382435656948e+01
1.687389379395102083e+02 1.338638676306710962e-01 1.141757617502698174e+01
1.684686166508195413e+02 1.340213787279926627e-01 1.139928511581417858e+01
1.681970568820753442e+02 1.341788898253142570e-01 1.138091025590590455e+01
1.679242530750929063e+02 1.343364009226358236e-01 1.136245121921233547e+01
1.676501998882287410e+02 1.344939120199573901e-01 1.134390764429572229e+01
1.673748921953515207e+02 1.346514231172789566e-01 1.132527918430077740e+01
1.670983250848056798e+02 1.348089342146005232e-01 1.130656550688450324e+01
1.668204938583775743e+02 1.349664453119221175e-01 1.128776629414629795e+01
1.665413940302560150e+02 1.351239564092436840e-01 1.126888124255757084e+01
1.662610213259956424e+02 1.352814675065652505e-01 1.124991006289162776e+01
1.659793716814727986e+02 1.354389786038868171e-01 1.123085248015300408e+01
1.656964412418476513e+02 1.355964897012083836e-01 1.121170823350726486e+01
1.654122263923863443e+02 1.357540007985299779e-01 1.119247707836652772e+01
1.651267296544595240e+02 1.359115118958515445e-01 1.117315918533717678e+01
1.648399664827531694e+02 1.360690229931731110e-01 1.115375560014735257e+01
1.645519539472118140e+02 1.362265340904946775e-01 1.113426747782027526e+01
1.642627090382313781e+02 1.363840451878162441e-01 1.111469596799658532e+01
1.639722486662509482e+02 1.365415562851378384e-01 1.109504221490669273e+01
1.636805896613491029e+02 1.366990673824594049e-01 1.107530735734351168e+01
1.633877487728583446e+02 1.368565784797809715e-01 1.105549252863631260e+01
1.630937426689893357e+02 1.370140895771025380e-01 1.103559885662534867e+01
1.627985879364704545e+02 1.371716006744241045e-01 1.101562746363742740e+01
1.625023010801995440e+02 1.373291117717456711e-01 1.099557946646237383e+01
1.622048985229054665e+02 1.374866228690672654e-01 1.097545597633011738e+01
1.619063966048251189e+02 1.376441339663888319e-01 1.095525809888884083e+01
1.616068115833921013e+02 1.378016450637103985e-01 1.093498693418389855e+01
1.613061596329341967e+02 1.379591561610319650e-01 1.091464357663738305e+01
1.610044568443887272e+02 1.381166672583535315e-01 1.089422911502881774e+01
1.607017192250237656e+02 1.382741783556751258e-01 1.087374463247633471e+01
1.603979626981738420e+02 1.384316894529966924e-01 1.085319120641877966e+01
1.600932031029875873e+02 1.385892005503182589e-01 1.083256990859861268e+01
1.597874561941842160e+02 1.387467116476398254e-01 1.081188180504545926e+01
1.594807376418247600e+02 1.389042227449613920e-01 1.079112795606062214e+01
1.591730630310904644e+02 1.390617338422829863e-01 1.077030941620209248e+01
1.588644478620747975e+02 1.392192449396045528e-01 1.074942723427044378e+01
1.585549075495855789e+02 1.393767560369261194e-01 1.072848245329550210e+01
1.582444574229576517e+02 1.395342671342476859e-01 1.070747611052362203e+01
1.579331127258750485e+02 1.396917782315692524e-01 1.068640923740565540e+01
1.576208886162057752e+02 1.398492893288908467e-01 1.066528285958581534e+01
1.573078001658437586e+02 1.400068004262124133e-01 1.064409799689092750e+01
1.569938623605649468e+02 1.401643115235339798e-01 1.062285566332073117e+01
1.566790900998887253e+02 1.403218226208555464e-01 1.060155686703848765e+01
1.563634981969528326e+02 1.404793337181771129e-01 1.058020261036250886e+01
1.560471013783962348e+02 1.406368448154987072e-01 1.055879388975825428e+01
1.557299142842525157e+02 1.407943559128202737e-01 1.053733169583109053e+01
1.554119514678520488e+02 1.409518670101418403e-01 1.051581701331969043e+01
1.550932273957307359e+02 1.411093781074634068e-01 1.049425082108987084e+01
1.547737564475562237e+02 1.412668892047849734e-01 1.047263409212954954e+01
1.544535529160533827e+02 1.414244003021065677e-01 1.045096779354376082e+01
1.541326310069444503e+02 1.415819113994281342e-01 1.042925288655056804e+01
1.538110048388969915e+02 1.417394224967497007e-01 1.040749032647756067e+01
1.534886884434804699e+02 1.418969335940712673e-01 1.038568106275890557e+01
1.531656957651282482e+02 1.420544446913928338e-01 1.036382603893278898e+01
1.528420406611149076e+02 1.422119557887144281e-01 1.034192619263985513e+01
1.525177369015356419e+02 1.423694668860359946e-01 1.031998245562182959e+01
1.521927981692946332e+02 1.425269779833575612e-01 1.029799575372076959e+01
1.518672380630905820e+02 1.426844890806791277e-01 1.027596700708099142e+01
1.515410744453799339e+02 1.428420001780006943e-01 1.025389742435036311e+01
1.512143380374654669e+02 1.429995112753222608e-01 1.023178908425962064e+01
1.508870616315709299e+02 1.431570223726438551e-01 1.020964420566657616e+01
1.505592776328342666e+02 1.433145334699654216e-01 1.018746498123722333e+01
1.502310180609413521e+02 1.434720445672869882e-01 1.016525357755627468e+01
1.499023145518138165e+02 1.436295556646085547e-01 1.014301213524135470e+01
1.495731983593519203e+02 1.437870667619301213e-01 1.012074276906094639e+01
1.492437003572259187e+02 1.439445778592517156e-01 1.009844756805558141e+01
1.489138510407189528e+02 1.441020889565732821e-01 1.007612859566256347e+01
1.485836805286184870e+02 1.442596000538948486e-01 1.005378788984393523e+01
1.482532185651480461e+02 1.444171111512164152e-01 1.003142746321718093e+01
1.479224945219521601e+02 1.445746222485379817e-01 1.000904930318955444e+01
1.475915374001175451e+02 1.447321333458595760e-01 9.986655372094832117e+00
1.472603758322371448e+02 1.448896444431811426e-01 9.964247607332961110e+00
1.469290380845162076e+02 1.450471555405027091e-01 9.941827921512599531e+00
1.465975520589129815e+02 1.452046666378242756e-01 9.919398202595919756e+00
1.462659452953200514e+02 1.453621777351458422e-01 9.896960314046255647e+00
1.459342449737767140e+02 1.455196888324674365e-01 9.874516094977744629e+00
1.456024779167198915e+02 1.456771999297890030e-01 9.852067360307687593e+00
1.452706705912617622e+02 1.458347110271105695e-01 9.829615900910637194e+00
1.449388491115057604e+02 1.459922221244321361e-01 9.807163483775109825e+00
1.446070392408852854e+02 1.461497332217537026e-01 9.784711852161819934e+00
1.442752663945345262e+02 1.463072443190752969e-01 9.762262725764136562e+00
1.439435556416858901e+02 1.464647554163968635e-01 9.739817800870261166e+00
1.436119317080923565e+02 1.466222665137184300e-01 9.717378750527153386e+00
1.432804189784758933e+02 1.467797776110399965e-01 9.694947224706222499e+00
1.429490414989970475e+02 1.469372887083615631e-01 9.672524850470381352e+00
1.426178229797478139e+02 1.470947998056831574e-01 9.650113232142764730e+00
1.422867867972656768e+02 1.472523109030047239e-01 9.627713951476820853e+00
1.419559559970677185e+02 1.474098220003262905e-01 9.605328567827797315e+00
1.416253532962012684e+02 1.475673330976478570e-01 9.582958618325291056e+00
1.412950010858147323e+02 1.477248441949694235e-01 9.560605618047263832e+00
1.409649214337422904e+02 1.478823552922910178e-01 9.538271060194855266e+00
1.406351360871064173e+02 1.480398663896125844e-01 9.515956416268554818e+00
1.403056664749335027e+02 1.481973774869341509e-01 9.493663136245128698e+00
1.399765337107809842e+02 1.483548885842557175e-01 9.471392648755420751e+00
1.396477585953818448e+02 1.485123996815772840e-01 9.449146361263265348e+00
1.393193616192936872e+02 1.486699107788988505e-01 9.426925660244757310e+00
1.389913629655631837e+02 1.488274218762204448e-01 9.404731911368505948e+00
1.386637825124005303e+02 1.489849329735420114e-01 9.382566459676645820e+00
1.383366398358563174e+02 1.491424440708635779e-01 9.360430629765920330e+00
1.380099542125138612e+02 1.492999551681851444e-01 9.338325725969879088e+00
1.376837446221809671e+02 1.494574662655067110e-01 9.316253032541020218e+00
1.373580297505954775e+02 1.496149773628283053e-01 9.294213813833836824e+00
1.370328279921280341e+02 1.497724884601498718e-01 9.272209314487717791e+00
1.367081574524947030e+02 1.499299995574714384e-01 9.250240759610484531e+00
1.363840365562104182e+02 1.500875106547930049e-01 9.228309395881201027e+00
1.360604891537955154e+02 1.502450217521145714e-01 9.206416837124974606e+00
1.357375418625328223e+02 1.504025328494361657e-01 9.184564884377515170e+00
1.354152209067113688e+02 1.505600439467577323e-01 9.162755312082957460e+00
1.350935520883508900e+02 1.507175550440792988e-01 9.140989866112930073e+00
1.347725607914559305e+02 1.508750661414008654e-01 9.119270264054438968e+00
1.344522719862860640e+02 1.510325772387224319e-01 9.097598195498774132e+00
1.341327102336351516e+02 1.511900883360440262e-01 9.075975322331077066e+00
1.338138996891296699e+02 1.513475994333655927e-01 9.054403279021208562e+00
1.334958641075303376e+02 1.515051105306871593e-01 9.032883672914755024e+00
1.331786268470448249e+02 1.516626216280087258e-01 9.011418084524908778e+00
1.328622108736520886e+02 1.518201327253302924e-01 8.990008067825010940e+00
1.325466387654237792e+02 1.519776438226518867e-01 8.968655150541023247e+00
1.322319327168579832e+02 1.521351549199734532e-01 8.947360834444703315e+00
1.319181145432124254e+02 1.522926660172950197e-01 8.926126595646834971e+00
1.316052056848378982e+02 1.524501771146165863e-01 8.904953884890456806e+00
1.312932272115158128e+02 1.526076882119381528e-01 8.883844127844334082e+00
1.309821998267911169e+02 1.527651993092597471e-01 8.862798725396164201e+00
1.306721438723066342e+02 1.529227104065813136e-01 8.841819053945842555e+00
1.303630793321291321e+02 1.530802215039028802e-01 8.820906465698181265e+00
1.300550258370768120e+02 1.532377326012244467e-01 8.800062288955738055e+00
1.297480026690353441e+02 1.533952436985460133e-01 8.779287828410847538e+00
1.294420287652731645e+02 1.535527547958676076e-01 8.758584365437602770e+00
1.291371227227434986e+02 1.537102658931891741e-01 8.737953158382975261e+00
1.288333028023795350e+02 1.538677769905107406e-01 8.717395442857410970e+00
1.285305869333828923e+02 1.540252880878323072e-01 8.696912432025035500e+00
1.282289927174959985e+02 1.541827991851538737e-01 8.676505316892717090e+00
1.279285374332673086e+02 1.543403102824754403e-01 8.656175266598694407e+00
1.276292380403022548e+02 1.544978213797970346e-01 8.635923428700184701e+00
1.273311111834992175e+02 1.546553324771186011e-01 8.615750929460025631e+00
1.270341731972749244e+02 1.548128435744401676e-01 8.595658874132579896e+00
1.267384401097727391e+02 1.549703546717617342e-01 8.575648347248483461e+00
1.264439276470542666e+02 1.551278657690833007e-01 8.555720412898271121e+00
1.261506512372766196e+02 1.552853768664048950e-01 8.535876115015025078e+00
1.258586260148510689e+02 1.554428879637264616e-01 8.516116477655755190e+00
1.255678668245852379e+02 1.556003990610480281e-01 8.496442505281702751e+00
1.252783882258049459e+02 1.557579101583695946e-01 8.476855183037210750e+00
1.249902044964587304e+02 1.559154212556911612e-01 8.457355477027485691e+00
1.247033296372008948e+02 1.560729323530127555e-01 8.437944334594840612e+00
1.244177773754561400e+02 1.562304434503343220e-01 8.418622684593758621e+00
1.241335611694613021e+02 1.563879545476558885e-01 8.399391437664336379e+00
1.238506942122893406e+02 1.565454656449774551e-01 8.380251486504592506e+00
1.235691894358445495e+02 1.567029767422990216e-01 8.361203706140798886e+00
1.232890595148457322e+02 1.568604878396206159e-01 8.342248954196968214e+00
1.230103168707753412e+02 1.570179989369421825e-01 8.323388071162117541e+00
1.227329736758143071e+02 1.571755100342637490e-01 8.304621880656471333e+00
1.224570418567478214e+02 1.573330211315853155e-01 8.285951189695772712e+00
1.221825330988503424e+02 1.574905322289068821e-01 8.267376788954136302e+00
1.219094588497445386e+02 1.576480433262284764e-01 8.248899453025181572e+00
1.216378294271925711e+02 1.578055544235500429e-01 8.230519880051469173e+00
1.213676511166834189e+02 1.579630655208716095e-01 8.212238495335249411e+00
1.210989290317139933e+02 1.581205766181931760e-01 8.194055644876925726e+00
1.210989290317139933e+02 1.581205766181931760e-01 8.194055644876925726e+00
9.370188919242428938e+01 1.826842454521749870e-01 6.301761211085225689e+00
7.904924521939965132e+01 2.073525430377324841e-01 4.325257662631319278e+00
6.223027640623633516e+01 2.322407203492417860e-01 3.433357981817339422e+00
5.386020372221889119e+01 2.568837818198746459e-01 3.152285114107346242e+00
4.509448358913044075e+01 2.811184729179193598e-01 1.976742124927553634e+00
3.915229520376580297e+01 3.057758170190760794e-01 1.466144248589955401e+00
3.388621758887323665e+01 3.308749588216616799e-01 1.222088186969754631e+00
2.934351056732845109e+01 3.553458836143503774e-01 9.856904994706394696e-01
2.631402310954258894e+01 3.797183506574301481e-01 9.829879986976263195e-01
2.306396285554966852e+01 4.042043120935024936e-01 5.936018609268434165e-01
2.079745379416391060e+01 4.287407985369371399e-01 4.060426970507540756e-01
1.879979770598026789e+01 4.533371424922238990e-01 3.339777268151183365e-01
1.682578648777156971e+01 4.779959634912051558e-01 4.668272492467193113e-01
1.527107589443257929e+01 5.026629933946460405e-01 3.339213586691517910e-01
1.402170628668708652e+01 5.271487506500315279e-01 3.342232709290718362e-01
1.300376027749950048e+01 5.515427964227138657e-01 2.423996407097577521e-01
1.201924674158684603e+01 5.762240530263548210e-01 2.147757231916253007e-01
1.108869771329085729e+01 6.007285446297923048e-01 1.299596721648182129e-01
1.028616529401929114e+01 6.252568531449649303e-01 2.482875469960025283e-01
9.763477300626382416e+00 6.499965502683907603e-01 1.989216201976882759e-01
9.198795897518209586e+00 6.746857991314229031e-01 1.500399654548193740e-01
8.831968082892203142e+00 6.991270364754236244e-01 1.036009544917511765e-01
8.511765327371547230e+00 7.235756604093172006e-01 1.113016221669011624e-01
8.383865310508383573e+00 7.479714013051395050e-01 1.173119472082174708e-01
8.288413580001961378e+00 7.726132299420060967e-01 8.995480164832536651e-02
8.179223863202379263e+00 7.972349387995918413e-01 1.052419370585803288e-01
7.830879968559784743e+00 8.217736356692634248e-01 1.541966375480973706e-01
7.542153798227980488e+00 8.463200505719705724e-01 9.684324103822820884e-02
7.297355506073349929e+00 8.708218859006343626e-01 1.123270772539374379e-01
7.170113395016978863e+00 8.954790463233904818e-01 9.952940909539666203e-02
7.013564950463647030e+00 9.199626960429320155e-01 7.901361218461458447e-02
6.999479124522037132e+00 9.443606208269833546e-01 1.354399439393963178e-01
6.968153999384494313e+00 9.688687146412832130e-01 1.166714052669224067e-01
6.981042420349125699e+00 9.930926048855095445e-01 1.436898288182144601e-01
7.130258169680119273e+00 1.017620455362175491e+00 1.167753600838493250e-01
7.366981667397761946e+00 1.042409919186157552e+00 1.705958031067714709e-01
7.747862766631222975e+00 1.066789561870425063e+00 1.478901134141999418e-01
7.882955295406775420e+00 1.090909765172895618e+00 1.630193964959534003e-01
7.875183268501184664e+00 1.115651582439790346e+00 2.865855064116097917e-01
8.119234884675144315e+00 1.140641543091339027e+00 1.786410419575657216e-01
8.262743142163536447e+00 1.164692026865203012e+00 5.143962778653605739e-01
8.684865591488275527e+00 1.188605021497627590e+00 3.067859953200838818e-01
9.414100032198330581e+00 1.214006438167991364e+00 3.113629808382206710e-01
1.023032277596161599e+01 1.240498485730926914e+00 5.725048345496465130e-01
1.168917545838566774e+01 1.264816150349954427e+00 1.108204000693356672e+00
1.239343826683419536e+01 1.284554513240047102e+00 1.272171830668976877e+00
1.410910989818863470e+01 1.309527810458392949e+00 1.271537545239712630e+00
1.923862900882011573e+01 1.335814856768205550e+00 5.039901607441283460e+00
1.658627532726567111e+01 1.360349523175663267e+00 1.976130179953097965e+01
