6.912012153181829710e+00 7.669903939428205850e-04 4.700029765565914563e-01
8.238439293435803279e+00 9.245014912643925459e-04 5.601973642817101862e-01
9.540376619041561312e+00 1.082012588585964507e-03 6.487264936819165939e-01
1.081790276746090029e+01 1.239523685907536251e-03 7.355957119470438732e-01
1.207099985448758517e+01 1.397034783229108429e-03 8.208038029869041408e-01
1.329960602993583052e+01 1.554545880550680173e-03 9.043465611127946557e-01
1.450368786872942550e+01 1.712056977872252134e-03 9.862217134865083334e-01
1.568324021694477111e+01 1.869568075193824095e-03 1.066428909651567558e+00
1.683832705192636325e+01 2.027079172515396273e-03 1.144972499939204580e+00
1.796901225610259090e+01 2.184590269836968017e-03 1.221856828226545622e+00
1.907546279979523263e+01 2.342101367158539761e-03 1.297093248160907653e+00
2.015784799449107467e+01 2.499612464480111939e-03 1.370693272584135647e+00
2.121636525020467445e+01 2.657123561801683683e-03 1.442670324981661256e+00
2.225128114230717813e+01 2.814634659123255861e-03 1.513042531944577496e+00
2.326287572542732107e+01 2.972145756444827605e-03 1.581828936626479276e+00
2.425142539312530587e+01 3.129656853766399783e-03 1.649048333235642039e+00
2.521724530597584391e+01 3.287167951087971527e-03 1.714722152059646731e+00
2.616068245419055671e+01 3.444679048409543271e-03 1.778873987737605189e+00
2.708208480108136484e+01 3.602190145731115449e-03 1.841527501077502293e+00
2.798179067602635683e+01 3.759701243052687193e-03 1.902705697799124129e+00
2.886015567676521343e+01 3.917212340374259805e-03 1.962432757836243713e+00
2.971755010210141634e+01 4.074723437695831549e-03 2.020733860765517864e+00
3.055435432659835371e+01 4.232234535017403293e-03 2.077634871295084729e+00
3.137093934193183742e+01 4.389745632338975037e-03 2.133161016115529218e+00
3.216766363494538439e+01 4.547256729660546781e-03 2.187336671613896666e+00
3.294489076652262582e+01 4.704767826982118525e-03 2.240186559201795546e+00
3.370298829012619990e+01 4.862278924303691137e-03 2.291735671778202033e+00
3.444232587134088419e+01 5.019790021625262881e-03 2.342009145862169461e+00
3.516327347806500114e+01 5.177301118946834625e-03 2.391032138529463058e+00
3.586618855457199828e+01 5.334812216268406369e-03 2.438828955274455534e+00
3.655141120138367228e+01 5.492323313589978981e-03 2.485422722251156014e+00
3.721928020135014492e+01 5.649834410911550725e-03 2.530836476014540093e+00
3.787013344269692539e+01 5.807345508233122469e-03 2.575093192286903143e+00
3.850430708160178739e+01 5.964856605554694213e-03 2.618215729014763848e+00
3.912213483564333671e+01 6.122367702876265957e-03 2.660226778324787933e+00
3.972394738960682048e+01 6.279878800197838569e-03 2.701148826119764035e+00
4.031006852086790815e+01 6.437389897519410313e-03 2.741003888612473016e+00
4.088079906334012037e+01 6.594900994840982057e-03 2.779812421906244335e+00
4.143643070307008713e+01 6.752412092162553801e-03 2.817594260067781242e+00
4.197725297896540297e+01 6.909923189484126413e-03 2.854369091162646033e+00
4.250355289063908515e+01 7.067434286805698157e-03 2.890156430589448711e+00
4.301561455508678478e+01 7.224945384127269901e-03 2.924975597734597255e+00
4.351371891506762779e+01 7.382456481448841645e-03 2.958845696142777815e+00
4.399814349285063741e+01 7.539967578770413389e-03 2.991785596772203348e+00
4.446916218380678743e+01 7.697478676091986001e-03 3.023813923959282945e+00
4.492704344339477274e+01 7.854989773413558612e-03 3.054948932137294904e+00
4.537203337935228831e+01 8.012500870735128622e-03 3.085207356139266999e+00
4.580436398408448895e+01 8.170011968056702101e-03 3.114604970983897658e+00
4.622426531997734855e+01 8.327523065378272110e-03 3.143157420452449724e+00
4.663196550125660877e+01 8.485034162699845589e-03 3.170880215855186979e+00
4.702769050125147032e+01 8.642545260021415598e-03 3.197788722925712257e+00
4.741166398469449206e+01 8.800056357342989077e-03 3.223898150417668695e+00
4.778410716248010459e+01 8.957567454664562556e-03 3.249223540228630913e+00
4.814523866658036866e+01 9.115078551986132566e-03 3.273779758894616254e+00
4.849527444305435608e+01 9.272589649307706045e-03 3.297581490314942521e+00
4.883442766131100399e+01 9.430100746629276054e-03 3.320643229582283862e+00
4.916290839724035067e+01 9.587611843950849533e-03 3.342979261436224814e+00
4.948091073047546473e+01 9.745122941272419542e-03 3.364602782902929246e+00
4.978860737421905469e+01 9.902634038593993021e-03 3.385525538134107393e+00
5.008616873446015916e+01 1.006014513591556303e-02 3.405759114395567888e+00
5.037376443359465839e+01 1.021765623323713651e-02 3.425315045670351388e+00
5.065156316369022704e+01 1.037516733055870999e-02 3.444204802681044342e+00
5.091973255413959976e+01 1.053267842788028000e-02 3.462439783890465250e+00
5.117843905250347092e+01 1.069018952520185348e-02 3.480031307399229945e+00
5.142784781744211386e+01 1.084770062252342349e-02 3.496990603665297126e+00
5.166812262273563050e+01 1.100521171984499696e-02 3.513328808977554729e+00
5.189942577148318037e+01 1.116272281716656697e-02 3.529056959621533540e+00
5.212191801964333138e+01 1.132023391448814045e-02 3.544185986680304268e+00
5.233575850815528696e+01 1.147774501180971046e-02 3.558726711418855437e+00
5.254110470294126145e+01 1.163525610913128394e-02 3.572689841204375494e+00
5.273811194546815528e+01 1.179276720645285742e-02 3.586085938945354101e+00
5.292691980408424968e+01 1.195027830377442743e-02 3.598924495009811597e+00
5.310764966754622662e+01 1.210778940109600091e-02 3.611213763589972814e+00
5.328042200230036940e+01 1.226530049841757092e-02 3.622961936162803376e+00
5.344535737348604698e+01 1.242281159573914440e-02 3.634177210916198053e+00
5.360257632516085380e+01 1.258032269306071441e-02 3.644867784604533867e+00
5.375219926938479631e+01 1.273783379038228789e-02 3.655041845006618217e+00
5.389434638356081564e+01 1.289534488770385789e-02 3.664707563945047930e+00
5.402913751547275467e+01 1.305285598502543137e-02 3.673873090828977617e+00
5.415669209550616614e+01 1.321036708234700485e-02 3.682546546685320887e+00
5.427712905557119427e+01 1.336787817966857486e-02 3.690736018645659033e+00
5.439056675429141308e+01 1.352538927699014834e-02 3.698449554859232880e+00
5.449712290803736892e+01 1.368290037431171835e-02 3.705695159803369609e+00
5.459691452743302165e+01 1.384041147163329183e-02 3.712480789966035921e+00
5.469005785897326888e+01 1.399792256895486184e-02 3.718814349875962488e+00
5.477666833142507841e+01 1.415543366627643532e-02 3.724703688458011364e+00
5.485686050670402381e+01 1.431294476359800533e-02 3.730156595692889709e+00
5.493074795236668706e+01 1.447045586091957881e-02 3.735180793946885291e+00
5.499843556883914175e+01 1.462796695824115228e-02 3.739783416238778191e+00
5.506001397114088292e+01 1.478547805556272229e-02 3.743970624208326825e+00
5.511557258525716918e+01 1.494298915288429577e-02 3.747748498643341364e+00
5.516520107557360575e+01 1.510050025020586578e-02 3.751123136542378500e+00
5.520898926226922754e+01 1.525801134752743926e-02 3.754100645497637778e+00
5.524702704376181117e+01 1.541552244484900927e-02 3.756687138421394234e+00
5.527940432392352221e+01 1.557303354217058275e-02 3.758888728596812445e+00
5.530621094379566216e+01 1.573054463949215276e-02 3.760711525034680758e+00
5.532753661755121755e+01 1.588805573681372624e-02 3.762161628119001122e+00
5.534347087247042651e+01 1.604556683413529972e-02 3.763245125525437995e+00
5.535410299270518664e+01 1.620307793145686973e-02 3.763968088397421585e+00
5.535952196663074432e+01 1.636058902877844320e-02 3.764336567766155994e+00
5.535981643758293558e+01 1.651810012610001321e-02 3.764356591200862745e+00
5.535507465780186465e+01 1.667561122342158669e-02 3.764034159677032587e+00
5.534538444540793733e+01 1.683312232074316017e-02 3.763375244650891016e+00
5.533083314424886368e+01 1.699063341806473018e-02 3.762385785329064980e+00
5.531150758646343490e+01 1.714814451538630366e-02 3.761071686123007130e+00
5.528749405761708147e+01 1.730565561270787367e-02 3.759438814278268648e+00
5.525887826427505445e+01 1.746316671002944715e-02 3.757492997669555912e+00
5.522574530388178715e+01 1.762067780735101716e-02 3.755240022752578621e+00
5.518817963349496836e+01 1.777818890467259064e-02 3.752685632438026886e+00
5.514626429106631633e+01 1.793570000199416065e-02 3.749835473140234576e+00
5.510007997597387686e+01 1.809321109931573412e-02 3.746695032255204172e+00
5.504970658266427819e+01 1.825072219663730760e-02 3.743269742445220594e+00
5.499522341870335396e+01 1.840823329395887761e-02 3.739564996465853053e+00
5.493670918075471121e+01 1.856574439128045109e-02 3.735586145532532321e+00
5.487424193232451586e+01 1.872325548860202110e-02 3.731338497807263455e+00
5.480789908318522663e+01 1.888076658592359458e-02 3.726827316999465012e+00
5.473775737038823053e+01 1.903827768324516459e-02 3.722057821074867157e+00
5.466389284078854871e+01 1.919578878056673807e-02 3.717035181067237293e+00
5.458638083500408555e+01 1.935329987788830808e-02 3.711764519987625466e+00
5.450529597273389015e+01 1.951081097520988156e-02 3.706250911826053596e+00
5.442071213936948482e+01 1.966832207253145504e-02 3.700499380641093516e+00
5.433270247383195795e+01 1.982583316985302505e-02 3.694514899732832980e+00
5.424133935757090796e+01 1.998334426717459852e-02 3.688302390894807825e+00
5.414669440466818173e+01 2.014085536449616853e-02 3.681866723741087366e+00
5.404883845298910217e+01 2.029836646181774201e-02 3.675212715104577033e+00
5.394784155632488876e+01 2.045587755913931202e-02 3.668345128502706665e+00
5.384377297747951019e+01 2.061338865646088550e-02 3.661268673667362084e+00
5.373670118224742254e+01 2.077089975378245551e-02 3.653988006135379774e+00
5.362669383423951786e+01 2.092841085110402899e-02 3.646507726896719870e+00
5.351381779051040155e+01 2.108592194842560247e-02 3.638832382097132001e+00
5.339813909794635549e+01 2.124343304574717248e-02 3.630966462792541982e+00
5.327972299037364934e+01 2.140094414306874596e-02 3.622914404752424655e+00
5.315863388634796394e+01 2.155845524039031597e-02 3.614680588309487685e+00
5.303493538759001780e+01 2.171596633771188944e-02 3.606269338253299761e+00
5.290869033899124929e+01 2.187347743503345945e-02 3.597684927910554720e+00
5.277996743873320895e+01 2.203098853235503293e-02 3.588932028619944425e+00
5.264884669800583339e+01 2.218849962967660294e-02 3.580016080982063365e+00
5.251540768983521446e+01 2.234601072699817642e-02 3.570942495803241190e+00
5.237972813943598993e+01 2.250352182431974990e-02 3.561716558242332464e+00
5.224188396235577159e+01 2.266103292164131991e-02 3.552343430404460545e+00
5.210194930200758279e+01 2.281854401896289339e-02 3.542828153893147203e+00
5.195999656659249410e+01 2.297605511628446340e-02 3.533175652320977633e+00
5.181609646540893976e+01 2.313356621360603688e-02 3.523390733778562822e+00
5.167031804454802568e+01 2.329107731092760689e-02 3.513478093261748203e+00
5.152272872197566755e+01 2.344858840824918036e-02 3.503442315057127221e+00
5.137339432200229794e+01 2.360609950557075037e-02 3.493287875085913985e+00
5.122237910914267900e+01 2.376361060289232385e-02 3.483019143206344204e+00
5.106974582136840723e+01 2.392112170021389733e-02 3.472640385474776714e+00
5.091555570275549059e+01 2.407863279753546734e-02 3.462155766365663467e+00
5.075986853553407485e+01 2.423614389485704082e-02 3.451569350950862702e+00
5.060274267153997130e+01 2.439365499217861083e-02 3.440885107038291313e+00
5.044423506307736460e+01 2.455116608950018431e-02 3.430106907270514593e+00
5.028440129319648122e+01 2.470867718682175432e-02 3.419238531183574903e+00
5.012329560539166806e+01 2.486618828414332780e-02 3.408283667226397640e+00
4.996097093272655343e+01 2.502369938146489781e-02 3.397245914741247486e+00
4.979747892639245777e+01 2.518121047878647129e-02 3.386128785905635930e+00
4.963286998370821834e+01 2.533872157610804476e-02 3.374935707636260940e+00
4.946719327556554191e+01 2.549623267342961477e-02 3.363670023455237246e+00
4.930049677333079217e+01 2.565374377075118825e-02 3.352334995319350419e+00
4.913282727520754634e+01 2.581125486807275826e-02 3.340933805412674928e+00
4.896423043206804948e+01 2.596876596539433174e-02 3.329469557903049992e+00
4.879475077276460127e+01 2.612627706271590175e-02 3.317945280663209040e+00
4.862443172892239573e+01 2.628378816003747523e-02 3.306363926956638277e+00
4.845331565922722916e+01 2.644129925735904524e-02 3.294728377089098714e+00
4.828144387321517428e+01 2.659881035468061872e-02 3.283041440026267299e+00
4.810885665456747518e+01 2.675632145200219220e-02 3.271305854977750283e+00
4.793559347245072644e+01 2.691383254932376221e-02 3.259524305767793173e+00
4.776170243299924323e+01 2.707134364664533568e-02 3.247700063517134250e+00
4.758724412270345994e+01 2.722885474396690569e-02 3.235837247985726250e+00
4.741227813376240618e+01 2.738636584128847917e-02 3.223939911323693952e+00
4.723686197745109183e+01 2.754387693861004918e-02 3.212011964182500456e+00
4.706105114490362240e+01 2.770138803593162266e-02 3.200057179848076139e+00
4.688489916639616695e+01 2.785889913325319267e-02 3.188079198271942083e+00
4.670845766914979436e+01 2.801641023057476615e-02 3.176081530001679809e+00
4.653177643367467908e+01 2.817392132789633963e-02 3.164067560012235436e+00
4.635490344867730528e+01 2.833143242521790964e-02 3.152040551439493576e+00
4.617788496455508351e+01 2.848894352253948312e-02 3.140003649217804060e+00
4.600076554550144436e+01 2.864645461986105313e-02 3.127959883623024240e+00
4.582358812024603623e+01 2.880396571718262660e-02 3.115912173722754197e+00
4.564639403145525876e+01 2.896147681450419661e-02 3.103863330735468828e+00
4.546922308381767408e+01 2.911898791182577009e-02 3.091816061300231233e+00
4.529211359084170851e+01 2.927649900914734010e-02 3.079772970658845921e+00
4.511510242038810503e+01 2.943401010646891358e-02 3.067736565751967515e+00
4.493822503896722509e+01 2.959152120379048706e-02 3.055709258231237069e+00
4.476151555482398692e+01 2.974903230111205707e-02 3.043693367388962123e+00
4.458500675983853512e+01 2.990654339843363055e-02 3.031691123007289601e+00
4.440873017026692793e+01 3.006405449575520056e-02 3.019704668128479597e+00
4.423271606634924780e+01 3.022156559307677404e-02 3.007736061748184309e+00
4.405699353080994740e+01 3.037907669039834405e-02 2.995787281433393012e+00
4.388159048627684200e+01 3.053658778771991752e-02 2.983860225866845628e+00
4.370653373164319078e+01 3.069409888504148753e-02 2.971956717319586883e+00
4.353184897739898673e+01 3.085160998236306101e-02 2.960078504053420545e+00
4.335756087995530095e+01 3.100912107968463102e-02 2.948227262654890435e+00
4.318369307498758047e+01 3.116663217700620450e-02 2.936404600302573442e+00
4.301026820982043830e+01 3.132414327432777451e-02 2.924612056969160712e+00
4.283730797487996256e+01 3.148165437164934799e-02 2.912851107560161967e+00
4.266483313423520229e+01 3.163916546897092147e-02 2.901123163990669607e+00
4.249286355525282488e+01 3.179667656629248801e-02 2.889429577201806598e+00
4.232141823738827213e+01 3.195418766361406149e-02 2.877771639118475555e+00
4.215051534013500145e+01 3.211169876093563497e-02 2.866150584549842950e+00
4.198017221015396672e+01 3.226920985825720151e-02 2.854567593034094131e+00
4.181040540760547941e+01 3.242672095557877499e-02 2.843023790628949943e+00
4.164123073170424050e+01 3.258423205290034846e-02 2.831520251649352282e+00
4.147266324551829797e+01 3.274174315022192194e-02 2.820058000353747207e+00
4.130471730003190345e+01 3.289925424754349542e-02 2.808638012580304988e+00
4.113740655962287462e+01 3.305676534486506196e-02 2.797261217479339646e+00
4.097074633922713360e+01 3.321427644218663544e-02 2.785928656435805895e+00
4.080475787433169188e+01 3.337178753950820892e-02 2.774641773420271296e+00
4.063946257568258602e+01 3.352929863682978240e-02 2.763402024320564365e+00
4.047488081774568514e+01 3.368680973415134894e-02 2.752210794559537543e+00
4.031103197361098722e+01 3.384432083147292242e-02 2.741069401468496203e+00
4.014793444887602192e+01 3.400183192879449590e-02 2.729979096591187204e+00
3.998560571453715795e+01 3.415934302611606938e-02 2.718941067920360499e+00
3.982406233890790759e+01 3.431685412343764285e-02 2.707956442068132574e+00
3.966332001859331058e+01 3.447436522075920939e-02 2.697026286372199433e+00
3.950339360853977411e+01 3.463187631808078287e-02 2.686151610939144341e+00
3.934429715118504589e+01 3.478938741540235635e-02 2.675333370626603813e+00
3.918604390473255705e+01 3.494689851272392983e-02 2.664572466965840825e+00
3.902864637056902097e+01 3.510440961004549637e-02 2.653869750026102814e+00
3.887211631985245930e+01 3.526192070736706985e-02 2.643226020222548822e+00
3.871646481928808470e+01 3.541943180468864333e-02 2.632642030068961692e+00
3.856170225611582936e+01 3.557694290201021681e-02 2.622118485876840488e+00
3.840783836232962756e+01 3.573445399933179029e-02 2.611656049402273805e+00
3.825488223815053601e+01 3.589196509665335683e-02 2.601255339442058112e+00
3.810284237477140579e+01 3.604947619397493030e-02 2.590916933380292164e+00
3.795172667639624109e+01 3.620698729129650378e-02 2.580641368687012438e+00
3.780154248159040264e+01 3.636449838861807726e-02 2.570429144369958951e+00
3.765229658396410173e+01 3.652200948593964380e-02 2.560280722381011564e+00
3.750399525220441177e+01 3.667952058326121728e-02 2.550196528978330601e+00
3.735664424947704987e+01 3.683703168058279076e-02 2.540176956045639312e+00
3.721024885221382306e+01 3.699454277790436424e-02 2.530222362369724642e+00
3.706481386830436975e+01 3.715205387522593772e-02 2.520333074877451285e+00
3.692034365470865964e+01 3.730956497254750426e-02 2.510509389833365912e+00
3.677684213450651640e+01 3.746707606986907774e-02 2.500751573999036914e+00
3.663431281340205459e+01 3.762458716719065122e-02 2.491059865755315794e+00
3.649275879569626113e+01 3.778209826451222469e-02 2.481434476188452365e+00
3.635218279974640865e+01 3.793960936183379123e-02 2.471875590141294765e+00
3.621258717292464269e+01 3.809712045915536471e-02 2.462383367230443376e+00
3.607397390609169463e+01 3.825463155647693819e-02 2.452957942830440441e+00
3.593634464759974634e+01 3.841214265379851167e-02 2.443599429025930192e+00
3.579970071683995059e+01 3.856965375112008515e-02 2.434307915532867739e+00
3.566404311734456911e+01 3.872716484844165169e-02 2.425083470589436629e+00
3.552937254946129286e+01 3.888467594576322517e-02 2.415926141817876793e+00
3.539568942260985551e+01 3.904218704308479865e-02 2.406835957057909425e+00
3.526299386713375839e+01 3.919969814040637213e-02 2.397812925172630116e+00
3.513128574576150243e+01 3.935720923772793867e-02 2.388857036827853886e+00
3.500056466468520000e+01 3.951472033504951215e-02 2.379968265245430370e+00
3.487082998427315772e+01 3.967223143237108562e-02 2.371146566931690458e+00
3.474208082942352149e+01 3.982974252969265910e-02 2.362391882381459585e+00
3.461431609957112698e+01 3.998725362701423258e-02 2.353704136758509424e+00
3.448753447836035946e+01 4.014476472433579912e-02 2.345083240553299753e+00
3.436173444299051027e+01 4.030227582165737260e-02 2.336529090218431914e+00
3.423691427324716585e+01 4.045978691897894608e-02 2.328041568782771797e+00
3.411307206022760141e+01 4.061729801630051956e-02 2.319620546444760567e+00
3.399020556124838066e+01 4.077480911362208610e-02 2.311265870706418202e+00
3.386831133182036524e+01 4.093232021094365958e-02 2.302977307349383107e+00
3.374738537975004249e+01 4.108983130826523306e-02 2.294754584912497730e+00
3.362742361328815122e+01 4.124734240558680654e-02 2.286597425165011632e+00
3.350842184802355916e+01 4.140485350290838001e-02 2.278505543575350512e+00
3.339037581212329542e+01 4.156236460022994655e-02 2.270478649667431625e+00
3.327328115138350029e+01 4.171987569755152003e-02 2.262516447364119276e+00
3.315713343409473168e+01 4.187738679487309351e-02 2.254618635318049957e+00
3.304192815573040320e+01 4.203489789219466699e-02 2.246784907230442663e+00
3.292766074346110372e+01 4.219240898951623353e-02 2.239014952158058680e+00
3.281432656050402841e+01 4.234992008683780701e-02 2.231308454808960562e+00
3.270192091031018577e+01 4.250743118415938049e-02 2.223665095827225713e+00
3.259043904059644348e+01 4.266494228148095397e-02 2.216084552067123958e+00
3.247987614722692484e+01 4.282245337880252745e-02 2.208566496857041539e+00
3.237022737794859495e+01 4.297996447612409399e-02 2.201110600253494365e+00
3.226148783598657133e+01 4.313747557344566746e-02 2.193716529285603123e+00
3.215365258350338706e+01 4.329498667076724094e-02 2.186383948190314896e+00
3.204671664492644112e+01 4.345249776808881442e-02 2.179112518638660401e+00
3.194067501014951560e+01 4.361000886541038096e-02 2.171901899953458059e+00
3.183552263761018608e+01 4.376751996273195444e-02 2.164751749318563068e+00
3.173125445724981475e+01 4.392503106005352792e-02 2.157661721980148162e+00
3.162786537335813364e+01 4.408254215737510140e-02 2.150631471440125342e+00
3.152535026730813073e+01 4.424005325469667488e-02 2.143660649642114890e+00
3.142370400018271681e+01 4.439756435201824142e-02 2.136748907150049615e+00
3.132292141529863727e+01 4.455507544933981490e-02 2.129895893319804667e+00
3.122299734063116006e+01 4.471258654666138838e-02 2.123101256464058118e+00
3.112392659114110671e+01 4.487009764398296185e-02 2.116364644010535923e+00
3.102570397100955191e+01 4.502760874130452839e-02 2.109685702653963713e+00
3.092832427578249721e+01 4.518511983862610187e-02 2.103064078501897693e+00
3.083178229442804508e+01 4.534263093594767535e-02 2.096499417214607419e+00
3.073607281131027236e+01 4.550014203326924883e-02 2.089991364139304864e+00
3.064119060808209838e+01 4.565765313059082231e-02 2.083539564438841918e+00
3.054713046549877831e+01 4.581516422791238885e-02 2.077143663215036629e+00
3.045388716515744676e+01 4.597267532523396233e-02 2.070803305626948365e+00
3.036145549116203668e+01 4.613018642255553581e-02 2.064518137004096587e+00
3.026983023171925069e+01 4.628769751987710929e-02 2.058287802954978485e+00
3.017900618066504492e+01 4.644520861719867583e-02 2.052111949470873054e+00
3.008897813892670214e+01 4.660271971452024931e-02 2.045990223025253574e+00
2.999974091592076775e+01 4.676023081184182278e-02 2.039922270668843129e+00
2.991128933088982578e+01 4.691774190916339626e-02 2.033907740120520558e+00
2.982361821418059478e+01 4.707525300648496974e-02 2.027946279854220712e+00
2.973672240846460824e+01 4.723276410380653628e-02 2.022037539181940957e+00
2.965059676990402693e+01 4.739027520112810976e-02 2.016181168333015972e+00
2.956523616926504516e+01 4.754778629844968324e-02 2.010376818529824750e+00
2.948063549297848596e+01 4.770529739577125672e-02 2.004624142059908021e+00
2.939678964415266549e+01 4.786280849309282326e-02 1.998922792344845822e+00
2.931369354353779144e+01 4.802031959041439674e-02 1.993272424005828380e+00
2.923134213044433594e+01 4.817783068773597022e-02 1.987672692926110374e+00
2.914973036361726244e+01 4.833534178505754370e-02 1.982123256310448056e+00
2.906885322206774447e+01 4.849285288237911717e-02 1.976623772741664009e+00
2.898870570586305107e+01 4.865036397970068371e-02 1.971173902234349518e+00
2.890928283687699718e+01 4.880787507702225719e-02 1.965773306285900190e+00
2.883057965950203538e+01 4.896538617434383067e-02 1.960421647924931676e+00
2.875259124132464805e+01 4.912289727166540415e-02 1.955118591757207369e+00
2.867531267376460846e+01 4.928040836898697069e-02 1.949863804009108526e+00
2.859873907267986937e+01 4.943791946630854417e-02 1.944656952568762698e+00
2.852286557893913610e+01 4.959543056363011765e-02 1.939497707024977258e+00
2.844768735896197853e+01 4.975294166095169113e-02 1.934385738703969126e+00
2.837319960522772533e+01 4.991045275827326461e-02 1.929320720703965097e+00
2.829939748058848892e+01 5.006796385559483115e-02 1.924302324108600803e+00
2.822627436356750152e+01 5.022547495291640463e-02 1.919330098670725127e+00
2.815382156166727512e+01 5.038298605023797810e-02 1.914403453317924830e+00
2.808203039924310218e+01 5.054049714755955158e-02 1.909521798123744007e+00
2.801089234397000638e+01 5.069800824488111812e-02 1.904684552907181860e+00
2.794039900396326814e+01 5.085551934220269160e-02 1.899891147036891326e+00
2.787054212496676442e+01 5.101303043952426508e-02 1.895141019239994895e+00
2.780131358760605309e+01 5.117054153684583856e-02 1.890433617415301137e+00
2.773270540470859657e+01 5.132805263416741204e-02 1.885768398451080907e+00
2.766470971868381312e+01 5.148556373148897858e-02 1.881144828046919404e+00
2.759731879896521889e+01 5.164307482881055206e-02 1.876562380539786412e+00
2.753052503951218810e+01 5.180058592613212554e-02 1.872020538734157746e+00
2.746432095636916415e+01 5.195809702345369901e-02 1.867518793736054006e+00
2.739869918528057013e+01 5.211560812077526555e-02 1.863056644790850536e+00
2.733365247936127318e+01 5.227311921809683903e-02 1.858633599124879465e+00
2.726917370681973907e+01 5.243063031541841251e-02 1.854249171790607109e+00
2.720525584804774510e+01 5.258814141273998599e-02 1.849902885468738711e+00
2.714189180453140438e+01 5.274565251006155947e-02 1.845594257474554301e+00
2.707907414672650148e+01 5.290316360738312601e-02 1.841322782613932896e+00
2.701679550485465242e+01 5.306067470470469949e-02 1.837087959756714906e+00
2.695504863188470068e+01 5.321818580202627297e-02 1.832889296119298628e+00
2.689382640107013955e+01 5.337569689934784645e-02 1.828726307097204851e+00
2.683312180354458576e+01 5.353320799666941299e-02 1.824598516101561207e+00
2.677292794597342862e+01 5.369071909399098647e-02 1.820505454399428569e+00
2.671323804826090864e+01 5.384823019131255994e-02 1.816446660957879322e+00
2.665404544130949915e+01 5.400574128863413342e-02 1.812421682291644576e+00
2.659534356483253248e+01 5.416325238595570690e-02 1.808430072314377801e+00
2.653712596521675948e+01 5.432076348327727344e-02 1.804471392193308876e+00
2.647938629343411066e+01 5.447827458059884692e-02 1.800545210207248337e+00
2.642211830300170305e+01 5.463578567792042040e-02 1.796651101607880108e+00
2.636531584798828831e+01 5.479329677524199388e-02 1.792788648484192837e+00
2.630897288106663723e+01 5.495080787256356042e-02 1.788957439630050494e+00
2.625308345160956236e+01 5.510831896988513390e-02 1.785157070414729930e+00
2.619764170345612087e+01 5.526583006720670738e-02 1.781387142631020160e+00
2.614264132507928196e+01 5.542334116452828086e-02 1.777647227107730821e+00
2.608807447255184186e+01 5.558085226184985433e-02 1.773936790473527259e+00
2.603393314192044272e+01 5.573836335917142087e-02 1.770255288475621080e+00
2.598020947822479343e+01 5.589587445649299435e-02 1.766602186992450862e+00
2.592689577235391596e+01 5.605338555381456783e-02 1.762976961819916699e+00
2.587398445798129032e+01 5.621089665113614131e-02 1.759379098462977353e+00
2.582146810857658181e+01 5.636840774845770785e-02 1.755808091932449688e+00
2.576933943449237319e+01 5.652591884577928133e-02 1.752263446546915793e+00
2.571759128012235252e+01 5.668342994310085481e-02 1.748744675739485332e+00
2.566621662113074720e+01 5.684094104042242829e-02 1.745251301869400695e+00
2.561520856174954730e+01 5.699845213774400177e-02 1.741782856038253779e+00
2.556456033214191237e+01 5.715596323506556831e-02 1.738338877910704960e+00
2.551426528583036912e+01 5.731347433238714179e-02 1.734918915539603868e+00
2.546431689718755109e+01 5.747098542970871526e-02 1.731522525195365203e+00
2.541470875898750847e+01 5.762849652703028874e-02 1.728149271199461490e+00
2.536543458001627371e+01 5.778600762435185528e-02 1.724798725761950369e+00
2.531648818274060275e+01 5.794351872167342876e-02 1.721470468822949851e+00
2.526786350007433413e+01 5.810102981899500224e-02 1.718164087832757092e+00
2.521955404293759528e+01 5.825854091631657572e-02 1.714879141546942209e+00
2.517155203619073234e+01 5.841605201363814920e-02 1.711615101271588779e+00
2.512384962527901422e+01 5.857356311095971574e-02 1.708371432912714205e+00
2.507643910857477465e+01 5.873107420828128922e-02 1.705147612775068877e+00
2.502931293426533088e+01 5.888858530560286270e-02 1.701943127350521667e+00
2.498246369731978689e+01 5.904609640292443618e-02 1.698757473111810468e+00
2.493588413653152358e+01 5.920360750024600272e-02 1.695590156311432617e+00
2.488956713163594259e+01 5.936111859756757619e-02 1.692440692785665224e+00
2.484350570049913642e+01 5.951862969488914967e-02 1.689308607763391645e+00
2.479769299637800728e+01 5.967614079221072315e-02 1.686193435679799624e+00
2.475212230524621049e+01 5.983365188953229663e-02 1.683094719994552513e+00
2.470678704318813956e+01 5.999116298685386317e-02 1.680012013014580363e+00
2.466168075385476044e+01 6.014867408417543665e-02 1.676944875721085637e+00
2.461679710598318849e+01 6.030618518149701013e-02 1.673892877600879459e+00
2.457212989097569888e+01 6.046369627881858361e-02 1.670855596481755523e+00
2.452767302053717557e+01 6.062120737614015015e-02 1.667832618371845488e+00
2.448342052436967364e+01 6.077871847346172363e-02 1.664823537302853484e+00
2.443936654792216245e+01 6.093622957078329710e-02 1.661827955177038740e+00
2.439550534429339379e+01 6.109374066810487058e-02 1.658845481216632667e+00
2.435183063473255061e+01 6.125125176542643712e-02 1.655875688479160113e+00
2.430833505596461919e+01 6.140876286274801060e-02 1.652918076276674864e+00
2.426501126000135145e+01 6.156627396006958408e-02 1.649972144960698772e+00
2.422185204778512002e+01 6.172378505739115756e-02 1.647037405009738498e+00
2.417885036640481999e+01 6.188129615471273104e-02 1.644113376839970275e+00
2.413599930638218183e+01 6.203880725203429758e-02 1.641199590620718185e+00
2.409329209902425717e+01 6.219631834935587106e-02 1.638295586094423273e+00
2.405072211384164760e+01 6.235382944667744454e-02 1.635400912401092643e+00
2.400828285602988643e+01 6.251134054399902495e-02 1.632515127907037122e+00
2.396596796401233931e+01 6.266885164132059149e-02 1.629637800037790463e+00
2.392377120704218996e+01 6.282636273864215803e-02 1.626768505115056218e+00
2.388168648286193729e+01 6.298387383596373845e-02 1.623906828197549945e+00
2.383970781541952988e+01 6.314138493328530499e-02 1.621052362925707424e+00
2.379782935263758148e+01 6.329889603060687153e-02 1.618204711369992443e+00
2.375604536423643154e+01 6.345640712792845195e-02 1.615363483882869655e+00
2.371435023960708932e+01 6.361391822525001849e-02 1.612528298954170047e+00
2.367273848573437789e+01 6.377142932257158503e-02 1.609698783069868355e+00
2.363120472516764181e+01 6.392894041989316545e-02 1.606874570574095218e+00
2.358974369403851767e+01 6.408645151721473199e-02 1.604055303534348553e+00
2.354835022274888345e+01 6.424396261453631241e-02 1.601240630428314882e+00
2.350701863936749803e+01 6.440147371185787895e-02 1.598430165576034900e+00
2.346574263471130450e+01 6.455898480917944549e-02 1.595623479965702973e+00
2.342451598817704905e+01 6.471649590650102590e-02 1.592820150608762253e+00
2.338333261381496087e+01 6.487400700382259244e-02 1.590019763672822828e+00
2.334218655810867205e+01 6.503151810114417286e-02 1.587221914330700479e+00
2.330107199780722027e+01 6.518902919846573940e-02 1.584426206612999044e+00
2.325998323780713051e+01 6.534654029578730594e-02 1.581632253264092958e+00
2.321891470908305166e+01 6.550405139310888636e-02 1.578839675601417580e+00
2.317786096666606355e+01 6.566156249043045290e-02 1.576048103377995835e+00
2.313681668766673383e+01 6.581907358775203332e-02 1.573257174648013734e+00
2.309577666934356444e+01 6.597658468507359986e-02 1.570466535635472782e+00
2.305473582721284487e+01 6.613409578239516640e-02 1.567675840605668780e+00
2.301368919320167805e+01 6.629160687971674681e-02 1.564884751739600066e+00
2.297263191383996883e+01 6.644911797703831335e-02 1.562092939011025194e+00
2.293155924849163085e+01 6.660662907435987989e-02 1.559300080066188920e+00
2.289046656762427290e+01 6.676414017168146031e-02 1.556505860106164763e+00
2.284934935111473564e+01 6.692165126900302685e-02 1.553709971771635612e+00
2.280820318659024082e+01 6.707916236632460727e-02 1.550912115030093741e+00
2.276702376780441028e+01 6.723667346364617381e-02 1.548111997065413581e+00
2.272580689304597357e+01 6.739418456096774035e-02 1.545309332169648942e+00
2.268454844417125571e+01 6.755169565828932077e-02 1.542503840317279717e+00
2.264324405875515822e+01 6.770920675561088731e-02 1.539695224872142276e+00
2.260188918448814377e+01 6.786671785293246772e-02 1.536883176286307995e+00
2.256047937175176799e+01 6.802422895025403426e-02 1.534067391994640372e+00
2.251901028194124166e+01 6.818174004757560080e-02 1.531247576980705905e+00
2.247747768586797079e+01 6.833925114489718122e-02 1.528423443668154302e+00
2.243587746219239776e+01 6.849676224221874776e-02 1.525594711814154847e+00
2.239420559588840121e+01 6.865427333954032818e-02 1.522761108404975028e+00
2.235245817673750679e+01 6.881178443686189472e-02 1.519922367553594444e+00
2.231063139785152671e+01 6.896929553418346126e-02 1.517078230399244720e+00
2.226872155422368138e+01 6.912680663150504168e-02 1.514228445008887203e+00
2.222672504130624915e+01 6.928431772882660822e-02 1.511372766280500768e+00
2.218463835361482950e+01 6.944182882614817476e-02 1.508510955848169743e+00
2.214245808335746446e+01 6.959933992346975518e-02 1.505642781988869139e+00
2.210018091908896665e+01 6.975685102079132172e-02 1.502768019530962063e+00
2.205780364438865959e+01 6.991436211811290213e-02 1.499886449764287200e+00
2.201532313656125694e+01 7.007187321543446867e-02 1.496997860351820808e+00
2.197273636535977204e+01 7.022938431275603521e-02 1.494102045242841514e+00
2.193004039173079889e+01 7.038689541007761563e-02 1.491198804587606341e+00
2.188723236658022842e+01 7.054440650739918217e-02 1.488287944653423622e+00
2.184430952955898064e+01 7.070191760472076259e-02 1.485369277742088601e+00
2.180126920786915434e+01 7.085942870204232913e-02 1.482442622108698149e+00
2.175810882404505620e+01 7.101693979936389567e-02 1.479507802490750423e+00
2.171482600532025486e+01 7.117445089668547609e-02 1.476564657544882753e+00
2.167141854544148316e+01 7.133196199400704263e-02 1.473613037250292024e+00
2.162788431844732884e+01 7.148947309132862304e-02 1.470652797045865379e+00
2.158422127573895821e+01 7.164698418865018958e-02 1.467683797630982889e+00
2.154042744504250351e+01 7.180449528597175612e-02 1.464705904894976429e+00
2.149650092938603052e+01 7.196200638329333654e-02 1.461718989847554662e+00
2.145243990609151652e+01 7.211951748061490308e-02 1.458722928550264086e+00
2.140824262578001580e+01 7.227702857793646962e-02 1.455717602048841375e+00
2.136390741139087979e+01 7.243453967525805004e-02 1.452702896306523606e+00
2.131943265721368519e+01 7.259205077257961658e-02 1.449678702138218922e+00
2.127481682793319706e+01 7.274956186990119700e-02 1.446644915145567811e+00
2.123005845768669531e+01 7.290707296722276354e-02 1.443601435652842158e+00
2.118515614913288658e+01 7.306458406454433008e-02 1.440548168643634774e+00
2.114010857253309794e+01 7.322209516186591050e-02 1.437485023698378495e+00
2.109491446484347676e+01 7.337960625918747704e-02 1.434411914932625320e+00
2.104957262881836755e+01 7.353711735650905745e-02 1.431328760936066979e+00
2.100408193212411945e+01 7.369462845383062399e-02 1.428235484712284675e+00
2.095844130646372960e+01 7.385213955115219053e-02 1.425132013619223592e+00
2.091264974671137722e+01 7.400965064847377095e-02 1.422018279310341526e+00
2.086670631005677734e+01 7.416716174579533749e-02 1.418894217676427871e+00
2.082061011515923710e+01 7.432467284311691791e-02 1.415759768788081185e+00
2.077436034131129716e+01 7.448218394043848445e-02 1.412614876838840017e+00
2.072795626264783309e+01 7.463969503776005099e-02 1.409459492471329289e+00
2.068139778346199975e+01 7.479720613508163141e-02 1.406293609177675430e+00
2.063468531820231888e+01 7.495471723240319795e-02 1.403117255139547881e+00
2.058781932921981195e+01 7.511222832972476449e-02 1.399930461795888981e+00
2.054080031234381565e+01 7.526973942704634490e-02 1.396733262862100977e+00
2.049362879633164525e+01 7.542725052436791144e-02 1.393525694292621075e+00
2.044630534232490149e+01 7.558476162168949186e-02 1.390307794243954564e+00
2.039883054330887191e+01 7.574227271901105840e-02 1.387079603037912001e+00
2.035120502357839811e+01 7.589978381633262494e-02 1.383841163125292706e+00
2.030342943820730994e+01 7.605729491365420536e-02 1.380592519049803180e+00
2.025550447252330599e+01 7.621480601097577190e-02 1.377333717412354108e+00
2.020743084158706537e+01 7.637231710829735232e-02 1.374064806835639807e+00
2.015920928967627646e+01 7.652982820561891886e-02 1.370785837929050954e+00
2.011084058977385780e+01 7.668733930294048540e-02 1.367496863253877315e+00
2.006232554306090776e+01 7.684485040026206581e-02 1.364197937288827767e+00
2.001366497841388892e+01 7.700236149758363235e-02 1.360889116395841647e+00
1.996485975190637774e+01 7.715987259490521277e-02 1.357570458786206080e+00
1.991591074631473646e+01 7.731738369222677931e-02 1.354242024486945528e+00
1.986681887062859886e+01 7.747489478954834585e-02 1.350903875307532642e+00
1.981758505956508287e+01 7.763240588686992627e-02 1.347556074806860016e+00
1.976821027308730550e+01 7.778991698419149281e-02 1.344198688260495933e+00
1.971869549592705084e+01 7.794742808151305935e-02 1.340831782628227220e+00
1.966904173711171211e+01 7.810493917883463977e-02 1.337455426521895641e+00
1.961925002949476138e+01 7.826245027615620631e-02 1.334069690173468103e+00
1.956932144178765398e+01 7.841996137347778673e-02 1.330674646253180882e+00
1.951925774617699005e+01 7.857747247079935327e-02 1.327270415266173620e+00
1.946906173584629585e+01 7.873498356812091981e-02 1.323857187143328229e+00
1.941873627083201725e+01 7.889249466544250022e-02 1.320435156361391860e+00
1.936828419336981355e+01 7.905000576276406676e-02 1.317004516186694563e+00
1.931770832785373315e+01 7.920751686008564718e-02 1.313565458672372843e+00
1.926701148079742865e+01 7.936502795740721372e-02 1.310118174655730883e+00
1.921619644079857991e+01 7.952253905472878026e-02 1.306662853755823805e+00
1.916526597850485913e+01 7.968005015205036068e-02 1.303199684371141975e+00
1.911422284658317494e+01 7.983756124937192722e-02 1.299728853677517781e+00
1.906306977969062544e+01 7.999507234669350764e-02 1.296250547626156990e+00
1.901180949444815127e+01 8.015258344401507418e-02 1.292764950941837299e+00
1.896044468941637007e+01 8.031009454133664072e-02 1.289272247121275417e+00
1.890897804507384805e+01 8.046760563865822113e-02 1.285772618431644032e+00
1.885741222379713022e+01 8.062511673597978767e-02 1.282266245909209790e+00
1.880574986984372643e+01 8.078262783330135421e-02 1.278753309358187762e+00
1.875399360933667836e+01 8.094013893062293463e-02 1.275233987349682740e+00
1.870214605025150689e+01 8.109765002794450117e-02 1.271708457220803057e+00
1.865020978240514538e+01 8.125516112526608159e-02 1.268176895073911403e+00
1.859818737744718575e+01 8.141267222258764813e-02 1.264639475776027533e+00
1.854608138885297208e+01 8.157018331990921467e-02 1.261096372958358414e+00
1.849389435191885056e+01 8.172769441723079509e-02 1.257547759015974487e+00
1.844162878375900760e+01 8.188520551455236163e-02 1.253993805107597614e+00
1.838928718330520340e+01 8.204271661187394205e-02 1.250434681155581096e+00
1.833687203130711296e+01 8.220022770919550859e-02 1.246870555845929873e+00
1.828438579033591793e+01 8.235773880651707513e-02 1.243301596628552330e+00
1.823183114991502407e+01 8.251524990383865554e-02 1.239727986385648739e+00
1.817921219960120993e+01 8.267276100116022208e-02 1.236150003198887015e+00
1.812653348512532503e+01 8.283027209848178862e-02 1.232567956168856949e+00
1.807379948514891055e+01 8.298778319580336904e-02 1.228982149835567528e+00
1.802101461112172487e+01 8.314529429312493558e-02 1.225392884168763796e+00
1.796818320786336542e+01 8.330280539044651600e-02 1.221800454607473885e+00
1.791530955414730997e+01 8.346031648776808254e-02 1.218205152099718136e+00
1.786239786328661694e+01 8.361782758508964908e-02 1.214607263142344573e+00
1.780945228372200617e+01 8.377533868241122950e-02 1.211007069821008475e+00
1.775647689961148856e+01 8.393284977973279604e-02 1.207404849850270523e+00
1.770347573142099051e+01 8.409036087705437645e-02 1.203800876613759119e+00
1.765045273651668722e+01 8.424787197437594299e-02 1.200195419204443947e+00
1.759741180975789732e+01 8.440538307169750953e-02 1.196588742464953725e+00
1.754435678409062049e+01 8.456289416901908995e-02 1.192981107027937693e+00
1.749129143114215879e+01 8.472040526634065649e-02 1.189372769356493720e+00
1.743821946181526172e+01 8.487791636366223691e-02 1.185763981784573984e+00
1.738514452688320944e+01 8.503542746098380345e-02 1.182154992557445938e+00
1.733207021758403954e+01 8.519293855830536999e-02 1.178546045872099990e+00
1.727900006621526785e+01 8.535044965562695041e-02 1.174937381917689816e+00
1.722593754672763211e+01 8.550796075294851695e-02 1.171329236915904515e+00
1.717288607531831346e+01 8.566547185027008349e-02 1.167721843161307893e+00
1.711984901102388079e+01 8.582298294759166390e-02 1.164115429061654883e+00
1.706682965631173232e+01 8.598049404491323044e-02 1.160510219178112035e+00
1.701383125767061699e+01 8.613800514223481086e-02 1.156906434265409400e+00
1.696085700620020731e+01 8.629551623955637740e-02 1.153304291311929353e+00
1.690791003819882476e+01 8.645302733687794394e-02 1.149704003579674616e+00
1.685499343610378986e+01 8.661053843419952436e-02 1.146105780668206231e+00
1.680211070196771317e+01 8.676804953152109090e-02 1.142509860710084757e+00
1.674926667385932433e+01 8.692556062884267132e-02 1.138916572684288697e+00
1.669646635139691782e+01 8.708307172616423786e-02 1.135326256554845425e+00
1.664371463309896271e+01 8.724058282348580440e-02 1.131739245411194306e+00
1.659101631762626639e+01 8.739809392080738482e-02 1.128155865552655790e+00
1.653837610502340993e+01 8.755560501812895136e-02 1.124576436572843230e+00
1.648579859795767177e+01 8.771311611545053177e-02 1.121001271443909264e+00
1.643328830295598308e+01 8.787062721277209831e-02 1.117430676600655204e+00
1.638084963163886698e+01 8.802813831009366485e-02 1.113864952024437471e+00
1.632848690195119445e+01 8.818564940741524527e-02 1.110304391326854878e+00
1.627620433938959366e+01 8.834316050473681181e-02 1.106749281833211418e+00
1.622400607822513763e+01 8.850067160205837835e-02 1.103199904665655318e+00
1.617189616272241182e+01 8.865818269937995877e-02 1.099656534826074950e+00
1.611987854835311751e+01 8.881569379670152531e-02 1.096119441278621709e+00
1.606795710300488622e+01 8.897320489402310573e-02 1.092588887031902711e+00
1.601613560818444171e+01 8.913071599134467227e-02 1.089065129220798900e+00
1.596441776021501369e+01 8.928822708866623881e-02 1.085548419187882585e+00
1.591280717142768175e+01 8.944573818598781922e-02 1.082039002564429975e+00
1.586130737134604018e+01 8.960324928330938576e-02 1.078537119350972295e+00
1.580992180786462242e+01 8.976076038063096618e-02 1.075043003997429913e+00
1.575865384841998385e+01 8.991827147795253272e-02 1.071556885482741084e+00
1.570750678115452637e+01 9.007578257527409926e-02 1.068078987393999757e+00
1.565648381607342543e+01 9.023329367259567968e-02 1.064609528005126871e+00
1.560558808619305893e+01 9.039080476991724622e-02 1.061148720354957886e+00
1.555482264868228093e+01 9.054831586723882664e-02 1.057696772324849155e+00
1.550419048599509075e+01 9.070582696456039318e-02 1.054253886715696753e+00
1.545369450699524450e+01 9.086333806188195972e-02 1.050820261324407312e+00
1.540333754807226896e+01 9.102084915920354014e-02 1.047396089019785537e+00
1.535312260135376050e+01 9.117836025652510668e-02 1.043981573260511553e+00
1.530305362261406366e+01 9.133587135384667322e-02 1.040576983031316072e+00
1.525313476602920204e+01 9.149338245116825363e-02 1.037182600807843080e+00
1.520337008175584081e+01 9.165089354848982017e-02 1.033798701992632019e+00
1.515376351755381634e+01 9.180840464581140059e-02 1.030425555025440421e+00
1.510431892042511315e+01 9.196591574313296713e-02 1.027063421494694762e+00
1.505504003824226267e+01 9.212342684045453367e-02 1.023712556248218331e+00
1.500593052136468586e+01 9.228093793777611409e-02 1.020373207503136648e+00
1.495699392424449847e+01 9.243844903509768063e-02 1.017045616955071230e+00
1.490823370701923345e+01 9.259596013241926105e-02 1.013730019886441625e+00
1.485965323709305608e+01 9.275347122974082759e-02 1.010426645273984292e+00
1.481125579070464937e+01 9.291098232706239413e-02 1.007135715895363548e+00
1.476304455448265962e+01 9.306849342438397454e-02 1.003857448434942734e+00
1.471502262698790453e+01 9.322600452170554108e-02 1.000592053588649000e+00
1.466719302024162630e+01 9.338351561902712150e-02 9.973397361678913997e-01
1.461955866124066361e+01 9.354102671634868804e-02 9.941006952025901455e-01
1.457212239345829552e+01 9.369853781367025458e-02 9.908751240432299712e-01
1.452488697833112141e+01 9.385604891099183500e-02 9.876632104619670338e-01
1.447785509673146009e+01 9.401356000831340154e-02 9.844651367527473829e-01
1.443102935042558066e+01 9.417107110563496808e-02 9.812810798304638649e-01
1.438441226351670998e+01 9.432858220295654850e-02 9.781112113290783006e-01
1.433800628387400700e+01 9.448609330027811504e-02 9.749556976987883150e-01
1.429181378454600448e+01 9.464360439759969545e-02 9.718147003021393449e-01
1.424583706515909043e+01 9.480111549492126199e-02 9.686883755091179049e-01
1.420007835330113899e+01 9.495862659224282853e-02 9.655768747912362171e-01
1.415453980588955929e+01 9.511613768956440895e-02 9.624803448145561324e-01
1.410922351052432511e+01 9.527364878688597549e-02 9.593989275316925358e-01
1.406413148682529801e+01 9.543115988420755591e-02 9.563327602727490495e-01
1.401926568775443549e+01 9.558867098152912245e-02 9.532819758352264472e-01
1.397462800539036110e+01 9.574618207885068899e-02 9.502467028766791168e-01
1.393022048074998231e+01 9.590369317617226941e-02 9.472270801821675024e-01
1.388604538822192502e+01 9.606120427349383595e-02 9.442232624055609813e-01
1.384210495191957513e+01 9.621871537081541637e-02 9.412354007821127633e-01
1.379840132381954199e+01 9.637622646813698291e-02 9.382636416419203318e-01
1.375493658521406459e+01 9.653373756545854945e-02 9.353081265086858886e-01
1.371171274814681240e+01 9.669124866278012986e-02 9.323689921973475903e-01
1.366873175683120678e+01 9.684875976010169640e-02 9.294463709105217353e-01
1.362599548905185287e+01 9.700627085742326294e-02 9.265403903337993130e-01
1.358350575754847078e+01 9.716378195474484336e-02 9.236511737298489511e-01
1.354126431138295672e+01 9.732129305206640990e-02 9.207788400313748900e-01
1.349927283728888838e+01 9.747880414938799032e-02 9.179235039328804691e-01
1.345753296100409280e+01 9.763631524670955686e-02 9.150852759812807546e-01
1.341604624858575612e+01 9.779382634403112340e-02 9.122642626653262310e-01
1.337481420770857632e+01 9.795133744135270382e-02 9.094605665038754116e-01
1.333383828894556267e+01 9.810884853867427036e-02 9.066742861329862846e-01
1.329311988703173597e+01 9.826635963599585077e-02 9.039055163918459090e-01
1.325266034211112753e+01 9.842387073331741731e-02 9.011543484075623667e-01
1.321246094096592749e+01 9.858138183063898385e-02 8.984208696787469028e-01
1.317252291822978272e+01 9.873889292796056427e-02 8.957051641580137114e-01
1.313284745758318195e+01 9.889640402528213081e-02 8.930073123332632479e-01
1.309343569293270093e+01 9.905391512260371123e-02 8.903273913078716406e-01
1.305428870957336684e+01 9.921142621992527777e-02 8.876654748797260241e-01
1.301540754533406208e+01 9.936893731724684431e-02 8.850216336191100153e-01
1.297679319170688750e+01 9.952644841456842473e-02 8.823959349455010592e-01
1.293844659495974980e+01 9.968395951188999127e-02 8.797884432032193613e-01
1.290036865723267567e+01 9.984147060921155781e-02 8.771992197359803622e-01
1.286256023761792378e+01 9.999898170653313823e-02 8.746283229603354359e-01
1.282502215322410599e+01 1.001564928038547048e-01 8.720758084380330066e-01
1.278775518022402835e+01 1.003140039011762852e-01 8.695417289472687772e-01
1.275076005488691777e+01 1.004715149984978517e-01 8.670261345528751384e-01
1.271403747257689254e+01 1.006290260958194183e-01 8.645290725382183128e-01
1.267758787880629789e+01 1.007865371931409987e-01 8.620505731972454289e-01
1.264141129258032592e+01 1.009440482904625652e-01 8.595906378222714084e-01
1.260550766652051458e+01 1.011015593877841456e-01 8.571492631916555194e-01
1.256987693139384277e+01 1.012590704851057122e-01 8.547264445976910929e-01
1.253451899677434689e+01 1.014165815824272787e-01 8.523221758915944246e-01
1.249943375169354454e+01 1.015740926797488591e-01 8.499364495277302867e-01
1.246462106527935276e+01 1.017316037770704257e-01 8.475692566070596179e-01
1.243008078738319178e+01 1.018891148743920061e-01 8.452205869197799704e-01
1.239581274919633636e+01 1.020466259717135726e-01 8.428904289872363176e-01
1.236181676385506201e+01 1.022041370690351392e-01 8.405787701030690284e-01
1.232809262703477948e+01 1.023616481663567196e-01 8.382855963736161042e-01
1.229464011753372432e+01 1.025191592636782861e-01 8.360108927576009874e-01
1.226145899784557258e+01 1.026766703609998527e-01 8.337546431050693041e-01
1.222854901472214273e+01 1.028341814583214331e-01 8.315168301956518127e-01
1.219590989972552464e+01 1.029916925556429996e-01 8.292974357761093707e-01
1.216354136976993416e+01 1.031492036529645800e-01 8.270964405971749089e-01
1.213144312765396649e+01 1.033067147502861466e-01 8.249138244497491446e-01
1.209961486258261765e+01 1.034642258476077131e-01 8.227495662003940780e-01
1.206805625067990384e+01 1.036217369449292935e-01 8.206036438261917754e-01
1.203676695549180309e+01 1.037792480422508601e-01 8.184760344489435679e-01
1.200574662847963303e+01 1.039367591395724405e-01 8.163667143687165506e-01
1.197499490950463041e+01 1.040942702368940070e-01 8.142756590967968888e-01
1.194451142730288140e+01 1.042517813342155736e-01 8.122028433879826537e-01
1.191429579995170052e+01 1.044092924315371540e-01 8.101482412722960103e-01
1.188434763532682759e+01 1.045668035288587205e-01 8.081118260860729041e-01
1.185466653155139127e+01 1.047243146261803010e-01 8.060935705024916409e-01
1.182525207743590734e+01 1.048818257235018675e-01 8.040934465614912874e-01
1.179610385290990493e+01 1.050393368208234340e-01 8.021114256991214164e-01
1.176722142944556992e+01 1.051968479181450145e-01 8.001474787763492857e-01
1.173860437047309624e+01 1.053543590154665810e-01 7.982015761073028015e-01
1.171025223178788721e+01 1.055118701127881475e-01 7.962736874869590364e-01
1.168216456195004227e+01 1.056693812101097280e-01 7.943637822183106101e-01
1.165434085464754865e+01 1.058268923074312945e-01 7.924718258731543452e-01
1.162677978986880412e+01 1.059844034047528749e-01 7.905977286933456583e-01
1.159947938698694969e+01 1.061419145020744415e-01 7.887413560002277668e-01
1.157243766677954788e+01 1.062994255993960080e-01 7.869025732106401660e-01
1.154565267191198252e+01 1.064569366967175884e-01 7.850812472297518108e-01
1.151912246668483064e+01 1.066144477940391549e-01 7.832772464338796370e-01
1.149284513678458453e+01 1.067719588913607354e-01 7.814904406535410075e-01
1.146681878903717866e+01 1.069294699886823019e-01 7.797207011566932300e-01
1.144104155116560406e+01 1.070869810860038684e-01 7.779679006322512969e-01
1.141551157155005924e+01 1.072444921833254489e-01 7.762319131737784872e-01
1.139022701899148871e+01 1.074020032806470154e-01 7.745126142634084498e-01
1.136518608247840767e+01 1.075595143779685958e-01 7.728098807559891092e-01
1.134038697095666137e+01 1.077170254752901624e-01 7.711235908634266334e-01
1.131582791310216685e+01 1.078745365726117289e-01 7.694536241392326836e-01
1.129150715709676334e+01 1.080320476699333093e-01 7.677998614632822738e-01
1.126742297040705054e+01 1.081895587672548759e-01 7.661621850267762435e-01
1.124357363956604772e+01 1.083470698645764424e-01 7.645404783173929131e-01
1.121995746995770205e+01 1.085045809618980228e-01 7.629346261046364708e-01
1.119657278560432800e+01 1.086620920592195894e-01 7.613445144253818686e-01
1.117341792895676633e+01 1.088196031565411698e-01 7.597700305696086787e-01
1.115049126068741003e+01 1.089771142538627363e-01 7.582110630663232431e-01
1.112779115948569952e+01 1.091346253511843029e-01 7.566675016696571276e-01
1.110531602185666067e+01 1.092921364485058833e-01 7.551392373451641937e-01
1.108306426192162242e+01 1.094496475458274498e-01 7.536261622562732132e-01
1.106103431122200398e+01 1.096071586431490302e-01 7.521281697509435427e-01
1.103922461852533488e+01 1.097646697404705968e-01 7.506451543484747857e-01
1.101763364963401237e+01 1.099221808377921633e-01 7.491770117265047491e-01
1.099625988719624559e+01 1.100796919351137437e-01 7.477236387081515057e-01
1.097510183051997146e+01 1.102372030324353103e-01 7.462849332493621812e-01
1.095415799538871759e+01 1.103947141297568907e-01 7.448607944263897496e-01
1.093342691387997689e+01 1.105522252270784572e-01 7.434511224234465754e-01
1.091290713418624136e+01 1.107097363244000238e-01 7.420558185205300417e-01
1.089259722043791356e+01 1.108672474217216042e-01 7.406747850813846235e-01
1.087249575252869782e+01 1.110247585190431707e-01 7.393079255416287188e-01
1.085260132354421536e+01 1.111822696163647373e-01 7.379551442339024048e-01
1.083291204702287480e+01 1.113397807136863177e-01 7.366163128825981010e-01
1.081342496508256090e+01 1.114972918110078842e-01 7.352912303576588648e-01
1.079413701296461348e+01 1.116548029083294646e-01 7.339796882616363982e-01
1.077504516726942363e+01 1.118123140056510312e-01 7.326814810094156583e-01
1.075614644524006991e+01 1.119698251029725977e-01 7.313964057795027118e-01
1.073743790406075149e+01 1.121273362002941781e-01 7.301242624663192293e-01
1.071891664016987455e+01 1.122848472976157447e-01 7.288648536334956241e-01
1.070057978858767278e+01 1.124423583949373251e-01 7.276179844681484044e-01
1.068242452225766215e+01 1.125998694922588916e-01 7.263834627361002161e-01
1.066444805140178964e+01 1.127573805895804582e-01 7.251610987380342488e-01
1.064664762288926703e+01 1.129148916869020386e-01 7.239507052665735687e-01
1.062902051961792793e+01 1.130724027842236051e-01 7.227520975642148793e-01
1.061156405990901774e+01 1.132299138815451855e-01 7.215650932821767727e-01
1.059427559691391707e+01 1.133874249788667521e-01 7.203895124400560013e-01
1.057715251803364076e+01 1.135449360761883186e-01 7.192251773863567177e-01
1.056019224434961501e+01 1.137024471735098990e-01 7.180719127597839924e-01
1.054339223006686943e+01 1.138599582708314656e-01 7.169295454513801014e-01
1.052674996196798674e+01 1.140174693681530321e-01 7.157979045673974472e-01
1.051026295887868400e+01 1.141749804654746125e-01 7.146768213929554081e-01
1.049392877114411249e+01 1.143324915627961791e-01 7.135661293564333763e-01
1.047774498011578892e+01 1.144900026601177595e-01 7.124656639945808889e-01
1.046170919764912099e+01 1.146475137574393260e-01 7.113752629183501819e-01
1.044581906561094797e+01 1.148050248547608926e-01 7.102947657794121961e-01
1.043007225539735217e+01 1.149625359520824730e-01 7.092240142373656964e-01
1.041446646746079097e+01 1.151200470494040395e-01 7.081628519275862121e-01
1.039899943084723510e+01 1.152775581467256200e-01 7.071111244297495491e-01
1.038366890274240006e+01 1.154350692440471865e-01 7.060686792369791354e-01
1.036847266802716305e+01 1.155925803413687530e-01 7.050353657256125395e-01
1.035340853884187240e+01 1.157500914386903335e-01 7.040110351255769450e-01
1.033847435415944993e+01 1.159076025360119000e-01 7.029955404913623696e-01
1.032366797936716019e+01 1.160651136333334804e-01 7.019887366735788614e-01
1.030898730585643897e+01 1.162226247306550470e-01 7.009904802910696953e-01
1.029443025062125727e+01 1.163801358279766135e-01 7.000006297035987757e-01
1.027999475586428879e+01 1.165376469252981939e-01 6.990190449850708365e-01
1.026567878861085070e+01 1.166951580226197605e-01 6.980455878972812167e-01
1.025148034024944366e+01 1.168526691199413270e-01 6.970801218586726300e-01
1.023739718090819828e+01 1.170101802172629074e-01 6.961224952424264201e-01
1.022342632406117424e+01 1.171676913145844739e-01 6.951725049707621062e-01
1.020956466419256969e+01 1.173252024119060544e-01 6.942299398748282835e-01
1.019580913447617121e+01 1.174827135092276209e-01 6.932945914165874468e-01
1.018215670617795254e+01 1.176402246065491874e-01 6.923662536481947072e-01
1.016860438807365696e+01 1.177977357038707679e-01 6.914447231723940268e-01
1.015514922588085156e+01 1.179552468011923344e-01 6.905297991038998884e-01
1.014178830170518530e+01 1.181127578985139148e-01 6.896212830317429709e-01
1.012851873350064480e+01 1.182702689958354814e-01 6.887189789825691744e-01
1.011533767454305988e+01 1.184277800931570479e-01 6.878226933848390345e-01
1.010224231291703667e+01 1.185852911904786283e-01 6.869322350339400751e-01
1.008922987101567337e+01 1.187428022878001949e-01 6.860474150581684638e-01
1.007629760505276195e+01 1.189003133851217753e-01 6.851680468855603223e-01
1.006344280458723439e+01 1.190578244824433418e-01 6.842939462115535942e-01
1.005066279205973601e+01 1.192153355797649084e-01 6.834249309674774731e-01
1.003795492234053199e+01 1.193728466770864888e-01 6.825608212898102156e-01
1.002531658228914679e+01 1.195303577744080553e-01 6.817014394902347618e-01
1.001274519032482502e+01 1.196878688717296219e-01 6.808466100264338738e-01
1.000023819600781039e+01 1.198453799690512023e-01 6.799961594736135817e-01
9.987793079631407167e+00 1.200028910663727688e-01 6.791499164967680358e-01
9.975407351824102875e+00 1.201604021636943492e-01 6.783077118236218173e-01
9.963078553161846429e+00 1.203179132610159158e-01 6.774693782182679147e-01
9.950804253790096254e+00 1.204754243583374823e-01 6.766347504554659498e-01
9.938582053055558418e+00 1.206329354556590627e-01 6.758036652956027623e-01
9.926409579146863393e+00 1.207904465529806293e-01 6.749759614602569568e-01
9.914284488744854684e+00 1.209479576503022097e-01 6.741514796084220329e-01
9.902204466681373773e+00 1.211054687476237762e-01 6.733300623133017249e-01
9.890167225606907309e+00 1.212629798449453428e-01 6.725115540397123004e-01
9.878170505666412637e+00 1.214204909422669232e-01 6.716958011220395264e-01
9.866212074183772884e+00 1.215780020395884897e-01 6.708826517427806113e-01
9.854289725353826412e+00 1.217355131369100563e-01 6.700719559116052881e-01
9.842401279942723846e+00 1.218930242342316367e-01 6.692635654449772264e-01
9.830544584995346113e+00 1.220505353315532032e-01 6.684573339462629438e-01
9.818717513550652143e+00 1.222080464288747836e-01 6.676531167863734018e-01
9.806917964364050277e+00 1.223655575261963502e-01 6.668507710848865511e-01
9.795143861636891103e+00 1.225230686235179167e-01 6.660501556916542665e-01
9.783393154752779708e+00 1.226805797208394971e-01 6.652511311688695805e-01
9.771663817982899403e+00 1.228380908181610637e-01 6.644535597710328201e-01
9.759953795788893771e+00 1.229956019154826441e-01 6.636573017256538476e-01
9.748260894957224920e+00 1.231531130128042106e-01 6.628622078986076138e-01
9.736582918893871508e+00 1.233106241101257772e-01 6.620681289259012781e-01
9.724917698017177869e+00 1.234681352074473576e-01 6.612749172803294995e-01
9.713263089504733827e+00 1.236256463047689241e-01 6.604824272542624275e-01
9.701616977046976231e+00 1.237831574020905046e-01 6.596905149428905490e-01
9.689977270608023829e+00 1.239406684994120711e-01 6.588990382279611424e-01
9.678341906192743593e+00 1.240981795967336376e-01 6.581078567619410569e-01
9.666708845620489043e+00 1.242556906940552180e-01 6.573168319526304648e-01
9.655076076305020294e+00 1.244132017913767846e-01 6.565258269481977216e-01
9.643441611040481476e+00 1.245707128886983511e-01 6.557347066226267840e-01
9.631803487793465735e+00 1.247282239860199315e-01 6.549433375615764108e-01
9.620159769500652658e+00 1.248857350833414981e-01 6.541515880486232781e-01
9.608508543872272156e+00 1.250432461806630924e-01 6.533593280518944502e-01
9.596847923200693131e+00 1.252007572779846589e-01 6.525664292110529008e-01
9.585176044174794185e+00 1.253582683753062255e-01 6.517727648246764982e-01
9.573491067698927992e+00 1.255157794726277920e-01 6.509782098379462978e-01
9.561791178717271578e+00 1.256732905699493585e-01 6.501826408307029848e-01
9.550074586042873293e+00 1.258308016672709251e-01 6.493859360058231722e-01
9.538339522191540354e+00 1.259883127645924916e-01 6.485879751779233260e-01
9.526584243220041159e+00 1.261458238619140859e-01 6.477886397623575654e-01
9.514807028569036262e+00 1.263033349592356525e-01 6.469878127645389831e-01
9.503006180910112732e+00 1.264608460565572190e-01 6.461853787695360785e-01
9.491180025997083547e+00 1.266183571538787855e-01 6.453812239319636213e-01
9.479326912521319315e+00 1.267758682512003521e-01 6.445752359661424125e-01
9.467445211970934693e+00 1.269333793485219464e-01 6.437673041365281623e-01
9.455533318493909434e+00 1.270908904458435129e-01 6.429573192484014932e-01
9.443589648764721289e+00 1.272484015431650795e-01 6.421451736387988607e-01
9.431612641854551171e+00 1.274059126404866460e-01 6.413307611676883901e-01
9.419600759105232868e+00 1.275634237378082125e-01 6.405139772093977335e-01
9.407552484006020066e+00 1.277209348351298068e-01 6.396947186442352162e-01
9.395466322073948717e+00 1.278784459324513734e-01 6.388728838503533458e-01
9.383340800737258292e+00 1.280359570297729399e-01 6.380483726958232626e-01
9.371174469221639214e+00 1.281934681270945064e-01 6.372210865308990391e-01
9.358965898439498332e+00 1.283509792244160730e-01 6.363909281804879248e-01
9.346713680882157149e+00 1.285084903217376673e-01 6.355578019368197662e-01
9.334416430514393070e+00 1.286660014190592338e-01 6.347216135522767422e-01
9.322072782671877889e+00 1.288235125163808004e-01 6.338822702324188318e-01
9.309681393960973494e+00 1.289810236137023669e-01 6.330396806291711531e-01
9.297240942711674450e+00 1.291385347110239334e-01 6.321937548716207722e-01
9.284750290880650070e+00 1.292960458083455277e-01 6.313444155751014586e-01
9.272208706625633567e+00 1.294535569056670943e-01 6.304916129758064702e-01
9.259615528470389378e+00 1.296110680029886608e-01 6.296353020946765522e-01
9.246970108059352711e+00 1.297685791003102274e-01 6.287754388448324461e-01
9.234271810095577848e+00 1.299260901976317939e-01 6.279119800273548213e-01
9.221520012279402323e+00 1.300836012949533882e-01 6.270448833271141664e-01
9.208714105247711501e+00 1.302411123922749547e-01 6.261741073086383169e-01
9.195853492513624161e+00 1.303986234895965213e-01 6.252996114120157323e-01
9.182937590406844208e+00 1.305561345869180878e-01 6.244213559488357435e-01
9.169965828014360554e+00 1.307136456842396544e-01 6.235393020981567780e-01
9.156937647121662138e+00 1.308711567815612486e-01 6.226534119025114444e-01
9.143852502154494744e+00 1.310286678788828152e-01 6.217636482639431472e-01
9.130709860120735044e+00 1.311861789762043817e-01 6.208699749400558021e-01
9.117509200553014281e+00 1.313436900735259483e-01 6.199723565401105141e-01
9.104250015451405886e+00 1.315012011708475148e-01 6.190707585211311370e-01
9.090931809226505678e+00 1.316587122681690813e-01 6.181651471840310386e-01
9.077554098643027203e+00 1.318162233654906756e-01 6.172554896697785010e-01
9.064116412763368658e+00 1.319737344628122422e-01 6.163417539555600122e-01
9.050618292891678962e+00 1.321312455601338087e-01 6.154239088509774191e-01
9.037059292517932718e+00 1.322887566574553753e-01 6.145019239942441924e-01
9.023438977262570049e+00 1.324462677547769418e-01 6.135757698484193279e-01
9.009756924820988999e+00 1.326037788520985361e-01 6.126454176976370292e-01
8.996012724908380775e+00 1.327612899494201026e-01 6.117108396433520445e-01
8.982205979204755053e+00 1.329188010467416692e-01 6.107720086006031002e-01
8.968336301299881796e+00 1.330763121440632357e-01 6.098288982942693393e-01
8.954403316638737564e+00 1.332338232413848023e-01 6.088814832553590684e-01
8.940406662466637400e+00 1.333913343387063966e-01 6.079297388172805183e-01
8.926345987774720214e+00 1.335488454360279631e-01 6.069736411121351427e-01
8.912220953245356014e+00 1.337063565333495296e-01 6.060131670670034776e-01
8.898031231197718327e+00 1.338638676306710962e-01 6.050482944002462116e-01
8.883776505533335310e+00 1.340213787279926627e-01 6.040790016178001487e-01
8.869456471681465004e+00 1.341788898253142570e-01 6.031052680094655116e-01
8.855070836544957302e+00 1.343364009226358236e-01 6.021270736452233319e-01
8.840619318445437358e+00 1.344939120199573901e-01 6.011443993715084311e-01
8.826101647069027223e+00 1.346514231172789566e-01 6.001572268075189287e-01
8.811517563411696230e+00 1.348089342146005232e-01 5.991655383414998814e-01
8.796866819724749931e+00 1.349664453119221175e-01 5.981693171270359155e-01
8.782149179460011723e+00 1.351239564092436840e-01 5.971685470793252071e-01
8.767364417215162575e+00 1.352814675065652505e-01 5.961632128714619006e-01
8.752512318678673964e+00 1.354389786038868171e-01 5.951532999306914373e-01
8.737592680575087201e+00 1.355964897012083836e-01 5.941387944346897543e-01
8.722605312290337309e+00 1.357540007985299779e-01 5.931196834220826553e-01
8.707550346782682027e+00 1.359115118958515445e-01 5.920959759337648398e-01
8.692428599016821522e+00 1.360690229931731110e-01 5.910677273857033454e-01
8.677240969134130566e+00 1.362265340904946775e-01 5.900349989857079924e-01
8.661988353081188308e+00 1.363840451878162441e-01 5.889978516563506572e-01
8.646671642588238171e+00 1.365415562851378384e-01 5.879563460335012204e-01
8.631291725147919536e+00 1.366990673824594049e-01 5.869105424648809466e-01
8.615849483994924896e+00 1.368565784797809715e-01 5.858605010086792575e-01
8.600345798086179272e+00 1.370140895771025380e-01 5.848062814322053660e-01
8.584781542081852734e+00 1.371716006744241045e-01 5.837479432105987520e-01
8.569157586326975107e+00 1.373291117717456711e-01 5.826855455255771643e-01
8.553474796833601346e+00 1.374866228690672654e-01 5.816191472642253668e-01
8.537734035263774501e+00 1.376441339663888319e-01 5.805488070178355109e-01
8.521936158913115733e+00 1.378016450637103985e-01 5.794745830807921383e-01
8.506082020694860191e+00 1.379591561610319650e-01 5.783965334494862720e-01
8.490172469124852128e+00 1.381166672583535315e-01 5.773147158212947883e-01
8.474208348306849103e+00 1.382741783556751258e-01 5.762291875935824370e-01
8.458190497918574025e+00 1.384316894529966924e-01 5.751400058627516021e-01
8.442119753198431553e+00 1.385892005503182589e-01 5.740472274233399119e-01
8.425996944932624189e+00 1.387467116476398254e-01 5.729509087671447176e-01
8.409822899443131661e+00 1.389042227449613920e-01 5.718511060824048586e-01
8.393598438576004739e+00 1.390617338422829863e-01 5.707478752530052990e-01
8.377324379690392675e+00 1.392192449396045528e-01 5.696412718577299472e-01
8.361001535648130201e+00 1.393767560369261194e-01 5.685313511695552213e-01
8.344630714803836113e+00 1.395342671342476859e-01 5.674181681549750333e-01
8.328212720995542995e+00 1.396917782315692524e-01 5.663017774733655196e-01
8.311748353535993061e+00 1.398492893288908467e-01 5.651822334763909605e-01
8.295238407204298170e+00 1.400068004262124133e-01 5.640595902074386769e-01
8.278683672238347668e+00 1.401643115235339798e-01 5.629339014011015552e-01
8.262084934327505792e+00 1.403218226208555464e-01 5.618052204826821105e-01
8.245442974606012498e+00 1.404793337181771129e-01 5.606736005677437351e-01
8.228758569646812404e+00 1.406368448154987072e-01 5.595390944616908113e-01
8.212032491455925509e+00 1.407943559128202737e-01 5.584017546593845749e-01
8.195265507467290433e+00 1.409518670101418403e-01 5.572616333447967252e-01
8.178458380537959371e+00 1.411093781074634068e-01 5.561187823906770245e-01
8.161611868944195436e+00 1.412668892047849734e-01 5.549732533582922844e-01
8.144726726377555792e+00 1.414244003021065677e-01 5.538250974971588025e-01
8.127803701941722636e+00 1.415819113994281342e-01 5.526743657448253133e-01
8.110843540149769382e+00 1.417394224967497007e-01 5.515211087266890244e-01
8.093846980921860279e+00 1.418969335940712673e-01 5.503653767558389642e-01
8.076814759583257342e+00 1.420544446913928338e-01 5.492072198329188693e-01
8.059747606863121305e+00 1.422119557887144281e-01 5.480466876460480252e-01
8.042646248893417393e+00 1.423694668860359946e-01 5.468838295707451058e-01
8.025511407208314907e+00 1.425269779833575612e-01 5.457186946698873165e-01
8.008343798901602639e+00 1.426844890806791277e-01 5.445513317044159418e-01
7.991144365905822333e+00 1.428420001780006943e-01 5.433818047238562210e-01
7.973914728233015836e+00 1.429995112753222608e-01 5.422102238857809953e-01
7.956656615100123453e+00 1.431570223726438551e-01 5.410367067734774826e-01
7.939371735312087175e+00 1.433145334699654216e-01 5.398613695822572778e-01
7.922061777347969347e+00 1.434720445672869882e-01 5.386843271253137777e-01
7.904728409449981896e+00 1.436295556646085547e-01 5.375056928397744516e-01
7.887373279715382601e+00 1.437870667619301213e-01 5.363255787929506191e-01
7.869998016190933754e+00 1.439445778592517156e-01 5.351440956887597578e-01
7.852604226970095525e+00 1.441020889565732821e-01 5.339613528743353266e-01
7.835193500292748858e+00 1.442596000538948486e-01 5.327774583468057878e-01
7.817767404647075757e+00 1.444171111512164152e-01 5.315925187602262847e-01
7.800327488874227555e+00 1.445746222485379817e-01 5.304066394326902856e-01
7.782875282274899220e+00 1.447321333458595760e-01 5.292199243535813391e-01
7.765412294718176511e+00 1.448896444431811426e-01 5.280324761909721554e-01
7.747940016752598247e+00 1.450471555405027091e-01 5.268443962991756768e-01
7.730459919719034900e+00 1.452046666378242756e-01 5.256557847264240468e-01
7.712973455865716588e+00 1.453621777351458422e-01 5.244667402226864672e-01
7.695482058464906849e+00 1.455196888324674365e-01 5.232773602476049613e-01
7.677987141931577497e+00 1.456771999297890030e-01 5.220877409785633638e-01
7.660490101943538299e+00 1.458347110271105695e-01 5.208979773188565643e-01
7.642992315563554406e+00 1.459922221244321361e-01 5.197081629059928654e-01
7.625495141362665485e+00 1.461497332217537026e-01 5.185183901200812739e-01
7.607999919545218148e+00 1.463072443190752969e-01 5.173287500923314797e-01
7.590507972075278609e+00 1.464647554163968635e-01 5.161393327136510889e-01
7.573020602804376722e+00 1.466222665137184300e-01 5.149502266433320097e-01
7.555539097600613374e+00 1.467797776110399965e-01 5.137615193178282080e-01
7.538064724478890533e+00 1.469372887083615631e-01 5.125732969596122901e-01
7.520598733732360763e+00 1.470947998056831574e-01 5.113856445861136857e-01
7.503142358065006512e+00 1.472523109030047239e-01 5.101986460187327710e-01
7.485696812725264770e+00 1.474098220003262905e-01 5.090123838919284882e-01
7.468263295640531041e+00 1.475673330976478570e-01 5.078269396623628085e-01
7.450842987552732666e+00 1.477248441949694235e-01 5.066423936181215781e-01
7.433437052154605595e+00 1.478823552922910178e-01 5.054588248879793300e-01
7.416046636226958810e+00 1.480398663896125844e-01 5.042763114507323730e-01
7.398672869776584449e+00 1.481973774869341509e-01 5.030949301445787336e-01
7.381316866174801206e+00 1.483548885842557175e-01 5.019147566765373991e-01
7.363979722296894792e+00 1.485123996815772840e-01 5.007358656319297330e-01
7.346662518661829289e+00 1.486699107788988505e-01 4.995583304838800420e-01
7.329366319572731214e+00 1.488274218762204448e-01 4.983822236028686570e-01
7.312092173257927818e+00 1.489849329735420114e-01 4.972076162663213172e-01
7.294841112012115936e+00 1.491424440708635779e-01 4.960345786682091029e-01
7.277614152338311548e+00 1.492999551681851444e-01 4.948631799286999366e-01
7.260412295089815338e+00 1.494574662655067110e-01 4.936934881038131939e-01
7.243236525612871013e+00 1.496149773628283053e-01 4.925255701951188336e-01
7.226087813889198408e+00 1.497724884601498718e-01 4.913594921594304221e-01
7.208967114679019517e+00 1.499299995574714384e-01 4.901953189185299098e-01
7.191875399553640413e+00 1.500875106547930049e-01 4.890331165373190681e-01
7.174813926211351500e+00 1.502450217521145714e-01 4.878729705367619296e-01
7.157784098248845872e+00 1.504025328494361657e-01 4.867149763586207101e-01
7.140787298539244432e+00 1.505600439467577323e-01 4.855592280354973922e-01
7.123824887688345875e+00 1.507175550440792988e-01 4.844058180858595297e-01
7.106898204258953022e+00 1.508750661414008654e-01 4.832548375292955445e-01
7.090008564996045592e+00 1.510325772387224319e-01 4.821063759018259232e-01
7.073157265052441467e+00 1.511900883360440262e-01 4.809605212712468880e-01
7.056345578215451830e+00 1.513475994333655927e-01 4.798173602525434567e-01
7.039574757133733485e+00 1.515051105306871593e-01 4.786769780233141036e-01
7.022846033544683841e+00 1.516626216280087258e-01 4.775394583392337799e-01
7.006160618502498494e+00 1.518201327253302924e-01 4.764048835495613976e-01
6.989519702606032503e+00 1.519776438226518867e-01 4.752733346126333802e-01
6.972924456227338474e+00 1.521351549199734532e-01 4.741448911114040099e-01
6.956376029740166445e+00 1.522926660172950197e-01 4.730196312689832761e-01
6.939875553748470871e+00 1.524501771146165863e-01 4.718976319641750572e-01
6.923424139315150327e+00 1.526076882119381528e-01 4.707789687470296247e-01
6.907022878190523407e+00 1.527651993092597471e-01 4.696637158543812141e-01
6.890672843040896112e+00 1.529227104065813136e-01 4.685519462253893708e-01
6.874375087676683371e+00 1.530802215039028802e-01 4.674437315170508200e-01
6.858130647280610503e+00 1.532377326012244467e-01 4.663391421197165543e-01
6.841940538635303604e+00 1.533952436985460133e-01 4.652382471725677870e-01
6.825805760350855067e+00 1.535527547958676076e-01 4.641411145790897974e-01
6.809727293091671463e+00 1.537102658931891741e-01 4.630478110224972577e-01
6.793706099802973242e+00 1.538677769905107406e-01 4.619584019811358577e-01
6.777743125936935620e+00 1.540252880878323072e-01 4.608729517438588941e-01
6.761839299677982140e+00 1.541827991851538737e-01 4.597915234253472927e-01
6.745995532167702535e+00 1.543403102824754403e-01 4.587141789814034309e-01
6.730212717729008531e+00 1.544978213797970346e-01 4.576409792241937224e-01
6.714491734089516939e+00 1.546553324771186011e-01 4.565719838374368011e-01
6.698833442604359867e+00 1.548128435744401676e-01 4.555072513915561783e-01
6.683238688478099654e+00 1.549703546717617342e-01 4.544468393587681176e-01
6.667708300985762726e+00 1.551278657690833007e-01 4.533908041281130563e-01
6.652243093693119391e+00 1.552853768664048950e-01 4.523392010204333458e-01
6.636843864675976867e+00 1.554428879637264616e-01 4.512920843032843243e-01
6.621511396738606336e+00 1.556003990610480281e-01 4.502495072057882686e-01
6.606246457631110403e+00 1.557579101583695946e-01 4.492115219334133491e-01
6.591049800265844638e+00 1.559154212556911612e-01 4.481781796826915798e-01
6.575922162932742232e+00 1.560729323530127555e-01 4.471495306558588290e-01
6.560864269513650093e+00 1.562304434503343220e-01 4.461256240754301050e-01
6.545876829695454369e+00 1.563879545476558885e-01 4.451065081986920746e-01
6.530960539182282254e+00 1.565454656449774551e-01 4.440922303321308551e-01
6.516116079906171699e+00 1.567029767422990216e-01 4.430828368457590538e-01
6.501344120237124713e+00 1.568604878396206159e-01 4.420783731873972333e-01
6.486645315191343464e+00 1.570179989369421825e-01 4.410788838968347503e-01
6.472020306638734510e+00 1.571755100342637490e-01 4.400844126199393580e-01
6.457469723508864945e+00 1.573330211315853155e-01 4.390950021226611710e-01
6.442994181995828740e+00 1.574905322289068821e-01 4.381106943049637992e-01
6.428594285761738192e+00 1.576480433262284764e-01 4.371315302146616122e-01
6.414270578888308094e+00 1.578055544235500429e-01 4.361575468482207785e-01
6.400023392825276325e+00 1.579630655208716095e-01 4.351887667435592189e-01
6.385852997220275107e+00 1.581205766181931760e-01 4.342252082361761079e-01
6.385852997220275107e+00 1.581205766181931760e-01 4.342252082361761079e-01
4.968306661959569936e+00 1.826842454521749870e-01 3.394135191989216538e-01
4.217867479441218315e+00 2.073525430377324841e-01 2.263964835251884300e-01
3.342326714855307745e+00 2.322407203492417860e-01 1.916747167932308926e-01
2.906933506060697336e+00 2.568837818198746459e-01 1.786677674425252438e-01
2.451620351637207484e+00 2.811184729179193598e-01 1.140912294194149218e-01
2.147650816037883992e+00 3.057758170190760794e-01 8.607547630240494629e-02
1.871284374670693085e+00 3.308749588216616799e-01 7.357299274448116100e-02
1.631235325197019748e+00 3.553458836143503774e-01 5.970587600043477522e-02
1.473215481218539624e+00 3.797183506574301481e-01 6.264440663040073132e-02
1.297813808739474606e+00 4.042043120935024936e-01 3.434762075601321268e-02
1.178895410498978169e+00 4.287407985369371399e-01 2.620079742059971614e-02
1.072421925742432114e+00 4.533371424922238990e-01 2.247189404341693592e-02
9.664187417782005296e-01 4.779959634912051558e-01 3.250459930763659883e-02
8.815359957439422578e-01 5.026629933946460405e-01 2.196067847878484594e-02
8.172658549638740499e-01 5.271487506500315279e-01 2.382351258504050023e-02
7.592261381397924502e-01 5.515427964227138657e-01 1.666447913743089940e-02
7.076070472198752181e-01 5.762240530263548210e-01 1.429531391596068450e-02
6.597239230927851583e-01 6.007285446297923048e-01 1.163934466366855526e-02
6.136423244716151526e-01 6.252568531449649303e-01 1.828227089240472628e-02
5.873840176152551606e-01 6.499965502683907603e-01 1.748295656427420464e-02
5.572160444496055964e-01 6.746857991314229031e-01 1.322688042884597251e-02
5.378594543558760099e-01 6.991270364754236244e-01 1.027533413093551992e-02
5.215171249766000772e-01 7.235756604093172006e-01 9.048015164489126710e-03
5.163524776630690205e-01 7.479714013051395050e-01 1.139604628536163185e-02
5.129783195055127587e-01 7.726132299420060967e-01 9.519367929650421681e-03
5.082227336785228866e-01 7.972349387995918413e-01 1.008051781286753955e-02
4.901514749791320846e-01 8.217736356692634248e-01 1.208450974304589587e-02
4.747927552234192938e-01 8.463200505719705724e-01 9.344665539979707045e-03
4.613879059235455049e-01 8.708218859006343626e-01 8.281352166734775797e-03
4.546922369388168295e-01 8.954790463233904818e-01 8.190132870448804323e-03
4.468437311723205685e-01 9.199626960429320155e-01 8.838477673030701448e-03
4.479413222790105120e-01 9.443606208269833546e-01 1.112319032027411607e-02
4.489530335257473359e-01 9.688687146412832130e-01 1.121432515875680526e-02
4.473408217213288296e-01 9.930926048855095445e-01 1.367616943154223788e-02
4.567815437028975301e-01 1.017620455362175491e+00 1.019356258526017169e-02
4.717737838379634230e-01 1.042409919186157552e+00 1.326313318218719055e-02
4.954719539695426889e-01 1.066789561870425063e+00 1.193581759873378091e-02
5.071094974748759920e-01 1.090909765172895618e+00 1.522674129172984538e-02
5.009434992571265566e-01 1.115651582439790346e+00 2.556232335158760763e-02
5.151083062553438729e-01 1.140641543091339027e+00 1.638727124203025187e-02
5.227273893926632775e-01 1.164692026865203012e+00 2.967046977371612382e-02
5.416040428139879959e-01 1.188605021497627590e+00 2.468688051055491911e-02
5.804604698431364840e-01 1.214006438167991364e+00 2.257509542022680116e-02
6.258014479214184522e-01 1.240498485730926914e+00 3.204667953502563643e-02
7.098286550479092627e-01 1.264816150349954427e+00 6.579554785190379340e-02
7.535523633735680127e-01 1.284554513240047102e+00 9.299999322383957490e-02
8.168439584054548730e-01 1.309527810458392949e+00 1.353040597769765985e-01
1.184106074069498415e+00 1.335814856768205550e+00 1.988142087095627064e-01
1.136661399348911639e+00 1.360349523175663267e+00 1.383931817193942981e+00
