3.531872001114809336e+02 7.669903939428205850e-04 2.021610816371735098e+01
4.209644373957822836e+02 9.245014912643925459e-04 2.409561444125198904e+01
4.874903040408015613e+02 1.082012588585964507e-03 2.790349342258608800e+01
5.527688182317416477e+02 1.239523685907536251e-03 3.163997510491844523e+01
6.167990661286690965e+02 1.397034783229108429e-03 3.530500718089781742e+01
6.795778873358177634e+02 1.554545880550680173e-03 3.889840875239810458e+01
7.411035739121685992e+02 1.712056977872252134e-03 4.242008205845756663e+01
8.013758625046190218e+02 1.869568075193824095e-03 4.587001202498855434e+01
8.603980222016305106e+02 2.027079172515396273e-03 4.924838577158625696e+01
9.181733172416787738e+02 2.184590269836968017e-03 5.255539014023731426e+01
9.747102794067031937e+02 2.342101367158539761e-03 5.579151348223658147e+01
1.030017560106544806e+03 2.499612464480111939e-03 5.895725099626923793e+01
1.084105246518247213e+03 2.657123561801683683e-03 6.205318006300512224e+01
1.136986960002257547e+03 2.814634659123255861e-03 6.508008035649829992e+01
1.188677010676673035e+03 2.972145756444827605e-03 6.803877097465255019e+01
1.239189521587792115e+03 3.129656853766399783e-03 7.093006030755537950e+01
1.288540596683134481e+03 3.287167951087971527e-03 7.375487013024506666e+01
1.336747966328126722e+03 3.444679048409543271e-03 7.651421531241432206e+01
1.383829410611280537e+03 3.602190145731115449e-03 7.920911356985919838e+01
1.429802217350255205e+03 3.759701243052687193e-03 8.184055444124815892e+01
1.474684556734462831e+03 3.917212340374259805e-03 8.440957797139145669e+01
1.518495350142325833e+03 4.074723437695831549e-03 8.691726720246234095e+01
1.561254033799367789e+03 4.232234535017403293e-03 8.936473464600526029e+01
1.602979564488121014e+03 4.389745632338975037e-03 9.175306537069199919e+01
1.643690260024256304e+03 4.547256729660546781e-03 9.408330787132311457e+01
1.683404697494693892e+03 4.704767826982118525e-03 9.635652548314524779e+01
1.722141657997539369e+03 4.862278924303691137e-03 9.857379321881626311e+01
1.759920030555262201e+03 5.019790021625262881e-03 1.007361922684847002e+02
1.796758719637825152e+03 5.177301118946834625e-03 1.028448047064993887e+02
1.832675989788076777e+03 5.334812216268406369e-03 1.049006759783737692e+02
1.867689219324860460e+03 5.492323313589978981e-03 1.069048008029802901e+02
1.901815719237166149e+03 5.649834410911550725e-03 1.088581700452928658e+02
1.935072754800816483e+03 5.807345508233122469e-03 1.107617719537060736e+02
1.967477502788160564e+03 5.964856605554694213e-03 1.126165897107578218e+02
1.999047015364993740e+03 6.122367702876265957e-03 1.144235993666220566e+02
2.029798189728664056e+03 6.279878800197838569e-03 1.161837681012224266e+02
2.059747570124498907e+03 6.437389897519410313e-03 1.178980428918359848e+02
2.088910528442082068e+03 6.594900994840982057e-03 1.195673036111830640e+02
2.117301969136995012e+03 6.752412092162553801e-03 1.211924033764943971e+02
2.144936686951177762e+03 6.909923189484126413e-03 1.227741890250937189e+02
2.171829346874726070e+03 7.067434286805698157e-03 1.243134999674294079e+02
2.197994466602915509e+03 7.224945384127269901e-03 1.258111671829308165e+02
2.223446401635173061e+03 7.382456481448841645e-03 1.272680123670870103e+02
2.248199332692102416e+03 7.539967578770413389e-03 1.286848472112092736e+02
2.272267255168540032e+03 7.697478676091986001e-03 1.300624727987335518e+02
2.295663886492886832e+03 7.854989773413558612e-03 1.314016743025544827e+02
2.318401802178737398e+03 8.012500870735128622e-03 1.327031715334211697e+02
2.340492856480136652e+03 8.170011968056702101e-03 1.339676430178540159e+02
2.361948805031789561e+03 8.327523065378272110e-03 1.351957616374937743e+02
2.382781303922098232e+03 8.485034162699845589e-03 1.363881945760433894e+02
2.403001899844801301e+03 8.642545260021415598e-03 1.375456027555559615e+02
2.422622021529898120e+03 8.800056357342989077e-03 1.386686403459499104e+02
2.441652972322160167e+03 8.957567454664562556e-03 1.397579543402094089e+02
2.460105923789628832e+03 9.115078551986132566e-03 1.408141841885403949e+02
2.477991910256650499e+03 9.272589649307706045e-03 1.418379614854468400e+02
2.495321824167423983e+03 9.430100746629276054e-03 1.428299097043447148e+02
2.512106399894774313e+03 9.587611843950849533e-03 1.437906432707908380e+02
2.528355554441258391e+03 9.745122941272419542e-03 1.447207298248250424e+02
2.544078113036221112e+03 9.902634038593993021e-03 1.456206745143999797e+02
2.559282783015938094e+03 1.006014513591556303e-02 1.464909757393779159e+02
2.573978231676956511e+03 1.021765623323713651e-02 1.473321296077846796e+02
2.588173078778289891e+03 1.037516733055870999e-02 1.481446295066411381e+02
2.601875889778819783e+03 1.053267842788028000e-02 1.489289657148793253e+02
2.615095169748650733e+03 1.069018952520185348e-02 1.496856250548333662e+02
2.627839357898174057e+03 1.084770062252342349e-02 1.504150905790884565e+02
2.640116822673736351e+03 1.100521171984499696e-02 1.511178412897615999e+02
2.651935857373423460e+03 1.116272281716656697e-02 1.517943518875528639e+02
2.663304676240158187e+03 1.132023391448814045e-02 1.524450925481177137e+02
2.674231410993256304e+03 1.147774501180971046e-02 1.530705287235373362e+02
2.684724107762694075e+03 1.163525610913128394e-02 1.536711209668379468e+02
2.694790704123889554e+03 1.179276720645285742e-02 1.542473236174838007e+02
2.704438331683827528e+03 1.195027830377442743e-02 1.547995448820523166e+02
2.713673193116077982e+03 1.210778940109600091e-02 1.553281397958328114e+02
2.722501443966366878e+03 1.226530049841757092e-02 1.558334606965606497e+02
2.730929244823401405e+03 1.242281159573914440e-02 1.563158602106265960e+02
2.738962755198659124e+03 1.258032269306071441e-02 1.567756909027617951e+02
2.746608127858855823e+03 1.273783379038228789e-02 1.572133049516335177e+02
2.753871503580301578e+03 1.289534488770385789e-02 1.576290538495892974e+02
2.760759006296557345e+03 1.305285598502543137e-02 1.580232881249134778e+02
2.767276738613138605e+03 1.321036708234700485e-02 1.583963570850926601e+02
2.773430777664665129e+03 1.336787817966857486e-02 1.587486085796828661e+02
2.779227171292191088e+03 1.352538927699014834e-02 1.590803887815037854e+02
2.784671934519185470e+03 1.368290037431171835e-02 1.593920419849267773e+02
2.789771046307163942e+03 1.384041147163329183e-02 1.596839104201706050e+02
2.794530446572485289e+03 1.399792256895486184e-02 1.599563340825450268e+02
2.798956033447575464e+03 1.415543366627643532e-02 1.602096505756866804e+02
2.803053660770840452e+03 1.431294476359800533e-02 1.604441949678830781e+02
2.806829131571332709e+03 1.447045586091957881e-02 1.606602994191419214e+02
2.810287806008576354e+03 1.462796695824115228e-02 1.608582707400287859e+02
2.813434314292170711e+03 1.478547805556272229e-02 1.610383739594520875e+02
2.816273225874924719e+03 1.494298915288429577e-02 1.612008706286576682e+02
2.818809122391332494e+03 1.510050025020586578e-02 1.613460229961599453e+02
2.821046593436557487e+03 1.525801134752743926e-02 1.614740937661345868e+02
2.822990232603573531e+03 1.541552244484900927e-02 1.615853458715881175e+02
2.824644633764063201e+03 1.557303354217058275e-02 1.616800422614801391e+02
2.826014387579199592e+03 1.573054463949215276e-02 1.617584457010038363e+02
2.827104078227493574e+03 1.588805573681372624e-02 1.618208185842905493e+02
2.827918280337683427e+03 1.604556683413529972e-02 1.618674227588514611e+02
2.828461556115234998e+03 1.620307793145686973e-02 1.618985193611016769e+02
2.828738452652136857e+03 1.636058902877844320e-02 1.619143686623742724e+02
2.828753499409696815e+03 1.651810012610001321e-02 1.619152299248385987e+02
2.828511205865167994e+03 1.667561122342158669e-02 1.619013612667954476e+02
2.828016059313331880e+03 1.683312232074316017e-02 1.618730195368413831e+02
2.827272522814775584e+03 1.699063341806473018e-02 1.618304601964299252e+02
2.826285033282992117e+03 1.714814451538630366e-02 1.617739372103795858e+02
2.825057999702888537e+03 1.730565561270787367e-02 1.617037029449019769e+02
2.823595801473855317e+03 1.746316671002944715e-02 1.616200080727617205e+02
2.821902786870673935e+03 1.762067780735101716e-02 1.615231014851790690e+02
2.819983271445903938e+03 1.777818890467259064e-02 1.614132302003850157e+02
2.817841498239201428e+03 1.793570000199416065e-02 1.612906370860388847e+02
2.815481590794729982e+03 1.809321109931573412e-02 1.611555581699888648e+02
2.812907631526597470e+03 1.825072219663730760e-02 1.610082271258368394e+02
2.810123672860709121e+03 1.840823329395887761e-02 1.608488759106876671e+02
2.807133736007339849e+03 1.856574439128045109e-02 1.606777346948923082e+02
2.803941809823938456e+03 1.872325548860202110e-02 1.604950317969564253e+02
2.800551849763735390e+03 1.888076658592359458e-02 1.603009936233586359e+02
2.796967776905531082e+03 1.903827768324516459e-02 1.600958446130172774e+02
2.793193477060752230e+03 1.919578878056673807e-02 1.598798071861788515e+02
2.789232799953806534e+03 1.935329987788830808e-02 1.596531016975023078e+02
2.785089558471881446e+03 1.951081097520988156e-02 1.594159463931182756e+02
2.780767527980814975e+03 1.966832207253145504e-02 1.591685573714699160e+02
2.776270445703603400e+03 1.982583316985302505e-02 1.589111485477397423e+02
2.771602010158268968e+03 1.998334426717459852e-02 1.586439316216731754e+02
2.766765880652187207e+03 2.014085536449616853e-02 1.583671160486348697e+02
2.761765676829936638e+03 2.029836646181774201e-02 1.580809090137272506e+02
2.756604978271795517e+03 2.045587755913931202e-02 1.577855154088094878e+02
2.751287324140493183e+03 2.061338865646088550e-02 1.574811378122779217e+02
2.745816212873491168e+03 2.077089975378245551e-02 1.571679764714519933e+02
2.740195101918598084e+03 2.092841085110402899e-02 1.568462292874417301e+02
2.734427407510538615e+03 2.108592194842560247e-02 1.565160918023578347e+02
2.728516504486381564e+03 2.124343304574717248e-02 1.561777571887481884e+02
2.722465726137785623e+03 2.140094414306874596e-02 1.558314162411394079e+02
2.716278364098042857e+03 2.155845524039031597e-02 1.554772573695719871e+02
2.709957668262141851e+03 2.171596633771188944e-02 1.551154665950246851e+02
2.703506849852915821e+03 2.187347743503345945e-02 1.547462277249178157e+02
2.696929419182248239e+03 2.203098853235503293e-02 1.543697416862516150e+02
2.690229464629545419e+03 2.218849962967660294e-02 1.539862424940762082e+02
2.683411052185097105e+03 2.234601072699817642e-02 1.535959628819094007e+02
2.676478153420469880e+03 2.250352182431974990e-02 1.531991301788284829e+02
2.669434647437595686e+03 2.266103292164131991e-02 1.527959664210348194e+02
2.662284322786592838e+03 2.281854401896289339e-02 1.523866884616275570e+02
2.655030879352419561e+03 2.297605511628446340e-02 1.519715080785944679e+02
2.647677930210195882e+03 2.313356621360603688e-02 1.515506320810086152e+02
2.640229003449145694e+03 2.329107731092760689e-02 1.511242624134286530e+02
2.632687543965211717e+03 2.344858840824918036e-02 1.506925962585075354e+02
2.625056915222372481e+03 2.360609950557075037e-02 1.502558261378074462e+02
2.617340400982799565e+03 2.376361060289232385e-02 1.498141400108334267e+02
2.609541207005979231e+03 2.392112170021389733e-02 1.493677213722886563e+02
2.601662462716925347e+03 2.407863279753546734e-02 1.489167493475619892e+02
2.593707222843843283e+03 2.423614389485704082e-02 1.484613987864664182e+02
2.585678469025227969e+03 2.439365499217861083e-02 1.480018403552272446e+02
2.577579111386872682e+03 2.455116608950018431e-02 1.475382406267491149e+02
2.569411990088987295e+03 2.470867718682175432e-02 1.470707621691716724e+02
2.561179876843697457e+03 2.486618828414332780e-02 1.465995636327291152e+02
2.552885476403268058e+03 2.502369938146489781e-02 1.461247998349358284e+02
2.544531428019373834e+03 2.518121047878647129e-02 1.456466218441128433e+02
2.536120306873819573e+03 2.533872157610804476e-02 1.451651770612809571e+02
2.527654625480932282e+03 2.549623267342961477e-02 1.446806093004329341e+02
2.519136835062180580e+03 2.565374377075118825e-02 1.441930588672150861e+02
2.510569326893233665e+03 2.581125486807275826e-02 1.437026626360315333e+02
2.501954433623889145e+03 2.596876596539433174e-02 1.432095541255957016e+02
2.493294430571423618e+03 2.612627706271590175e-02 1.427138635729610030e+02
2.484591536987446943e+03 2.628378816003747523e-02 1.422157180060337112e+02
2.475847917298946413e+03 2.644129925735904524e-02 1.417152413146096421e+02
2.467065682323880083e+03 2.659881035468061872e-02 1.412125543199533126e+02
2.458246890461491603e+03 2.675632145200219220e-02 1.407077748429306610e+02
2.449393558491285148e+03 2.691383254932376221e-02 1.402010183221323985e+02
2.440508144521045779e+03 2.707134364664533568e-02 1.396924254573710016e+02
2.431593744374747075e+03 2.722885474396690569e-02 1.391821734507429369e+02
2.422653403070459717e+03 2.738636584128847917e-02 1.386704365962617942e+02
2.413690059296043728e+03 2.754387693861004918e-02 1.381573831016985991e+02
2.404706548515014674e+03 2.770138803593162266e-02 1.376431752663583836e+02
2.395705605995764927e+03 2.785889913325319267e-02 1.371279696544700926e+02
2.386689869765145431e+03 2.801641023057476615e-02 1.366119172642469550e+02
2.377661883487521663e+03 2.817392132789633963e-02 1.360951636926809840e+02
2.368624099270400166e+03 2.833143242521790964e-02 1.355778492961343034e+02
2.359578880397871671e+03 2.848894352253948312e-02 1.350601093467992087e+02
2.350528503993059985e+03 2.864645461986105313e-02 1.345420741850937816e+02
2.341475163610822165e+03 2.880396571718262660e-02 1.340238693680661584e+02
2.332420971761996952e+03 2.896147681450419661e-02 1.335056158138798139e+02
2.323367962370453824e+03 2.911898791182577009e-02 1.329874299424529625e+02
2.314318093164342827e+03 2.927649900914734010e-02 1.324694238123313710e+02
2.305273248002693890e+03 2.943401010646891358e-02 1.319517052538607231e+02
2.296235239138902671e+03 2.959152120379048706e-02 1.314343779987468963e+02
2.287205809422265702e+03 2.974903230111205707e-02 1.309175418060688685e+02
2.278186634439005957e+03 2.990654339843363055e-02 1.304012925848301165e+02
2.269179324594023456e+03 3.006405449575520056e-02 1.298857225131151267e+02
2.260185427134771544e+03 3.022156559307677404e-02 1.293709201539349465e+02
2.251206428118538042e+03 3.037907669039834405e-02 1.288569705678322350e+02
2.242243754324459587e+03 3.053658778771991752e-02 1.283439554223229209e+02
2.233298775111539271e+03 3.069409888504148753e-02 1.278319530982479790e+02
2.224372804223992262e+03 3.085160998236306101e-02 1.273210387931092669e+02
2.215467101545134028e+03 3.100912107968463102e-02 1.268112846214606719e+02
2.206582874801144953e+03 3.116663217700620450e-02 1.263027597124300598e+02
2.197721281215853196e+03 3.132414327432777451e-02 1.257955303044373210e+02
2.188883429117874130e+03 3.148165437164934799e-02 1.252896598371856953e+02
2.180070379501207753e+03 3.163916546897092147e-02 1.247852090409890167e+02
2.171283147540514619e+03 3.179667656629248801e-02 1.242822360235042822e+02
2.162522704062282628e+03 3.195418766361406149e-02 1.237807963539405023e+02
2.153789976972959266e+03 3.211169876093563497e-02 1.232809431448030324e+02
2.145085852645207069e+03 3.226920985825720151e-02 1.227827271312421402e+02
2.136411177263396894e+03 3.242672095557877499e-02 1.222861967480672831e+02
2.127766758129409027e+03 3.258423205290034846e-02 1.217913982044902355e+02
2.119153364929797590e+03 3.274174315022192194e-02 1.212983755566564383e+02
2.110571730965350980e+03 3.289925424754349542e-02 1.208071707780236608e+02
2.102022554452916665e+03 3.305676534486506196e-02 1.203178238338775117e+02
2.093506617948892654e+03 3.321427644218663544e-02 1.198303795170213277e+02
2.085025006535603097e+03 3.337178753950820892e-02 1.193448999365621574e+02
2.076578814250684445e+03 3.352929863682978240e-02 1.188614477142008070e+02
2.068169082180349051e+03 3.368680973415134894e-02 1.183800824407477563e+02
2.059796800242911104e+03 3.384432083147292242e-02 1.179008607782102445e+02
2.051462908920145310e+03 3.400183192879449590e-02 1.174238365588939246e+02
2.043168300937954200e+03 3.415934302611606938e-02 1.169490608816024348e+02
2.034913822897317914e+03 3.431685412343764285e-02 1.164765822049917148e+02
2.026700276857008930e+03 3.447436522075920939e-02 1.160064464381627687e+02
2.018528421869067415e+03 3.463187631808078287e-02 1.155386970285514678e+02
2.010398975468296385e+03 3.478938741540235635e-02 1.150733750471850527e+02
2.002312615117008590e+03 3.494689851272392983e-02 1.146105192713788483e+02
1.994269979606004881e+03 3.510440961004549637e-02 1.141501662649264546e+02
1.986271670413153970e+03 3.526192070736706985e-02 1.136923504558640445e+02
1.978318253020481279e+03 3.541943180468864333e-02 1.132371042118588491e+02
1.970410258190969444e+03 3.557694290201021681e-02 1.127844579132923570e+02
1.962548183206106387e+03 3.573445399933179029e-02 1.123344400240962244e+02
1.954732493065305789e+03 3.589196509665335683e-02 1.118870771604062355e+02
1.946963621648103754e+03 3.604947619397493030e-02 1.114423941570851042e+02
1.939241972840318113e+03 3.620698729129650378e-02 1.110004141321828115e+02
1.931567921624992550e+03 3.636449838861807726e-02 1.105611585493814886e+02
1.923941815139272194e+03 3.652200948593964380e-02 1.101246472784897747e+02
1.916363973697992378e+03 3.667952058326121728e-02 1.096908986540321109e+02
1.908834691785063796e+03 3.683703168058279076e-02 1.092599295319947146e+02
1.901354239013463030e+03 3.699454277790436424e-02 1.088317553447746775e+02
1.893922861054789564e+03 3.715205387522593772e-02 1.084063901543867559e+02
1.886540780539221032e+03 3.730956497254750426e-02 1.079838467039759990e+02
1.879208197926702951e+03 3.746707606986907774e-02 1.075641364676841363e+02
1.871925292350284963e+03 3.762458716719065122e-02 1.071472696989209084e+02
1.864692222432283415e+03 3.778209826451222469e-02 1.067332554770807889e+02
1.857509127074218441e+03 3.793960936183379123e-02 1.063221017527580585e+02
1.850376126221161485e+03 3.809712045915536471e-02 1.059138153914975788e+02
1.843293321601308662e+03 3.825463155647693819e-02 1.055084022161270809e+02
1.836260797441492969e+03 3.841214265379851167e-02 1.051058670477123940e+02
1.829278621159429576e+03 3.856965375112008515e-02 1.047062137451811026e+02
1.822346844033204434e+03 3.872716484844165169e-02 1.043094452436433528e+02
1.815465501848899294e+03 3.888467594576322517e-02 1.039155635914613072e+02
1.808634615526879543e+03 3.904218704308479865e-02 1.035245699860972621e+02
1.801854191727383068e+03 3.919969814040637213e-02 1.031364648087771485e+02
1.795124223436167767e+03 3.935720923772793867e-02 1.027512476580122041e+02
1.788444690530596517e+03 3.951472033504951215e-02 1.023689173820012996e+02
1.781815560327028606e+03 3.967223143237108562e-02 1.019894721099631596e+02
1.775236788109863255e+03 3.982974252969265910e-02 1.016129092824181726e+02
1.768708317642866632e+03 3.998725362701423258e-02 1.012392256804564425e+02
1.762230081663433111e+03 4.014476472433579912e-02 1.008684174540287160e+02
1.755802002360107736e+03 4.030227582165737260e-02 1.005004801492793831e+02
1.749423991834069966e+03 4.045978691897894608e-02 1.001354087349614019e+02
1.743095952544982083e+03 4.061729801630051956e-02 9.977319762795617919e+01
1.736817769897112612e+03 4.077480911362208610e-02 9.941384026891019232e+01
1.730589267885348590e+03 4.093232021094365958e-02 9.905732658345387165e+01
1.724410242518202949e+03 4.108983130826523306e-02 9.870364489530342667e+01
1.718280484717126228e+03 4.124734240558680654e-02 9.835278323699627379e+01
1.712199780668772291e+03 4.140485350290838001e-02 9.800472937005469021e+01
1.706167912092748111e+03 4.156236460022994655e-02 9.765947080031109806e+01
1.700184656499706989e+03 4.171987569755152003e-02 9.731699479268142738e+01
1.694249787439953479e+03 4.187738679487309351e-02 9.697728838539478602e+01
1.688363074743010202e+03 4.203489789219466699e-02 9.664033840370646544e+01
1.682524284748290711e+03 4.219240898951623353e-02 9.630613147310073430e+01
1.676733180527343393e+03 4.234992008683780701e-02 9.597465403201263712e+01
1.670989522097807821e+03 4.250743118415938049e-02 9.564589234407409890e+01
1.665293066629443956e+03 4.266494228148095397e-02 9.531983250990712975e+01
1.659643568642460650e+03 4.282245337880252745e-02 9.499646047847592456e+01
1.654040780198396305e+03 4.297996447612409399e-02 9.467576205801252343e+01
1.648484451083827935e+03 4.313747557344566746e-02 9.435772292653244619e+01
1.642974328987136232e+03 4.329498667076724094e-02 9.404232864195230945e+01
1.637510159668524693e+03 4.345249776808881442e-02 9.372956465182178931e+01
1.632091687123613610e+03 4.361000886541038096e-02 9.341941630268718200e+01
1.626718653740686477e+03 4.376751996273195444e-02 9.311186884909248818e+01
1.621390800451938048e+03 4.392503106005352792e-02 9.280690746223662302e+01
1.616107866878827281e+03 4.408254215737510140e-02 9.250451723829291950e+01
1.610869591471822559e+03 4.424005325469667488e-02 9.220468320640863169e+01
1.605675711644616968e+03 4.439756435201824142e-02 9.190739033638672595e+01
1.600525963903097363e+03 4.455507544933981490e-02 9.161262354606827785e+01
1.595420083969235975e+03 4.471258654666138838e-02 9.132036770842381657e+01
1.590357806899999105e+03 4.487009764398296185e-02 9.103060765835942902e+01
1.585338867201534185e+03 4.502760874130452839e-02 9.074332819925298566e+01
1.580362998938755936e+03 4.518511983862610187e-02 9.045851410922657010e+01
1.575429935840465987e+03 4.534263093594767535e-02 9.017615014716339772e+01
1.570539411400209701e+03 4.550014203326924883e-02 8.989622105848097533e+01
1.565691158973000483e+03 4.565765313059082231e-02 8.961871158066708176e+01
1.560884911867980463e+03 4.581516422791238885e-02 8.934360644858426781e+01
1.556120403437313371e+03 4.597267532523396233e-02 8.907089039955725696e+01
1.551397367161252077e+03 4.613018642255553581e-02 8.880054817824267843e+01
1.546715536729691166e+03 4.628769751987710929e-02 8.853256454129677877e+01
1.542074646120167017e+03 4.644520861719867583e-02 8.826692426184014550e+01
1.537474429672566202e+03 4.660271971452024931e-02 8.800361213373396652e+01
1.532914622160555155e+03 4.676023081184182278e-02 8.774261297566862083e+01
1.528394958859888220e+03 4.691774190916339626e-02 8.748391163507353951e+01
1.523915175613713018e+03 4.707525300648496974e-02 8.722749299185520044e+01
1.519475008894947678e+03 4.723276410380653628e-02 8.697334196196744927e+01
1.515074195865846832e+03 4.739027520112810976e-02 8.672144350082128028e+01
1.510712474434897558e+03 4.754778629844968324e-02 8.647178260654131066e+01
1.506389583311010938e+03 4.770529739577125672e-02 8.622434432306761209e+01
1.502105262055277990e+03 4.786280849309282326e-02 8.597911374311826194e+01
1.497859251130247685e+03 4.802031959041439674e-02 8.573607601101009834e+01
1.493651291946855508e+03 4.817783068773597022e-02 8.549521632534450077e+01
1.489481126909090790e+03 4.833534178505754370e-02 8.525651994156444857e+01
1.485348499456497848e+03 4.849285288237911717e-02 8.501997217438719190e+01
1.481253154104537316e+03 4.865036397970068371e-02 8.478555840011429723e+01
1.477194836482932715e+03 4.880787507702225719e-02 8.455326405882674123e+01
1.473173293372053877e+03 4.896538617434383067e-02 8.432307465646758260e+01
1.469188272737430680e+03 4.912289727166540415e-02 8.409497576681711450e+01
1.465239523762417548e+03 4.928040836898697069e-02 8.386895303336288521e+01
1.461326796879099902e+03 4.943791946630854417e-02 8.364499217106873630e+01
1.457449843797553513e+03 4.959543056363011765e-02 8.342307896804928191e+01
1.453608417533440843e+03 4.975294166095169113e-02 8.320319928714997104e+01
1.449802272434016459e+03 4.991045275827326461e-02 8.298533906743504929e+01
1.446031161332654847e+03 5.006796385559483115e-02 8.276948416131602926e+01
1.442294745887815225e+03 5.022547495291640463e-02 8.255561520243638540e+01
1.438592581933778774e+03 5.038298605023797810e-02 8.234370676716184789e+01
1.434924226165962409e+03 5.054049714755955158e-02 8.213373348114875228e+01
1.431289242603076900e+03 5.069800824488111812e-02 8.192567038923195355e+01
1.427687202439992461e+03 5.085551934220269160e-02 8.171949294700308997e+01
1.424117683904070645e+03 5.101303043952426508e-02 8.151517701258693194e+01
1.420580272114800664e+03 5.117054153684583856e-02 8.131269883860744585e+01
1.417074558946872457e+03 5.132805263416741204e-02 8.111203506434999611e+01
1.413600142896302032e+03 5.148556373148897858e-02 8.091316270809834066e+01
1.410156628949731157e+03 5.164307482881055206e-02 8.071605915965386657e+01
1.406743628456774104e+03 5.180058592613212554e-02 8.052070217302848221e+01
1.403360759005297723e+03 5.195809702345369901e-02 8.032706985930593646e+01
1.400007644299550748e+03 5.211560812077526555e-02 8.013514067966593757e+01
1.396683914041128673e+03 5.227311921809683903e-02 7.994489343857094354e+01
1.393389203812633696e+03 5.243063031541841251e-02 7.975630727710661461e+01
1.390123154928965278e+03 5.258814141273998599e-02 7.956936166447000858e+01
1.386885404673133053e+03 5.274565251006155947e-02 7.938403583907673067e+01
1.383675573413293478e+03 5.290316360738312601e-02 7.920030807115166738e+01
1.380493284571492723e+03 5.306067470470469949e-02 7.901815680572151734e+01
1.377338167841864561e+03 5.321818580202627297e-02 7.883756084682154608e+01
1.374209859064799957e+03 5.337569689934784645e-02 7.865849935029312689e+01
1.371108000104081157e+03 5.353320799666941299e-02 7.848095181675090259e+01
1.368032238726884998e+03 5.369071909399098647e-02 7.830489808471430990e+01
1.364982228486622489e+03 5.384823019131255994e-02 7.813031832390153397e+01
1.361957628608445930e+03 5.400574128863413342e-02 7.795719302867601641e+01
1.358958103877482472e+03 5.416325238595570690e-02 7.778550301164884218e+01
1.355983324529613128e+03 5.432076348327727344e-02 7.761522939742748406e+01
1.353032966144771081e+03 5.447827458059884692e-02 7.744635361650770733e+01
1.350106709542701765e+03 5.463578567792042040e-02 7.727885739930739817e+01
1.347204240681096735e+03 5.479329677524199388e-02 7.711272277033592104e+01
1.344325250556076298e+03 5.495080787256356042e-02 7.694793204249715757e+01
1.341469435104900413e+03 5.510831896988513390e-02 7.678446781152172207e+01
1.338636495091826873e+03 5.526583006720670738e-02 7.662231294943289583e+01
1.335826108013001203e+03 5.542334116452828086e-02 7.646144899640877668e+01
1.333037873062605058e+03 5.558085226184985433e-02 7.630185301069559500e+01
1.330271381257869052e+03 5.573836335917142087e-02 7.614350158249848732e+01
1.327526231229210225e+03 5.589587445649299435e-02 7.598637173779444254e+01
1.324802029059595498e+03 5.605338555381456783e-02 7.583044092913713996e+01
1.322098388127933504e+03 5.621089665113614131e-02 7.567568702669373693e+01
1.319414928956382937e+03 5.636840774845770785e-02 7.552208830950389995e+01
1.316751279061489413e+03 5.652591884577928133e-02 7.536962345695988574e+01
1.314107072808977136e+03 5.668342994310085481e-02 7.521827154049429964e+01
1.311481951272179003e+03 5.684094104042242829e-02 7.506801201547737890e+01
1.308875562093931876e+03 5.699845213774400177e-02 7.491882471331145155e+01
1.306287559351851996e+03 5.715596323506556831e-02 7.477068983371962929e+01
1.303717603426923233e+03 5.731347433238714179e-02 7.462358793722408734e+01
1.301165360875278338e+03 5.747098542970871526e-02 7.447749993780672639e+01
1.298630504303078624e+03 5.762849652703028874e-02 7.433240709574756977e+01
1.296112712244418617e+03 5.778600762435185528e-02 7.418829101063587927e+01
1.293611669042204312e+03 5.794351872167342876e-02 7.404513361455204290e+01
1.291127064682921855e+03 5.810102981899500224e-02 7.390291716260973942e+01
1.288658567590193798e+03 5.825854091631657572e-02 7.376162267568420816e+01
1.286205780473080267e+03 5.841605201363814920e-02 7.362122741321012143e+01
1.283768301982721596e+03 5.857356311095971574e-02 7.348170840235052026e+01
1.281345738584464470e+03 5.873107420828128922e-02 7.334304311754640082e+01
1.278937704398839060e+03 5.888858530560286270e-02 7.320520947141433510e+01
1.276543821046574067e+03 5.904609640292443618e-02 7.306818580587540168e+01
1.274163717497471453e+03 5.920360750024600272e-02 7.293195088350472588e+01
1.271797029923131504e+03 5.936111859756757619e-02 7.279648387910174279e+01
1.269443401553302010e+03 5.951862969488914967e-02 7.266176437146771150e+01
1.267102482535874060e+03 5.967614079221072315e-02 7.252777233539195834e+01
1.264773929800245924e+03 5.983365188953229663e-02 7.239448813383111769e+01
1.262457406924163024e+03 5.999116298685386317e-02 7.226189251028688432e+01
1.260152584003713855e+03 6.014867408417543665e-02 7.212996658136506767e+01
1.257859137526590530e+03 6.030618518149701013e-02 7.199869182952069480e+01
1.255576750248377948e+03 6.046369627881858361e-02 7.186805009597749461e+01
1.253305111071836336e+03 6.062120737614015015e-02 7.173802357381758554e+01
1.251043914929096445e+03 6.077871847346172363e-02 7.160859480123866661e+01
1.248792862666679639e+03 6.093622957078329710e-02 7.147974665497277158e+01
1.246551660631750792e+03 6.109374066810487058e-02 7.135146232660366650e+01
1.244319987995241263e+03 6.125125176542643712e-02 7.122372345217264922e+01
1.242097468511504303e+03 6.140876286274801060e-02 7.109650849572740583e+01
1.239883726716009278e+03 6.156627396006958408e-02 7.096979596602602669e+01
1.237678394754222836e+03 6.172378505739115756e-02 7.084356480741581663e+01
1.235481112239347340e+03 6.188129615471273104e-02 7.071779439169026205e+01
1.233291526113657710e+03 6.203880725203429758e-02 7.059246451015222590e+01
1.231109290513220685e+03 6.219631834935587106e-02 7.046755536587063773e+01
1.228934066635972158e+03 6.235382944667744454e-02 7.034304756612907283e+01
1.226765522613021631e+03 6.251134054399902495e-02 7.021892211505971204e+01
1.224603333383099880e+03 6.266885164132059149e-02 7.009516040645667090e+01
1.222447180570027967e+03 6.282636273864215803e-02 6.997174421676233180e+01
1.220296752363120504e+03 6.298387383596373845e-02 6.984865569822194686e+01
1.218151743400488840e+03 6.314138493328530499e-02 6.972587737220389670e+01
1.216011854655050229e+03 6.329889603060687153e-02 6.960339212267484754e+01
1.213876793323292986e+03 6.345640712792845195e-02 6.948118318983316044e+01
1.211746272716590056e+03 6.361391822525001849e-02 6.935923416388733642e+01
1.209620012155073709e+03 6.377142932257158503e-02 6.923752897898172876e+01
1.207497736863947011e+03 6.392894041989316545e-02 6.911605190726149317e+01
1.205379177872193850e+03 6.408645151721473199e-02 6.899478755307487177e+01
1.203264071025781504e+03 6.424396261453631241e-02 6.887372079648972090e+01
1.201152126502662213e+03 6.440147371185787895e-02 6.875283504836050952e+01
1.199043021918753539e+03 6.455898480917944549e-02 6.863211185572087913e+01
1.196936439416187113e+03 6.471649590650102590e-02 6.851153302468108564e+01
1.194832068017564325e+03 6.487400700382259244e-02 6.839108075518274177e+01
1.192729603512514814e+03 6.503151810114417286e-02 6.827073763450607657e+01
1.190628748346917291e+03 6.518902919846573940e-02 6.815048663092890990e+01
1.188529211514678991e+03 6.534654029578730594e-02 6.803031108753198453e+01
1.186430708451995997e+03 6.550405139310888636e-02 6.791019471614673364e+01
1.184332960934049197e+03 6.566156249043045290e-02 6.779012159144238581e+01
1.182235696973988979e+03 6.581907358775203332e-02 6.767007614514346869e+01
1.180138650724234822e+03 6.597658468507359986e-02 6.755004316038079537e+01
1.178041562379896050e+03 6.613409578239516640e-02 6.743000776616310077e+01
1.175944178084393798e+03 6.629160687971674681e-02 6.730995543197495579e+01
1.173846249837077039e+03 6.644911797703831335e-02 6.718987196248886562e+01
1.171747535402841095e+03 6.660662907435987989e-02 6.706974349239175126e+01
1.169647798223713835e+03 6.676414017168146031e-02 6.694955648132450676e+01
1.167546807332270419e+03 6.692165126900302685e-02 6.682929770892562260e+01
1.165444337266872253e+03 6.707916236632460727e-02 6.670895426997977040e+01
1.163340167988684470e+03 6.723667346364617381e-02 6.658851356966789581e+01
1.161234084800364599e+03 6.739418456096774035e-02 6.646796331891299303e+01
1.159125877274673712e+03 6.755169565828932077e-02 6.634729147305486663e+01
1.157015322502179515e+03 6.770920675561088731e-02 6.622648527296398413e+01
1.154902187870810849e+03 6.786671785293246772e-02 6.610553140414100426e+01
1.152786246015765300e+03 6.802422895025403426e-02 6.598441685243520283e+01
1.150667275244770963e+03 6.818174004757560080e-02 6.586312892838623156e+01
1.148545059456459740e+03 6.833925114489718122e-02 6.574165526255208647e+01
1.146419388060291567e+03 6.849676224221874776e-02 6.561998380092519767e+01
1.144290055898085484e+03 6.865427333954032818e-02 6.549810280044150090e+01
1.142156863167080701e+03 6.881178443686189472e-02 6.537600082457589679e+01
1.140019615344444674e+03 6.896929553418346126e-02 6.525366673902172465e+01
1.137878123113240235e+03 6.912680663150504168e-02 6.513108970745282988e+01
1.135732202289746738e+03 6.928431772882660822e-02 6.500825918736370568e+01
1.133581673752140432e+03 6.944182882614817476e-02 6.488516492598704133e+01
1.131426363370447007e+03 6.959933992346975518e-02 6.476179695628445643e+01
1.129266101937780149e+03 6.975685102079132172e-02 6.463814559301050622e+01
1.127100725102777460e+03 6.991436211811290213e-02 6.451420142884541065e+01
1.124930073303219160e+03 7.007187321543446867e-02 6.438995533059555498e+01
1.122753991700770257e+03 7.022938431275603521e-02 6.426539843545806718e+01
1.120572330116869580e+03 7.038689541007761563e-02 6.414052214735126256e+01
1.118384942969659278e+03 7.054440650739918217e-02 6.401531813330441878e+01
1.116191689211938865e+03 7.070191760472076259e-02 6.388977831990640510e+01
1.113992432270162453e+03 7.085942870204232913e-02 6.376389488981403986e+01
1.111787040442031412e+03 7.101693979936389567e-02 6.363766030450968714e+01
1.109575392484886606e+03 7.117445089668547609e-02 6.351106762417587248e+01
1.107357375664490974e+03 7.133196199400704263e-02 6.338411039600929087e+01
1.105132881349329182e+03 7.148947309132862304e-02 6.325678240204268832e+01
1.102901804860926404e+03 7.164698418865018958e-02 6.312907765057706655e+01
1.100664045420831144e+03 7.180449528597175612e-02 6.300099037314726047e+01
1.098419506098338616e+03 7.196200638329333654e-02 6.287251502152944482e+01
1.096168093758984924e+03 7.211951748061490308e-02 6.274364626479325580e+01
1.093909719013712674e+03 7.227702857793646962e-02 6.261437898639184851e+01
1.091644296168755091e+03 7.243453967525805004e-02 6.248470828129332233e+01
1.089371743176171549e+03 7.259205077257961658e-02 6.235462945314962724e+01
1.087091981585044323e+03 7.274956186990119700e-02 6.222413801150294432e+01
1.084804936493314017e+03 7.290707296722276354e-02 6.209322966902864493e+01
1.082510536500200260e+03 7.306458406454433008e-02 6.196190033881234172e+01
1.080208713659254954e+03 7.322209516186591050e-02 6.183014613166218254e+01
1.077899403431973724e+03 7.337960625918747704e-02 6.169796335345402838e+01
1.075582544641983077e+03 7.353711735650905745e-02 6.156534850250895374e+01
1.073258079429755753e+03 7.369462845383062399e-02 6.143229826700110152e+01
1.070925953207884504e+03 7.385213955115219053e-02 6.129880952239791014e+01
1.068586114616856321e+03 7.400965064847377095e-02 6.116487932892846402e+01
1.066238515481332797e+03 7.416716174579533749e-02 6.103050492908097624e+01
1.063883110766923892e+03 7.432467284311691791e-02 6.089568374512870719e+01
1.061519858537452365e+03 7.448218394043848445e-02 6.076041337668366538e+01
1.059148721702955072e+03 7.463969503776005099e-02 6.062469170075080172e+01
1.056769695373042623e+03 7.479720613508163141e-02 6.048851843740868617e+01
1.054382800725038351e+03 7.495471723240319795e-02 6.035189479882770769e+01
1.051988061383966851e+03 7.511222832972476449e-02 6.021482213728243238e+01
1.049585502685515848e+03 7.526973942704634490e-02 6.007730190296412331e+01
1.047175151647911889e+03 7.542725052436791144e-02 5.993933564237099176e+01
1.044757036944141873e+03 7.558476162168949186e-02 5.980092499671834361e+01
1.042331188874327836e+03 7.574227271901105840e-02 5.966207170035702489e+01
1.039897639338435056e+03 7.589978381633262494e-02 5.952277757921149970e+01
1.037456421809161156e+03 7.605729491365420536e-02 5.938304454922798215e+01
1.035007571305103511e+03 7.621480601097577190e-02 5.924287461483859829e+01
1.032551124364143334e+03 7.637231710829735232e-02 5.910226986743778355e+01
1.030087119017080795e+03 7.652982820561891886e-02 5.896123248387326043e+01
1.027615594761484317e+03 7.668733930294048540e-02 5.881976472494933716e+01
1.025136592535781119e+03 7.684485040026206581e-02 5.867786893394362124e+01
1.022650154693565582e+03 7.700236149758363235e-02 5.853554753513662945e+01
1.020156324978139082e+03 7.715987259490521277e-02 5.839280303235441494e+01
1.017655148497250707e+03 7.731738369222677931e-02 5.824963800752276910e+01
1.015146671698084901e+03 7.747489478954834585e-02 5.810605511923546374e+01
1.012630942342438971e+03 7.763240588686992627e-02 5.796205710133354927e+01
1.010108009482119769e+03 7.778991698419149281e-02 5.781764676149704485e+01
1.007577923434553441e+03 7.794742808151305935e-02 5.767282697984876449e+01
1.005040735758613437e+03 7.810493917883463977e-02 5.752760070757086197e+01
1.002496499230628615e+03 7.826245027615620631e-02 5.738197096553155063e+01
9.999452684591843763e+02 7.841996137347778673e-02 5.723594087947564191e+01
9.973871339987545070e+02 7.857747247079935327e-02 5.708951563265736695e+01
9.948222385743010818e+02 7.873498356812091981e-02 5.694270339452130258e+01
9.922507283268082574e+02 7.889249466544250022e-02 5.679551253004202493e+01
9.896727484876842027e+02 7.905000576276406676e-02 5.664795135213082489e+01
9.870884433766727852e+02 7.920751686008564718e-02 5.650002812151610954e+01
9.844979563998738286e+02 7.936502795740721372e-02 5.635175104663022694e+01
9.819014300479221902e+02 7.952253905472878026e-02 5.620312828350508738e+01
9.792990058942516498e+02 7.968005015205036068e-02 5.605416793567292189e+01
9.766908245935227342e+02 7.983756124937192722e-02 5.590487805407620669e+01
9.740770258801367163e+02 7.999507234669350764e-02 5.575526663698260421e+01
9.714577485668913823e+02 8.015258344401507418e-02 5.560534162990811069e+01
9.688331305437452556e+02 8.031009454133664072e-02 5.545511092554618671e+01
9.662033087767072175e+02 8.046760563865822113e-02 5.530458236370430569e+01
9.635684193068168497e+02 8.062511673597978767e-02 5.515376373124557574e+01
9.609285972492741621e+02 8.078262783330135421e-02 5.500266276203887372e+01
9.582839767926523109e+02 8.094013893062293463e-02 5.485128713691380398e+01
9.556346911982286656e+02 8.109765002794450117e-02 5.469964448362246401e+01
9.529808727994211495e+02 8.125516112526608159e-02 5.454774237680708637e+01
9.503226530013394040e+02 8.141267222258764813e-02 5.439558833797440940e+01
9.476601622804342924e+02 8.157018331990921467e-02 5.424318983547568251e+01
9.449935301842517674e+02 8.172769441723079509e-02 5.409055428449237723e+01
9.423228853312746196e+02 8.188520551455236163e-02 5.393768904702732669e+01
9.396483554109066745e+02 8.204271661187394205e-02 5.378460143190370246e+01
9.369700671834906416e+02 8.220022770919550859e-02 5.363129869476610878e+01
9.342881464804924008e+02 8.235773880651707513e-02 5.347778803809109149e+01
9.316027307300910252e+02 8.251524990383865554e-02 5.332407732814030510e+01
9.289140288988036218e+02 8.267276100116022208e-02 5.317017852596362815e+01
9.262222732625457411e+02 8.283027209848178862e-02 5.301610492681929543e+01
9.235276926701528737e+02 8.298778319580336904e-02 5.286186962980266912e+01
9.208305125360990360e+02 8.314529429312493558e-02 5.270748553742942022e+01
9.181309548702188295e+02 8.330280539044651600e-02 5.255296535733680940e+01
9.154292383075472799e+02 8.346031648776808254e-02 5.239832160399173944e+01
9.127255781382505120e+02 8.361782758508964908e-02 5.224356660040388789e+01
9.100201863376738629e+02 8.377533868241122950e-02 5.208871247984563979e+01
9.073132715964704857e+02 8.393284977973279604e-02 5.193377118757668853e+01
9.046050393507817944e+02 8.409036087705437645e-02 5.177875448257145052e+01
9.018956918125029460e+02 8.424787197437594299e-02 5.162367393925147496e+01
8.991854279995797015e+02 8.440538307169750953e-02 5.146854094921962997e+01
8.964744437663354120e+02 8.456289416901908995e-02 5.131336672299598689e+01
8.937629318338562143e+02 8.472040526634065649e-02 5.115816229175696606e+01
8.910510818203487133e+02 8.487791636366223691e-02 5.100293850907302584e+01
8.883390802715491645e+02 8.503542746098380345e-02 5.084770605264936449e+01
8.856271106910855906e+02 8.519293855830536999e-02 5.069247542606364476e+01
8.829153535708667278e+02 8.535044965562695041e-02 5.053725696050552330e+01
8.802039864214223144e+02 8.550796075294851695e-02 5.038206081651326684e+01
8.774931838022131387e+02 8.566547185027008349e-02 5.022689698570874839e+01
8.747831173519305139e+02 8.582298294759166390e-02 5.007177529253164749e+01
8.720739558187173088e+02 8.598049404491323044e-02 4.991670539596931633e+01
8.693658650903423677e+02 8.613800514223481086e-02 4.976169679128404510e+01
8.666590082243250208e+02 8.629551623955637740e-02 4.960675881173712298e+01
8.639535454779680776e+02 8.645302733687794394e-02 4.945190063030811700e+01
8.612496343564062045e+02 8.661053843419952436e-02 4.929713126244506327e+01
8.585474538061068870e+02 8.676804953152109090e-02 4.914246095087799659e+01
8.558472510407482332e+02 8.692556062884267132e-02 4.898790384588883029e+01
8.531492815288027032e+02 8.708307172616423786e-02 4.883347457025628557e+01
8.504537955727851113e+02 8.724058282348580440e-02 4.867918745106445755e+01
8.477610383727236467e+02 8.739809392080738482e-02 4.852505652333578468e+01
8.450712500895941730e+02 8.755560501812895136e-02 4.837109553366210690e+01
8.423846659086274258e+02 8.771311611545053177e-02 4.821731794382810676e+01
8.397015161025123007e+02 8.787062721277209831e-02 4.806373693442924377e+01
8.370220260944496431e+02 8.802813831009366485e-02 4.791036540848070047e+01
8.343464165210391457e+02 8.818564940741524527e-02 4.775721599501704162e+01
8.316749032949977618e+02 8.834316050473681181e-02 4.760430105268218881e+01
8.290076976676355116e+02 8.850067160205837835e-02 4.745163267330545409e+01
8.263450062911480245e+02 8.865818269937995877e-02 4.729922268546705766e+01
8.236870312806277070e+02 8.881569379670152531e-02 4.714708265804766540e+01
8.210339702758318481e+02 8.897320489402310573e-02 4.699522390376391456e+01
8.183860165026603681e+02 8.913071599134467227e-02 4.684365748268731267e+01
8.157433588343421889e+02 8.928822708866623881e-02 4.669239420574654531e+01
8.131061818523094189e+02 8.944573818598781922e-02 4.654144463821177879e+01
8.104746659067300243e+02 8.960324928330938576e-02 4.639081910315959334e+01
8.078489871767239947e+02 8.976076038063096618e-02 4.624052768491958432e+01
8.052293177302019558e+02 8.991827147795253272e-02 4.609058023249956904e+01
8.026158255833333897e+02 9.007578257527409926e-02 4.594098636298945593e+01
8.000086747596640180e+02 9.023329367259567968e-02 4.579175546494504090e+01
7.974080253487973096e+02 9.039080476991724622e-02 4.564289670174695601e+01
7.948140335647098027e+02 9.054831586723882664e-02 4.549441901493850082e+01
7.922268518036293017e+02 9.070582696456039318e-02 4.534633112753859052e+01
7.896466287014991394e+02 9.086333806188195972e-02 4.519864154733093642e+01
7.870735091910038363e+02 9.102084915920354014e-02 4.505135857012810874e+01
7.845076461626680384e+02 9.117836025652510668e-02 4.490449094724214518e+01
7.819492417470486316e+02 9.133587135384667322e-02 4.475805024843889157e+01
7.793985082125512918e+02 9.149338245116825363e-02 4.461204862376522584e+01
7.768556525124422478e+02 9.165089354848982017e-02 4.446649791903440985e+01
7.743208763677565685e+02 9.180840464581140059e-02 4.432140968057164088e+01
7.717943763510446615e+02 9.196591574313296713e-02 4.417679516000757900e+01
7.692763439695806937e+02 9.212342684045453367e-02 4.403266531904121450e+01
7.667669657479532361e+02 9.228093793777611409e-02 4.388903083416723661e+01
7.642664233101181708e+02 9.243844903509768063e-02 4.374590210137260016e+01
7.617748934607832325e+02 9.259596013241926105e-02 4.360328924079504276e+01
7.592925482662036529e+02 9.275347122974082759e-02 4.346120210134754558e+01
7.568195551342978433e+02 9.291098232706239413e-02 4.331965026530435381e+01
7.543560768941274546e+02 9.306849342438397454e-02 4.317864305285007021e+01
7.519022718746988403e+02 9.322600452170554108e-02 4.303818952659039354e+01
7.494582939830547730e+02 9.338351561902712150e-02 4.289829849602185874e+01
7.470242927816955216e+02 9.354102671634868804e-02 4.275897852196344928e+01
7.446004135652678997e+02 9.369853781367025458e-02 4.262023792094612418e+01
7.421867974365416103e+02 9.385604891099183500e-02 4.248208476956176582e+01
7.397835813816462860e+02 9.401356000831340154e-02 4.234452690876950243e+01
7.373908983445815011e+02 9.417107110563496808e-02 4.220757194816071944e+01
7.350088773009524630e+02 9.432858220295654850e-02 4.207122727017957686e+01
7.326376433309874301e+02 9.448609330027811504e-02 4.193550003430253525e+01
7.302773176917596629e+02 9.464360439759969545e-02 4.180039718117203051e+01
7.279280178886481281e+02 9.480111549492126199e-02 4.166592543668721760e+01
7.255898577460361594e+02 9.495862659224282853e-02 4.153209131605029825e+01
7.232629474772172671e+02 9.511613768956440895e-02 4.139890112776812714e+01
7.209473937535300365e+02 9.527364878688597549e-02 4.126636097760925992e+01
7.186432997726928988e+02 9.543115988420755591e-02 4.113447677251554779e+01
7.163507653263656039e+02 9.558867098152912245e-02 4.100325422446917401e+01
7.140698870952162451e+02 9.574618207885068899e-02 4.087269886738195623e+01
7.118007693703004861e+02 9.590369317617226941e-02 4.074281667077737268e+01
7.095435283674084985e+02 9.606120427349383595e-02 4.061361428673958329e+01
7.072982777333857030e+02 9.621871537081541637e-02 4.048509822030868577e+01
7.050651274290624997e+02 9.637622646813698291e-02 4.035727476554081505e+01
7.028441838034673310e+02 9.653373756545854945e-02 4.023015000975586020e+01
7.006355496671933452e+02 9.669124866278012986e-02 4.010372983773687139e+01
6.984393243648714815e+02 9.684875976010169640e-02 3.997801993587854952e+01
6.962556038467794224e+02 9.700627085742326294e-02 3.985302579628589825e+01
6.940844807395581029e+02 9.716378195474484336e-02 3.972875272082200127e+01
6.919260444160643146e+02 9.732129305206640990e-02 3.960520582510642384e+01
6.897803810643280258e+02 9.747880414938799032e-02 3.948239004246215700e+01
6.876475737556430659e+02 9.763631524670955686e-02 3.936031012781313621e+01
6.855277025117653693e+02 9.779382634403112340e-02 3.923897066153048740e+01
6.834208443712470853e+02 9.795133744135270382e-02 3.911837605322963896e+01
6.813270734548804057e+02 9.810884853867427036e-02 3.899853054551602582e+01
6.792464610302714618e+02 9.826635963599585077e-02 3.887943821768140396e+01
6.771790755755574764e+02 9.842387073331741731e-02 3.876110298935090270e+01
6.751249828422141945e+02 9.858138183063898385e-02 3.864352862407812239e+01
6.730842459170520442e+02 9.873889292796056427e-02 3.852671873289366289e+01
6.710569252832976872e+02 9.889640402528213081e-02 3.841067677780134915e+01
6.690430788808505440e+02 9.905391512260371123e-02 3.829540607522737616e+01
6.670427621656767769e+02 9.921142621992527777e-02 3.818090979941987939e+01
6.650560281683366384e+02 9.936893731724684431e-02 3.806719098579898741e+01
6.630829275516922507e+02 9.952644841456842473e-02 3.795425253426001433e+01
6.611235086677583013e+02 9.968395951188999127e-02 3.784209721242744706e+01
6.591778176137207765e+02 9.984147060921155781e-02 3.773072765886156787e+01
6.572458982871282842e+02 9.999898170653313823e-02 3.762014638621737816e+01
6.553277924402659664e+02 1.001564928038547048e-01 3.751035578435697460e+01
6.534235397336980213e+02 1.003140039011762852e-01 3.740135812341434018e+01
6.515331777890112335e+02 1.004715149984978517e-01 3.729315555681424854e+01
6.496567421376399807e+02 1.006290260958194183e-01 3.718575011834308697e+01
6.477942555441940158e+02 1.007865371931409987e-01 3.707914311102602767e+01
6.459457189797927867e+02 1.009440482904625652e-01 3.697333459044902781e+01
6.441111300235107819e+02 1.011015593877841456e-01 3.686832441804060068e+01
6.422904851377070372e+02 1.012590704851057122e-01 3.676411239130941766e+01
6.404837797018325318e+02 1.014165815824272787e-01 3.666069824577957803e+01
6.386910080456644891e+02 1.015740926797488591e-01 3.655808165689268918e+01
6.369121634819540532e+02 1.017316037770704257e-01 3.645626224187692799e+01
6.351472383384701743e+02 1.018891148743920061e-01 3.635523956158083081e+01
6.333962239894925688e+02 1.020466259717135726e-01 3.625501312227620332e+01
6.316591108867344246e+02 1.022041370690351392e-01 3.615558237742789061e+01
6.299358885897005393e+02 1.023616481663567196e-01 3.605694672943166523e+01
6.282265457955127204e+02 1.025191592636782861e-01 3.595910553132125642e+01
6.265310703681686846e+02 1.026766703609998527e-01 3.586205808844310639e+01
6.248494493672956196e+02 1.028341814583214331e-01 3.576580366010226442e+01
6.231816690763617999e+02 1.029916925556429996e-01 3.567034146117718052e+01
6.215277150303642202e+02 1.031492036529645800e-01 3.557567066370449282e+01
6.198875720430258980e+02 1.033067147502861466e-01 3.548179039843574145e+01
6.182612242334691928e+02 1.034642258476077131e-01 3.538869975636421117e+01
6.166486550524105041e+02 1.036217369449292935e-01 3.529639779022425472e+01
6.150498473078581583e+02 1.037792480422508601e-01 3.520488351596217313e+01
6.134647831903237147e+02 1.039367591395724405e-01 3.511415591417931381e+01
6.118934442975821639e+02 1.040942702368940070e-01 3.502421393154948248e+01
6.103358116589405427e+02 1.042517813342155736e-01 3.493505648220767057e+01
6.087918657590679459e+02 1.044092924315371540e-01 3.484668244911443225e+01
6.072615865613572623e+02 1.045668035288587205e-01 3.475909068539297664e+01
6.057449535308671784e+02 1.047243146261803010e-01 3.467228001564228634e+01
6.042419456568036367e+02 1.048818257235018675e-01 3.458624923722393163e+01
6.027525414745756507e+02 1.050393368208234340e-01 3.450099712152463383e+01
6.012767190874424159e+02 1.051968479181450145e-01 3.441652241519523869e+01
5.998144561877365959e+02 1.053543590154665810e-01 3.433282384136552423e+01
5.983657300776715147e+02 1.055118701127881475e-01 3.424990010083519110e+01
5.969305176897539695e+02 1.056693812101097280e-01 3.416774987324232171e+01
5.955087931526572902e+02 1.058268923074312945e-01 3.408637167773613896e+01
5.941004890169627970e+02 1.059844034047528749e-01 3.400576165357436764e+01
5.927055040774008603e+02 1.061419145020744415e-01 3.392591400786116651e+01
5.913237372004642793e+02 1.062994255993960080e-01 3.384682295180825662e+01
5.899550883710606968e+02 1.064569366967175884e-01 3.376848276064434629e+01
5.885994586796042540e+02 1.066144477940391549e-01 3.369088777287645797e+01
5.872567503092780044e+02 1.067719588913607354e-01 3.361403238956054906e+01
5.859268665234397986e+02 1.069294699886823019e-01 3.353791107358081547e+01
5.846097116532363316e+02 1.070869810860038684e-01 3.346251834894075472e+01
5.833051910853482696e+02 1.072444921833254489e-01 3.338784880006159028e+01
5.820132112499073855e+02 1.074020032806470154e-01 3.331389707109075005e+01
5.807336796085816104e+02 1.075595143779685958e-01 3.324065786521982346e+01
5.794665046428104915e+02 1.077170254752901624e-01 3.316812594401119441e+01
5.782115958421927644e+02 1.078745365726117289e-01 3.309629612673331422e+01
5.769688636930328585e+02 1.080320476699333093e-01 3.302516328970521187e+01
5.757382196670400845e+02 1.081895587672548759e-01 3.295472236564950208e+01
5.745195762101723176e+02 1.083470698645764424e-01 3.288496834305391303e+01
5.733128467316238357e+02 1.085045809618980228e-01 3.281589626554097805e+01
5.721179455929652704e+02 1.086620920592195894e-01 3.274750123124627521e+01
5.709347880974204372e+02 1.088196031565411698e-01 3.267977839220484526e+01
5.697632904792902764e+02 1.089771142538627363e-01 3.261272295374561736e+01
5.686033698935042366e+02 1.091346253511843029e-01 3.254633017389354421e+01
5.674549444053246816e+02 1.092921364485058833e-01 3.248059536278011450e+01
5.663179329801650965e+02 1.094496475458274498e-01 3.241551388206068651e+01
5.651922554735638187e+02 1.096071586431490302e-01 3.235108114434048332e+01
5.640778326212713409e+02 1.097646697404705968e-01 3.228729261260730254e+01
5.629745860294798376e+02 1.099221808377921633e-01 3.222414379967220555e+01
5.618824381651610338e+02 1.100796919351137437e-01 3.216163026761648069e+01
5.608013123465593708e+02 1.102372030324353103e-01 3.209974762724745290e+01
5.597311327337820330e+02 1.103947141297568907e-01 3.203849153755995616e+01
5.586718243195189189e+02 1.105522252270784572e-01 3.197785770520497195e+01
5.576233129198972165e+02 1.107097363244000238e-01 3.191784188396639976e+01
5.565855251654332960e+02 1.108672474217216042e-01 3.185843987424295420e+01
5.555583884921104527e+02 1.110247585190431707e-01 3.179964752253749793e+01
5.545418310099868222e+02 1.111822696163647373e-01 3.174146071393640867e+01
5.535357563254115121e+02 1.113397807136863177e-01 3.168387393095635218e+01
5.525400132977210887e+02 1.114972918110078842e-01 3.162687852244577513e+01
5.515544453251176265e+02 1.116548029083294646e-01 3.157046552466285405e+01
5.505788979191512453e+02 1.118123140056510312e-01 3.151462609483181154e+01
5.496132186681157918e+02 1.119698251029725977e-01 3.145935150904773536e+01
5.486572572012001956e+02 1.121273362002941781e-01 3.140463316022476903e+01
5.477108651533891361e+02 1.122848472976157447e-01 3.135046255608682486e+01
5.467738961311057437e+02 1.124423583949373251e-01 3.129683131720115341e+01
5.458462056785617733e+02 1.125998694922588916e-01 3.124373117505229658e+01
5.449276512448070662e+02 1.127573805895804582e-01 3.119115397015592350e+01
5.440180921514788679e+02 1.129148916869020386e-01 3.113909165021279435e+01
5.431173895611897251e+02 1.130724027842236051e-01 3.108753626829952665e+01
5.422254064466040973e+02 1.132299138815451855e-01 3.103647998109834560e+01
5.413420075601221697e+02 1.133874249788667521e-01 3.098591504716193512e+01
5.404670594042181619e+02 1.135449360761883186e-01 3.093583382521556047e+01
5.396004302023543460e+02 1.137024471735098990e-01 3.088622877249228083e+01
5.387419898705293235e+02 1.138599582708314656e-01 3.083709244310437469e+01
5.378916099893765477e+02 1.140174693681530321e-01 3.078841748644623522e+01
5.370491637768565170e+02 1.141749804654746125e-01 3.074019664563138932e+01
5.362145260614970539e+02 1.143324915627961791e-01 3.069242275596069192e+01
5.353875732561765517e+02 1.144900026601177595e-01 3.064508874342182310e+01
5.345681833324490526e+02 1.146475137574393260e-01 3.059818762321953756e+01
5.337562357953805758e+02 1.148050248547608926e-01 3.055171249833545488e+01
5.329516116589102239e+02 1.149625359520824730e-01 3.050565655811766419e+01
5.321541934216880918e+02 1.151200470494040395e-01 3.046001307689775928e+01
5.313638650434243118e+02 1.152775581467256200e-01 3.041477541263701667e+01
5.305805119217021684e+02 1.154350692440471865e-01 3.036993700559924747e+01
5.298040208692607393e+02 1.155925803413687530e-01 3.032549137705055031e+01
5.290342800917330806e+02 1.157500914386903335e-01 3.028143212798485706e+01
5.282711791658321090e+02 1.159076025360119000e-01 3.023775293787554119e+01
5.275146090179796374e+02 1.160651136333334804e-01 3.019444756345201952e+01
5.267644619033488880e+02 1.162226247306550470e-01 3.015150983750020686e+01
5.260206313853403799e+02 1.163801358279766135e-01 3.010893366768775081e+01
5.252830123154592457e+02 1.165376469252981939e-01 3.006671303541220652e+01
5.245515008135874950e+02 1.166951580226197605e-01 3.002484199467185277e+01
5.238259942445077968e+02 1.168526691199413270e-01 2.998331467072189227e+01
5.231063786671294338e+02 1.170101802172629074e-01 2.994212454167988469e+01
5.223925014771584756e+02 1.171676913145844739e-01 2.990126287261739435e+01
5.216842039902049919e+02 1.173252024119060544e-01 2.986072058058692846e+01
5.209813294988242660e+02 1.174827135092276209e-01 2.982048869579953632e+01
5.202837232419905149e+02 1.176402246065491874e-01 2.978055835987742128e+01
5.195912323753369719e+02 1.177977357038707679e-01 2.974092082415065974e+01
5.189037059421355025e+02 1.179552468011923344e-01 2.970156744799596282e+01
5.182209948450009733e+02 1.181127578985139148e-01 2.966248969721708661e+01
5.175429518183126447e+02 1.182702689958354814e-01 2.962367914246635436e+01
5.168694314013106350e+02 1.184277800931570479e-01 2.958512745770460128e+01
5.162002899118800769e+02 1.185852911904786283e-01 2.954682641870066817e+01
5.155353854209873816e+02 1.187428022878001949e-01 2.950876790156815588e+01
5.148745777277550815e+02 1.189003133851217753e-01 2.947094388133869458e+01
5.142177283351622918e+02 1.190578244824433418e-01 2.943334643057113809e+01
5.135647004263645385e+02 1.192153355797649084e-01 2.939596771799600106e+01
5.129153588415930471e+02 1.193728466770864888e-01 2.935880000719333793e+01
5.122695700556530483e+02 1.195303577744080553e-01 2.932183565530472080e+01
5.116272021559758514e+02 1.196878688717296219e-01 2.928506711177689681e+01
5.109881248212227547e+02 1.198453799690512023e-01 2.924848691713713222e+01
5.103522093004405065e+02 1.200028910663727688e-01 2.921208770180015790e+01
5.097193283927310858e+02 1.201604021636943492e-01 2.917586218490438554e+01
5.090893564274392702e+02 1.203179132610159158e-01 2.913980317317795254e+01
5.084621692448411636e+02 1.204754243583374823e-01 2.910390355983324540e+01
5.078376441773258989e+02 1.206329354556590627e-01 2.906815632348988387e+01
5.072156600310359522e+02 1.207904465529806293e-01 2.903255452712368267e+01
5.065960970679974480e+02 1.209479576503022097e-01 2.899709131704395659e+01
5.059788369886844066e+02 1.211054687476237762e-01 2.896175992189544957e+01
5.053637629150370572e+02 1.212629798449453428e-01 2.892655365168623760e+01
5.047507593738966989e+02 1.214204909422669232e-01 2.889146589683975108e+01
5.041397122808828613e+02 1.215780020395884897e-01 2.885649012727166607e+01
5.035305089246558055e+02 1.217355131369100563e-01 2.882161989148935888e+01
5.029230379516059770e+02 1.218930242342316367e-01 2.878684881571530596e+01
5.023171893509039023e+02 1.220505353315532032e-01 2.875217060303162597e+01
5.017128544399551515e+02 1.222080464288747836e-01 2.871757903254719224e+01
5.011099258502136991e+02 1.223655575261963502e-01 2.868306795858594782e+01
5.005082975133601622e+02 1.225230686235179167e-01 2.864863130989553852e+01
4.999078646478278074e+02 1.226805797208394971e-01 2.861426308887614667e+01
4.993085237437450701e+02 1.228380908181610637e-01 2.857995737071860276e+01
4.987101697680448638e+02 1.229956019154826441e-01 2.854570814342746132e+01
4.981126906527892970e+02 1.231531130128042106e-01 2.851150899233772407e+01
4.975159741573061183e+02 1.233106241101257772e-01 2.847735349289732198e+01
4.969199094211894021e+02 1.234681352074473576e-01 2.844323529955931207e+01
4.963243869513669324e+02 1.236256463047689241e-01 2.840914814504166230e+01
4.957292986095091010e+02 1.237831574020905046e-01 2.837508583960657305e+01
4.951345375998078566e+02 1.239406684994120711e-01 2.834104227036089085e+01
4.945399984570753986e+02 1.240981795967336376e-01 2.830701140057499643e+01
4.939455770351815431e+02 1.242556906940552180e-01 2.827298726902083814e+01
4.933511704958090149e+02 1.244132017913767846e-01 2.823896398932840768e+01
4.927566772975172853e+02 1.245707128886983511e-01 2.820493574935972347e+01
4.921619971851170590e+02 1.247282239860199315e-01 2.817089681060062389e+01
4.915670311793306269e+02 1.248857350833414981e-01 2.813684150756893843e+01
4.909716815667492256e+02 1.250432461806630924e-01 2.810276424723964439e+01
4.903758518900521608e+02 1.252007572779846589e-01 2.806865950848506941e+01
4.897794469385216303e+02 1.253582683753062255e-01 2.803452184153192306e+01
4.891823727387922531e+02 1.255157794726277920e-01 2.800034586743183240e+01
4.885845365458765173e+02 1.256732905699493585e-01 2.796612627754760538e+01
4.879858468344278890e+02 1.258308016672709251e-01 2.793185783305321834e+01
4.873862132902546023e+02 1.259883127645924916e-01 2.789753536444797888e+01
4.867855468020508170e+02 1.261458238619140859e-01 2.786315377108328661e+01
4.861837594533718629e+02 1.263033349592356525e-01 2.782870802070328153e+01
4.855807645148170764e+02 1.264608460565572190e-01 2.779419314899743298e+01
4.849764764364324492e+02 1.266183571538787855e-01 2.775960425916559871e+01
4.843708108403178016e+02 1.267758682512003521e-01 2.772493652149495702e+01
4.837636845134316559e+02 1.269333793485219464e-01 2.769018517294807680e+01
4.831550154005975060e+02 1.270908904458435129e-01 2.765534551676266872e+01
4.825447225976882351e+02 1.272484015431650795e-01 2.762041292206145116e+01
4.819327263449947623e+02 1.274059126404866460e-01 2.758538282347256043e+01
4.813189480207847168e+02 1.275634237378082125e-01 2.755025072076086090e+01
4.807033101350056086e+02 1.277209348351298068e-01 2.751501217846752212e+01
4.800857363231718296e+02 1.278784459324513734e-01 2.747966282556013695e+01
4.794661513404072366e+02 1.280359570297729399e-01 2.744419835509170014e+01
4.788444810556333664e+02 1.281934681270945064e-01 2.740861452386794639e+01
4.782206524459103889e+02 1.283509792244160730e-01 2.737290715212344594e+01
4.775945935909296622e+02 1.285084903217376673e-01 2.733707212320634028e+01
4.769662336676240670e+02 1.286660014190592338e-01 2.730110538326990266e+01
4.763355029449280664e+02 1.288235125163808004e-01 2.726500294097251142e+01
4.757023327786571372e+02 1.289810236137023669e-01 2.722876086718462574e+01
4.750666556346520224e+02 1.291385347110239334e-01 2.719237529631357830e+01
4.744284133616351369e+02 1.292960458083455277e-01 2.715584289983402755e+01
4.737875685642266035e+02 1.294535569056670943e-01 2.711916153726916079e+01
4.731440874425812240e+02 1.296110680029886608e-01 2.708232927394708156e+01
4.724979368672887858e+02 1.297685791003102274e-01 2.704534421357106311e+01
4.718490843762029954e+02 1.299260901976317939e-01 2.700820449803791945e+01
4.711974981713075863e+02 1.300836012949533882e-01 2.697090830725865374e+01
4.705431471156127259e+02 1.302411123922749547e-01 2.693345385898081901e+01
4.698860007300729080e+02 1.303986234895965213e-01 2.689583940861206557e+01
4.692260291905396912e+02 1.305561345869180878e-01 2.685806324904578446e+01
4.685632033247310346e+02 1.307136456842396544e-01 2.682012371048757871e+01
4.678974946092276923e+02 1.308711567815612486e-01 2.678201916028333684e+01
4.672288751664972324e+02 1.310286678788828152e-01 2.674374800274891939e+01
4.665573177619237981e+02 1.311861789762043817e-01 2.670530867900016148e+01
4.658827958008762380e+02 1.313436900735259483e-01 2.666669966678501424e+01
4.652052833257802149e+02 1.315012011708475148e-01 2.662791948031594558e+01
4.645247550132084484e+02 1.316587122681690813e-01 2.658896667010345283e+01
4.638411861710001745e+02 1.318162233654906756e-01 2.654983982279113874e+01
4.631545527353761145e+02 1.319737344628122422e-01 2.651053756099054226e+01
4.624648312680814115e+02 1.321312455601338087e-01 2.647105854311768169e+01
4.617719989535275431e+02 1.322887566574553753e-01 2.643140146322939898e+01
4.610760335959632812e+02 1.324462677547769418e-01 2.639156505086145899e+01
4.603769136166391718e+02 1.326037788520985361e-01 2.635154807086622242e+01
4.596746180509879878e+02 1.327612899494201026e-01 2.631134932325131359e+01
4.589691265458161524e+02 1.329188010467416692e-01 2.627096764301873222e+01
4.582604193564898765e+02 1.330763121440632357e-01 2.623040190000396521e+01
4.575484773441482957e+02 1.332338232413848023e-01 2.618965099871635616e+01
4.568332819728993286e+02 1.333913343387063966e-01 2.614871387817859372e+01
4.561148153070340072e+02 1.335488454360279631e-01 2.610758951176731202e+01
4.553930600082375690e+02 1.337063565333495296e-01 2.606627690705344591e+01
4.546679993328078808e+02 1.338638676306710962e-01 2.602477510564298413e+01
4.539396171288726691e+02 1.340213787279926627e-01 2.598308318301771536e+01
4.532078978335998727e+02 1.341788898253142570e-01 2.594120024837555860e+01
4.524728264704295952e+02 1.343364009226358236e-01 2.589912544447210507e+01
4.517343886462744535e+02 1.344939120199573901e-01 2.585685794746035882e+01
4.509925705487450500e+02 1.346514231172789566e-01 2.581439696673193751e+01
4.502473589433584493e+02 1.348089342146005232e-01 2.577174174475731050e+01
4.494987411707520550e+02 1.349664453119221175e-01 2.572889155692628549e+01
4.487467051438828207e+02 1.351239564092436840e-01 2.568584571138770301e+01
4.479912393452341348e+02 1.352814675065652505e-01 2.564260354888959625e+01
4.472323328240025830e+02 1.354389786038868171e-01 2.559916444261812885e+01
4.464699751933006269e+02 1.355964897012083836e-01 2.555552779803745977e+01
4.457041567132081923e+02 1.357540007985299779e-01 2.551169305764359407e+01
4.449348841775723713e+02 1.359115118958515445e-01 2.546766061031005535e+01
4.441621992291297261e+02 1.360690229931731110e-01 2.542343283962850009e+01
4.433861478629399926e+02 1.362265340904946775e-01 2.537901237831351509e+01
4.426067758597187094e+02 1.363840451878162441e-01 2.533440184681091267e+01
4.418241287847374679e+02 1.365415562851378384e-01 2.528960385323457416e+01
4.410382519867357018e+02 1.366990673824594049e-01 2.524462099330436260e+01
4.402491905968824426e+02 1.368565784797809715e-01 2.519945585028657931e+01
4.394569895277629712e+02 1.370140895771025380e-01 2.515411099493599423e+01
4.386616934724086150e+02 1.371716006744241045e-01 2.510858898544033480e+01
4.378633469033576944e+02 1.373291117717456711e-01 2.506289236736648363e+01
4.370619940717437544e+02 1.374866228690672654e-01 2.501702367360834245e+01
4.362576790064251782e+02 1.376441339663888319e-01 2.497098542433698043e+01
4.354504455131466898e+02 1.378016450637103985e-01 2.492478012695264411e+01
4.346403371737235375e+02 1.379591561610319650e-01 2.487841027603805344e+01
4.338273973452752443e+02 1.381166672583535315e-01 2.483187835331458970e+01
4.330116691594738541e+02 1.382741783556751258e-01 2.478518682759919045e+01
4.321931955218321377e+02 1.384316894529966924e-01 2.473833815476367093e+01
4.313720191110236897e+02 1.385892005503182589e-01 2.469133477769577567e+01
4.305481823782260449e+02 1.387467116476398254e-01 2.464417912626156593e+01
4.297217275465052921e+02 1.389042227449613920e-01 2.459687361727024779e+01
4.288926966102183655e+02 1.390617338422829863e-01 2.454942065443989208e+01
4.280611313344523978e+02 1.392192449396045528e-01 2.450182262836542080e+01
4.272270732544924954e+02 1.393767560369261194e-01 2.445408191648806451e+01
4.263905636753156614e+02 1.395342671342476859e-01 2.440620088306645030e+01
4.255516436711125721e+02 1.396917782315692524e-01 2.435818187914920685e+01
4.247103540848423791e+02 1.398492893288908467e-01 2.431002724254946301e+01
4.238667355278064974e+02 1.400068004262124133e-01 2.426173929782051530e+01
4.230208283792607062e+02 1.401643115235339798e-01 2.421332035623353818e+01
4.221726727860423694e+02 1.403218226208555464e-01 2.416477271575633168e+01
4.213223086622326718e+02 1.404793337181771129e-01 2.411609866103391653e+01
4.204697756888418212e+02 1.406368448154987072e-01 2.406730046337056805e+01
4.196151133135209079e+02 1.407943559128202737e-01 2.401838038071330317e+01
4.187583607502988912e+02 1.409518670101418403e-01 2.396934065763676713e+01
4.178995569793368077e+02 1.411093781074634068e-01 2.392018352532932468e+01
4.170387407467281378e+02 1.412668892047849734e-01 2.387091120158144264e+01
4.161759505642992281e+02 1.414244003021065677e-01 2.382152589077439231e+01
4.153112247094468898e+02 1.415819113994281342e-01 2.377202978387091292e+01
4.144446012249987916e+02 1.417394224967497007e-01 2.372242505840722515e+01
4.135761179190962480e+02 1.418969335940712673e-01 2.367271387848630937e+01
4.127058123650918446e+02 1.420544446913928338e-01 2.362289839477204367e+01
4.118337219014885591e+02 1.422119557887144281e-01 2.357298074448577907e+01
4.109598836318837698e+02 1.423694668860359946e-01 2.352296305140304611e+01
4.100843344249383904e+02 1.425269779833575612e-01 2.347284742585183537e+01
4.092071109224208385e+02 1.426844890806791277e-01 2.342263596517304691e+01
4.083282612548188126e+02 1.428420001780006943e-01 2.337233142431119504e+01
4.074478682008522696e+02 1.429995112753222608e-01 2.332193854144355072e+01
4.065660201193485364e+02 1.431570223726438551e-01 2.327146237414750729e+01
4.056828043261312473e+02 1.433145334699654216e-01 2.322090792029995754e+01
4.047983070984203096e+02 1.434720445672869882e-01 2.317028011832901058e+01
4.039126136793810247e+02 1.436295556646085547e-01 2.311958384747452655e+01
4.030258082828203214e+02 1.437870667619301213e-01 2.306882392805677640e+01
4.021379740980128759e+02 1.439445778592517156e-01 2.301800512175278968e+01
4.012491932946676911e+02 1.441020889565732821e-01 2.296713213188058589e+01
4.003595470280233144e+02 1.442596000538948486e-01 2.291620960369086291e+01
3.994691154440544096e+02 1.444171111512164152e-01 2.286524212466494177e+01
3.985779776848193023e+02 1.445746222485379817e-01 2.281423422482093954e+01
3.976862118939060338e+02 1.447321333458595760e-01 2.276319037702544890e+01
3.967938952219943758e+02 1.448896444431811426e-01 2.271211499731191452e+01
3.959011038325302820e+02 1.450471555405027091e-01 2.266101244520542934e+01
3.950079129074941875e+02 1.452046666378242756e-01 2.260988702405289530e+01
3.941143966532785612e+02 1.453621777351458422e-01 2.255874298135951150e+01
3.932206283066494166e+02 1.455196888324674365e-01 2.250758450912988096e+01
3.923266801408109359e+02 1.456771999297890030e-01 2.245641574421529185e+01
3.914326234715429109e+02 1.458347110271105695e-01 2.240524076866489622e+01
3.905385286634411841e+02 1.459922221244321361e-01 2.235406361008299925e+01
3.896444651362192531e+02 1.461497332217537026e-01 2.230288824198968101e+01
3.887505013710963340e+02 1.463072443190752969e-01 2.225171858418648441e+01
3.878567049172574457e+02 1.464647554163968635e-01 2.220055850312622070e+01
3.869631423983806258e+02 1.466222665137184300e-01 2.214941181228647338e+01
3.860698795192333250e+02 1.467797776110399965e-01 2.209828227254728361e+01
3.851769810723283172e+02 1.469372887083615631e-01 2.204717359257205089e+01
3.842845109446390666e+02 1.470947998056831574e-01 2.199608942919195087e+01
3.833925321243748954e+02 1.472523109030047239e-01 2.194503338779375667e+01
3.825011067078085603e+02 1.474098220003262905e-01 2.189400902271058058e+01
3.816102959061495881e+02 1.475673330976478570e-01 2.184301983761536547e+01
3.807201600524710443e+02 1.477248441949694235e-01 2.179206928591731085e+01
3.798307586086735341e+02 1.478823552922910178e-01 2.174116077116055479e+01
3.789421501724988843e+02 1.480398663896125844e-01 2.169029764742551691e+01
3.780543924845766810e+02 1.481973774869341509e-01 2.163948321973238720e+01
3.771675424355042310e+02 1.483548885842557175e-01 2.158872074444622768e+01
3.762816560729710318e+02 1.485123996815772840e-01 2.153801342968487731e+01
3.753967886088977934e+02 1.486699107788988505e-01 2.148736443572753529e+01
3.745129944266150801e+02 1.488274218762204448e-01 2.143677687542565735e+01
3.736303270880698619e+02 1.489849329735420114e-01 2.138625381461546837e+01
3.727488393410387744e+02 1.491424440708635779e-01 2.133579827253085526e+01
3.718685831263815089e+02 1.492999551681851444e-01 2.128541322221850152e+01
3.709896095852952840e+02 1.494574662655067110e-01 2.123510159095316396e+01
3.701119690666035353e+02 1.496149773628283053e-01 2.118486626065486433e+01
3.692357111340397182e+02 1.497724884601498718e-01 2.113471006830577537e+01
3.683608845735554382e+02 1.499299995574714384e-01 2.108463580636859191e+01
3.674875390301079392e+02 1.500875106547930049e-01 2.103464631647467797e+01
3.666157387690558380e+02 1.502450217521145714e-01 2.098474527711361404e+01
3.657455555108147109e+02 1.504025328494361657e-01 2.093493679349557013e+01
3.648770599168759645e+02 1.505600439467577323e-01 2.088522491021882743e+01
3.640103215109239727e+02 1.507175550440792988e-01 2.083561360675470908e+01
3.631454086902992344e+02 1.508750661414008654e-01 2.078610679810361717e+01
3.622823887375041068e+02 1.510325772387224319e-01 2.073670833545364545e+01
3.614213278317328104e+02 1.511900883360440262e-01 2.068742200684058474e+01
3.605622910604542994e+02 1.513475994333655927e-01 2.063825153781086641e+01
3.597053424310025775e+02 1.515051105306871593e-01 2.058920059208497122e+01
3.588505448821968571e+02 1.516626216280087258e-01 2.054027277222263237e+01
3.579979602959942895e+02 1.518201327253302924e-01 2.049147162028976510e+01
3.571476495091334868e+02 1.519776438226518867e-01 2.044280061852489183e+01
3.562996723248119793e+02 1.521351549199734532e-01 2.039426319000768117e+01
3.554540875243621940e+02 1.522926660172950197e-01 2.034586269932711033e+01
3.546109528789273782e+02 1.524501771146165863e-01 2.029760245324995083e+01
3.537703251611501400e+02 1.526076882119381528e-01 2.024948570138963078e+01
3.529322601568463256e+02 1.527651993092597471e-01 2.020151563687459273e+01
3.520968126766849196e+02 1.529227104065813136e-01 2.015369539701676160e+01
3.512640365678439025e+02 1.530802215039028802e-01 2.010602806397871944e+01
3.504339847256714506e+02 1.532377326012244467e-01 2.005851666544117506e+01
3.496067091053147919e+02 1.533952436985460133e-01 2.001116417526867153e+01
3.487822607333482665e+02 1.535527547958676076e-01 1.996397351417501653e+01
3.479606897193648365e+02 1.537102658931891741e-01 1.991694755038691156e+01
3.471420452675498041e+02 1.538677769905107406e-01 1.987008910030635178e+01
3.463263756882358280e+02 1.540252880878323072e-01 1.982340092917200280e+01
3.455137284094151369e+02 1.541827991851538737e-01 1.977688575171821128e+01
3.447041499882317908e+02 1.543403102824754403e-01 1.973054623283280051e+01
3.438976861224361983e+02 1.544978213797970346e-01 1.968438498821264204e+01
3.430943816617988205e+02 1.546553324771186011e-01 1.963840458501707431e+01
3.422942806194957939e+02 1.548128435744401676e-01 1.959260754251950942e+01
3.414974261834477716e+02 1.549703546717617342e-01 1.954699633275653170e+01
3.407038607276144830e+02 1.551278657690833007e-01 1.950157338117432460e+01
3.399136258232504701e+02 1.552853768664048950e-01 1.945634106727301571e+01
3.391267622501104597e+02 1.554428879637264616e-01 1.941130172524797715e+01
3.383433100076103415e+02 1.556003990610480281e-01 1.936645764462871355e+01
3.375633083259339742e+02 1.557579101583695946e-01 1.932181107091462380e+01
3.367867956770924707e+02 1.559154212556911612e-01 1.927736420620797375e+01
3.360138097859261279e+02 1.560729323530127555e-01 1.923311920984368939e+01
3.352443876410564485e+02 1.562304434503343220e-01 1.918907819901619760e+01
3.344785655057769418e+02 1.563879545476558885e-01 1.914524324940280309e+01
3.337163789288954376e+02 1.565454656449774551e-01 1.910161639578435810e+01
3.329578627554994341e+02 1.567029767422990216e-01 1.905819963266140604e+01
3.322030511376887034e+02 1.568604878396206159e-01 1.901499491486847404e+01
3.314519775452162094e+02 1.570179989369421825e-01 1.897200415818322838e+01
3.307046747760906555e+02 1.571755100342637490e-01 1.892922923993330286e+01
3.299611749671004759e+02 1.573330211315853155e-01 1.888667199959870402e+01
3.292215096042822893e+02 1.574905322289068821e-01 1.884433423941099051e+01
3.284857095333185271e+02 1.576480433262284764e-01 1.880221772494846633e+01
3.277538025554762271e+02 1.578055544235500429e-01 1.876032404752989891e+01
3.270258056070401267e+02 1.579630655208716095e-01 1.871865417657252095e+01
3.263017324663558725e+02 1.581205766181931760e-01 1.867720890073609752e+01
3.263017324663558725e+02 1.581205766181931760e-01 1.867720890073609752e+01
2.328840347593452975e+02 1.826842454521749870e-01 1.315176635432540841e+01
1.785415994638176471e+02 2.073525430377324841e-01 9.721043335190595158e+00
1.311867857453814565e+02 2.322407203492417860e-01 4.591743113489011208e+00
1.065574931461894153e+02 2.568837818198746459e-01 5.514792815182364194e+00
8.435465122288931639e+01 2.811184729179193598e-01 2.440625433091091701e+00
7.061995126177522764e+01 3.057758170190760794e-01 1.977203247985032331e+00
5.774873922331063625e+01 3.308749588216616799e-01 1.868916461905676396e+00
4.884219255465576026e+01 3.553458836143503774e-01 2.059913867200239057e+00
4.250577852121540445e+01 3.797183506574301481e-01 1.058699428955410804e+00
3.660792267824420065e+01 4.042043120935024936e-01 9.815421479414362382e-01
3.190256498451112321e+01 4.287407985369371399e-01 8.330424091003402198e-01
2.824898525312190145e+01 4.533371424922238990e-01 8.617701672291983028e-01
2.492526646861454864e+01 4.779959634912051558e-01 6.845155730413627904e-01
2.227879403449206563e+01 5.026629933946460405e-01 4.059135317293210421e-01
2.018870170151555854e+01 5.271487506500315279e-01 3.803957830465021783e-01
1.852087308477737793e+01 5.515427964227138657e-01 3.034873996125959095e-01
1.688298028635901460e+01 5.762240530263548210e-01 1.742196621426028713e-01
1.545050283366044042e+01 6.007285446297923048e-01 2.253823169869502152e-01
1.421645666999088675e+01 6.252568531449649303e-01 2.895562649827901347e-01
1.335592642011039111e+01 6.499965502683907603e-01 2.277872426773201731e-01
1.256029058456126712e+01 6.746857991314229031e-01 1.793436167252722702e-01
1.191470616645851699e+01 6.991270364754236244e-01 1.916611481442404286e-01
1.143834739657376609e+01 7.235756604093172006e-01 1.545316418678111259e-01
1.117554976343078188e+01 7.479714013051395050e-01 1.919848133794117839e-01
1.112429009087603937e+01 7.726132299420060967e-01 2.039355893019601518e-01
1.090958839384129675e+01 7.972349387995918413e-01 1.565386176976921728e-01
1.046891359299059232e+01 8.217736356692634248e-01 1.944946995028627446e-01
1.013888877019709689e+01 8.463200505719705724e-01 1.233244698482739848e-01
9.878450764136371021e+00 8.708218859006343626e-01 1.627119940225055517e-01
9.761628162210628901e+00 8.954790463233904818e-01 1.231518543322056708e-01
9.617557049667155411e+00 9.199626960429320155e-01 1.387127331329005564e-01
9.754079436039550188e+00 9.443606208269833546e-01 2.256119171280722424e-01
9.771954148663153816e+00 9.688687146412832130e-01 1.126045159629584375e-01
1.001830235969289085e+01 9.930926048855095445e-01 1.562641912895590124e-01
1.056688225553733318e+01 1.017620455362175491e+00 2.114337208069348162e-01
1.102362388255887460e+01 1.042409919186157552e+00 2.634287611731774281e-01
1.186504353260061606e+01 1.066789561870425063e+00 2.076612083970595102e-01
1.255120593762566195e+01 1.090909765172895618e+00 3.223410795431296272e-01
1.315819953937489117e+01 1.115651582439790346e+00 2.991211968490061213e-01
1.424891854540874370e+01 1.140641543091339027e+00 3.009449123772326984e-01
1.548620312358302087e+01 1.164692026865203012e+00 6.377349810200508839e-01
1.712254908845429568e+01 1.188605021497627590e+00 5.987354135199060012e-01
1.939900749945838854e+01 1.214006438167991364e+00 6.433701284114327068e-01
2.199347021209384323e+01 1.240498485730926914e+00 1.235217420445140935e+00
2.601675196559941483e+01 1.264816150349954427e+00 1.712218049735208192e+00
2.993742594505411247e+01 1.284554513240047102e+00 2.887320498429317261e+00
3.632100455524330584e+01 1.309527810458392949e+00 4.979732285130984870e+00
4.571954015233829693e+01 1.335814856768205550e+00 1.476821041166990156e+01
5.778474872485539038e+01 1.360349523175663267e+00 6.455404575786496935e+01
