5.673366386305316311e+00 7.669903939428205850e-04 3.859975497782752174e-01
6.762095252028712977e+00 9.245014912643925459e-04 4.600711501641989720e-01
7.830722924618632952e+00 1.082012588585964507e-03 5.327771302046658830e-01
8.879313949553671037e+00 1.239523685907536251e-03 6.041198813658513744e-01
9.907853647511473127e+00 1.397034783229108429e-03 6.740984049140106293e-01
1.091629125197756700e+01 1.554545880550680173e-03 7.427092468592424446e-01
1.190459932771317675e+01 1.712056977872252134e-03 8.099505405963918214e-01
1.287277364438764593e+01 1.869568075193824095e-03 8.758219983074063686e-01
1.382086671448326243e+01 2.027079172515396273e-03 9.403271927722040013e-01
1.474893097257534436e+01 2.184590269836968017e-03 1.003469691470164626e+00
1.565710346758541860e+01 2.342101367158539761e-03 1.065258818767864213e+00
1.654552317005876105e+01 2.499612464480111939e-03 1.125704029772962356e+00
1.741435211375863545e+01 2.657123561801683683e-03 1.184816348740078906e+00
1.826380910324102658e+01 2.814634659123255861e-03 1.242610662425461809e+00
1.909412400681081223e+01 2.972145756444827605e-03 1.299102610327145024e+00
1.990552368777481362e+01 3.129656853766399783e-03 1.354307627492790322e+00
2.069826682933138429e+01 3.287167951087971527e-03 1.408243313892843407e+00
2.147263824038412494e+01 3.444679048409543271e-03 1.460929047006470416e+00
2.222892352855549802e+01 3.602190145731115449e-03 1.512384258655090630e+00
2.296740039395345789e+01 3.759701243052687193e-03 1.562627842658341537e+00
2.368836071052420778e+01 3.917212340374259805e-03 1.611679657178100689e+00
2.439210841881907754e+01 4.074723437695831549e-03 1.659560381349133307e+00
2.507895572955387564e+01 4.232234535017403293e-03 1.706291256981525839e+00
2.574920715198822663e+01 4.389745632338975037e-03 1.751893001903123803e+00
2.640315693143923070e+01 4.547256729660546781e-03 1.796385635616229770e+00
2.704110347798645719e+01 4.704767826982118525e-03 1.839789460980152391e+00
2.766334847881070047e+01 4.862278924303691137e-03 1.882125003817595177e+00
2.827019535471858447e+01 5.019790021625262881e-03 1.923412907901574265e+00
2.886194777465508565e+01 5.177301118946834625e-03 1.963673833887636944e+00
2.943889912819780363e+01 5.334812216268406369e-03 2.002927743056330367e+00
3.000132856920608759e+01 5.492323313589978981e-03 2.041193628135848925e+00
3.054951416999687552e+01 5.649834410911550725e-03 2.078490408269729084e+00
3.108373326858090735e+01 5.807345508233122469e-03 2.114836952641682366e+00
3.160426178130747843e+01 5.964856605554694213e-03 2.150252033710162269e+00
3.211137362292834041e+01 6.122367702876265957e-03 2.184754287751378143e+00
3.260534021888423695e+01 6.279878800197838569e-03 2.218362181676849954e+00
3.308642732502728734e+01 6.437389897519410313e-03 2.251093796657575918e+00
3.355488186525971628e+01 6.594900994840982057e-03 2.282965932599422931e+00
3.401094325493197346e+01 6.752412092162553801e-03 2.313994878550613254e+00
3.445484914702696955e+01 6.909923189484126413e-03 2.344196803653566530e+00
3.488683511027942785e+01 7.067434286805698157e-03 2.373587735245179964e+00
3.530713434737723588e+01 7.224945384127269901e-03 2.402183539684153324e+00
3.571597745560102055e+01 7.382456481448841645e-03 2.429999906065682058e+00
3.611359222469965147e+01 7.539967578770413389e-03 2.457052332469553235e+00
3.650020346747097477e+01 7.697478676091986001e-03 2.483356114433413531e+00
3.687603153164325676e+01 7.854989773413558612e-03 2.508926243705971171e+00
3.724127842197798799e+01 8.012500870735128622e-03 2.533776464039643628e+00
3.759613455739864918e+01 8.170011968056702101e-03 2.557919730923798429e+00
3.794078877267264716e+01 8.327523065378272110e-03 2.581368892066934873e+00
3.827542830352120262e+01 8.485034162699845589e-03 2.604136686383600630e+00
3.860023862842176356e+01 8.642545260021415598e-03 2.626235733231155667e+00
3.891540333095998960e+01 8.800056357342989077e-03 2.647678523044626697e+00
3.922110398061595760e+01 8.957567454664562556e-03 2.668477409225795238e+00
3.951752003009514169e+01 9.115078551986132566e-03 2.688644601157925695e+00
3.980482872751079526e+01 9.272589649307706045e-03 2.708192158230941171e+00
4.008320504190700007e+01 9.430100746629276054e-03 2.727131984774247009e+00
4.035282140317345068e+01 9.587611843950849533e-03 2.745475812361374057e+00
4.061383711150265441e+01 9.745122941272419542e-03 2.763234479263604992e+00
4.086639392956180927e+01 9.902634038593993021e-03 2.780417630555569453e+00
4.111063172626158035e+01 1.006014513591556303e-02 2.797034782466808700e+00
4.134668972734084491e+01 1.021765623323713651e-02 2.813095407467531839e+00
4.157470639492684228e+01 1.037516733055870999e-02 2.828608926074273278e+00
4.179481931890529722e+01 1.053267842788028000e-02 2.843584699459065668e+00
4.200716511911641504e+01 1.069018952520185348e-02 2.858032022795180982e+00
4.221187935747339282e+01 1.084770062252342349e-02 2.871960119277941370e+00
4.240909645918245019e+01 1.100521171984499696e-02 2.885378134764801761e+00
4.259894964231767744e+01 1.116272281716656697e-02 2.898295132983828903e+00
4.278157085506312285e+01 1.132023391448814045e-02 2.910720091263879983e+00
4.295709071999801409e+01 1.147774501180971046e-02 2.922661896743924625e+00
4.312563848485085316e+01 1.163525610913128394e-02 2.934129343022530367e+00
4.328734165360125274e+01 1.179276720645285742e-02 2.945131105059210608e+00
4.344231478368316601e+01 1.195027830377442743e-02 2.955674976972276102e+00
4.359065751075646489e+01 1.210778940109600091e-02 2.965767737650651714e+00
4.373246871345037334e+01 1.226530049841757092e-02 2.975416114477342777e+00
4.386784735140123814e+01 1.242281159573914440e-02 2.984626840346818355e+00
4.399689236694153749e+01 1.258032269306071441e-02 2.993406646976245700e+00
4.411970259406032113e+01 1.273783379038228789e-02 3.001762258711457410e+00
4.423637667414065788e+01 1.289534488770385789e-02 3.009700386793991989e+00
4.434701297801480280e+01 1.305285598502543137e-02 3.017227724057989224e+00
4.445170953391534852e+01 1.321036708234700485e-02 3.024350940028208701e+00
4.455056396092719240e+01 1.336787817966857486e-02 3.031076676392320923e+00
4.464367340758273883e+01 1.352538927699014834e-02 3.037411542823123867e+00
4.473113449525428820e+01 1.368290037431171835e-02 3.043362113127141999e+00
4.481304326603873278e+01 1.384041147163329183e-02 3.048934921698867484e+00
4.488949513483726861e+01 1.399792256895486184e-02 3.054136460260424180e+00
4.496058484536156641e+01 1.415543366627643532e-02 3.058973174868362843e+00
4.502640642981332775e+01 1.431294476359800533e-02 3.063451463170389744e+00
4.508705310422629964e+01 1.447045586091957881e-02 3.067577667284777654e+00
4.514261097067004158e+01 1.462796695824115228e-02 3.071357645318622875e+00
4.519315440577963017e+01 1.478547805556272229e-02 3.074796457618278911e+00
4.523875681023315565e+01 1.494298915288429577e-02 3.077899098129131428e+00
4.527949178038720390e+01 1.510050025020586578e-02 3.080670574109902748e+00
4.531543304047337983e+01 1.525801134752743926e-02 3.083115901519513979e+00
4.534665437894140183e+01 1.541552244484900927e-02 3.085240100686087672e+00
4.537322958871804701e+01 1.557303354217058275e-02 3.087048192242343170e+00
4.539523241115854546e+01 1.573054463949215276e-02 3.088545193312244752e+00
4.541273648348492031e+01 1.588805573681372624e-02 3.089736113934864470e+00
4.542581528951795633e+01 1.604556683413529972e-02 3.090625953712348384e+00
4.543454211351917138e+01 1.620307793145686973e-02 3.091219698669477101e+00
4.543898999697714913e+01 1.636058902877844320e-02 3.091522318313543405e+00
4.543923169817281860e+01 1.651810012610001321e-02 3.091538762883301761e+00
4.543533965437644895e+01 1.667561122342158669e-02 3.091273960776980356e+00
4.542738594653371109e+01 1.683312232074316017e-02 3.090732816149628803e+00
4.541544226630813341e+01 1.699063341806473018e-02 3.089920206670794922e+00
4.539957988535356037e+01 1.714814451538630366e-02 3.088840981433923272e+00
4.537986962669742752e+01 1.730565561270787367e-02 3.087499959009366801e+00
4.535638183812499591e+01 1.746316671002944715e-02 3.085901925633530052e+00
4.532918636745622365e+01 1.762067780735101716e-02 3.084051633526792013e+00
4.529835253688296604e+01 1.777818890467259064e-02 3.081953799147491679e+00
4.526394850379750068e+01 1.793570000199416065e-02 3.079613059704762179e+00
4.522604050609535875e+01 1.809321109931573412e-02 3.077033921811367811e+00
4.518469412098588123e+01 1.825072219663730760e-02 3.074220847129117473e+00
4.513997444396778747e+01 1.840823329395887761e-02 3.071178264545780134e+00
4.509194606911238878e+01 1.856574439128045109e-02 3.067910568833626339e+00
4.504067307079659344e+01 1.872325548860202110e-02 3.064422119406589040e+00
4.498621898681392395e+01 1.888076658592359458e-02 3.060717239171200532e+00
4.492864680278973566e+01 1.903827768324516459e-02 3.056800213466256633e+00
4.486801893783753314e+01 1.919578878056673807e-02 3.052675289086911103e+00
4.480439723139272701e+01 1.935329987788830808e-02 3.048346673388885986e+00
4.473784293116192146e+01 1.951081097520988156e-02 3.043818533468589660e+00
4.466841668213346850e+01 1.966832207253145504e-02 3.039094995415420275e+00
4.459617851659426435e+01 1.982583316985302505e-02 3.034180143632549953e+00
4.452118784510000893e+01 1.998334426717459852e-02 3.029078020222562007e+00
4.444350344835244471e+01 2.014085536449616853e-02 3.023792624434807230e+00
4.436318346993624573e+01 2.029836646181774201e-02 3.018327912171250738e+00
4.428028540986959882e+01 2.045587755913931202e-02 3.012687795547663416e+00
4.419486611892981642e+01 2.061338865646088550e-02 3.006876142507567184e+00
4.410698179371036076e+01 2.077089975378245551e-02 3.000896776485920459e+00
4.401668797237392994e+01 2.092841085110402899e-02 2.994753476120177282e+00
4.392403953106337866e+01 2.108592194842560247e-02 2.988449975006099546e+00
4.382909068093692895e+01 2.124343304574717248e-02 2.981989961496035679e+00
4.373189496579473001e+01 2.140094414306874596e-02 2.975377078537446707e+00
4.363250526026435239e+01 2.155845524039031597e-02 2.968614923549445450e+00
4.353097376851679456e+01 2.171596633771188944e-02 2.961707048335447290e+00
4.342735207351904592e+01 2.187347743503345945e-02 2.954656962434146106e+00
4.332169656260743551e+01 2.203098853235503293e-02 2.947468502258033585e+00
4.321407290881398211e+01 2.218849962967660294e-02 2.940146135988381371e+00
4.310454642552667792e+01 2.234601072699817642e-02 2.932694307337444073e+00
4.299318090945338611e+01 2.250352182431974990e-02 2.925117356827453552e+00
4.288003867193072693e+01 2.266103292164131991e-02 2.917419523920769642e+00
4.276518056973063153e+01 2.281854401896289339e-02 2.909604949115863981e+00
4.264866603536637513e+01 2.297605511628446340e-02 2.901677676009243978e+00
4.253055310689519075e+01 2.313356621360603688e-02 2.893641653323125063e+00
4.241089845721690921e+01 2.329107731092760689e-02 2.885500736898816143e+00
4.228975742286932160e+01 2.344858840824918036e-02 2.877258691655864897e+00
4.216718403232080448e+01 2.360609950557075037e-02 2.868919193516989541e+00
4.204323103376247417e+01 2.376361060289232385e-02 2.860485831298980486e+00
4.191794992240170359e+01 2.392112170021389733e-02 2.851962108569654042e+00
4.179139096725920410e+01 2.407863279753546734e-02 2.843351445471034911e+00
4.166360323747541372e+01 2.423614389485704082e-02 2.834657180509170260e+00
4.153463462812582208e+01 2.439365499217861083e-02 2.825882572310515428e+00
4.140453188555303399e+01 2.455116608950018431e-02 2.817030801345439261e+00
4.127334063221861271e+01 2.470867718682175432e-02 2.808104971619076906e+00
4.114110539107922193e+01 2.486618828414332780e-02 2.799108112329792064e+00
4.100786960949248083e+01 2.502369938146489781e-02 2.790043179495661274e+00
4.087367568265764817e+01 2.518121047878647129e-02 2.780913057549298184e+00
4.073856497659789966e+01 2.533872157610804476e-02 2.771720560901493879e+00
4.060257785068728964e+01 2.549623267342961477e-02 2.762468435473883321e+00
4.046575367973181159e+01 2.565374377075118825e-02 2.753159360201264061e+00
4.032813087560765553e+01 2.581125486807275826e-02 2.743795948503799487e+00
4.018974690846366116e+01 2.596876596539433174e-02 2.734380749729556026e+00
4.005063832749682717e+01 2.612627706271590175e-02 2.724916250568009346e+00
3.991084078130223389e+01 2.628378816003747523e-02 2.715404876434587056e+00
3.977038903780835710e+01 2.644129925735904524e-02 2.705848992827001087e+00
3.962931700380358535e+01 2.659881035468061872e-02 2.696250906653768542e+00
3.948765774405661233e+01 2.675632145200219220e-02 2.686612867535103533e+00
3.934544365478407713e+01 2.691383254932376221e-02 2.676937079605091530e+00
3.920271422140922368e+01 2.707134364664533568e-02 2.667226229324572540e+00
3.905951917320780353e+01 2.722885474396690569e-02 2.657483700113072000e+00
3.891590742334305020e+01 2.738636584128847917e-02 2.647712819864445954e+00
3.877192617695978072e+01 2.754387693861004918e-02 2.637916800264492601e+00
3.862762098107495490e+01 2.770138803593162266e-02 2.628098740185335735e+00
3.848303577323712688e+01 2.785889913325319267e-02 2.618261628996059631e+00
3.833821292897084021e+01 2.801641023057476615e-02 2.608408349790674929e+00
3.819319330802385082e+01 2.817392132789633963e-02 2.598541682534628805e+00
3.804801629943487740e+01 2.833143242521790964e-02 2.588664307131067766e+00
3.790271986544185268e+01 2.848894352253948312e-02 2.578778806408215107e+00
3.775734058424972517e+01 2.864645461986105313e-02 2.568887669029155774e+00
3.761191369167786291e+01 2.880396571718262660e-02 2.558993292325387081e+00
3.746647312170797051e+01 2.896147681450419661e-02 2.549097985055570170e+00
3.732105154595246432e+01 2.911898791182577009e-02 2.539203970090837537e+00
3.717568041206595097e+01 2.927649900914734010e-02 2.529313387028171434e+00
3.703038998111817648e+01 2.943401010646891358e-02 2.519428294733156548e+00
3.688520936395317307e+01 2.959152120379048706e-02 2.509550673813720767e+00
3.674016655655328378e+01 2.974903230111205707e-02 2.499682429026206076e+00
3.659528847443117883e+01 2.990654339843363055e-02 2.489825391615279493e+00
3.645060098606967358e+01 3.006405449575520056e-02 2.479981321589073140e+00
3.630612894543204305e+01 3.022156559307677404e-02 2.470151909931083800e+00
3.616189622356304767e+01 3.037907669039834405e-02 2.460338780750202403e+00
3.601792573930230645e+01 3.053658778771991752e-02 2.450543493370353598e+00
3.587423948913027516e+01 3.069409888504148753e-02 2.440767544361116315e+00
3.573085857616806749e+01 3.085160998236306101e-02 2.431012369510788584e+00
3.558780323835085113e+01 3.100912107968463102e-02 2.421279345743200473e+00
3.544509287579593604e+01 3.116663217700620450e-02 2.411569792979759264e+00
3.530274607738414971e+01 3.132414327432777451e-02 2.401884975947958356e+00
3.516078064657583013e+01 3.148165437164934799e-02 2.392226105937817593e+00
3.501921362647924951e+01 3.163916546897092147e-02 2.382594342507449614e+00
3.487806132419103733e+01 3.179667656629248801e-02 2.372990795139112485e+00
3.473733933442798616e+01 3.195418766361406149e-02 2.363416524847037348e+00
3.459706256246764866e+01 3.211169876093563497e-02 2.353872545738233235e+00
3.445724524641626374e+01 3.226920985825720151e-02 2.344359826527521395e+00
3.431790097882181101e+01 3.242672095557877499e-02 2.334879292008026574e+00
3.417904272764955920e+01 3.258423205290034846e-02 2.325431824478277676e+00
3.404068285663701943e+01 3.274174315022192194e-02 2.316018265127097742e+00
3.390283314504469558e+01 3.289925424754349542e-02 2.306639415377374824e+00
3.376550480856781888e+01 3.305676534486506196e-02 2.297296038308842103e+00
3.362871041767655811e+01 3.321427644218663544e-02 2.287988989175739452e+00
3.349246740241815701e+01 3.337178753950820892e-02 2.278719453862261712e+00
3.335679333669209967e+01 3.352929863682978240e-02 2.269488628039849853e+00
3.322170494382108075e+01 3.368680973415134894e-02 2.260297649509436457e+00
3.308721812520041539e+01 3.384432083147292242e-02 2.251147600150670947e+00
3.295334798810944932e+01 3.400183192879449590e-02 2.242039507814112209e+00
3.282010887270863009e+01 3.415934302611606938e-02 2.232974348158025091e+00
3.268751437823810591e+01 3.431685412343764285e-02 2.223953046430842573e+00
3.255557738844133553e+01 3.447436522075920939e-02 2.214976479200917669e+00
3.242431009622996640e+01 3.463187631808078287e-02 2.206045476034626862e+00
3.229372402761013205e+01 3.478938741540235635e-02 2.197160821124253260e+00
3.216383006488988627e+01 3.494689851272392983e-02 2.188323254866936907e+00
3.203463846918361213e+01 3.510440961004549637e-02 2.179533475395802888e+00
3.190615890223533313e+01 3.526192070736706985e-02 2.170792140064751852e+00
3.177840044757558857e+01 3.541943180468864333e-02 2.162099866887902344e+00
3.165137163103108264e+01 3.557694290201021681e-02 2.153457235935004821e+00
3.152508044060386894e+01 3.573445399933179029e-02 2.144864790683953082e+00
3.139953434573802582e+01 3.589196509665335683e-02 2.136323039331629481e+00
3.127474031598844917e+01 3.604947619397493030e-02 2.127832456064070676e+00
3.115070483911070198e+01 3.620698729129650378e-02 2.119393482287239117e+00
3.102743393858522225e+01 3.636449838861807726e-02 2.111006527819315082e+00
3.090493319059431698e+01 3.652200948593964380e-02 2.102671972045756732e+00
3.078320774046436625e+01 3.667952058326121728e-02 2.094390165037973706e+00
3.066226231859079832e+01 3.683703168058279076e-02 2.086161428636815529e+00
3.054210125585877478e+01 3.699454277790436424e-02 2.077986057501739037e+00
3.042272849857492645e+01 3.715205387522593772e-02 2.069864320126717949e+00
3.030414762292370057e+01 3.730956497254750426e-02 2.061796459823808103e+00
3.018636184896151775e+01 3.746707606986907774e-02 2.053782695675263170e+00
3.006937405416362097e+01 3.762458716719065122e-02 2.045823223455214279e+00
2.995318678653434930e+01 3.778209826451222469e-02 2.037918216521660941e+00
2.983780227729616286e+01 3.793960936183379123e-02 2.030067826679781806e+00
2.972322245316764011e+01 3.809712045915536471e-02 2.022272185017295332e+00
2.960944894824345397e+01 3.825463155647693819e-02 2.014531402712730568e+00
2.949648311548795121e+01 3.841214265379851167e-02 2.006845571817419405e+00
2.938432603785485853e+01 3.856965375112008515e-02 1.999214766012039401e+00
2.927297853904156355e+01 3.872716484844165169e-02 1.991639041338304938e+00
2.916244119389208578e+01 3.888467594576322517e-02 1.984118436906747274e+00
2.905271433845737405e+01 3.904218704308479865e-02 1.976652975581191463e+00
2.894379807972313401e+01 3.919969814040637213e-02 1.969242664640597384e+00
2.883569230501716518e+01 3.935720923772793867e-02 1.961887496419114196e+00
2.872839669110271288e+01 3.951472033504951215e-02 1.954587448924754112e+00
2.862191071297130662e+01 3.967223143237108562e-02 1.947342486437634967e+00
2.851623365234101470e+01 3.982974252969265910e-02 1.940152560088170164e+00
2.841136460587003398e+01 3.998725362701423258e-02 1.933017608415897426e+00
2.830730249309621271e+01 4.014476472433579912e-02 1.925937557909657816e+00
2.820404606410761872e+01 4.030227582165737260e-02 1.918912323529473829e+00
2.810159390695554293e+01 4.045978691897894608e-02 1.911941809210909948e+00
2.799994445481627992e+01 4.061729801630051956e-02 1.905025908352335318e+00
2.789909586689954679e+01 4.077480911362208610e-02 1.898164495712315825e+00
2.779904531597521000e+01 4.093232021094365958e-02 1.891357378935232036e+00
2.769978952525848115e+01 4.108983130826523306e-02 1.884604335079216320e+00
2.760132513624935768e+01 4.124734240558680654e-02 1.877905135642762735e+00
2.750364871439116499e+01 4.140485350290838001e-02 1.871259546949710195e+00
2.740675675337155681e+01 4.156236460022994655e-02 1.864667330441878379e+00
2.731064567926830833e+01 4.171987569755152003e-02 1.858128242961126109e+00
2.721531185454277946e+01 4.187738679487309351e-02 1.851642037021055565e+00
2.712075158188812551e+01 4.203489789219466699e-02 1.845208461068837069e+00
2.702696110793470652e+01 4.219240898951623353e-02 1.838827259737304098e+00
2.693393662682003864e+01 4.234992008683780701e-02 1.832498174087850318e+00
2.684167428362566454e+01 4.250743118415938049e-02 1.826220941844258316e+00
2.675017017768666250e+01 4.266494228148095397e-02 1.819995297617866159e+00
2.665942036577747132e+01 4.282245337880252745e-02 1.813820973124327329e+00
2.656942086517805990e+01 4.297996447612409399e-02 1.807697697392215419e+00
2.648016765662494976e+01 4.313747557344566746e-02 1.801625196963807740e+00
2.639165668715056157e+01 4.329498667076724094e-02 1.795603196088263909e+00
2.630388387281441354e+01 4.345249776808881442e-02 1.789631416907445205e+00
2.621684510133086832e+01 4.361000886541038096e-02 1.783709579634700448e+00
2.613053623459511243e+01 4.376751996273195444e-02 1.777837402726725413e+00
2.604495311111269018e+01 4.392503106005352792e-02 1.772014603048861270e+00
2.596009154833433996e+01 4.408254215737510140e-02 1.766240896033945740e+00
2.587594734490077997e+01 4.424005325469667488e-02 1.760515995835043812e+00
2.579251628279865471e+01 4.439756435201824142e-02 1.754839615472133518e+00
2.570979412943220055e+01 4.455507544933981490e-02 1.749211466973050522e+00
2.562777663961338348e+01 4.471258654666138838e-02 1.743631261508892916e+00
2.554645955747194108e+01 4.487009764398296185e-02 1.738098709523975938e+00
2.546583861828960949e+01 4.502760874130452839e-02 1.732613520860624146e+00
2.538590955026047880e+01 4.518511983862610187e-02 1.727175404878942055e+00
2.530666807617951974e+01 4.534263093594767535e-02 1.721784070571695135e+00
2.522810991506270284e+01 4.550014203326924883e-02 1.716439226674538077e+00
2.515023078370072085e+01 4.565765313059082231e-02 1.711140581771725344e+00
2.507302639814742307e+01 4.581516422791238885e-02 1.705887844397377950e+00
2.499649247514771133e+01 4.597267532523396233e-02 1.700680723132635741e+00
2.492062473350404517e+01 4.613018642255553581e-02 1.695518926698624584e+00
2.484541889538642678e+01 4.628769751987710929e-02 1.690402164045591293e+00
2.477087068758534372e+01 4.644520861719867583e-02 1.685330144438142996e+00
2.469697584271183644e+01 4.660271971452024931e-02 1.680302577536898712e+00
2.462373010034489340e+01 4.676023081184182278e-02 1.675319173476555124e+00
2.455112920812873156e+01 4.691774190916339626e-02 1.670379642940540643e+00
2.447916892282178836e+01 4.707525300648496974e-02 1.665483697232384763e+00
2.440784501129870776e+01 4.723276410380653628e-02 1.660631048343893079e+00
2.433715325150720332e+01 4.739027520112810976e-02 1.655821409020245882e+00
2.426708943338195823e+01 4.754778629844968324e-02 1.651054492822176423e+00
2.419764935971514319e+01 4.770529739577125672e-02 1.646330014185205304e+00
2.412882884698779407e+01 4.786280849309282326e-02 1.641647688476192801e+00
2.406062372616137068e+01 4.802031959041439674e-02 1.637007232047206218e+00
2.399302984343156453e+01 4.817783068773597022e-02 1.632408362286795533e+00
2.392604306094586875e+01 4.833534178505754370e-02 1.627850797668825455e+00
2.385965925748622496e+01 4.849285288237911717e-02 1.623334257798910274e+00
2.379387432911738642e+01 4.865036397970068371e-02 1.618858463458533015e+00
2.372868418980289462e+01 4.880787507702225719e-02 1.614423136646953250e+00
2.366408477198951843e+01 4.896538617434383067e-02 1.610028000620966626e+00
2.360007202716165509e+01 4.912289727166540415e-02 1.605672779932632688e+00
2.353664192636601982e+01 4.928040836898697069e-02 1.601357200464963215e+00
2.347379046070815178e+01 4.943791946630854417e-02 1.597080989465710754e+00
2.341151364182234218e+01 4.959543056363011765e-02 1.592843875579335489e+00
2.334980750231500224e+01 4.975294166095169113e-02 1.588645588877175330e+00
2.328866809618233447e+01 4.991045275827326461e-02 1.584485860885858743e+00
2.322809145310258927e+01 5.006796385559483115e-02 1.580364421477500114e+00
2.316807213818026412e+01 5.022547495291640463e-02 1.576280900879340807e+00
2.310860301663001692e+01 5.038298605023797810e-02 1.572234813663595521e+00
2.304967696749921657e+01 5.054049714755955158e-02 1.568225675343619008e+00
2.299128698747180266e+01 5.069800824488111812e-02 1.564253009436374686e+00
2.293342618850481784e+01 5.085551934220269160e-02 1.560316347301635487e+00
2.287608779552057925e+01 5.101303043952426508e-02 1.556415227984969230e+00
2.281926514415204110e+01 5.117054153684583856e-02 1.552549198064337554e+00
2.276295167854322798e+01 5.132805263416741204e-02 1.548717811500446295e+00
2.270714094919877724e+01 5.148556373148897858e-02 1.544920629490432074e+00
2.265182661088447347e+01 5.164307482881055206e-02 1.541157220325026334e+00
2.259700242057668973e+01 5.180058592613212554e-02 1.537427159249037389e+00
2.254266223545897319e+01 5.195809702345369901e-02 1.533730028325047456e+00
2.248880001096440751e+01 5.211560812077526555e-02 1.530065416300219194e+00
2.243540979886349618e+01 5.227311921809683903e-02 1.526432918476203771e+00
2.238248574539536762e+01 5.243063031541841251e-02 1.522832136581993456e+00
2.233002208887898021e+01 5.258814141273998599e-02 1.519262678611392525e+00
2.227801300286767727e+01 5.274565251006155947e-02 1.515724148151764705e+00
2.222645238920574684e+01 5.290316360738312601e-02 1.512216130304263828e+00
2.217533419879315915e+01 5.306067470470469949e-02 1.508738213507635262e+00
2.212465248328055978e+01 5.321818580202627297e-02 1.505289993055375364e+00
2.207440139304801718e+01 5.337569689934784645e-02 1.501871070958211041e+00
2.202457517523138009e+01 5.353320799666941299e-02 1.498481055809821383e+00
2.197516817179475268e+01 5.369071909399098647e-02 1.495119562655693235e+00
2.192617481764848009e+01 5.384823019131255994e-02 1.491786212865076955e+00
2.187758963881002217e+01 5.400574128863413342e-02 1.488480634005856507e+00
2.182940725060861453e+01 5.416325238595570690e-02 1.485202459722400725e+00
2.178162235593080709e+01 5.432076348327727344e-02 1.481951329616196356e+00
2.173422974350647863e+01 5.447827458059884692e-02 1.478726889129232225e+00
2.168722428623440379e+01 5.463578567792042040e-02 1.475528789430078813e+00
2.164060093954593356e+01 5.479329677524199388e-02 1.472356687302556866e+00
2.159435473980641618e+01 5.495080787256356042e-02 1.469210245036973284e+00
2.154848080275241529e+01 5.510831896988513390e-02 1.466089130323798839e+00
2.150297432165820055e+01 5.526583006720670738e-02 1.462993016128918411e+00
2.145783011603443313e+01 5.542334116452828086e-02 1.459921549988545841e+00
2.141304174760062295e+01 5.558085226184985433e-02 1.456874293862845393e+00
2.136860264672713683e+01 5.573836335917142087e-02 1.453850800775404073e+00
2.132450636607755001e+01 5.589587445649299435e-02 1.450850632070248336e+00
2.128074657802828185e+01 5.605338555381456783e-02 1.447873357236278524e+00
2.123731707215296183e+01 5.621089665113614131e-02 1.444918553736116884e+00
2.119421175276966451e+01 5.636840774845770785e-02 1.441985806839226170e+00
2.115142463654969518e+01 5.652591884577928133e-02 1.439074709459220225e+00
2.110894985018505565e+01 5.668342994310085481e-02 1.436184861995167372e+00
2.106678162811433452e+01 5.684094104042242829e-02 1.433315872176865735e+00
2.102491431030432167e+01 5.699845213774400177e-02 1.430467354913911526e+00
2.098334234008584076e+01 5.715596323506556831e-02 1.427638932148457274e+00
2.094206026204287951e+01 5.731347433238714179e-02 1.424830232711593814e+00
2.090106271995293241e+01 5.747098542970871526e-02 1.422040892183216831e+00
2.086034445477717725e+01 5.762849652703028874e-02 1.419270552755288683e+00
2.081990030269918890e+01 5.778600762435185528e-02 1.416518863098395142e+00
2.077972519321146549e+01 5.794351872167342876e-02 1.413785478231561088e+00
2.073981414646127064e+01 5.810102981899500224e-02 1.411070059341666960e+00
2.070016183622421835e+01 5.825854091631657572e-02 1.408372244049586497e+00
2.066076188068052133e+01 5.841605201363814920e-02 1.405691598156885380e+00
2.062160783282664056e+01 5.857356311095971574e-02 1.403027683030236394e+00
2.058269337118129272e+01 5.873107420828128922e-02 1.400380068576442927e+00
2.054401229723102773e+01 5.888858530560286270e-02 1.397748333068644211e+00
2.050555853294061492e+01 5.904609640292443618e-02 1.395132062976925935e+00
2.046732611832552351e+01 5.920360750024600272e-02 1.392530852803164354e+00
2.042930920908615278e+01 5.936111859756757619e-02 1.389944304920066154e+00
2.039150207430031969e+01 5.951862969488914967e-02 1.387372029414169816e+00
2.035389909417434851e+01 5.967614079221072315e-02 1.384813643932840455e+00
2.031649475784822911e+01 5.983365188953229663e-02 1.382268773534937711e+00
2.027928366125659565e+01 5.999116298685386317e-02 1.379737050545284838e+00
2.024226050504047691e+01 6.014867408417543665e-02 1.377218114412590122e+00
2.020542009251138182e+01 6.030618518149701013e-02 1.374711611570929914e+00
2.016875732766414586e+01 6.046369627881858361e-02 1.372217195304550996e+00
2.013226721323774626e+01 6.062120737614015015e-02 1.369734525615930787e+00
2.009594484882303078e+01 6.077871847346172363e-02 1.367263269097036105e+00
2.005978542901568318e+01 6.093622957078329710e-02 1.364803098803657244e+00
2.002378423677012265e+01 6.109374066810487058e-02 1.362353693803228571e+00
1.998793611849966112e+01 6.125125176542643712e-02 1.359914703462333341e+00
1.995223503044221758e+01 6.140876286274801060e-02 1.357485716582892632e+00
1.991667494138305372e+01 6.156627396006958408e-02 1.355066322820510649e+00
1.988124994234941312e+01 6.172378505739115756e-02 1.352656120147739616e+00
1.984595424432531274e+01 6.188129615471273104e-02 1.350254714698603697e+00
1.981078217602417624e+01 6.203880725203429758e-02 1.347861720617057557e+00
1.977572818171574909e+01 6.219631834935587106e-02 1.345476759909133735e+00
1.974078681910698307e+01 6.235382944667744454e-02 1.343099462298766644e+00
1.970595275727476547e+01 6.251134054399902495e-02 1.340729465087143746e+00
1.967122077464912522e+01 6.266885164132059149e-02 1.338366413015484868e+00
1.963658575704498332e+01 6.282636273864215803e-02 1.336009958131133102e+00
1.960204269574100522e+01 6.298387383596373845e-02 1.333659759656843802e+00
1.956758668560508596e+01 6.314138493328530499e-02 1.331315483863250826e+00
1.953321292326326386e+01 6.329889603060687153e-02 1.328976803944281748e+00
1.949891670531293286e+01 6.345640712792845195e-02 1.326643399895595321e+00
1.946469342657694312e+01 6.361391822525001849e-02 1.324314958395790054e+00
1.943053857839890597e+01 6.377142932257158503e-02 1.321991172690429206e+00
1.939644774697759644e+01 6.392894041989316545e-02 1.319671742478714105e+00
1.936241661173989925e+01 6.408645151721473199e-02 1.317356373802784031e+00
1.932844092948954184e+01 6.424396261453631241e-02 1.315044777969252010e+00
1.929451604471618253e+01 6.440147371185787895e-02 1.312736638232211206e+00
1.926063677885441905e+01 6.455898480917944549e-02 1.310431602258772532e+00
1.922679802604495336e+01 6.471649590650102590e-02 1.308129322662739735e+00
1.919299479095183614e+01 6.487400700382259244e-02 1.305829459577567908e+00
1.915922218694018753e+01 6.503151810114417286e-02 1.303531680532379333e+00
1.912547543429673169e+01 6.518902919846573940e-02 1.301235660330900767e+00
1.909174985849140427e+01 6.534654029578730594e-02 1.298941080933183834e+00
1.905804088847882483e+01 6.550405139310888636e-02 1.296647631340043461e+00
1.902434405503888826e+01 6.566156249043045290e-02 1.294355007480160413e+00
1.899065498915410899e+01 6.581907358775203332e-02 1.292062912099676941e+00
1.895696942042419408e+01 6.597658468507359986e-02 1.289771054654329507e+00
1.892328317551461225e+01 6.613409578239516640e-02 1.287479151203899441e+00
1.888959217664061185e+01 6.629160687971674681e-02 1.285186924309063228e+00
1.885589244008319909e+01 6.644911797703831335e-02 1.282894102930430602e+00
1.882218007473731447e+01 6.660662907435987989e-02 1.280600422329764898e+00
1.878845128069161774e+01 6.676414017168146031e-02 1.278305623973353011e+00
1.875470234783763601e+01 6.692165126900302685e-02 1.276009455437382201e+00
1.872092965450821112e+01 6.707916236632460727e-02 1.273711670315300193e+00
1.868712966614453563e+01 6.723667346364617381e-02 1.271412028127126836e+00
1.865329893399001904e+01 6.739418456096774035e-02 1.269110294230586744e+00
1.861943407788018234e+01 6.755169565828932077e-02 1.266806238650192151e+00
1.858553151714484386e+01 6.770920675561088731e-02 1.264499617768692685e+00
1.855158751525700112e+01 6.786671785293246772e-02 1.262190177364842958e+00
1.851759841997834499e+01 6.802422895025403426e-02 1.259877668952128271e+00
1.848356067019033233e+01 6.818174004757560080e-02 1.257561850243529955e+00
1.844947079458303207e+01 6.833925114489718122e-02 1.255242485062317170e+00
1.841532541036880843e+01 6.849676224221874776e-02 1.252919343254528473e+00
1.838112122202187848e+01 6.865427333954032818e-02 1.250592200603219295e+00
1.834685502004237989e+01 6.881178443686189472e-02 1.248260838744373213e+00
1.831252367974375161e+01 6.896929553418346126e-02 1.245925045084393501e+00
1.827812416006349139e+01 6.912680663150504168e-02 1.243584612719196736e+00
1.824365350239572692e+01 6.928431772882660822e-02 1.241239340354781673e+00
1.820910882944553322e+01 6.944182882614817476e-02 1.238889032229282483e+00
1.817448734410378108e+01 6.959933992346975518e-02 1.236533498036415768e+00
1.813978632834257354e+01 6.975685102079132172e-02 1.234172552850331339e+00
1.810500314212996287e+01 6.991436211811290213e-02 1.231806017051769064e+00
1.807013522236361780e+01 7.007187321543446867e-02 1.229433716255514897e+00
1.803518008182258470e+01 7.022938431275603521e-02 1.227055481239077261e+00
1.800013530813744467e+01 7.038689541007761563e-02 1.224671147872621324e+00
1.796499856277718621e+01 7.054440650739918217e-02 1.222280557050039684e+00
1.792976758005255178e+01 7.070191760472076259e-02 1.219883554621143507e+00
1.789444016613612476e+01 7.085942870204232913e-02 1.217479991324992294e+00
1.785901420544898244e+01 7.101693979936389567e-02 1.215069723224418086e+00
1.782348775042896705e+01 7.117445089668547609e-02 1.212652617813575251e+00
1.778785899018759764e+01 7.133196199400704263e-02 1.210228551885451420e+00
1.775212617973981466e+01 7.148947309132862304e-02 1.207797406716891508e+00
1.771628763759959924e+01 7.164698418865018958e-02 1.205359067905010795e+00
1.768034174492833088e+01 7.180449528597175612e-02 1.202913425309250162e+00
1.764428694469505388e+01 7.196200638329333654e-02 1.200460372994246683e+00
1.760812174084913195e+01 7.211951748061490308e-02 1.197999809173539765e+00
1.757184469750366063e+01 7.227702857793646962e-02 1.195531636154016031e+00
1.753545443813046845e+01 7.243453967525805004e-02 1.193055760281138244e+00
1.749894964476549220e+01 7.259205077257961658e-02 1.190572091884883221e+00
1.746232905722492745e+01 7.274956186990119700e-02 1.188080545226408713e+00
1.742559147233144046e+01 7.290707296722276354e-02 1.185581038445410851e+00
1.738873574314997228e+01 7.306458406454433008e-02 1.183073493508126628e+00
1.735176077823355456e+01 7.322209516186591050e-02 1.180557836156024942e+00
1.731466554087820242e+01 7.337960625918747704e-02 1.178033995855110483e+00
1.727744904838696982e+01 7.353711735650905745e-02 1.175501905745853337e+00
1.724011037134254565e+01 7.369462845383062399e-02 1.172961502593696803e+00
1.720264863288880264e+01 7.385213955115219053e-02 1.170412726740177600e+00
1.716506300802037899e+01 7.400965064847377095e-02 1.167855522054593420e+00
1.712735272288039212e+01 7.416716174579533749e-02 1.165289835886216929e+00
1.708951705406607857e+01 7.432467284311691791e-02 1.162715619017058222e+00
1.705155532794232798e+01 7.448218394043848445e-02 1.160132825615155960e+00
1.701346694872042775e+01 7.463969503776005099e-02 1.157541415144969443e+00
1.697525183784438596e+01 7.479720613508163141e-02 1.154941382261800653e+00
1.693691033549275105e+01 7.495471723240319795e-02 1.152332750110301784e+00
1.689844282116236940e+01 7.511222832972476449e-02 1.149715544510213849e+00
1.685984970182900966e+01 7.526973942704634490e-02 1.147089793150855908e+00
1.682113141149566005e+01 7.542725052436791144e-02 1.144455525560390985e+00
1.678228841074628619e+01 7.558476162168949186e-02 1.141812773075466803e+00
1.674332118630207944e+01 7.574227271901105840e-02 1.139161568811022818e+00
1.670423025058304489e+01 7.589978381633262494e-02 1.136501947630464526e+00
1.666501614127254527e+01 7.605729491365420536e-02 1.133833946116032276e+00
1.662567942088623596e+01 7.621480601097577190e-02 1.131157602539477836e+00
1.658622067634457053e+01 7.637231710829735232e-02 1.128472956832974994e+00
1.654664051854924267e+01 7.652982820561891886e-02 1.125780050560305723e+00
1.650693958196316302e+01 7.668733930294048540e-02 1.123078926888279261e+00
1.646711852419425171e+01 7.684485040026206581e-02 1.120369630558417429e+00
1.642717802558272311e+01 7.700236149758363235e-02 1.117652207858873981e+00
1.638711878879213302e+01 7.715987259490521277e-02 1.114926706596610861e+00
1.634694153840364095e+01 7.731738369222677931e-02 1.112193176069793399e+00
1.630664702051419823e+01 7.747489478954834585e-02 1.109451667040451506e+00
1.626623600233784117e+01 7.763240588686992627e-02 1.106702231707353157e+00
1.622570927181045519e+01 7.778991698419149281e-02 1.103944923679115009e+00
1.618506763719801000e+01 7.794742808151305935e-02 1.101179797947546390e+00
1.614431192670826931e+01 7.810493917883463977e-02 1.098406910861232655e+00
1.610344298810538888e+01 7.826245027615620631e-02 1.095626320099312823e+00
1.606246169858568962e+01 7.841996137347778673e-02 1.092838085343393439e+00
1.602136951275656074e+01 7.857747247079935327e-02 1.090042305560271485e+00
1.598016872325770521e+01 7.873498356812091981e-02 1.087239136733756162e+00
1.593886167760157591e+01 7.889249466544250022e-02 1.084428738581024287e+00
1.589745070868978516e+01 7.905000576276406676e-02 1.081611269825176080e+00
1.585593813477957070e+01 7.920751686008564718e-02 1.078786888192956983e+00
1.581432625945199710e+01 7.936502795740721372e-02 1.075955750412591838e+00
1.577261737158270805e+01 7.952253905472878026e-02 1.073118012211797145e+00
1.573081374531402687e+01 7.968005015205036068e-02 1.070273828315881470e+00
1.568891764002970390e+01 7.983756124937192722e-02 1.067423352446027929e+00
1.564693130033106527e+01 7.999507234669350764e-02 1.064566737317670819e+00
1.560485695601539291e+01 8.015258344401507418e-02 1.061704134639024799e+00
1.556269682205609506e+01 8.031009454133664072e-02 1.058835695109736408e+00
1.552045309858486632e+01 8.046760563865822113e-02 1.055961568419670593e+00
1.547812797087529013e+01 8.062511673597978767e-02 1.053081903247792050e+00
1.543572360932888543e+01 8.078262783330135421e-02 1.050196847261220423e+00
1.539324216946243773e+01 8.094013893062293463e-02 1.047306547114364772e+00
1.535068579189727878e+01 8.109765002794450117e-02 1.044411148448196602e+00
1.530805660235020405e+01 8.125516112526608159e-02 1.041510795889631025e+00
1.526535671162628027e+01 8.141267222258764813e-02 1.038605633051035149e+00
1.522258821561321795e+01 8.157018331990921467e-02 1.035695802529848386e+00
1.517975319527740652e+01 8.172769441723079509e-02 1.032781445908312445e+00
1.513685371666136881e+01 8.188520551455236163e-02 1.029862703753297470e+00
1.509389183088353192e+01 8.204271661187394205e-02 1.026939715616284721e+00
1.505086957413848836e+01 8.220022770919550859e-02 1.024012620033386112e+00
1.500778896769996607e+01 8.235773880651707513e-02 1.021081554525547386e+00
1.496465221912364818e+01 8.251524990383865554e-02 1.018146669287735895e+00
1.492146268510993323e+01 8.267276100116022208e-02 1.015208192699021295e+00
1.487822409678602753e+01 8.283027209848178862e-02 1.012266378613263296e+00
1.483494013022878200e+01 8.298778319580336904e-02 1.009321477138873879e+00
1.479161440634773150e+01 8.314529429312493558e-02 1.006373734630858996e+00
1.474825049136252275e+01 8.330280539044651600e-02 1.003423393723300583e+00
1.470485189728225528e+01 8.346031648776808254e-02 1.000470693361969809e+00
1.466142208238624889e+01 8.361782758508964908e-02 9.975158688370372451e-01
1.461796445170672953e+01 8.377533868241122950e-02 9.945591518159130340e-01
1.457448235751280130e+01 8.393284977973279604e-02 9.916007703761742231e-01
1.453097909979522662e+01 8.409036087705437645e-02 9.886409490385482668e-01
1.448745792675260802e+01 8.424787197437594299e-02 9.856799087999911224e-01
1.444392203527803886e+01 8.440538307169750953e-02 9.827178671667975429e-01
1.440037457144629229e+01 8.456289416901908995e-02 9.797550381877480064e-01
1.435681863100185218e+01 8.472040526634065649e-02 9.767916324873114897e-01
1.431325725984661545e+01 8.487791636366223691e-02 9.738278572988287030e-01
1.426969345452833160e+01 8.503542746098380345e-02 9.708639164977435065e-01
1.422613016272832276e+01 8.519293855830536999e-02 9.679000106347853682e-01
1.418257028374964790e+01 8.535044965562695041e-02 9.649363369691829062e-01
1.413901666900444454e+01 8.550796075294851695e-02 9.619730895018212546e-01
1.409547212250084947e+01 8.566547185027008349e-02 9.590104590083691205e-01
1.405193940132965658e+01 8.582298294759166390e-02 9.560486330723917403e-01
1.400842121614981295e+01 8.598049404491323044e-02 9.530877961183807923e-01
1.396492023167308716e+01 8.613800514223481086e-02 9.501281294447295744e-01
1.392143906714799861e+01 8.629551623955637740e-02 9.471698112566596661e-01
1.387798029684222634e+01 8.645302733687794394e-02 9.442130166990412299e-01
1.383454645081444490e+01 8.661053843419952436e-02 9.412579179089050063e-01
1.379114040354274984e+01 8.676804953152109090e-02 9.383047104564693486e-01
1.374776612610472526e+01 8.692556062884267132e-02 9.353536645210449585e-01
1.370442772217752569e+01 8.708307172616423786e-02 9.324050593035890788e-01
1.366112921245576572e+01 8.724058282348580440e-02 9.294591683591938436e-01
1.361787453567107953e+01 8.739809392080738482e-02 9.265162596664570094e-01
1.357466754961108713e+01 8.755560501812895136e-02 9.235765956968045032e-01
1.353151203213631426e+01 8.771311611545053177e-02 9.206404334836805203e-01
1.348841168219546205e+01 8.787062721277209831e-02 9.177080246916248241e-01
1.344537012083824123e+01 8.802813831009366485e-02 9.147796156851797367e-01
1.340239089222556146e+01 8.818564940741524527e-02 9.118554475976224927e-01
1.335947746463699026e+01 8.834316050473681181e-02 9.089357563995076328e-01
1.331663323147433431e+01 8.850067160205837835e-02 9.060207729669491616e-01
1.327386151226225586e+01 8.865818269937995877e-02 9.031107231496979804e-01
1.323116555364437552e+01 8.881569379670152531e-02 9.002058278389140078e-01
1.318854853037547947e+01 8.897320489402310573e-02 8.973063030346735136e-01
1.314601354630907082e+01 8.913071599134467227e-02 8.944123599131569291e-01
1.310356363538020652e+01 8.928822708866623881e-02 8.915242048935196895e-01
1.306120176258334098e+01 8.944573818598781922e-02 8.886420397044220154e-01
1.301893082494470733e+01 8.960324928330938576e-02 8.857660614501833285e-01
1.297675365248955615e+01 8.976076038063096618e-02 8.828964626765933854e-01
1.293467300920339547e+01 8.991827147795253272e-02 8.800334314363128518e-01
1.289269159398722664e+01 9.007578257527409926e-02 8.771771513538590970e-01
1.285081204160717050e+01 9.023329367259567968e-02 8.743278016902217287e-01
1.280903692363709823e+01 9.039080476991724622e-02 8.714855574069914068e-01
1.276736874939536825e+01 9.054831586723882664e-02 8.686505892300960818e-01
1.272580996687453414e+01 9.070582696456039318e-02 8.658230637130537310e-01
1.268436296366441240e+01 9.086333806188195972e-02 8.630031432997735674e-01
1.264303006786812311e+01 9.102084915920354014e-02 8.601909863868832939e-01
1.260181373541827909e+01 9.117836025652510668e-02 8.573867600681160939e-01
1.256071721320691914e+01 9.133587135384667322e-02 8.545906852515335883e-01
1.251974391097379602e+01 9.149338245116825363e-02 8.518029939248309423e-01
1.247889715307976743e+01 9.165089354848982017e-02 8.490239122667979643e-01
1.243818017983858049e+01 9.180840464581140059e-02 8.462536607379307352e-01
1.239759614886212091e+01 9.196591574313296713e-02 8.434924541719573954e-01
1.235714813639701148e+01 9.212342684045453367e-02 8.407405018667756247e-01
1.231683913865130009e+01 9.228093793777611409e-02 8.379980076747171047e-01
1.227667207311250230e+01 9.243844903509768063e-02 8.352651700922221201e-01
1.223664977985490054e+01 9.259596013241926105e-02 8.325421823487842987e-01
1.219677502283740367e+01 9.275347122974082759e-02 8.298292324952529775e-01
1.215705049119047843e+01 9.291098232706239413e-02 8.271265034913907188e-01
1.211747880049283843e+01 9.306849342438397454e-02 8.244341732927377153e-01
1.207806249403727961e+01 9.322600452170554108e-02 8.217524149367319009e-01
1.203880404408510252e+01 9.338351561902712150e-02 8.190813966280587888e-01
1.199970585310972382e+01 9.354102671634868804e-02 8.164212818232599034e-01
1.196077025502857971e+01 9.369853781367025458e-02 8.137722293145499552e-01
1.192199951642356481e+01 9.385604891099183500e-02 8.111343933128498662e-01
1.188339583774956587e+01 9.401356000831340154e-02 8.085079235300136613e-01
1.184496135453137100e+01 9.417107110563496808e-02 8.058929652602588867e-01
1.180669813854808581e+01 9.432858220295654850e-02 8.032896594607537022e-01
1.176860819900605470e+01 9.448609330027811504e-02 8.006981428314178251e-01
1.173069348369898357e+01 9.464360439759969545e-02 7.981185478938518374e-01
1.169295588015581977e+01 9.480111549492126199e-02 7.955510030694372681e-01
1.165539721677644103e+01 9.495862659224282853e-02 7.929956327566046737e-01
1.161801926395453854e+01 9.511613768956440895e-02 7.904525574072305272e-01
1.158082373518819352e+01 9.527364878688597549e-02 7.879218936021966657e-01
1.154381228817753247e+01 9.543115988420755591e-02 7.854037541260743271e-01
1.150698652591000304e+01 9.558867098152912245e-02 7.828982480409574229e-01
1.147034800140012756e+01 9.574618207885068899e-02 7.804054810089460226e-01
1.143389838991068785e+01 9.590369317617226941e-02 7.779255670095160946e-01
1.139763955825553410e+01 9.606120427349383595e-02 7.754586330546608952e-01
1.136157333198268304e+01 9.621871537081541637e-02 7.730048033487784132e-01
1.132570147743043343e+01 9.637622646813698291e-02 7.705641980678301639e-01
1.129002570291948615e+01 9.653373756545854945e-02 7.681369334404459792e-01
1.125454765993143447e+01 9.669124866278012986e-02 7.657231218281075336e-01
1.121926894427296162e+01 9.684875976010169640e-02 7.633228718043533201e-01
1.118419109722607452e+01 9.700627085742326294e-02 7.609362882330404920e-01
1.114931560668408217e+01 9.716378195474484336e-02 7.585634723456301520e-01
1.111464390827365278e+01 9.732129305206640990e-02 7.562045218175309502e-01
1.108017738646248240e+01 9.747880414938799032e-02 7.538595308434583586e-01
1.104591737565308662e+01 9.763631524670955686e-02 7.515285902118564731e-01
1.101186516126220738e+01 9.779382634403112340e-02 7.492117873783338267e-01
1.097802198078636415e+01 9.795133744135270382e-02 7.469092065381622847e-01
1.094438902485311260e+01 9.810884853867427036e-02 7.446209286978007214e-01
1.091096743825829840e+01 9.826635963599585077e-02 7.423470317454656797e-01
1.087775832098958517e+01 9.842387073331741731e-02 7.400875905207695560e-01
1.084476272923533813e+01 9.858138183063898385e-02 7.378426768833622473e-01
1.081198167638049945e+01 9.873889292796056427e-02 7.356123597806869530e-01
1.077941613398775367e+01 9.889640402528213081e-02 7.333967053147349979e-01
1.074706703276545916e+01 9.905391512260371123e-02 7.311957768079003772e-01
1.071493526352169923e+01 9.921142621992527777e-02 7.290096348678928306e-01
1.068302167810444381e+01 9.936893731724684431e-02 7.268383374516995676e-01
1.065132709032851288e+01 9.952644841456842473e-02 7.246819399286570373e-01
1.061985227688880151e+01 9.968395951188999127e-02 7.225404951425804523e-01
1.058859797826012183e+01 9.984147060921155781e-02 7.204140534729872591e-01
1.055756489958375965e+01 9.999898170653313823e-02 7.183026628954163328e-01
1.052675371154090556e+01 1.001564928038547048e-01 7.162063690408529970e-01
1.049616505121271715e+01 1.003140039011762852e-01 7.141252152542436615e-01
1.046579952292757021e+01 1.004715149984978517e-01 7.120592426521422658e-01
1.043565769743900873e+01 1.006290260958194183e-01 7.100084900667791299e-01
1.040573994042271266e+01 1.007865371931409987e-01 7.079729823775473552e-01
1.037604626747811132e+01 1.009440482904625652e-01 7.059527206457826276e-01
1.034657663971704800e+01 1.011015593877841456e-01 7.039477022256594996e-01
1.031733100031319417e+01 1.012590704851057122e-01 7.019579232508986744e-01
1.028830927504509241e+01 1.014165815824272787e-01 6.999833786717106765e-01
1.025951137283002090e+01 1.015740926797488591e-01 6.980240622911215720e-01
1.023093718624842730e+01 1.017316037770704257e-01 6.960799668006510954e-01
1.020258659205864227e+01 1.018891148743920061e-01 6.941510838153339691e-01
1.017445945170278598e+01 1.020466259717135726e-01 6.922374039081383712e-01
1.014655561180346943e+01 1.022041370690351392e-01 6.903389166437624569e-01
1.011887490465145945e+01 1.023616481663567196e-01 6.884556106118094876e-01
1.009141714868477280e+01 1.025191592636782861e-01 6.865874734593893081e-01
1.006418214895866825e+01 1.026766703609998527e-01 6.847344919230891058e-01
1.003716969760752420e+01 1.028341814583214331e-01 6.828966518604034919e-01
1.001037957429801573e+01 1.029916925556429996e-01 6.810739382805632847e-01
9.983811546673869941e+00 1.031492036529645800e-01 6.792663353747969701e-01
9.957465370792741410e+00 1.033067147502861466e-01 6.774738265460542586e-01
9.931340791554685410e+00 1.034642258476077131e-01 6.756963944381583209e-01
9.905437543122911137e+00 1.036217369449292935e-01 6.739340209644306690e-01
9.879755349336599934e+00 1.037792480422508601e-01 6.721866873357796868e-01
9.854293924115866687e+00 1.039367591395724405e-01 6.704543740882540348e-01
9.829052971859500332e+00 1.040942702368940070e-01 6.687370611100993401e-01
9.804032187834787138e+00 1.042517813342155736e-01 6.670347276682858650e-01
9.779231258560322715e+00 1.044092924315371540e-01 6.653473524345484558e-01
9.754649862181253184e+00 1.045668035288587205e-01 6.636749135109224484e-01
9.730287668837817705e+00 1.047243146261803010e-01 6.620173884548127274e-01
9.706144341026465838e+00 1.048818257235018675e-01 6.603747543035669576e-01
9.682219533954162571e+00 1.050393368208234340e-01 6.587469875985786372e-01
9.658512895886092409e+00 1.051968479181450145e-01 6.571340644089457284e-01
9.635024068486588433e+00 1.053543590154665810e-01 6.555359603546652147e-01
9.611752687153369834e+00 1.055118701127881475e-01 6.539526506293737995e-01
9.588698381345428956e+00 1.056693812101097280e-01 6.523841100226567269e-01
9.565860735482827337e+00 1.058268923074312945e-01 6.508303102597949863e-01
9.543238666102560330e+00 1.059844034047528749e-01 6.492911776254609579e-01
9.520830547509886443e+00 1.061419145020744415e-01 6.477666015126276600e-01
9.498634755162804311e+00 1.062994255993960080e-01 6.462564713926970406e-01
9.476649682484790560e+00 1.064569366967175884e-01 6.447606779593847426e-01
9.454873740657458114e+00 1.066144477940391549e-01 6.432791131146119445e-01
9.433305358415930542e+00 1.067719588913607354e-01 6.418116699545848292e-01
9.411942981846546985e+00 1.069294699886823019e-01 6.403582427560303714e-01
9.390785074187911974e+00 1.070869810860038684e-01 6.389187269626587229e-01
9.369830115634023571e+00 1.072444921833254489e-01 6.374930191717727013e-01
9.349076603140193953e+00 1.074020032806470154e-01 6.360810171210595776e-01
9.328523050231650515e+00 1.075595143779685958e-01 6.346826196755701588e-01
9.308167986814559924e+00 1.077170254752901624e-01 6.332977268148614058e-01
9.288009958989496440e+00 1.078745365726117289e-01 6.319262396203063625e-01
9.268047528867455753e+00 1.080320476699333093e-01 6.305680602625749476e-01
9.248279274388327309e+00 1.081895587672548759e-01 6.292230919892837226e-01
9.228703789141688318e+00 1.083470698645764424e-01 6.278912391128040893e-01
9.209319682189907041e+00 1.085045809618980228e-01 6.265724069982260280e-01
9.190125577893704545e+00 1.086620920592195894e-01 6.252665020514899252e-01
9.171120115739892498e+00 1.088196031565411698e-01 6.239734317076665038e-01
9.152301950171496614e+00 1.089771142538627363e-01 6.226931044193997344e-01
9.133669750419905142e+00 1.091346253511843029e-01 6.214254296454851945e-01
9.115222200339502479e+00 1.092921364485058833e-01 6.201703178396203997e-01
9.096957998244100452e+00 1.094496475458274498e-01 6.189276804392761511e-01
9.078875856745890260e+00 1.096071586431490302e-01 6.176974298547374120e-01
9.060974502596218727e+00 1.097646697404705968e-01 6.164794794582736381e-01
9.043252676528625855e+00 1.099221808377921633e-01 6.152737435734557669e-01
9.025709133103651638e+00 1.100796919351137437e-01 6.140801374646002175e-01
9.008342640556113778e+00 1.102372030324353103e-01 6.128985773263774250e-01
8.991151980643964592e+00 1.103947141297568907e-01 6.117289802735272897e-01
8.974135948499217363e+00 1.105522252270784572e-01 6.105712643307183995e-01
8.957293352481030979e+00 1.107097363244000238e-01 6.094253484225519157e-01
8.940623014030384397e+00 1.108672474217216042e-01 6.082911523636728157e-01
8.924123767526738860e+00 1.110247585190431707e-01 6.071685968490195817e-01
8.907794458177457741e+00 1.111822696163647373e-01 6.060576033102261784e-01
8.891633537578464086e+00 1.113397807136863177e-01 6.049580663988729512e-01
8.875638577905764492e+00 1.114972918110078842e-01 6.038698209336468281e-01
8.859807063611297551e+00 1.116548029083294646e-01 6.027926957647705697e-01
8.844136513094433383e+00 1.118123140056510312e-01 6.017265220521426095e-01
8.828624478113981766e+00 1.119698251029725977e-01 6.006711332253286129e-01
8.813268543212348760e+00 1.121273362002941781e-01 5.996263649443845933e-01
8.798066325151719269e+00 1.122848472976157447e-01 5.985920550614969304e-01
8.783015472362167841e+00 1.124423583949373251e-01 5.975680435834329618e-01
8.768113664401123941e+00 1.125998694922588916e-01 5.965541726347640683e-01
8.753358611424090441e+00 1.127573805895804582e-01 5.955502864218567005e-01
8.738748053666565596e+00 1.129148916869020386e-01 5.945562311976230196e-01
8.724279760936276773e+00 1.130724027842236051e-01 5.935718552269740877e-01
8.709951532116420481e+00 1.132299138815451855e-01 5.925970087530222363e-01
8.695761194678699013e+00 1.133874249788667521e-01 5.916315439639492357e-01
8.681706604206848255e+00 1.135449360761883186e-01 5.906753149605893372e-01
8.667785643929429185e+00 1.137024471735098990e-01 5.897281777246417001e-01
8.653996224262781922e+00 1.138599582708314656e-01 5.887899900875734893e-01
8.640336282362852671e+00 1.140174693681530321e-01 5.878606117001290432e-01
8.626803781686518846e+00 1.141749804654746125e-01 5.869399040024829706e-01
8.613396711561756902e+00 1.143324915627961791e-01 5.860277301949962103e-01
8.600113086766505432e+00 1.144900026601177595e-01 5.851239552095627294e-01
8.586950947116241295e+00 1.146475137574393260e-01 5.842284456815503013e-01
8.573908357059767837e+00 1.148050248547608926e-01 5.833410699222986162e-01
8.560983405283428382e+00 1.149625359520824730e-01 5.824616978921908217e-01
8.548174204322988246e+00 1.151200470494040395e-01 5.815902011742490885e-01
8.535478890183718192e+00 1.152775581467256200e-01 5.807264529482836224e-01
8.522895621967929713e+00 1.154350692440471865e-01 5.798703279655537113e-01
8.510422581510074025e+00 1.155925803413687530e-01 5.790217025239390303e-01
8.498057973019122358e+00 1.157500914386903335e-01 5.781804544436116577e-01
8.485800022728174241e+00 1.159076025360119000e-01 5.773464630431919264e-01
8.473646978551167663e+00 1.160651136333334804e-01 5.765196091163952152e-01
8.461597109746220369e+00 1.162226247306550470e-01 5.756997749091269378e-01
8.449648706585954017e+00 1.163801358279766135e-01 5.748868440970504867e-01
8.437800080034254080e+00 1.165376469252981939e-01 5.740807017635967124e-01
8.426049561429376666e+00 1.166951580226197605e-01 5.732812343784028375e-01
8.414395502106836844e+00 1.168526691199413270e-01 5.724883297716547581e-01
8.402836071792059158e+00 1.170101802172629074e-01 5.717018634173739455e-01
8.391368819150249792e+00 1.171676913145844739e-01 5.709216685346477638e-01
8.379991195179965047e+00 1.173252024119060544e-01 5.701475716976394104e-01
8.368700682636102783e+00 1.174827135092276209e-01 5.693794016411113379e-01
8.357494795539549770e+00 1.176402246065491874e-01 5.686169892270636073e-01
8.346371078699144519e+00 1.177977357038707679e-01 5.678601674122079057e-01
8.335327107245506184e+00 1.179552468011923344e-01 5.671087712162535821e-01
8.324360486176514584e+00 1.181127578985139148e-01 5.663626376909808302e-01
8.313468849914306347e+00 1.182702689958354814e-01 5.656216058901022414e-01
8.302649861873110382e+00 1.184277800931570479e-01 5.648855168398582149e-01
8.291901214038139400e+00 1.185852911904786283e-01 5.641542135103669864e-01
8.281220626554945952e+00 1.187428022878001949e-01 5.634275407876853103e-01
8.270605847329049354e+00 1.189003133851217753e-01 5.627053454465695825e-01
8.260054651635590162e+00 1.190578244824433418e-01 5.619874761239153083e-01
8.249564841738962429e+00 1.192153355797649084e-01 5.612737832928811343e-01
8.239134246521722105e+00 1.193728466770864888e-01 5.605641192376382698e-01
8.228760721123157040e+00 1.195303577744080553e-01 5.598583380287822653e-01
8.218442146586706798e+00 1.196878688717296219e-01 5.591562954993435364e-01
8.208176429516287342e+00 1.198453799690512023e-01 5.584578492214046230e-01
8.197961501741453105e+00 1.200028910663727688e-01 5.577628584833187464e-01
8.187795319990812004e+00 1.201604021636943492e-01 5.570711842674918035e-01
8.177675865573794667e+00 1.203179132610159158e-01 5.563826892287279113e-01
8.167601144070438579e+00 1.204754243583374823e-01 5.556972376731257324e-01
8.157569185029093006e+00 1.206329354556590627e-01 5.550146955375105939e-01
8.147578041671511784e+00 1.207904465529806293e-01 5.543349303693700936e-01
8.137625790605810039e+00 1.209479576503022097e-01 5.536578113073238328e-01
8.127710531546370021e+00 1.211054687476237762e-01 5.529832090620679930e-01
8.117830387041085061e+00 1.212629798449453428e-01 5.523109958978167366e-01
8.107983502205241777e+00 1.214204909422669232e-01 5.516410456141969121e-01
8.098168044462550341e+00 1.215780020395884897e-01 5.509732335286288141e-01
8.088382203292336925e+00 1.217355131369100563e-01 5.503074364591252765e-01
8.078624189983617754e+00 1.218930242342316367e-01 5.496435327075607225e-01
8.068892237394939215e+00 1.220505353315532032e-01 5.489814020433299024e-01
8.059184599720737197e+00 1.222080464288747836e-01 5.483209256874536086e-01
8.049499552263464253e+00 1.223655575261963502e-01 5.476619862970738550e-01
8.039835391211545002e+00 1.225230686235179167e-01 5.470044679503461849e-01
8.030190433422957241e+00 1.226805797208394971e-01 5.463482561317164476e-01
8.020563016183354321e+00 1.228380908181610637e-01 5.456932377154637415e-01
8.010951452310772325e+00 1.229956019154826441e-01 5.450392979111687852e-01
8.001353941619727905e+00 1.231531130128042106e-01 5.443863142400179322e-01
7.991768681150039022e+00 1.233106241101257772e-01 5.437341640344154348e-01
7.982193890113221002e+00 1.234681352074473576e-01 5.430827261352570989e-01
7.972627809684730060e+00 1.236256463047689241e-01 5.424318808777938150e-01
7.963068702801713528e+00 1.237831574020905046e-01 5.417815100778714532e-01
7.953514853966707321e+00 1.239406684994120711e-01 5.411314970185763240e-01
7.943964569056449321e+00 1.240981795967336376e-01 5.404817264372258068e-01
7.934416175136149718e+00 1.242556906940552180e-01 5.398320845127326795e-01
7.924868020278862168e+00 1.244132017913767846e-01 5.391824588533159490e-01
7.915318473389816312e+00 1.245707128886983511e-01 5.385327384845483012e-01
7.905765924035732084e+00 1.247282239860199315e-01 5.378828138377438339e-01
7.896208782278732130e+00 1.248857350833414981e-01 5.372325767386572082e-01
7.886645478515025509e+00 1.250432461806630924e-01 5.365819203965099815e-01
7.877074463317788933e+00 1.252007572779846589e-01 5.359307393932974950e-01
7.867494207284808638e+00 1.253582683753062255e-01 5.352789296734273838e-01
7.857903200889885476e+00 1.255157794726277920e-01 5.346263885336054456e-01
7.848299954338667561e+00 1.256732905699493585e-01 5.339730146130287070e-01
7.838682997428317201e+00 1.258308016672709251e-01 5.333187078838390605e-01
7.829050879411184383e+00 1.259883127645924916e-01 5.326633696418452413e-01
7.819402168861993019e+00 1.261458238619140859e-01 5.320069024974883876e-01
7.809735453548919182e+00 1.263033349592356525e-01 5.313492103670707234e-01
7.800049340308040868e+00 1.264608460565572190e-01 5.306901984642117265e-01
7.790342454921280968e+00 1.266183571538787855e-01 5.300297732915466575e-01
7.780613441997672020e+00 1.267758682512003521e-01 5.293678426326455799e-01
7.770860964857758901e+00 1.269333793485219464e-01 5.287043155441499831e-01
7.761083705421273571e+00 1.270908904458435129e-01 5.280391023481293411e-01
7.751280364097644870e+00 1.272484015431650795e-01 5.273721146246332925e-01
7.741449659679477513e+00 1.274059126404866460e-01 5.267032652044429941e-01
7.731590329239086401e+00 1.275634237378082125e-01 5.260324681620323073e-01
7.721701128027341099e+00 1.277209348351298068e-01 5.253596388086855251e-01
7.711780829375481261e+00 1.278784459324513734e-01 5.246846936858163835e-01
7.701828224599411854e+00 1.280359570297729399e-01 5.240075505584574911e-01
7.691842122906349388e+00 1.281934681270945064e-01 5.233281284089094099e-01
7.681821351303923073e+00 1.283509792244160730e-01 5.226463474305539370e-01
7.671764754511697149e+00 1.285084903217376673e-01 5.219621290218364740e-01
7.661671194874602797e+00 1.286660014190592338e-01 5.212753957803764049e-01
7.651539552278767253e+00 1.288235125163808004e-01 5.205860714972381231e-01
7.641368724069254270e+00 1.289810236137023669e-01 5.198940811513360627e-01
7.631157625421843171e+00 1.291385347110239334e-01 5.191993509347296865e-01
7.620905322232740531e+00 1.292960458083455277e-01 5.185018172940096814e-01
7.610611213807211506e+00 1.294535569056670943e-01 5.178014393598437959e-01
7.600274757206824106e+00 1.296110680029886608e-01 5.170981801924526833e-01
7.589895420262566361e+00 1.297685791003102274e-01 5.163920035847727741e-01
7.579472681523918176e+00 1.299260901976317939e-01 5.156828740589924909e-01
7.569006030208505820e+00 1.300836012949533882e-01 5.149707568631272103e-01
7.558494966152245809e+00 1.302411123922749547e-01 5.142556179676255335e-01
7.547938999759843171e+00 1.303986234895965213e-01 5.135374240620026454e-01
7.537337651955834161e+00 1.305561345869180878e-01 5.128161425515098681e-01
7.526690454135909647e+00 1.307136456842396544e-01 5.120917415538204231e-01
7.515996948118661258e+00 1.308711567815612486e-01 5.113641898957502763e-01
7.505256686097784069e+00 1.310286678788828152e-01 5.106334571100019648e-01
7.494469230594360987e+00 1.311861789762043817e-01 5.098995134319216360e-01
7.483634154409764427e+00 1.313436900735259483e-01 5.091623297962920569e-01
7.472751040578630821e+00 1.315012011708475148e-01 5.084218778341348388e-01
7.461819482322117558e+00 1.316587122681690813e-01 5.076781298695302036e-01
7.450839083001627117e+00 1.318162233654906756e-01 5.069310589164661707e-01
7.439809456072469906e+00 1.319737344628122422e-01 5.061806386756899645e-01
7.428730225037971202e+00 1.321312455601338087e-01 5.054268435315818486e-01
7.417601023403554095e+00 1.322887566574553753e-01 5.046696485490326234e-01
7.406421494631301172e+00 1.324462677547769418e-01 5.039090294703528761e-01
7.395191292094403401e+00 1.326037788520985361e-01 5.031449627121719059e-01
7.383910079031871021e+00 1.327612899494201026e-01 5.023774253623585206e-01
7.372577528503418520e+00 1.329188010467416692e-01 5.016063951769507145e-01
7.361193323344264350e+00 1.330763121440632357e-01 5.008318505770787965e-01
7.349757156120359625e+00 1.332338232413848023e-01 5.000537706459223797e-01
7.338268729083353037e+00 1.333913343387063966e-01 4.992721351256437234e-01
7.326727754125839986e+00 1.335488454360279631e-01 4.984869244143444456e-01
7.315133952736557532e+00 1.337063565333495296e-01 4.976981195630161836e-01
7.303487055955709906e+00 1.338638676306710962e-01 4.969057022725025252e-01
7.291786804330270932e+00 1.340213787279926627e-01 4.961096548904561088e-01
7.280032947869159443e+00 1.341788898253142570e-01 4.953099604082901730e-01
7.268225245998793937e+00 1.343364009226358236e-01 4.945066024581539210e-01
7.256363467518101018e+00 1.344939120199573901e-01 4.936995653098725789e-01
7.244447390553965249e+00 1.346514231172789566e-01 4.928888338679144887e-01
7.232476802516373482e+00 1.348089342146005232e-01 4.920743936683410480e-01
7.220451500053670202e+00 1.349664453119221175e-01 4.912562308757614793e-01
7.208371289007562410e+00 1.351239564092436840e-01 4.904343322802720007e-01
7.196235984368255956e+00 1.352814675065652505e-01 4.896086852944026568e-01
7.184045410229260575e+00 1.354389786038868171e-01 4.887792779500433338e-01
7.171799399742463166e+00 1.355964897012083836e-01 4.879460988953868150e-01
7.159497796452207297e+00 1.357540007985299779e-01 4.871091374856945100e-01
7.147140709490373389e+00 1.359115118958515445e-01 4.862684011459475486e-01
7.134728807778434323e+00 1.360690229931731110e-01 4.854239353874055807e-01
7.122262830150713597e+00 1.362265340904946775e-01 4.845757904779730008e-01
7.109743511998450671e+00 1.363840451878162441e-01 4.837240164512975893e-01
7.097171585252131543e+00 1.365415562851378384e-01 4.828686631055690293e-01
7.084547778364018278e+00 1.366990673824594049e-01 4.820097800023291357e-01
7.071872816291463693e+00 1.368565784797809715e-01 4.811474164653384289e-01
7.059147420480632817e+00 1.370140895771025380e-01 4.802816215794667998e-01
7.046372308850924249e+00 1.371716006744241045e-01 4.794124441896344124e-01
7.033548195779879109e+00 1.373291117717456711e-01 4.785399328997850255e-01
7.020675792088538536e+00 1.374866228690672654e-01 4.776641360718897333e-01
7.007755805027464646e+00 1.376441339663888319e-01 4.767851018249956163e-01
6.994788938263264200e+00 1.378016450637103985e-01 4.759028780343084741e-01
6.981775891865496853e+00 1.379591561610319650e-01 4.750175123303034819e-01
6.968717362294344575e+00 1.381166672583535315e-01 4.741290520978849177e-01
6.955614042388566176e+00 1.382741783556751258e-01 4.732375444755674287e-01
6.942466621354032696e+00 1.384316894529966924e-01 4.723430363546951560e-01
6.929275784752828571e+00 1.385892005503182589e-01 4.714455743787014930e-01
6.916042214492688522e+00 1.387467116476398254e-01 4.705452049423888838e-01
6.902766588817113913e+00 1.389042227449613920e-01 4.696419741912576384e-01
6.889449582295776864e+00 1.390617338422829863e-01 4.687359280208523438e-01
6.876091865815507020e+00 1.392192449396045528e-01 4.678271120761493540e-01
6.862694106571748165e+00 1.393767560369261194e-01 4.669155717509742565e-01
6.849256968060425166e+00 1.395342671342476859e-01 4.660013521874498688e-01
6.835781110070263900e+00 1.396917782315692524e-01 4.650844982754728796e-01
6.822267188675640526e+00 1.398492893288908467e-01 4.641650546522277376e-01
6.808715856229729191e+00 1.400068004262124133e-01 4.632430657017206910e-01
6.795127761358283891e+00 1.401643115235339798e-01 4.623185755543552933e-01
6.781503548953635274e+00 1.403218226208555464e-01 4.613916280865261732e-01
6.767843860169277193e+00 1.404793337181771129e-01 4.604622669202487195e-01
6.754149332414799645e+00 1.406368448154987072e-01 4.595305354228155781e-01
6.740420599351272912e+00 1.407943559128202737e-01 4.585964767064822367e-01
6.726658290887006508e+00 1.409518670101418403e-01 4.576601336281782562e-01
6.712863033173615435e+00 1.411093781074634068e-01 4.567215487892397618e-01
6.699035448602809417e+00 1.412668892047849734e-01 4.557807645351915626e-01
6.685176155803178588e+00 1.414244003021065677e-01 4.548378229555272712e-01
6.671285769637599117e+00 1.415819113994281342e-01 4.538927658835337775e-01
6.657364901200978125e+00 1.417394224967497007e-01 4.529456348961377055e-01
6.643414157818376964e+00 1.418969335940712673e-01 4.519964713137770707e-01
6.629434143043365424e+00 1.420544446913928338e-01 4.510453162002902028e-01
6.615425456657044734e+00 1.422119557887144281e-01 4.500922103628486881e-01
6.601388694667146950e+00 1.423694668860359946e-01 4.491371943518963072e-01
6.587324449307540242e+00 1.425269779833575612e-01 4.481803084611149512e-01
6.573233309167441973e+00 1.426844890806791277e-01 4.472215927362165333e-01
6.559116047383280801e+00 1.428420001780006943e-01 4.462610997789103195e-01
6.544973993657850819e+00 1.429995112753222608e-01 4.452989200578851836e-01
6.530808567329118297e+00 1.431570223726438551e-01 4.443351501403184356e-01
6.516621170980916311e+00 1.433145334699654216e-01 4.433698854534900979e-01
6.502413190513641084e+00 1.434720445672869882e-01 4.424032202895928911e-01
6.488185995217313540e+00 1.436295556646085547e-01 4.414352478107035904e-01
6.473940937847019406e+00 1.437870667619301213e-01 4.404660600539148652e-01
6.459679354700434750e+00 1.439445778592517156e-01 4.394957479366102260e-01
6.445402565697603947e+00 1.441020889565732821e-01 4.385244012618923493e-01
6.431111874462787981e+00 1.442596000538948486e-01 4.375521087241511231e-01
6.416808568408097990e+00 1.444171111512164152e-01 4.365789579147538180e-01
6.402493918819392782e+00 1.445746222485379817e-01 4.356050353278905218e-01
6.388169180943763514e+00 1.447321333458595760e-01 4.346304263665239920e-01
6.373835594078877342e+00 1.448896444431811426e-01 4.336552153484702354e-01
6.359494381664131168e+00 1.450471555405027091e-01 4.326794855125999928e-01
6.345146751373301086e+00 1.452046666378242756e-01 4.317033190251413077e-01
6.330793895208966404e+00 1.453621777351458422e-01 4.307267969861054979e-01
6.316436989598262386e+00 1.455196888324674365e-01 4.297499994357997788e-01
6.302077195490303652e+00 1.456771999297890030e-01 4.287730053614576264e-01
6.287715658454770207e+00 1.458347110271105695e-01 4.277958927039448023e-01
6.273353508782150811e+00 1.459922221244321361e-01 4.268187383645808963e-01
6.258991861584966898e+00 1.461497332217537026e-01 4.258416182120247639e-01
6.244631816900383825e+00 1.463072443190752969e-01 4.248646070892572735e-01
6.230274459793989195e+00 1.464647554163968635e-01 4.238877788206409924e-01
6.215920860464629882e+00 1.466222665137184300e-01 4.229112062190537591e-01
6.201572074350386821e+00 1.467797776110399965e-01 4.219349610930983596e-01
6.187229142235472601e+00 1.469372887083615631e-01 4.209591142543754327e-01
6.172893090358124724e+00 1.470947998056831574e-01 4.199837355248245974e-01
6.158564930519415448e+00 1.472523109030047239e-01 4.190088937441275863e-01
6.144245660192946268e+00 1.474098220003262905e-01 4.180346567771704991e-01
6.129936262635235167e+00 1.475673330976478570e-01 4.170610915215557934e-01
6.115637706997003598e+00 1.477248441949694235e-01 4.160882639151721740e-01
6.101350948435031007e+00 1.478823552922910178e-01 4.151162389438066147e-01
6.087076928224814942e+00 1.480398663896125844e-01 4.141450806488075620e-01
6.072816573873773827e+00 1.481973774869341509e-01 4.131748521347882175e-01
6.058570799234962223e+00 1.483548885842557175e-01 4.122056155773630159e-01
6.044340504621523280e+00 1.485123996815772840e-01 4.112374322309341190e-01
6.030126576921357895e+00 1.486699107788988505e-01 4.102703624364937296e-01
6.015929889712444023e+00 1.488274218762204448e-01 4.093044656294697603e-01
6.001751303378592972e+00 1.489849329735420114e-01 4.083398003476016447e-01
5.987591665225319382e+00 1.491424440708635779e-01 4.073764242388236423e-01
5.973451809596360462e+00 1.492999551681851444e-01 4.064143940691925527e-01
5.959332557990195234e+00 1.494574662655067110e-01 4.054537657308150411e-01
5.945234719177141969e+00 1.496149773628283053e-01 4.044945942498152092e-01
5.931159089316343724e+00 1.497724884601498718e-01 4.035369337942927292e-01
5.917106452073170431e+00 1.499299995574714384e-01 4.025808376823123425e-01
5.903077604911493914e+00 1.500875106547930049e-01 4.016263601707431574e-01
5.889073580147675457e+00 1.502450217521145714e-01 4.006735714950609428e-01
5.875095529851195764e+00 1.504025328494361657e-01 3.997225500383569941e-01
5.861144589081679790e+00 1.505600439467577323e-01 3.987733730264275689e-01
5.847221874621768123e+00 1.507175550440792988e-01 3.978261164415607953e-01
5.833328485161255905e+00 1.508750661414008654e-01 3.968808550350672593e-01
5.819465501481910330e+00 1.510325772387224319e-01 3.959376623398517259e-01
5.805633986642692257e+00 1.511900883360440262e-01 3.949966106830176127e-01
5.791834986165796728e+00 1.513475994333655927e-01 3.940577711985223663e-01
5.778069528222848916e+00 1.515051105306871593e-01 3.931212138398472722e-01
5.764338623821557483e+00 1.516626216280087258e-01 3.921870073926961298e-01
5.750643266992891967e+00 1.518201327253302924e-01 3.912552194877293998e-01
5.736984434978125158e+00 1.519776438226518867e-01 3.903259166132914126e-01
5.723363088416401290e+00 1.521351549199734532e-01 3.893991641281712712e-01
5.709780171532299775e+00 1.522926660172950197e-01 3.884750262743634774e-01
5.696236612323390069e+00 1.524501771146165863e-01 3.875535661898296125e-01
5.682733322747978377e+00 1.526076882119381528e-01 3.866348459212715638e-01
5.669271198912642973e+00 1.527651993092597471e-01 3.857189264368900972e-01
5.655851121259842351e+00 1.529227104065813136e-01 3.848058676391507005e-01
5.642473954755153009e+00 1.530802215039028802e-01 3.838957283775210616e-01
5.629140549074580058e+00 1.532377326012244467e-01 3.829885664612161511e-01
5.615851738791365122e+00 1.533952436985460133e-01 3.820844386719072228e-01
5.602608343562764048e+00 1.535527547958676076e-01 3.811834007764304255e-01
5.589411168316250844e+00 1.537102658931891741e-01 3.802855075394547812e-01
5.576261003435426744e+00 1.538677769905107406e-01 3.793908127361312332e-01
5.563158624945632624e+00 1.540252880878323072e-01 3.784993691647207115e-01
5.550104794698871302e+00 1.541827991851538737e-01 3.776112286591763456e-01
5.537100260558421638e+00 1.543403102824754403e-01 3.767264421017035292e-01
5.524145756582823807e+00 1.544978213797970346e-01 3.758450594352774621e-01
5.511242003209228635e+00 1.546553324771186011e-01 3.749671296761181716e-01
5.498389707436286855e+00 1.548128435744401676e-01 3.740927009261337255e-01
5.485589563006289637e+00 1.549703546717617342e-01 3.732218203853117644e-01
5.472842250586596791e+00 1.551278657690833007e-01 3.723545343640639604e-01
5.460148437950440581e+00 1.552853768664048950e-01 3.714908882955271774e-01
5.447508780156919528e+00 1.554428879637264616e-01 3.706309267478097857e-01
5.434923919730287878e+00 1.556003990610480281e-01 3.697746934361894056e-01
5.422394486838361338e+00 1.557579101583695946e-01 3.689222312352519184e-01
5.409921099470167860e+00 1.559154212556911612e-01 3.680735821909773553e-01
5.397504363612675604e+00 1.560729323530127555e-01 3.672287875327643336e-01
5.385144873426721546e+00 1.562304434503343220e-01 3.663878876853998157e-01
5.372843211421948872e+00 1.563879545476558885e-01 3.655509222809612546e-01
5.360599948630976108e+00 1.565454656449774551e-01 3.647179301706656718e-01
5.348415644782321898e+00 1.567029767422990216e-01 3.638889494366367994e-01
5.336290848472804882e+00 1.568604878396206159e-01 3.630640174036325329e-01
5.324226097338477182e+00 1.570179989369421825e-01 3.622431706506752391e-01
5.312221918224931727e+00 1.571755100342637490e-01 3.614264450226400971e-01
5.300278827356357247e+00 1.573330211315853155e-01 3.606138756417560098e-01
5.288397330503689986e+00 1.574905322289068821e-01 3.598054969190458974e-01
5.276577923151640981e+00 1.576480433262284764e-01 3.590013425656914947e-01
5.264821051881441782e+00 1.578055544235500429e-01 3.582014429656393273e-01
5.253126988746405601e+00 1.579630655208716095e-01 3.574058166285190574e-01
5.241495955072796420e+00 1.581205766181931760e-01 3.566144786126563826e-01
5.241495955072796420e+00 1.581205766181931760e-01 3.566144786126563826e-01
4.079369477431632696e+00 1.826842454521749870e-01 2.791731683220714522e-01
3.464230430418232753e+00 2.073525430377324841e-01 1.856151392827559421e-01
2.746425438913599137e+00 2.322407203492417860e-01 1.578736521331380871e-01
2.389108391050181357e+00 2.568837818198746459e-01 1.472656448560978326e-01
2.015804340202540956e+00 2.811184729179193598e-01 9.421921765002626292e-02
1.766594118162291505e+00 3.057758170190760794e-01 7.111660167691717660e-02
1.539826768873289176e+00 3.308749588216616799e-01 6.082877538768287351e-02
1.342720422350369258e+00 3.553458836143503774e-01 4.935236010804142787e-02
1.213011968753651804e+00 3.797183506574301481e-01 5.192852792847808124e-02
1.068864751968131799e+00 4.042043120935024936e-01 2.839097260305957493e-02
9.712064869925234323e-01 4.287407985369371399e-01 2.171388307997500558e-02
8.837698920460477225e-01 4.533371424922238990e-01 1.871433333170389665e-02
7.966094227551097084e-01 4.779959634912051558e-01 2.699581828035113942e-02
7.268114390012003767e-01 5.026629933946460405e-01 1.824979827886580655e-02
6.740640487697514560e-01 5.271487506500315279e-01 1.984747757392379269e-02
6.262383101266792984e-01 5.515427964227138657e-01 1.392326022670899166e-02
5.838295691978208080e-01 5.762240530263548210e-01 1.190168826708671093e-02
5.445619735380167192e-01 6.007285446297923048e-01 9.808798091059387977e-03
5.065764312199069197e-01 6.252568531449649303e-01 1.523822324583412602e-02
4.850463111744812150e-01 6.499965502683907603e-01 1.460836795521066635e-02
4.602964717544879569e-01 6.746857991314229031e-01 1.109699858313549156e-02
4.443955522419498760e-01 6.991270364754236244e-01 8.627785486660611777e-03
4.310004953523399740e-01 7.235756604093172006e-01 7.587477801458897969e-03
4.268165861952882834e-01 7.479714013051395050e-01 9.588511337487845912e-03
4.240651476908353645e-01 7.726132299420060967e-01 8.028449706206034625e-03
4.202077465290338654e-01 7.972349387995918413e-01 8.456990189773982286e-03
4.053595566131388828e-01 8.217736356692634248e-01 1.006072808612651012e-02
3.927493552787270081e-01 8.463200505719705724e-01 7.861754619330901112e-03
3.817154427191206678e-01 8.708218859006343626e-01 6.907991555597725424e-03
3.762197818844260633e-01 8.954790463233904818e-01 6.903110050570261148e-03
3.697972721576986421e-01 9.199626960429320155e-01 7.473235493232945753e-03
3.708200782941803997e-01 9.443606208269833546e-01 9.274177673300803768e-03
3.717497326637272947e-01 9.688687146412832130e-01 9.409488884689783811e-03
3.704000752045387701e-01 9.930926048855095445e-01 1.143984432321889545e-02
3.782476497120971226e-01 1.017620455362175491e+00 8.563009767528316843e-03
3.907633481376817097e-01 1.042409919186157552e+00 1.111629035283381167e-02
4.104186366412471698e-01 1.066789561870425063e+00 1.010539825515389956e-02
4.202755574727020660e-01 1.090909765172895618e+00 1.282502280692666800e-02
4.152550884554060406e-01 1.115651582439790346e+00 2.137944015291851768e-02
4.270779007909176195e-01 1.140641543091339027e+00 1.363119905419738452e-02
4.333848988674242064e-01 1.164692026865203012e+00 2.458138316298728518e-02
4.490111524517479413e-01 1.188605021497627590e+00 2.067078011345668126e-02
4.813999230047265043e-01 1.214006438167991364e+00 1.875968211888998094e-02
5.189742520928783964e-01 1.240498485730926914e+00 2.682426819315262417e-02
5.889327114142951514e-01 1.264816150349954427e+00 5.524707677672811151e-02
6.258093044009201966e-01 1.284554513240047102e+00 7.796650468622669250e-02
6.772745794044416900e-01 1.309527810458392949e+00 1.128190834780651158e-01
9.835935239854294299e-01 1.335814856768205550e+00 1.670967184093981317e-01
9.463051848794026277e-01 1.360349523175663267e+00 1.143869006395782595e+00
