5.135455895516543912e+00 7.669903939428205850e-04 3.495000276105316717e-01
6.120958803559714667e+00 9.245014912643925459e-04 4.165696900862724816e-01
7.088266378575669435e+00 1.082012588585964507e-03 4.824010458712776339e-01
8.037437046274298780e+00 1.239523685907536251e-03 5.469980712020563463e-01
8.968457519127989386e+00 1.397034783229108429e-03 6.103598617788996705e-01
9.881281843962151257e+00 1.554545880550680173e-03 6.724832901996621315e-01
1.077588518676305895e+01 1.712056977872252134e-03 7.333666663537361519e-01
1.165226371829159469e+01 1.869568075193824095e-03 7.930097296373500582e-01
1.251046497214921871e+01 2.027079172515396273e-03 8.514157150106239635e-01
1.335053641141703729e+01 2.184590269836968017e-03 9.085878526343252881e-01
1.417260209095844381e+01 2.342101367158539761e-03 9.645345852210517323e-01
1.497678780506512197e+01 2.499612464480111939e-03 1.019264473862420584e+00
1.576324022454734752e+01 2.657123561801683683e-03 1.072787500428255658e+00
1.653215740838288283e+01 2.814634659123255861e-03 1.125117144075930886e+00
1.728374743030805050e+01 2.972145756444827605e-03 1.176267565530036974e+00
1.801821564397483044e+01 3.129656853766399783e-03 1.226252740396343022e+00
1.873579620597837447e+01 3.287167951087971527e-03 1.275088604501801282e+00
1.943674692155520844e+01 3.444679048409543271e-03 1.322792703111937085e+00
2.012132631893155121e+01 3.602190145731115449e-03 1.369382630696266867e+00
2.078978576855653415e+01 3.759701243052687193e-03 1.414875494592618743e+00
2.144238947084940250e+01 3.917212340374259805e-03 1.459289275298868649e+00
2.207941254876007164e+01 4.074723437695831549e-03 1.502642696659705956e+00
2.270113761128151353e+01 4.232234535017403293e-03 1.544954991992065763e+00
2.330784029615083952e+01 4.389745632338975037e-03 1.586244920175137851e+00
2.389978695032073830e+01 4.547256729660546781e-03 1.626530607791880856e+00
2.447724769063155392e+01 4.704767826982118525e-03 1.665830437989785917e+00
2.504049560031213773e+01 4.862278924303691137e-03 1.704162995797710467e+00
2.558980533184641004e+01 5.019790021625262881e-03 1.741546973042179758e+00
2.612545176232983124e+01 5.177301118946834625e-03 1.778001076835939775e+00
2.664770046411106108e+01 5.334812216268406369e-03 1.813543381045281455e+00
2.715680412355566986e+01 5.492323313589978981e-03 1.848191082564411225e+00
2.765301444803140640e+01 5.649834410911550725e-03 1.881961311660587111e+00
2.813658248022182562e+01 5.807345508233122469e-03 1.914871153365132139e+00
2.860775797594139291e+01 5.964856605554694213e-03 1.946937605129845927e+00
2.906678887918508281e+01 6.122367702876265957e-03 1.978177541100831105e+00
2.951392088065659536e+01 6.279878800197838569e-03 2.008607682073569212e+00
2.994939453902335558e+01 6.437389897519410313e-03 2.038244399576237598e+00
3.037343336652180881e+01 6.594900994840982057e-03 2.067102905020327785e+00
3.078625407874715592e+01 6.752412092162553801e-03 2.095197947263203186e+00
3.118807179602283597e+01 6.909923189484126413e-03 2.122544166593965276e+00
3.157909975203855169e+01 7.067434286805698157e-03 2.149156074904442271e+00
3.195954903876982911e+01 7.224945384127269901e-03 2.175048038329359557e+00
3.232962838981214304e+01 7.382456481448841645e-03 2.200234262500867288e+00
3.268954399742050754e+01 7.539967578770413389e-03 2.224728780096940639e+00
3.303949935915345293e+01 7.697478676091986001e-03 2.248545440404527973e+00
3.337969393084777892e+01 7.854989773413558612e-03 2.271697817646035400e+00
3.371031056453043107e+01 8.012500870735128622e-03 2.294198356050320520e+00
3.403152162488166965e+01 8.170011968056702101e-03 2.316058786116438117e+00
3.434349804262474493e+01 8.327523065378272110e-03 2.337290740753655616e+00
3.464640930104750538e+01 8.485034162699845589e-03 2.357905754364175266e+00
3.494042329280407699e+01 8.642545260021415598e-03 2.377915253097582227e+00
3.522570619531774838e+01 8.800056357342989077e-03 2.397330546371229332e+00
3.550242236287014208e+01 8.957567454664562556e-03 2.416162819526233907e+00
3.577073423366665850e+01 9.115078551986132566e-03 2.434423127502685524e+00
3.603080225034506157e+01 9.272589649307706045e-03 2.452122389429765903e+00
3.628278479256003664e+01 9.430100746629276054e-03 2.469271384037701633e+00
3.652683794155738184e+01 9.587611843950849533e-03 2.485880733635559281e+00
3.676310589375543003e+01 9.745122941272419542e-03 2.501960251695249049e+00
3.699171697083755816e+01 9.902634038593993021e-03 2.517518671313268896e+00
3.721279778028385721e+01 1.006014513591556303e-02 2.532564608923812077e+00
3.742647434738387346e+01 1.021765623323713651e-02 2.547106641339352606e+00
3.763287200621604711e+01 1.037516733055870999e-02 2.561153298331105166e+00
3.783211530131737277e+01 1.053267842788028000e-02 2.574713055937030592e+00
3.802432789915251732e+01 1.069018952520185348e-02 2.587794330436754553e+00
3.820963250856470239e+01 1.084770062252342349e-02 2.600405472937745710e+00
3.838815080946506697e+01 1.100521171984499696e-02 2.612554764522185824e+00
3.856000338908478398e+01 1.116272281716656697e-02 2.624250411908520153e+00
3.872530968516743854e+01 1.132023391448814045e-02 2.635500543585343802e+00
3.888418793553673680e+01 1.147774501180971046e-02 2.646313206379169447e+00
3.903675513351975468e+01 1.163525610913128394e-02 2.656696362420695401e+00
3.918312669402526183e+01 1.179276720645285742e-02 2.666657866419344103e+00
3.932340631292082378e+01 1.195027830377442743e-02 2.676204775530178548e+00
3.945768417908233516e+01 1.210778940109600091e-02 2.685343227672646993e+00
3.958604979613161845e+01 1.226530049841757092e-02 2.694079314130352731e+00
3.970859274101703562e+01 1.242281159573914440e-02 2.702419131177232092e+00
3.982540257502371617e+01 1.258032269306071441e-02 2.710368774021241212e+00
3.993656876136579825e+01 1.273783379038228789e-02 2.717934331195987152e+00
4.004218058891299137e+01 1.289534488770385789e-02 2.725121879369843736e+00
4.014232710163603457e+01 1.305285598502543137e-02 2.731937478544272935e+00
4.023709703338900567e+01 1.321036708234700485e-02 2.738387167615349949e+00
4.032657874767090789e+01 1.336787817966857486e-02 2.744476960274161215e+00
4.041086018204286745e+01 1.352538927699014834e-02 2.750212841224043192e+00
4.049002879688772794e+01 1.368290037431171835e-02 2.755600762693358075e+00
4.056417152823588168e+01 1.384041147163329183e-02 2.760646641224984155e+00
4.063337474438854002e+01 1.399792256895486184e-02 2.765356354724266552e+00
4.069772420609505303e+01 1.415543366627643532e-02 2.769735739748834025e+00
4.075730503005539873e+01 1.431294476359800533e-02 2.773790589024705433e+00
4.081220159418518278e+01 1.447045586091957881e-02 2.777526644998982164e+00
4.086249183693409748e+01 1.462796695824115228e-02 2.780949211872671079e+00
4.090824308304429735e+01 1.478547805556272229e-02 2.784062871517317017e+00
4.094952177383463265e+01 1.494298915288429577e-02 2.786872145681962731e+00
4.098639452774953895e+01 1.510050025020586578e-02 2.789381568170156367e+00
4.101892807898419591e+01 1.525801134752743926e-02 2.791595680663013113e+00
4.104718921986319202e+01 1.541552244484900927e-02 2.793519028797720072e+00
4.107124474676366788e+01 1.557303354217058275e-02 2.795156158487266396e+00
4.109116140938091633e+01 1.573054463949215276e-02 2.796511612467645236e+00
4.110700586315019933e+01 1.588805573681372624e-02 2.797589927059865644e+00
4.111884462465003764e+01 1.604556683413529972e-02 2.798395629134860396e+00
4.112674402982054289e+01 1.620307793145686973e-02 2.798933233269990328e+00
4.113077019484700969e+01 1.636058902877844320e-02 2.799207239086911159e+00
4.113098897955890010e+01 1.651810012610001321e-02 2.799222128760662009e+00
4.112746595321110021e+01 1.667561122342158669e-02 2.798982364690853597e+00
4.112026636251821543e+01 1.683312232074316017e-02 2.798492387326207087e+00
4.110945510182179419e+01 1.699063341806473018e-02 2.797756613134239956e+00
4.109509668527623916e+01 1.714814451538630366e-02 2.796779432708351276e+00
4.107725522094528259e+01 1.730565561270787367e-02 2.795565209004916341e+00
4.105599438670969903e+01 1.746316671002944715e-02 2.794118275703659560e+00
4.103137740788837817e+01 1.762067780735101716e-02 2.792442935684624761e+00
4.100346703400857962e+01 1.777818890467259064e-02 2.790543459447252239e+00
4.097232496023652004e+01 1.793570000199416065e-02 2.788424045735086843e+00
4.093801114423537513e+01 1.809321109931573412e-02 2.786088775043677135e+00
4.090058494562404690e+01 1.825072219663730760e-02 2.783541687167907952e+00
4.086010528798329489e+01 1.840823329395887761e-02 2.780786792227527560e+00
4.081663064100850846e+01 1.856574439128045109e-02 2.777828069452531690e+00
4.077021900397458865e+01 1.872325548860202110e-02 2.774669466057852141e+00
4.072092789044827299e+01 1.888076658592359458e-02 2.771314896202927258e+00
4.066881431418102011e+01 1.903827768324516459e-02 2.767768240031625471e+00
4.061393477612529068e+01 1.919578878056673807e-02 2.764033342788620118e+00
4.055634525251661415e+01 1.935329987788830808e-02 2.760114014008311134e+00
4.049610118396547165e+01 1.951081097520988156e-02 2.756014026772440673e+00
4.043325746550981137e+01 1.966832207253145504e-02 2.751737117033116409e+00
4.036786843757833765e+01 1.982583316985302505e-02 2.747286982997804827e+00
4.029998787781694602e+01 1.998334426717459852e-02 2.742667284573067743e+00
4.022966899373606964e+01 2.014085536449616853e-02 2.737881642864167020e+00
4.015696441613626888e+01 2.029836646181774201e-02 2.732933639727634478e+00
4.008192619327025596e+01 2.045587755913931202e-02 2.727826817373963930e+00
4.000460578570650938e+01 2.061338865646088550e-02 2.722564678018044138e+00
3.992505406185500760e+01 2.077089975378245551e-02 2.717150683574660164e+00
3.984332129412293000e+01 2.092841085110402899e-02 2.711588255396864877e+00
3.975945715566587779e+01 2.108592194842560247e-02 2.705880774054875371e+00
3.967351071770421811e+01 2.124343304574717248e-02 2.700031579153435057e+00
3.958553044737462301e+01 2.140094414306874596e-02 2.694043969185599519e+00
3.949556420608767127e+01 2.155845524039031597e-02 2.687921201420957473e+00
3.940365924836552836e+01 2.171596633771188944e-02 2.681666491826533161e+00
3.930986226642476566e+01 2.187347743503345945e-02 2.675283018100918841e+00
3.921422430133326031e+01 2.203098853235503293e-02 2.668774253909354410e+00
3.911680479944726585e+01 2.218849962967660294e-02 2.662144244949743221e+00
3.901766288157805462e+01 2.234601072699817642e-02 2.655397014764609320e+00
3.891685629565822069e+01 2.250352182431974990e-02 2.648536493463460317e+00
3.881444144508198235e+01 2.266103292164131991e-02 2.641566519651520561e+00
3.871047341659097185e+01 2.281854401896289339e-02 2.634490842327538385e+00
3.860500600770678403e+01 2.297605511628446340e-02 2.627313122750739804e+00
3.849809175370791792e+01 2.313356621360603688e-02 2.620036936276781692e+00
3.838978195415053563e+01 2.329107731092760689e-02 2.612665774162656884e+00
3.828012669893363551e+01 2.344858840824918036e-02 2.605203045340585888e+00
3.816917489390915819e+01 2.360609950557075037e-02 2.597652078160951561e+00
3.805697428603904342e+01 2.376361060289232385e-02 2.590016122104401575e+00
3.794357148810101421e+01 2.392112170021389733e-02 2.582298349463211462e+00
3.782901200294493549e+01 2.407863279753546734e-02 2.574501856992104543e+00
3.771334024730494860e+01 2.423614389485704082e-02 2.566629667528803171e+00
3.759659957516721107e+01 2.439365499217861083e-02 2.558684731584354832e+00
3.747883230070012672e+01 2.455116608950018431e-02 2.550669928903682493e+00
3.736007972074993688e+01 2.470867718682175432e-02 2.542588069996541300e+00
3.724038213690561605e+01 2.486618828414332780e-02 2.534441897639179597e+00
3.711977887713818802e+01 2.502369938146489781e-02 2.526234088347032447e+00
3.699830831701890332e+01 2.518121047878647129e-02 2.517967253818744311e+00
3.687600790052248101e+01 2.533872157610804476e-02 2.509643942351967638e+00
3.675291416041823567e+01 2.549623267342961477e-02 2.501266640231103455e+00
3.662906273825756642e+01 2.565374377075118825e-02 2.492837773087574593e+00
3.650448840396057193e+01 2.581125486807275826e-02 2.484359707232823844e+00
3.637922507500828573e+01 2.596876596539433174e-02 2.475834750964454489e+00
3.625330583524836214e+01 2.612627706271590175e-02 2.467265155846090963e+00
3.612676295331556275e+01 2.628378816003747523e-02 2.458653117960994727e+00
3.599962790067692708e+01 2.644129925735904524e-02 2.450000779140158791e+00
3.587193136930693527e+01 2.659881035468061872e-02 2.441310228165210816e+00
3.574370328899501459e+01 2.675632145200219220e-02 2.432583501946300242e+00
3.561497298436616177e+01 2.691383254932376221e-02 2.423822596208336844e+00
3.548577619710103193e+01 2.707134364664533568e-02 2.415029943397165813e+00
3.535615794147949487e+01 2.722885474396690569e-02 2.406208607017253698e+00
3.522616249304721947e+01 2.738636584128847917e-02 2.397361600297559736e+00
3.509583258127425864e+01 2.754387693861004918e-02 2.388491831246891017e+00
3.496520943471541898e+01 2.770138803593162266e-02 2.379602105727342654e+00
3.483433282505600914e+01 2.785889913325319267e-02 2.370695130451891508e+00
3.470324111005801626e+01 2.801641023057476615e-02 2.361773515907151566e+00
3.457197127542234938e+01 2.817392132789633963e-02 2.352839779202362980e+00
3.444055897558369850e+01 2.833143242521790964e-02 2.343896346845740997e+00
3.430903857345558805e+01 2.848894352253948312e-02 2.334945557449369158e+00
3.417744317914326757e+01 2.864645461986105313e-02 2.325989664363864673e+00
3.404580468764243051e+01 2.880396571718262660e-02 2.317030838244001689e+00
3.391415381554256214e+01 2.896147681450419661e-02 2.308071169546618506e+00
3.378252013675326282e+01 2.911898791182577009e-02 2.299112670962003779e+00
3.365093211727376854e+01 2.927649900914734010e-02 2.290157279780190791e+00
3.351941714902248037e+01 2.943401010646891358e-02 2.281206860193265129e+00
3.338800158274874263e+01 2.959152120379048706e-02 2.272263205535218766e+00
3.325671076004389448e+01 2.974903230111205707e-02 2.263328040460505175e+00
3.312556904447250616e+01 2.990654339843363055e-02 2.254403023062710343e+00
3.299459985184162747e+01 3.006405449575520056e-02 2.245489746934571595e+00
3.286382567962868961e+01 3.022156559307677404e-02 2.236589743170724010e+00
3.273326813558632153e+01 3.037907669039834405e-02 2.227704482314448065e+00
3.260294796554374130e+01 3.053658778771991752e-02 2.218835376249713498e+00
3.247288508042286281e+01 3.069409888504148753e-02 2.209983780039817436e+00
3.234309858248864344e+01 3.085160998236306101e-02 2.201150993713857584e+00
3.221360679085115919e+01 3.100912107968463102e-02 2.192338264002334558e+00
3.208442726623892582e+01 3.116663217700620450e-02 2.183546786023113917e+00
3.195557683505996138e+01 3.132414327432777451e-02 2.174777704918943400e+00
3.182707161277007302e+01 3.148165437164934799e-02 2.166032117447804328e+00
3.169892702656450112e+01 3.163916546897092147e-02 2.157311073527226952e+00
3.157115783741051374e+01 3.179667656629248801e-02 2.148615577733741677e+00
3.144377816143860471e+01 3.195418766361406149e-02 2.139946590758685652e+00
3.131680149070804475e+01 3.211169876093563497e-02 2.131305030821433188e+00
3.119024071336346893e+01 3.226920985825720151e-02 2.122691775041172235e+00
3.106410813319876141e+01 3.242672095557877499e-02 2.114107660768349994e+00
3.093841548864385160e+01 3.258423205290034846e-02 2.105553486876848623e+00
3.081317397118969836e+01 3.274174315022192194e-02 2.097030015017919524e+00
3.068839424326645471e+01 3.289925424754349542e-02 2.088537970836898960e+00
3.056408645717246841e+01 3.305676534486506196e-02 2.080078045261453124e+00
3.044026199153037027e+01 3.321427644218663544e-02 2.071651012678317194e+00
3.031693662378739873e+01 3.337178753950820892e-02 2.063257946841869028e+00
3.019412626160394097e+01 3.352929863682978240e-02 2.054899930368307537e+00
3.007184604270958772e+01 3.368680973415134894e-02 2.046577993475204860e+00
2.995011036083614187e+01 3.384432083147292242e-02 2.038293115746413697e+00
2.982893289089220801e+01 3.400183192879449590e-02 2.030046227845350160e+00
2.970832661340055836e+01 3.415934302611606938e-02 2.021838213178115851e+00
2.958830383821273813e+01 3.431685412343764285e-02 2.013669909507421973e+00
2.946887622752217695e+01 3.447436522075920939e-02 2.005542110518776067e+00
2.935005481819057138e+01 3.463187631808078287e-02 1.997455567339937454e+00
2.923185004340556148e+01 3.478938741540235635e-02 1.989410990014850222e+00
2.911427175368786635e+01 3.494689851272392983e-02 1.981409048933317596e+00
2.899732923726190492e+01 3.510440961004549637e-02 1.973450376217347202e+00
2.888103123981005282e+01 3.526192070736706985e-02 1.965535567065552103e+00
2.876538598362349930e+01 3.541943180468864333e-02 1.957665181056490011e+00
2.865040118616732556e+01 3.557694290201021681e-02 1.949839743412130399e+00
2.853608407807489655e+01 3.573445399933179029e-02 1.942059746222486449e+00
2.842244142058777001e+01 3.589196509665335683e-02 1.934325649632510968e+00
2.830947952245446331e+01 3.604947619397493030e-02 1.926637882992163098e+00
2.819720425630514526e+01 3.620698729129650378e-02 1.918996845970810439e+00
2.808562107451429668e+01 3.636449838861807726e-02 1.911402909636779945e+00
2.797473502456806926e+01 3.652200948593964380e-02 1.903856417503206888e+00
2.786455076394756603e+01 3.667952058326121728e-02 1.896357686540931065e+00
2.775507257454389887e+01 3.683703168058279076e-02 1.888907008159535605e+00
2.764630437661677931e+01 3.699454277790436424e-02 1.881504649157316855e+00
2.753824974231056899e+01 3.715205387522593772e-02 1.874150852641132126e+00
2.743091190873990470e+01 3.730956497254750426e-02 1.866845838916965761e+00
2.732429379065710862e+01 3.746707606986907774e-02 1.859589806352017760e+00
2.721839799271454297e+01 3.762458716719065122e-02 1.852382932209241995e+00
2.711322682133189232e+01 3.778209826451222469e-02 1.845225373454982387e+00
2.700878229618208692e+01 3.793960936183379123e-02 1.838117267540667399e+00
2.690506616130518935e+01 3.809712045915536471e-02 1.831058733159175889e+00
2.680207989586200767e+01 3.825463155647693819e-02 1.824049870976693466e+00
2.669982472453787992e+01 3.841214265379851167e-02 1.817090764340746123e+00
2.659830162760814787e+01 3.856965375112008515e-02 1.810181479965229157e+00
2.649751135067273466e+01 3.872716484844165169e-02 1.803322068592900562e+00
2.639745441407282200e+01 3.888467594576322517e-02 1.796512565636244396e+00
2.629813112199726177e+01 3.904218704308479865e-02 1.789752991797224357e+00
2.619954157128808703e+01 3.919969814040637213e-02 1.783043353666547315e+00
2.610168565995592616e+01 3.935720923772793867e-02 1.776383644303197507e+00
2.600456309541116084e+01 3.951472033504951215e-02 1.769773843794612223e+00
2.590817340242309896e+01 3.967223143237108562e-02 1.763213919798358731e+00
2.581251593081246654e+01 3.982974252969265910e-02 1.756703828065654616e+00
2.571758986288627469e+01 3.998725362701423258e-02 1.750243512947355917e+00
2.562339422062452954e+01 4.014476472433579912e-02 1.743832907883058558e+00
2.552992787262355279e+01 4.030227582165737260e-02 1.737471935873638129e+00
2.543718954080612704e+01 4.045978691897894608e-02 1.731160509937911263e+00
2.534517780690424615e+01 4.061729801630051956e-02 1.724898533553832491e+00
2.525389100465899261e+01 4.077480911362208610e-02 1.718685893322018376e+00
2.516332657489921232e+01 4.093232021094365958e-02 1.712522415074798188e+00
2.507348155152283198e+01 4.108983130826523306e-02 1.706407896950296488e+00
2.498435289446025109e+01 4.124734240558680654e-02 1.700342132052684141e+00
2.489593749479641360e+01 4.140485350290838001e-02 1.694324908800764584e+00
2.480823217866392838e+01 4.156236460022994655e-02 1.688356011192928996e+00
2.472123371099588951e+01 4.171987569755152003e-02 1.682435219062555998e+00
2.463493879914061324e+01 4.187738679487309351e-02 1.676562308324017758e+00
2.454934409634507730e+01 4.203489789219466699e-02 1.670737051209752577e+00
2.446444620510892776e+01 4.219240898951623353e-02 1.664959216498521855e+00
2.438024168041599182e+01 4.234992008683780701e-02 1.659228569735338388e+00
2.429672703284530044e+01 4.250743118415938049e-02 1.653544873443189456e+00
2.421389873156676131e+01 4.266494228148095397e-02 1.647907887326912180e+00
2.413175320722498185e+01 4.282245337880252745e-02 1.642317368469452976e+00
2.405028685471469529e+01 4.297996447612409399e-02 1.636773071520756906e+00
2.396949603585197153e+01 4.313747557344566746e-02 1.631274748879558256e+00
2.388937708194441001e+01 4.329498667076724094e-02 1.625822150868295513e+00
2.380992629626331691e+01 4.345249776808881442e-02 1.620415025901363881e+00
2.373113995642236418e+01 4.361000886541038096e-02 1.615053120646996687e+00
2.365301431666403786e+01 4.376751996273195444e-02 1.609736180182866461e+00
2.357554561005882832e+01 4.392503106005352792e-02 1.604463948145763430e+00
2.349873005061871112e+01 4.408254215737510140e-02 1.599236166875423359e+00
2.342256383532905417e+01 4.424005325469667488e-02 1.594052577552814709e+00
2.334704314610020148e+01 4.439756435201824142e-02 1.588912920332957723e+00
2.327216415164269492e+01 4.455507544933981490e-02 1.583816934472541016e+00
2.319792300926870610e+01 4.471258654666138838e-02 1.578764358452522387e+00
2.312431586662099647e+01 4.487009764398296185e-02 1.573754930095798032e+00
2.305133886333325322e+01 4.502760874130452839e-02 1.568788386680194824e+00
2.297898813262350259e+01 4.518511983862610187e-02 1.563864465046912677e+00
2.290725980282255492e+01 4.534263093594767535e-02 1.558982901704547563e+00
2.283614999884055052e+01 4.550014203326924883e-02 1.554143432928895452e+00
2.276565484357329439e+01 4.565765313059082231e-02 1.549345794858665304e+00
2.269577045924965120e+01 4.581516422791238885e-02 1.544589723587177943e+00
2.262649296872399063e+01 4.597267532523396233e-02 1.539874955250321253e+00
2.255781849671316053e+01 4.613018642255553581e-02 1.535201226110736838e+00
2.248974317098227615e+01 4.628769751987710929e-02 1.530568272638522132e+00
2.242226312347884232e+01 4.644520861719867583e-02 1.525975831588410658e+00
2.235537449141905597e+01 4.660271971452024931e-02 1.521423640073702233e+00
2.228907341832640654e+01 4.676023081184182278e-02 1.516911435636951522e+00
2.222335605502492584e+01 4.691774190916339626e-02 1.512438956317557537e+00
2.215821856058870409e+01 4.707525300648496974e-02 1.508005940716388826e+00
2.209365710324890841e+01 4.723276410380653628e-02 1.503612128057508990e+00
2.202966786125987753e+01 4.739027520112810976e-02 1.499257258247125968e+00
2.196624702372640670e+01 4.754778629844968324e-02 1.494941071929883236e+00
2.190339079139173251e+01 4.770529739577125672e-02 1.490663310542497344e+00
2.184109537739004736e+01 4.786280849309282326e-02 1.486423716364966952e+00
2.177935700796304630e+01 4.802031959041439674e-02 1.482222032569336712e+00
2.171817192314223277e+01 4.817783068773597022e-02 1.478058003266135012e+00
2.165753637739848259e+01 4.833534178505754370e-02 1.473931373548582391e+00
2.159744664025995675e+01 4.849285288237911717e-02 1.469841889534639456e+00
2.153789899689897780e+01 4.865036397970068371e-02 1.465789298406951158e+00
2.147888974868961398e+01 4.880787507702225719e-02 1.461773348450793319e+00
2.142041521373671031e+01 4.896538617434383067e-02 1.457793789090075842e+00
2.136247172737771649e+01 4.912289727166540415e-02 1.453850370921497159e+00
2.130505564265764207e+01 4.928040836898697069e-02 1.449942845746862385e+00
2.124816333077845343e+01 4.943791946630854417e-02 1.446070966603676400e+00
2.119179118152450769e+01 4.959543056363011765e-02 1.442234487794088915e+00
2.113593560366380686e+01 4.975294166095169113e-02 1.438433164912207740e+00
2.108059302532614154e+01 4.991045275827326461e-02 1.434666754869832417e+00
2.102575985262899039e+01 5.006796385559483115e-02 1.430935013080683493e+00
2.097143116597714396e+01 5.022547495291640463e-02 1.427237604735411391e+00
2.091760050705767071e+01 5.038298605023797810e-02 1.423574090305255835e+00
2.086426143007883738e+01 5.054049714755955158e-02 1.419944031113608229e+00
2.081140759573196775e+01 5.069800824488111812e-02 1.416346995730696667e+00
2.075903276905206596e+01 5.085551934220269160e-02 1.412782559827994833e+00
2.070713081732881378e+01 5.101303043952426508e-02 1.409250306036047506e+00
2.065569570806567512e+01 5.117054153684583856e-02 1.405749823805576781e+00
2.060472150698890204e+01 5.132805263416741204e-02 1.402280709271985337e+00
2.055420237610095668e+01 5.148556373148897858e-02 1.398842565122872195e+00
2.050413257178010440e+01 5.164307482881055206e-02 1.395435000468706388e+00
2.045450644292428777e+01 5.180058592613212554e-02 1.392057630716499350e+00
2.040531842913765104e+01 5.195809702345369901e-02 1.388710077446389857e+00
2.035656305895850338e+01 5.211560812077526555e-02 1.385391968291047160e+00
2.030823494812851493e+01 5.227311921809683903e-02 1.382102936817874328e+00
2.026032879790109220e+01 5.243063031541841251e-02 1.378842622413885888e+00
2.021283939287909348e+01 5.258814141273998599e-02 1.375610670138551317e+00
2.016576145904039663e+01 5.274565251006155947e-02 1.372406721061540047e+00
2.011908947641544998e+01 5.290316360738312601e-02 1.369230399514255625e+00
2.007281796943924945e+01 5.306067470470469949e-02 1.366081332850110464e+00
2.002694155374497598e+01 5.321818580202627297e-02 1.362959154629123093e+00
1.998145493433436215e+01 5.337569689934784645e-02 1.359863504493406872e+00
1.993635290379118885e+01 5.353320799666941299e-02 1.356794028045582134e+00
1.989163034053652268e+01 5.369071909399098647e-02 1.353750376730035843e+00
1.984728220712512581e+01 5.384823019131255994e-02 1.350732207716980993e+00
1.980330354858071118e+01 5.400574128863413342e-02 1.347739183789160577e+00
1.975968949077082470e+01 5.416325238595570690e-02 1.344770973231249389e+00
1.971643523881873250e+01 5.432076348327727344e-02 1.341827249721769144e+00
1.967353607555194017e+01 5.447827458059884692e-02 1.338907692227505830e+00
1.963098735998651634e+01 5.463578567792042040e-02 1.336011984900354888e+00
1.958878452584593433e+01 5.479329677524199388e-02 1.333139816976518732e+00
1.954692308011402702e+01 5.495080787256356042e-02 1.330290882678029307e+00
1.950539860162041350e+01 5.510831896988513390e-02 1.327464881116473538e+00
1.946420673938080981e+01 5.526583006720670738e-02 1.324661516180044352e+00
1.942334280408507041e+01 5.542334116452828086e-02 1.321880468731734704e+00
1.938280096788722418e+01 5.558085226184985433e-02 1.319121342150021414e+00
1.934257528404577542e+01 5.573836335917142087e-02 1.316383731721800343e+00
1.930265991651744173e+01 5.589587445649299435e-02 1.313667240267669234e+00
1.926304913762140103e+01 5.605338555381456783e-02 1.310971477982975975e+00
1.922373732576219396e+01 5.621089665113614131e-02 1.308296062282841010e+00
1.918471896320950876e+01 5.636840774845770785e-02 1.305640617651063096e+00
1.914598863393368688e+01 5.652591884577928133e-02 1.303004775492807799e+00
1.910754102149433820e+01 5.668342994310085481e-02 1.300388173990914886e+00
1.906937090698185600e+01 5.684094104042242829e-02 1.297790457965808830e+00
1.903147316700935932e+01 5.699845213774400177e-02 1.295211278738833904e+00
1.899384277175371949e+01 5.715596323506556831e-02 1.292650293998935052e+00
1.895647478304482192e+01 5.731347433238714179e-02 1.290107167672621236e+00
1.891936435250119786e+01 5.747098542970871526e-02 1.287581569797083603e+00
1.888250671971076144e+01 5.762849652703028874e-02 1.285073176396380079e+00
1.884589721045547606e+01 5.778600762435185528e-02 1.282581669360616905e+00
1.880953123497929980e+01 5.794351872167342876e-02 1.280106736328069150e+00
1.877340428558567353e+01 5.810102981899500224e-02 1.277648070521673729e+00
1.873751154104704852e+01 5.825854091631657572e-02 1.275205343826616433e+00
1.870184722462489901e+01 5.841605201363814920e-02 1.272778163099559379e+00
1.866640550057726955e+01 5.857356311095971574e-02 1.270366131181609015e+00
1.863118064678325680e+01 5.873107420828128922e-02 1.267968858646500108e+00
1.859616705243082535e+01 5.888858530560286270e-02 1.265585963643234058e+00
1.856135921576322190e+01 5.904609640292443618e-02 1.263217071742709807e+00
1.852675174188160412e+01 5.920360750024600272e-02 1.260861815788177243e+00
1.849233934060360696e+01 5.936111859756757619e-02 1.258519835749500215e+00
1.845811682437458856e+01 5.951862969488914967e-02 1.256190778581004919e+00
1.842407910623196443e+01 5.967614079221072315e-02 1.253874298082937822e+00
1.839022119781844467e+01 5.983365188953229663e-02 1.251570054766255824e+00
1.835653820744584763e+01 5.999116298685386317e-02 1.249277715720854776e+00
1.832302533820481827e+01 6.014867408417543665e-02 1.246996954486925269e+00
1.828967788612196443e+01 6.030618518149701013e-02 1.244727450929534296e+00
1.825649123836109311e+01 6.046369627881858361e-02 1.242468891116207619e+00
1.822346087146791049e+01 6.062120737614015015e-02 1.240220967197469992e+00
1.819058234965713439e+01 6.077871847346172363e-02 1.237983377290273967e+00
1.815785132314061201e+01 6.093622957078329710e-02 1.235755825364215799e+00
1.812526352211133940e+01 6.109374066810487058e-02 1.233538020832111837e+00
1.809281428161109417e+01 6.125125176542643712e-02 1.231329646214256002e+00
1.806049813090672274e+01 6.140876286274801060e-02 1.229130329192897442e+00
1.802830961062275605e+01 6.156627396006958408e-02 1.226939698223247888e+00
1.799624337203553637e+01 6.172378505739115756e-02 1.224757389291068366e+00
1.796429417500469583e+01 6.188129615471273104e-02 1.222583045771895804e+00
1.793245688595694531e+01 6.203880725203429758e-02 1.220416318293825686e+00
1.790072647591906119e+01 6.219631834935587106e-02 1.218256864603644463e+00
1.786909801859966151e+01 6.235382944667744454e-02 1.216104349436284204e+00
1.783756668851795624e+01 6.251134054399902495e-02 1.213958444387470026e+00
1.780612775917816037e+01 6.266885164132059149e-02 1.211818827789478137e+00
1.777477660128786852e+01 6.282636273864215803e-02 1.209685184589885054e+00
1.774350868101906897e+01 6.298387383596373845e-02 1.207557206233219604e+00
1.771231955831132154e+01 6.314138493328530499e-02 1.205434590545482409e+00
1.768120488521432421e+01 6.329889603060687153e-02 1.203317041621347228e+00
1.765016040427050470e+01 6.345640712792845195e-02 1.201204269714087891e+00
1.761918194693468109e+01 6.361391822525001849e-02 1.199095991128021899e+00
1.758826543203097970e+01 6.377142932257158503e-02 1.196991928113499526e+00
1.755740686424515573e+01 6.392894041989316545e-02 1.194891808764293906e+00
1.752660233265180878e+01 6.408645151721473199e-02 1.192795366917367872e+00
1.749584799636604515e+01 6.424396261453631241e-02 1.190702341176381518e+00
1.746513964128173768e+01 6.440147371185787895e-02 1.188612444744945096e+00
1.743447257983025622e+01 6.455898480917944549e-02 1.186525358604572533e+00
1.740384219025559887e+01 6.471649590650102590e-02 1.184440768215740958e+00
1.737324395084601036e+01 6.487400700382259244e-02 1.182358365847564707e+00
1.734267343828450336e+01 6.503151810114417286e-02 1.180277850465543787e+00
1.731212632603811485e+01 6.518902919846573940e-02 1.178198927621934677e+00
1.728159838278431693e+01 6.534654029578730594e-02 1.176121309348665545e+00
1.725108547087353728e+01 6.550405139310888636e-02 1.174044714052693950e+00
1.722058354482711096e+01 6.566156249043045290e-02 1.171968866413791055e+00
1.719008864986844287e+01 6.581907358775203332e-02 1.169893497284569150e+00
1.715959692048790330e+01 6.597658468507359986e-02 1.167818343592820884e+00
1.712910457903851125e+01 6.613409578239516640e-02 1.165743148245943495e+00
1.709860793436367032e+01 6.629160687971674681e-02 1.163667660037546403e+00
1.706810338045386644e+01 6.644911797703831335e-02 1.161591633556035896e+00
1.703758739513248344e+01 6.660662907435987989e-02 1.159514829095170230e+00
1.700705653877024659e+01 6.676414017168146031e-02 1.157437012566575385e+00
1.697650745302624387e+01 6.692165126900302685e-02 1.155357955414059168e+00
1.694593685961547536e+01 6.707916236632460727e-02 1.153277434529737189e+00
1.691534155910225223e+01 6.723667346364617381e-02 1.151195232171918104e+00
1.688471842971791759e+01 6.739418456096774035e-02 1.149111135884635981e+00
1.685406441178248826e+01 6.755169565828932077e-02 1.147024937437452374e+00
1.682337626412086706e+01 6.770920675561088731e-02 1.144936416248045097e+00
1.679265060447844959e+01 6.786671785293246772e-02 1.142845342132745801e+00
1.676188412689762686e+01 6.802422895025403426e-02 1.140751490100375465e+00
1.673107360790119458e+01 6.818174004757560080e-02 1.138654640773065108e+00
1.670021590530551947e+01 6.833925114489718122e-02 1.136554580305482176e+00
1.666930795705615509e+01 6.849676224221874776e-02 1.134451100305591931e+00
1.663834678008693757e+01 6.865427333954032818e-02 1.132343997757005560e+00
1.660732946920122544e+01 6.881178443686189472e-02 1.130233074942845084e+00
1.657625319597424962e+01 6.896929553418346126e-02 1.128118139371040884e+00
1.654511520767662347e+01 6.912680663150504168e-02 1.125999003701068757e+00
1.651391282621760581e+01 6.928431772882660822e-02 1.123875485672034547e+00
1.648264344710805673e+01 6.944182882614817476e-02 1.121747408032093274e+00
1.645130453844193497e+01 6.959933992346975518e-02 1.119614598469137690e+00
1.641989363989650741e+01 6.975685102079132172e-02 1.117476889542753815e+00
1.638840836174990301e+01 6.991436211811290213e-02 1.115334118617358428e+00
1.635684638391594703e+01 7.007187321543446867e-02 1.113186127796515157e+00
1.632520545499527032e+01 7.022938431275603521e-02 1.111032763858359251e+00
1.629348339134310919e+01 7.038689541007761563e-02 1.108873878192147444e+00
1.626167807615226479e+01 7.054440650739918217e-02 1.106709326735855425e+00
1.622978745855090565e+01 7.070191760472076259e-02 1.104538969914775404e+00
1.619780955271559719e+01 7.085942870204232913e-02 1.102362672581148839e+00
1.616574244365240176e+01 7.101693979936389567e-02 1.100180304407612386e+00
1.613358436845392063e+01 7.117445089668547609e-02 1.097991745417243870e+00
1.610133368792795494e+01 7.133196199400704263e-02 1.095796884052721021e+00
1.606898882253720728e+01 7.148947309132862304e-02 1.093595612816608664e+00
1.603654825022286801e+01 7.164698418865018958e-02 1.091387828123245196e+00
1.600401050563371186e+01 7.180449528597175612e-02 1.089173430246277663e+00
1.597137417936601445e+01 7.196200638329333654e-02 1.086952323266928699e+00
1.593863791721460288e+01 7.211951748061490308e-02 1.084724415023033517e+00
1.590580041943372791e+01 7.227702857793646962e-02 1.082489617058728815e+00
1.587286044000836327e+01 7.243453967525805004e-02 1.080247844574867333e+00
1.583981678593495701e+01 7.259205077257961658e-02 1.077999016380063457e+00
1.580666831651185866e+01 7.274956186990119700e-02 1.075743054842406066e+00
1.577341394263893193e+01 7.290707296722276354e-02 1.073479885841791104e+00
1.574005262612579337e+01 7.306458406454433008e-02 1.071209438722842355e+00
1.570658337900914425e+01 7.322209516186591050e-02 1.068931646248451717e+00
1.567300526287831097e+01 7.337960625918747704e-02 1.066646444553879025e+00
1.563931738820906681e+01 7.353711735650905745e-02 1.064353773101414546e+00
1.560551891370521105e+01 7.369462845383062399e-02 1.062053574635567488e+00
1.557160904564822346e+01 7.385213955115219053e-02 1.059745795138808289e+00
1.553758703725420531e+01 7.400965064847377095e-02 1.057430383787800743e+00
1.550345218803818526e+01 7.416716174579533749e-02 1.055107292910144601e+00
1.546920384318559449e+01 7.432467284311691791e-02 1.052776477941595124e+00
1.543484139293087942e+01 7.448218394043848445e-02 1.050437897383777353e+00
1.540036429797400608e+01 7.463969503776005099e-02 1.048091514533935564e+00
1.536577248720713662e+01 7.479720613508163141e-02 1.045737324552735492e+00
1.533106626855537868e+01 7.495471723240319795e-02 1.043375348396414992e+00
1.529624598553422565e+01 7.511222832972476449e-02 1.041005609443360402e+00
1.526131200653274789e+01 7.526973942704634490e-02 1.038628132764761736e+00
1.522626472440468604e+01 7.542725052436791144e-02 1.036242945096783608e+00
1.519110455606452170e+01 7.558476162168949186e-02 1.033850074813075004e+00
1.515583194208581119e+01 7.574227271901105840e-02 1.031449551897433148e+00
1.512044734630434917e+01 7.589978381633262494e-02 1.029041407916797102e+00
1.508495125542395776e+01 7.605729491365420536e-02 1.026625675994419451e+00
1.504934417862634888e+01 7.621480601097577190e-02 1.024202390783312877e+00
1.501362664718411111e+01 7.637231710829735232e-02 1.021771588439914558e+00
1.497779921407735237e+01 7.652982820561891886e-02 1.019333306597993039e+00
1.494186245361346899e+01 7.668733930294048540e-02 1.016887584342773598e+00
1.490581696105041232e+01 7.684485040026206581e-02 1.014434462185299868e+00
1.486966335222311031e+01 7.700236149758363235e-02 1.011973982037004616e+00
1.483340226317328181e+01 7.715987259490521277e-02 1.009506187184522785e+00
1.479703434978216592e+01 7.731738369222677931e-02 1.007031122264691936e+00
1.476056028740681114e+01 7.747489478954834585e-02 1.004548833239800487e+00
1.472398077051917298e+01 7.763240588686992627e-02 1.002059367373026921e+00
1.468729651234835387e+01 7.778991698419149281e-02 9.995627732040914815e-01
1.465050824452597134e+01 7.794742808151305935e-02 9.970591005251198125e-01
1.461361671673468976e+01 7.810493917883463977e-02 9.945484003567270914e-01
1.457662269635936347e+01 7.826245027615620631e-02 9.920307249242715786e-01
1.453952697742645483e+01 7.841996137347778673e-02 9.895061282662409585e-01
1.450233087662724074e+01 7.857747247079935327e-02 9.869746999917464736e-01
1.446503646922874076e+01 7.873498356812091981e-02 9.844365813357429662e-01
1.442764588016803984e+01 7.889249466544250022e-02 9.818919169135448266e-01
1.439016122115668850e+01 7.905000576276406676e-02 9.793408504403859904e-01
1.435258459065035197e+01 7.920751686008564718e-02 9.767835247293537027e-01
1.431491807382000481e+01 7.936502795740721372e-02 9.742200816894301951e-01
1.427716374252548448e+01 7.952253905472878026e-02 9.716506623236882412e-01
1.423932365529020849e+01 7.968005015205036068e-02 9.690754067275764161e-01
1.420139985727834109e+01 7.983756124937192722e-02 9.664944540873608991e-01
1.416339438027318742e+01 7.999507234669350764e-02 9.639079426786565374e-01
1.412530924265763055e+01 8.015258344401507418e-02 9.613160098650948004e-01
1.408714644939617955e+01 8.031009454133664072e-02 9.587187920971033117e-01
1.404890799201881713e+01 8.046760563865822113e-02 9.561164249108052848e-01
1.401059584860616880e+01 8.062511673597978767e-02 9.535090429270112189e-01
1.397221198377685702e+01 8.078262783330135421e-02 9.508967798503572544e-01
1.393375834867604901e+01 8.094013893062293463e-02 9.482797684685264628e-01
1.389523688096573650e+01 8.109765002794450117e-02 9.456581406515867094e-01
1.385664950481653079e+01 8.125516112526608159e-02 9.430320273514336549e-01
1.381799813090114348e+01 8.141267222258764813e-02 9.404015586013453332e-01
1.377928465638928479e+01 8.157018331990921467e-02 9.377668635156360954e-01
1.374051096494409485e+01 8.172769441723079509e-02 9.351280702894128050e-01
1.370167892671982202e+01 8.188520551455236163e-02 9.324853061984186287e-01
1.366279039836162212e+01 8.204271661187394205e-02 9.298386975990164949e-01
1.362384722300578943e+01 8.220022770919550859e-02 9.271883699282080782e-01
1.358485123028246377e+01 8.235773880651707513e-02 9.245344477038148767e-01
1.354580441844171901e+01 8.251524990383865554e-02 9.218770669193048217e-01
1.350670982592417424e+01 8.267276100116022208e-02 9.192164343596458398e-01
1.346757083009661748e+01 8.283027209848178862e-02 9.165527798758594802e-01
1.342839075849497910e+01 8.298778319580336904e-02 9.138863299276652752e-01
1.338917288871848577e+01 8.314529429312493558e-02 9.112173075762750596e-01
1.334992044886178775e+01 8.330280539044651600e-02 9.085459325138051101e-01
1.331063661794887132e+01 8.346031648776808254e-02 9.058724210928040810e-01
1.327132452636824311e+01 8.361782758508964908e-02 9.031969863558702016e-01
1.323198725630984818e+01 8.377533868241122950e-02 9.005198380653870460e-01
1.319262784220314799e+01 8.393284977973279604e-02 8.978411827333385720e-01
1.315324927115595344e+01 8.409036087705437645e-02 8.951612236511717891e-01
1.311385448339449056e+01 8.424787197437594299e-02 8.924801609197473562e-01
1.307444637270392818e+01 8.440538307169750953e-02 8.897981914793212654e-01
1.303502778686935848e+01 8.456289416901908995e-02 8.871155091395550585e-01
1.299560152811757163e+01 8.472040526634065649e-02 8.844323046095818874e-01
1.295617035355850533e+01 8.487791636366223691e-02 8.817487655280483727e-01
1.291673697562738177e+01 8.503542746098380345e-02 8.790650764932078642e-01
1.287730406252617499e+01 8.519293855830536999e-02 8.763814190929628545e-01
1.283787423866551336e+01 8.535044965562695041e-02 8.736979719349391438e-01
1.279845008510578452e+01 8.550796075294851695e-02 8.710149106765070481e-01
1.275903413999790637e+01 8.566547185027008349e-02 8.683324080547776269e-01
1.271962889902384930e+01 8.582298294759166390e-02 8.656506339165835895e-01
1.268023681583608386e+01 8.598049404491323044e-02 8.629697552483855949e-01
1.264086030249631065e+01 8.613800514223481086e-02 8.602899362061326993e-01
1.260150172991349748e+01 8.629551623955637740e-02 8.576113381450699569e-01
1.256216342828055588e+01 8.645302733687794394e-02 8.549341196494597561e-01
1.252284768777298929e+01 8.661053843419952436e-02 8.522584365801302297e-01
1.248355711033018878e+01 8.676804953152109090e-02 8.495844660153980543e-01
1.244429529051884309e+01 8.692556062884267132e-02 8.469124525881025489e-01
1.240506594293300147e+01 8.708307172616423786e-02 8.442426490996984834e-01
1.236587270705202002e+01 8.724058282348580440e-02 8.415753032396143807e-01
1.232671914816345904e+01 8.739809392080738482e-02 8.389106576480617194e-01
1.228760875828543320e+01 8.755560501812895136e-02 8.362489499788041680e-01
1.224854495708711077e+01 8.771311611545053177e-02 8.335904129618074698e-01
1.220953109280771898e+01 8.787062721277209831e-02 8.309352744657793055e-01
1.217057044317335901e+01 8.802813831009366485e-02 8.282837575605670466e-01
1.213166621631141950e+01 8.818564940741524527e-02 8.256360805793890867e-01
1.209282155166248707e+01 8.834316050473681181e-02 8.229924571808945322e-01
1.205403952088880892e+01 8.850067160205837835e-02 8.203530964109916335e-01
1.201532312878001640e+01 8.865818269937995877e-02 8.177182027644869233e-01
1.197667531415478592e+01 8.881569379670152531e-02 8.150879762464483536e-01
1.193809895075898986e+01 8.897320489402310573e-02 8.124626124333318433e-01
1.189959684815958418e+01 8.913071599134467227e-02 8.098423025338146175e-01
1.186117175263428791e+01 8.928822708866623881e-02 8.072272334493441059e-01
1.182282634805669730e+01 8.944573818598781922e-02 8.046175878343740928e-01
1.178456325677647598e+01 8.960324928330938576e-02 8.020135441562701306e-01
1.174638504049489462e+01 8.976076038063096618e-02 7.994152767548924343e-01
1.170829420113491715e+01 8.991827147795253272e-02 7.968229559018124020e-01
1.167029318170588326e+01 9.007578257527409926e-02 7.942367478591593200e-01
1.163238436716309465e+01 9.023329367259567968e-02 7.916568149381202346e-01
1.159457008526105604e+01 9.039080476991724622e-02 7.890833155570092794e-01
1.155685260740141374e+01 9.054831586723882664e-02 7.865164042989739590e-01
1.151923414947451541e+01 9.070582696456039318e-02 7.839562319692702230e-01
1.148171687269494967e+01 9.086333806188195972e-02 7.814029456521240924e-01
1.144430288443073351e+01 9.102084915920354014e-02 7.788566887671646288e-01
1.140699440775945028e+01 9.117836025652510668e-02 7.763176126087840689e-01
1.136979438172464008e+01 9.133587135384667322e-02 7.737859171973544559e-01
1.133270589277744556e+01 9.149338245116825363e-02 7.712618125852609419e-01
1.129573195008515363e+01 9.165089354848982017e-02 7.687455035652361879e-01
1.125887548673673066e+01 9.180840464581140059e-02 7.662371897524067332e-01
1.122213936096051157e+01 9.196591574313296713e-02 7.637370656671620406e-01
1.118552635733407996e+01 9.212342684045453367e-02 7.612453208174958519e-01
1.114903918798516358e+01 9.228093793777611409e-02 7.587621397807332579e-01
1.111268049378470479e+01 9.243844903509768063e-02 7.562877022847291908e-01
1.107645284553022691e+01 9.259596013241926105e-02 7.538221832884001161e-01
1.104035874512062243e+01 9.275347122974082759e-02 7.513657530616804081e-01
1.100440062672106478e+01 9.291098232706239413e-02 7.489185772647972694e-01
1.096858085791866699e+01 9.306849342438397454e-02 7.464808170269239262e-01
1.093290174086828515e+01 9.322600452170554108e-02 7.440526290241579188e-01
1.089736551342801363e+01 9.338351561902712150e-02 7.416341655567970648e-01
1.086197435028487135e+01 9.354102671634868804e-02 7.392255746259520643e-01
1.082673036406992573e+01 9.369853781367025458e-02 7.368270000094350181e-01
1.079163560646300191e+01 9.385604891099183500e-02 7.344385813369443960e-01
1.075669206928663435e+01 9.401356000831340154e-02 7.320604541645130414e-01
1.072190168558949708e+01 9.417107110563496808e-02 7.296927500482440765e-01
1.068726633071851495e+01 9.432858220295654850e-02 7.273355966172748710e-01
1.065278782338058505e+01 9.448609330027811504e-02 7.249891176460317999e-01
1.061846792669269846e+01 9.464360439759969545e-02 7.226534331256995181e-01
1.058430834922098462e+01 9.480111549492126199e-02 7.203286593349338407e-01
1.055031074600872820e+01 9.495862659224282853e-02 7.180149089098259996e-01
1.051647671959278973e+01 9.511613768956440895e-02 7.157122909130732014e-01
1.048280782100886022e+01 9.527364878688597549e-02 7.134209109023963435e-01
1.044930555078508227e+01 9.543115988420755591e-02 7.111408709981595910e-01
1.041597135992440037e+01 9.558867098152912245e-02 7.088722699502265634e-01
1.038280665419493154e+01 9.574618207885068899e-02 7.066152034299466589e-01
1.034981295002229729e+01 9.590369317617226941e-02 7.043697746396074821e-01
1.031699193722159613e+01 9.606120427349383595e-02 7.021360985817396427e-01
1.028434526825464168e+01 9.621871537081541637e-02 6.999142877167484622e-01
1.025187454198740511e+01 9.637622646813698291e-02 6.977044508575045434e-01
1.021958130476909155e+01 9.653373756545854945e-02 6.955066932427841353e-01
1.018746705149890630e+01 9.669124866278012986e-02 6.933211166098662837e-01
1.015553322667985547e+01 9.684875976010169640e-02 6.911478192662529052e-01
1.012378122545994508e+01 9.700627085742326294e-02 6.889868961605287723e-01
1.009221239466043407e+01 9.716378195474484336e-02 6.868384389523396472e-01
1.006082803379151258e+01 9.732129305206640990e-02 6.847025360815149897e-01
1.002962939605495230e+01 9.747880414938799032e-02 6.825792728363065942e-01
9.998617689334182046e+00 9.763631524670955686e-02 6.804687314207682469e-01
9.967794077171365785e+00 9.779382634403112340e-02 6.783709910212515348e-01
9.937159679731914608e+00 9.795133744135270382e-02 6.762861278720485592e-01
9.906715574756077558e+00 9.810884853867427036e-02 6.742142153201517996e-01
9.876462798497849249e+00 9.826635963599585077e-02 6.721553238891538884e-01
9.846402346651448312e+00 9.842387073331741731e-02 6.701095213423002850e-01
9.816535175264558433e+00 9.858138183063898385e-02 6.680768727446402266e-01
9.786862201639765502e+00 9.873889292796056427e-02 6.660574405243762097e-01
9.757384305222709386e+00 9.889640402528213081e-02 6.640512845333069736e-01
9.728102328478231087e+00 9.905391512260371123e-02 6.620584621064569131e-01
9.699017077753977034e+00 9.921142621992527777e-02 6.600790281208470667e-01
9.670129324131414350e+00 9.936893731724684431e-02 6.581130350534143414e-01
9.641439804264908986e+00 9.952644841456842473e-02 6.561605330381151679e-01
9.612949221208362260e+00 9.968395951188999127e-02 6.542215699221827219e-01
9.584658245229739748e+00 9.984147060921155781e-02 6.522961913215623575e-01
9.556567514613567127e+00 9.999898170653313823e-02 6.503844406755248109e-01
9.528677636451551081e+00 1.001564928038547048e-01 6.484863593004728255e-01
9.500989187421088999e+00 1.003140039011762852e-01 6.466019864429263242e-01
9.473502714552202164e+00 1.004715149984978517e-01 6.447313593317134384e-01
9.446218734483418089e+00 1.006290260958194183e-01 6.428745131273302382e-01
9.419137578219505258e+00 1.007865371931409987e-01 6.410314703567311367e-01
9.392259259880857414e+00 1.009440482904625652e-01 6.392022319808970954e-01
9.365583744266434252e+00 1.011015593877841456e-01 6.373867956041763261e-01
9.339110979937796486e+00 1.012590704851057122e-01 6.355851577258599949e-01
9.312840899710668197e+00 1.014165815824272787e-01 6.337973137736359064e-01
9.286773421138178719e+00 1.015740926797488591e-01 6.320232581364769731e-01
9.260908446985574471e+00 1.017316037770704257e-01 6.302629841969475954e-01
9.235245865696137813e+00 1.018891148743920061e-01 6.285164843629125198e-01
9.209785551849108742e+00 1.020466259717135726e-01 6.267837500987003541e-01
9.184527366609319898e+00 1.022041370690351392e-01 6.250647719557075321e-01
9.159471158168598137e+00 1.023616481663567196e-01 6.233595396024331770e-01
9.134616762179446070e+00 1.025191592636782861e-01 6.216680418539983766e-01
9.109964002180474196e+00 1.026766703609998527e-01 6.199902667010975810e-01
9.085512690014484249e+00 1.028341814583214331e-01 6.183262013384512867e-01
9.061262626238676177e+00 1.029916925556429996e-01 6.166758321927243713e-01
9.037213600527238100e+00 1.031492036529645800e-01 6.150391449499240659e-01
9.013365392066800652e+00 1.033067147502861466e-01 6.134161245823145370e-01
8.989717769944277848e+00 1.034642258476077131e-01 6.118067553748094412e-01
8.966270493527742858e+00 1.036217369449292935e-01 6.102110209508947447e-01
8.943023312840086447e+00 1.037792480422508601e-01 6.086289042980584929e-01
8.919975968925600185e+00 1.039367591395724405e-01 6.070603877927382985e-01
8.897128194209990681e+00 1.040942702368940070e-01 6.055054532248226318e-01
8.874479712853258206e+00 1.042517813342155736e-01 6.039640818216673868e-01
8.852030241096192853e+00 1.044092924315371540e-01 6.024362542716759084e-01
8.829779487600061927e+00 1.045668035288587205e-01 6.009219507474177213e-01
8.807727153780186669e+00 1.047243146261803010e-01 5.994211509283302597e-01
8.785872934132839873e+00 1.048818257235018675e-01 5.979338340229658488e-01
8.764216516555944025e+00 1.050393368208234340e-01 5.964599787908184680e-01
8.742757582663813309e+00 1.051968479181450145e-01 5.949995635637418401e-01
8.721495808095768965e+00 1.053543590154665810e-01 5.935525662669548508e-01
8.700430862818663513e+00 1.055118701127881475e-01 5.921189644396293028e-01
8.679562411423699331e+00 1.056693812101097280e-01 5.906987352550895354e-01
8.658890077733438773e+00 1.058268923074312945e-01 5.892918531120986403e-01
8.638412881011557687e+00 1.059844034047528749e-01 5.878982512653896375e-01
8.618129349700772934e+00 1.061419145020744415e-01 5.865178295662476504e-01
8.598038013287240489e+00 1.062994255993960080e-01 5.851504879369692214e-01
8.578137417519233310e+00 1.064569366967175884e-01 5.837961274065914807e-01
8.558426124219449704e+00 1.066144477940391549e-01 5.824546500981154784e-01
8.538902711099792597e+00 1.067719588913607354e-01 5.811259592159041532e-01
8.519565771578260893e+00 1.069294699886823019e-01 5.798099590332175257e-01
8.500413914598846432e+00 1.070869810860038684e-01 5.785065548799578350e-01
8.481445764453345859e+00 1.072444921833254489e-01 5.772156531305414617e-01
8.462659960605673604e+00 1.074020032806470154e-01 5.759371611919427147e-01
8.444055157518606691e+00 1.075595143779685958e-01 5.746709874919027072e-01
8.425630024482737568e+00 1.077170254752901624e-01 5.734170414672885574e-01
8.407383245447613618e+00 1.078745365726117289e-01 5.721752335526014699e-01
8.389313518855210816e+00 1.080320476699333093e-01 5.709454751686431351e-01
8.371419557475602957e+00 1.081895587672548759e-01 5.697276787113326746e-01
8.353700088244755406e+00 1.083470698645764424e-01 5.685217575406665835e-01
8.336153852104404294e+00 1.085045809618980228e-01 5.673276259698226687e-01
8.318779603844143722e+00 1.086620920592195894e-01 5.661451992544116463e-01
8.301576111945504266e+00 1.088196031565411698e-01 5.649743935818670737e-01
8.284542158428187975e+00 1.089771142538627363e-01 5.638151260609806092e-01
8.267676538698124133e+00 1.091346253511843029e-01 5.626673147115592855e-01
8.250978061397782781e+00 1.092921364485058833e-01 5.615308784542414333e-01
8.234445548258115366e+00 1.094496475458274498e-01 5.604057371004170784e-01
8.218077833952779798e+00 1.096071586431490302e-01 5.592918113423105408e-01
8.201873765954003304e+00 1.097646697404705968e-01 5.581890227431680618e-01
8.185832204390516509e+00 1.099221808377921633e-01 5.570972937275903147e-01
8.169952021907059603e+00 1.100796919351137437e-01 5.560165475719716088e-01
8.154232103526153352e+00 1.102372030324353103e-01 5.549467083950917479e-01
8.138671346511276994e+00 1.103947141297568907e-01 5.538877011488047009e-01
8.123268660231930838e+00 1.105522252270784572e-01 5.528394516088550592e-01
8.108022966030656420e+00 1.107097363244000238e-01 5.518018863658277207e-01
8.092933197091483066e+00 1.108672474217216042e-01 5.507749328161957170e-01
8.077998298310177461e+00 1.110247585190431707e-01 5.497585191534901661e-01
8.063217224383786075e+00 1.111822696163647373e-01 5.487525742382787231e-01
8.048588573717507799e+00 1.113397807136863177e-01 5.477570026832329075e-01
8.034110148677306995e+00 1.114972918110078842e-01 5.467716549255535741e-01
8.019779672222492550e+00 1.116548029083294646e-01 5.457963759983212038e-01
8.005594898041140439e+00 1.118123140056510312e-01 5.448310130259003126e-01
7.991553610017840370e+00 1.119698251029725977e-01 5.438754151877192022e-01
7.977653621712464727e+00 1.121273362002941781e-01 5.429294336827943379e-01
7.963892775849797268e+00 1.122848472976157447e-01 5.419929216949990192e-01
7.950268943819975398e+00 1.124423583949373251e-01 5.410657343590619117e-01
7.936780025189210441e+00 1.125998694922588916e-01 5.401477287272731242e-01
7.923423947220674890e+00 1.127573805895804582e-01 5.392387637368725173e-01
7.910198664405556634e+00 1.129148916869020386e-01 5.383387001781383407e-01
7.897102158003437289e+00 1.130724027842236051e-01 5.374474006631061451e-01
7.884132435592619892e+00 1.132299138815451855e-01 5.365647295949661499e-01
7.871287530629347273e+00 1.133874249788667521e-01 5.356905531380644625e-01
7.858565502016500837e+00 1.135449360761883186e-01 5.348247391885504465e-01
7.845964433680689964e+00 1.137024471735098990e-01 5.339671573455960774e-01
7.833482434158542951e+00 1.138599582708314656e-01 5.331176788832392432e-01
7.821117636191018185e+00 1.140174693681530321e-01 5.322761767227746077e-01
7.808868196326335109e+00 1.141749804654746125e-01 5.314425254057300041e-01
7.796732294530883678e+00 1.143324915627961791e-01 5.306166010673881717e-01
7.784708133808024400e+00 1.144900026601177595e-01 5.297982814108408434e-01
7.772793939824762965e+00 1.146475137574393260e-01 5.289874456815840675e-01
7.760987960545864262e+00 1.148050248547608926e-01 5.281839746426163495e-01
7.749288465875594056e+00 1.149625359520824730e-01 5.273877505500562668e-01
7.737693747306398251e+00 1.151200470494040395e-01 5.265986571292350371e-01
7.726202117575005524e+00 1.152775581467256200e-01 5.258165795512893537e-01
7.714811910325281019e+00 1.154350692440471865e-01 5.250414044102190703e-01
7.703521479777918124e+00 1.155925803413687530e-01 5.242730197004051851e-01
7.692329200406735623e+00 1.157500914386903335e-01 5.235113147945820167e-01
7.681233466621492312e+00 1.159076025360119000e-01 5.227561804222494724e-01
7.670232692457155999e+00 1.160651136333334804e-01 5.220075086485265192e-01
7.659325311269165049e+00 1.162226247306550470e-01 5.212651928534107748e-01
7.648509775435005764e+00 1.163801358279766135e-01 5.205291277114707515e-01
7.637784556061623320e+00 1.165376469252981939e-01 5.197992091719310093e-01
7.627148142698569444e+00 1.166951580226197605e-01 5.190753344391523250e-01
7.616599042996653246e+00 1.168526691199413270e-01 5.183574019493991658e-01
7.606135600215638171e+00 1.170101802172629074e-01 5.176452989510931246e-01
7.595755595439831254e+00 1.171676913145844739e-01 5.169388744330848384e-01
7.585456721346980125e+00 1.173252024119060544e-01 5.162379713676039650e-01
7.575236699360254455e+00 1.174827135092276209e-01 5.155424346831862792e-01
7.565093279204385901e+00 1.176402246065491874e-01 5.148521112344666140e-01
7.555024238472940468e+00 1.177977357038707679e-01 5.141668497727287512e-01
7.545027382206367150e+00 1.179552468011923344e-01 5.134865009171897254e-01
7.535100542480558161e+00 1.181127578985139148e-01 5.128109171269978894e-01
7.525241578005850585e+00 1.182702689958354814e-01 5.121399526739434105e-01
7.515448373735843290e+00 1.184277800931570479e-01 5.114734636158344561e-01
7.505718840486206744e+00 1.185852911904786283e-01 5.108113077705560556e-01
7.496050914562975898e+00 1.187428022878001949e-01 5.101533446907725589e-01
7.486442557400142306e+00 1.189003133851217753e-01 5.094994356392638091e-01
7.476891755206313661e+00 1.190578244824433418e-01 5.088494435648776015e-01
7.467396518620406987e+00 1.192153355797649084e-01 5.082032330790976493e-01
7.457954882375758210e+00 1.193728466770864888e-01 5.075606704331845354e-01
7.448564904972932332e+00 1.195303577744080553e-01 5.069216234959077472e-01
7.439224668360600923e+00 1.196878688717296219e-01 5.062859617318278271e-01
7.429932277624433645e+00 1.198453799690512023e-01 5.056535561801233092e-01
7.420685860684011814e+00 1.200028910663727688e-01 5.050242794339638852e-01
7.411483567997214195e+00 1.201604021636943492e-01 5.043980056203920537e-01
7.402323572272150543e+00 1.203179132610159158e-01 5.037746103807178022e-01
7.393204068186359557e+00 1.204754243583374823e-01 5.031539708514090048e-01
7.384123272113180647e+00 1.206329354556590627e-01 5.025359656454695401e-01
7.375079421854807471e+00 1.207904465529806293e-01 5.019204748342708244e-01
7.366070776382447782e+00 1.209479576503022097e-01 5.013073799298686239e-01
7.357095615582808001e+00 1.211054687476237762e-01 5.006965638677502994e-01
7.348152240011171621e+00 1.212629798449453428e-01 5.000879109900286945e-01
7.339238970650537652e+00 1.214204909422669232e-01 4.994813070290519685e-01
7.330354148677188597e+00 1.215780020395884897e-01 4.988766390914475268e-01
7.321496135231861047e+00 1.217355131369100563e-01 4.982737956425495884e-01
7.312663311197130867e+00 1.218930242342316367e-01 4.976726664912482501e-01
7.303854076980025312e+00 1.220505353315532032e-01 4.970731427751953202e-01
7.295066852300537974e+00 1.222080464288747836e-01 4.964751169464112768e-01
7.286300075985355562e+00 1.223655575261963502e-01 4.958784827572466081e-01
7.277552205766873783e+00 1.225230686235179167e-01 4.952831352467049197e-01
7.268821718087289163e+00 1.226805797208394971e-01 4.946889707271086012e-01
7.260107107879658628e+00 1.228380908181610637e-01 4.940958867691990775e-01
7.251406847929282584e+00 1.229956019154826441e-01 4.935037794364248165e-01
7.242719308732170624e+00 1.231531130128042106e-01 4.929125378308041872e-01
7.234042858272714760e+00 1.233106241101257772e-01 4.923220508834255660e-01
7.225375884604829935e+00 1.234681352074473576e-01 4.917322088912334799e-01
7.216716795663902673e+00 1.236256463047689241e-01 4.911429035042322311e-01
7.208064019083713525e+00 1.237831574020905046e-01 4.905540277130246984e-01
7.199416002018741878e+00 1.239406684994120711e-01 4.899654758367203988e-01
7.190771210971113270e+00 1.240981795967336376e-01 4.893771435111577417e-01
7.182128131622476985e+00 1.242556906940552180e-01 4.887889276774620706e-01
7.173485268670505732e+00 1.244132017913767846e-01 4.882007265709186195e-01
7.164841145669875289e+00 1.245707128886983511e-01 4.876124397101500585e-01
7.156194304877773860e+00 1.247282239860199315e-01 4.870239678866023492e-01
7.147543307103552124e+00 1.248857350833414981e-01 4.864352131543128177e-01
7.138886731562707588e+00 1.250432461806630924e-01 4.858460788199728264e-01
7.130223175734659691e+00 1.252007572779846589e-01 4.852564694332479056e-01
7.121551255224839672e+00 1.253582683753062255e-01 4.846662907773930384e-01
7.112869603630180393e+00 1.255157794726277920e-01 4.840754498600974287e-01
7.104176872408626053e+00 1.256732905699493585e-01 4.834838549046044376e-01
7.095471730752096917e+00 1.258308016672709251e-01 4.828914153410659993e-01
7.086752865463085804e+00 1.259883127645924916e-01 4.822980417981440615e-01
7.078018980834449358e+00 1.261458238619140859e-01 4.817036460948297405e-01
7.069268798532696962e+00 1.263033349592356525e-01 4.811081412325000639e-01
7.060501057484351861e+00 1.264608460565572190e-01 4.805114413871847123e-01
7.051714513765464432e+00 1.266183571538787855e-01 4.799134619020462567e-01
7.042907940494131935e+00 1.267758682512003521e-01 4.793141192800655648e-01
7.034080127725870213e+00 1.269333793485219464e-01 4.787133311769212196e-01
7.025229882351925248e+00 1.270908904458435129e-01 4.781110163940693880e-01
7.016356028000175549e+00 1.272484015431650795e-01 4.775070948719984387e-01
7.007457404938703505e+00 1.274059126404866460e-01 4.769014876836676353e-01
6.998532869982144078e+00 1.275634237378082125e-01 4.762941170281331793e-01
6.989581296400118049e+00 1.277209348351298068e-01 4.756849062243159731e-01
6.980601573828356443e+00 1.278784459324513734e-01 4.750737797049536804e-01
6.971592608182071160e+00 1.280359570297729399e-01 4.744606630107048861e-01
6.962553321571451903e+00 1.281934681270945064e-01 4.738454827843985306e-01
6.953482652219385329e+00 1.283509792244160730e-01 4.732281667654328339e-01
6.944379554381365338e+00 1.285084903217376673e-01 4.726086437843267651e-01
6.935242998267136194e+00 1.286660014190592338e-01 4.719868437573853659e-01
6.926071969964496589e+00 1.288235125163808004e-01 4.713626976815155634e-01
6.916865471364844531e+00 1.289810236137023669e-01 4.707361376291578914e-01
6.907622520499706376e+00 1.291385347110239334e-01 4.701070967711907245e-01
6.898342271830733452e+00 1.292960458083455277e-01 4.694755175634187094e-01
6.889024181617034337e+00 1.294535569056670943e-01 4.688413630008592681e-01
6.879667758397946642e+00 1.296110680029886608e-01 4.682045996365274410e-01
6.870272520461154997e+00 1.297685791003102274e-01 4.675651946868747411e-01
6.860837995796570610e+00 1.299260901976317939e-01 4.669231160286501647e-01
6.851363722050775706e+00 1.300836012949533882e-01 4.662783321957997273e-01
6.841849246481883640e+00 1.302411123922749547e-01 4.656308123763947537e-01
6.832294125914738281e+00 1.303986234895965213e-01 4.649805264095820956e-01
6.822697926696593029e+00 1.305561345869180878e-01 4.643274447825689877e-01
6.813060224653049168e+00 1.307136456842396544e-01 4.636715386276236139e-01
6.803380605044384133e+00 1.308711567815612486e-01 4.630127797191025962e-01
6.793658662522279457e+00 1.310286678788828152e-01 4.623511404705072936e-01
6.783894001086626879e+00 1.311861789762043817e-01 4.616865939315433764e-01
6.774086234042906440e+00 1.313436900735259483e-01 4.610191137852195364e-01
6.764234983959608982e+00 1.315012011708475148e-01 4.603486743449517471e-01
6.754339882625927771e+00 1.316587122681690813e-01 4.596752505516814580e-01
6.744400571009872003e+00 1.318162233654906756e-01 4.589988179710271510e-01
6.734416699216326130e+00 1.319737344628122422e-01 4.583193527904283471e-01
6.724387926445498209e+00 1.321312455601338087e-01 4.576368318163189230e-01
6.714313920951367365e+00 1.322887566574553753e-01 4.569512324712985962e-01
6.704194360000545139e+00 1.324462677547769418e-01 4.562625327913329976e-01
6.694028929831047137e+00 1.326037788520985361e-01 4.555707114229488597e-01
6.683817325611301818e+00 1.327612899494201026e-01 4.548757476204431383e-01
6.673559251399302283e+00 1.329188010467416692e-01 4.541776212431035131e-01
6.663254420101702991e+00 1.330763121440632357e-01 4.534763127524245596e-01
6.652902553433285959e+00 1.332338232413848023e-01 4.527718032093494549e-01
6.642503381876197821e+00 1.333913343387063966e-01 4.520640742714958082e-01
6.632056644639442666e+00 1.335488454360279631e-01 4.513531081903980335e-01
6.621562089618325153e+00 1.337063565333495296e-01 4.506388878087483341e-01
6.611019473354010856e+00 1.338638676306710962e-01 4.499213965576440155e-01
6.600428560993067073e+00 1.340213787279926627e-01 4.492006184538339664e-01
6.589789126246886397e+00 1.341788898253142570e-01 4.484765380969570892e-01
6.579100951351458448e+00 1.343364009226358236e-01 4.477491406668051011e-01
6.568363827026644231e+00 1.344939120199573901e-01 4.470184119205497519e-01
6.557577552435844837e+00 1.346514231172789566e-01 4.462843381899992412e-01
6.546741935145404589e+00 1.348089342146005232e-01 4.455469063788347062e-01
6.535856791084107442e+00 1.349664453119221175e-01 4.448061039598538713e-01
6.524921944502442450e+00 1.351239564092436840e-01 4.440619189721985993e-01
6.513937227932005136e+00 1.352814675065652505e-01 4.433143400185923788e-01
6.502902482144572893e+00 1.354389786038868171e-01 4.425633562625546080e-01
6.491817556111454834e+00 1.355964897012083836e-01 4.418089574256335306e-01
6.480682308211063614e+00 1.357540007985299779e-01 4.410511338695917716e-01
6.469496837228131625e+00 1.359115118958515445e-01 4.402898923173500512e-01
6.458261748661490387e+00 1.360690229931731110e-01 4.395252739769071049e-01
6.446977711294153757e+00 1.362265340904946775e-01 4.387573243631472941e-01
6.435645390792505083e+00 1.363840451878162441e-01 4.379860887788488699e-01
6.424265449690300223e+00 1.365415562851378384e-01 4.372116123135950660e-01
6.412838547372849973e+00 1.366990673824594049e-01 4.364339398426974048e-01
6.401365340061916598e+00 1.368565784797809715e-01 4.356531160261685187e-01
6.389846480800994044e+00 1.370140895771025380e-01 4.348691853077198410e-01
6.378282619441178802e+00 1.371716006744241045e-01 4.340821919137997087e-01
6.366674402627534590e+00 1.373291117717456711e-01 4.332921798526660484e-01
6.355022473785828296e+00 1.374866228690672654e-01 4.324991929134837099e-01
6.343327473109870773e+00 1.376441339663888319e-01 4.317032746654620445e-01
6.331590037549331917e+00 1.378016450637103985e-01 4.309044684570263462e-01
6.319810800797874606e+00 1.379591561610319650e-01 4.301028174150108851e-01
6.307990393282008057e+00 1.381166672583535315e-01 4.292983644438989055e-01
6.296129442150171229e+00 1.382741783556751258e-01 4.284911522250804961e-01
6.284228571262366003e+00 1.384316894529966924e-01 4.276812232161470995e-01
6.272288401180285078e+00 1.385892005503182589e-01 4.268686196502192165e-01
6.260309549157750730e+00 1.387467116476398254e-01 4.260533835352964815e-01
6.248292629131773523e+00 1.389042227449613920e-01 4.252355566536480946e-01
6.236238251713858816e+00 1.390617338422829863e-01 4.244151805612223494e-01
6.224147024181856835e+00 1.392192449396045528e-01 4.235922965870907997e-01
6.212019550472215101e+00 1.393767560369261194e-01 4.227669458329217922e-01
6.199856431172637627e+00 1.395342671342476859e-01 4.219391691724808657e-01
6.187658263515112722e+00 1.396917782315692524e-01 4.211090072511556870e-01
6.175425641369451490e+00 1.398492893288908467e-01 4.202765004855167352e-01
6.163159155237083908e+00 1.400068004262124133e-01 4.194416890628953065e-01
6.150859392245424218e+00 1.401643115235339798e-01 4.186046129409990435e-01
6.138526936142445933e+00 1.403218226208555464e-01 4.177653118475440075e-01
6.126162367291775546e+00 1.404793337181771129e-01 4.169238252799201683e-01
6.113766262668107743e+00 1.406368448154987072e-01 4.160801925048792649e-01
6.101339195853023867e+00 1.407943559128202737e-01 4.152344525582502555e-01
6.088881737031161201e+00 1.409518670101418403e-01 4.143866442446788589e-01
6.076394452986646932e+00 1.411093781074634068e-01 4.135368061373847492e-01
6.063877907100184927e+00 1.412668892047849734e-01 4.126849765779632695e-01
6.051332659346160270e+00 1.414244003021065677e-01 4.118311936761881453e-01
6.038759266290281147e+00 1.415819113994281342e-01 4.109754953098511132e-01
6.026158281087541368e+00 1.417394224967497007e-01 4.101179191246245304e-01
6.013530253480517729e+00 1.418969335940712673e-01 4.092585025339427474e-01
6.000875729797888525e+00 1.420544446913928338e-01 4.083972827189039090e-01
5.988195252953535608e+00 1.422119557887144281e-01 4.075342966282075041e-01
5.975489362445744135e+00 1.423694668860359946e-01 4.066695809780999094e-01
5.962758594356742492e+00 1.425269779833575612e-01 4.058031722523441909e-01
5.950003481469675393e+00 1.426844890806791277e-01 4.049351067101794599e-01
5.937224723617367417e+00 1.428420001780006943e-01 4.040654319796243565e-01
5.924423524429125898e+00 1.429995112753222608e-01 4.031942299752133696e-01
5.911601168670823192e+00 1.431570223726438551e-01 4.023215881333331301e-01
5.898758925942719777e+00 1.433145334699654216e-01 4.014475928582550424e-01
5.885898050743441523e+00 1.434720445672869882e-01 4.005723295264896344e-01
5.873019782536127664e+00 1.436295556646085547e-01 3.996958824912885677e-01
5.860125345816717513e+00 1.437870667619301213e-01 3.988183350872906430e-01
5.847215950184114774e+00 1.439445778592517156e-01 3.979397696352985903e-01
5.834292790412410667e+00 1.441020889565732821e-01 3.970602674471931937e-01
5.821357046524973988e+00 1.442596000538948486e-01 3.961799088309758687e-01
5.808409883870144341e+00 1.444171111512164152e-01 3.952987730959204304e-01
5.795452453198996601e+00 1.445746222485379817e-01 3.944169385578647491e-01
5.782485890744524681e+00 1.447321333458595760e-01 3.935344825446004946e-01
5.769511318302516401e+00 1.448896444431811426e-01 3.926514814013767896e-01
5.756529843314060813e+00 1.450471555405027091e-01 3.917680104965148291e-01
5.743542558949421561e+00 1.452046666378242756e-01 3.908841442271169253e-01
5.730550544193499185e+00 1.453621777351458422e-01 3.899999560248824104e-01
5.717554863932510223e+00 1.455196888324674365e-01 3.891155183620065294e-01
5.704556569042173564e+00 1.456771999297890030e-01 3.882309027571819171e-01
5.691556696476946620e+00 1.458347110271105695e-01 3.873461797816722396e-01
5.678556269360767850e+00 1.459922221244321361e-01 3.864614190654874215e-01
5.665556297078677694e+00 1.461497332217537026e-01 3.855766893036188803e-01
5.652557775369709603e+00 1.463072443190752969e-01 3.846920582623617468e-01
5.639561686420819342e+00 1.464647554163968635e-01 3.838075927857072522e-01
5.626568998961787749e+00 1.466222665137184300e-01 3.829233588018011725e-01
5.613580668361145776e+00 1.467797776110399965e-01 3.820394213294723840e-01
5.600597636722941530e+00 1.469372887083615631e-01 3.811558444848183735e-01
5.587620832984393715e+00 1.470947998056831574e-01 3.802726914878509223e-01
5.574651173014395056e+00 1.472523109030047239e-01 3.793900246692008538e-01
5.561689559712799102e+00 1.474098220003262905e-01 3.785079054768736850e-01
5.548736883110346518e+00 1.475673330976478570e-01 3.776263944830512975e-01
5.535794020469396948e+00 1.477248441949694235e-01 3.767455513909472309e-01
5.522861836385182244e+00 1.478823552922910178e-01 3.758654350416970602e-01
5.509941182887776456e+00 1.480398663896125844e-01 3.749861034212984556e-01
5.497032899544577411e+00 1.481973774869341509e-01 3.741076136675862696e-01
5.484137813563232378e+00 1.483548885842557175e-01 3.732300220772358790e-01
5.471256739895237864e+00 1.485123996815772840e-01 3.723533841128152111e-01
5.458390481339741918e+00 1.486699107788988505e-01 3.714777544098485373e-01
5.445539828647928182e+00 1.488274218762204448e-01 3.706031867839199578e-01
5.432705560627792529e+00 1.489849329735420114e-01 3.697297342378053631e-01
5.419888444249035153e+00 1.491424440708635779e-01 3.688574489686097801e-01
5.407089234748521989e+00 1.492999551681851444e-01 3.679863823749451868e-01
5.394308675735765668e+00 1.494574662655067110e-01 3.671165850641093797e-01
5.381547499298916293e+00 1.496149773628283053e-01 3.662481068592988165e-01
5.368806426110653618e+00 1.497724884601498718e-01 3.653809968068157943e-01
5.356086165534462928e+00 1.499299995574714384e-01 3.645153031833006096e-01
5.343387439424046370e+00 1.500875106547930049e-01 3.636510751154315435e-01
5.330711182218463406e+00 1.502450217521145714e-01 3.627883761976554156e-01
5.318058436755705998e+00 1.504025328494361657e-01 3.619272774016472072e-01
5.305430230476670950e+00 1.505600439467577323e-01 3.610678486512127749e-01
5.292827574278168079e+00 1.507175550440792988e-01 3.602101587442295139e-01
5.280251462679607322e+00 1.508750661414008654e-01 3.593542753639891729e-01
5.267702873990289802e+00 1.510325772387224319e-01 3.585002650905840804e-01
5.255182770477065723e+00 1.511900883360440262e-01 3.576481934123170170e-01
5.242692098532739209e+00 1.513475994333655927e-01 3.567981247371626030e-01
5.230231788844608154e+00 1.515051105306871593e-01 3.559501224042363465e-01
5.217802756563422406e+00 1.516626216280087258e-01 3.551042486952948329e-01
5.205405901472810903e+00 1.518201327253302924e-01 3.542605648462649470e-01
5.193042108158594239e+00 1.519776438226518867e-01 3.534191310587675994e-01
5.180712246178565294e+00 1.521351549199734532e-01 3.525800065116723170e-01
5.168417170232271651e+00 1.522926660172950197e-01 3.517432493726507792e-01
5.156157720330788230e+00 1.524501771146165863e-01 3.509089168097328515e-01
5.143934721966658685e+00 1.526076882119381528e-01 3.500770650028705022e-01
5.131748986283656500e+00 1.527651993092597471e-01 3.492477491554922819e-01
5.119601310246600256e+00 1.529227104065813136e-01 3.484210235060594685e-01
5.107492476810839399e+00 1.530802215039028802e-01 3.475969413396008401e-01
5.095423255091809267e+00 1.532377326012244467e-01 3.467755549992523889e-01
5.083394400534121615e+00 1.533952436985460133e-01 3.459569158977650050e-01
5.071406655080639148e+00 1.535527547958676076e-01 3.451410745290097171e-01
5.059460747341018916e+00 1.537102658931891741e-01 3.443280804794500716e-01
5.047557392759996375e+00 1.538677769905107406e-01 3.435179824395941939e-01
5.035697293785403872e+00 1.540252880878323072e-01 3.427108282154281982e-01
5.023881140035556747e+00 1.541827991851538737e-01 3.419066647398101289e-01
5.012109608466358779e+00 1.543403102824754403e-01 3.411055380838409201e-01
5.000383363537851622e+00 1.544978213797970346e-01 3.403074934681996067e-01
4.988703057380174499e+00 1.546553324771186011e-01 3.395125752744375669e-01
4.977069329959115329e+00 1.548128435744401676e-01 3.387208270562466206e-01
4.965482809240981510e+00 1.549703546717617342e-01 3.379322915506777769e-01
4.953944111356824997e+00 1.551278657690833007e-01 3.371470106893187380e-01
4.942453840766106943e+00 1.552853768664048950e-01 3.363650256094324886e-01
4.931012590419623365e+00 1.554428879637264616e-01 3.355863766650443170e-01
4.919620941921792223e+00 1.556003990610480281e-01 3.348111034379883111e-01
4.908279465692151788e+00 1.557579101583695946e-01 3.340392447488962357e-01
4.896988721126160904e+00 1.559154212556911612e-01 3.332708386681426105e-01
4.885749256755175018e+00 1.560729323530127555e-01 3.325059225267311125e-01
4.874561610405690359e+00 1.562304434503343220e-01 3.317445329271327403e-01
4.863426309357699040e+00 1.563879545476558885e-01 3.309867057540629709e-01
4.852343870502343393e+00 1.565454656449774551e-01 3.302324761852101220e-01
4.841314800498443205e+00 1.567029767422990216e-01 3.294818787018888306e-01
4.830339595928552221e+00 1.568604878396206159e-01 3.287349470996611678e-01
4.819418743453682374e+00 1.570179989369421825e-01 3.279917144988651057e-01
4.808552719967468470e+00 1.571755100342637490e-01 3.272522133551081236e-01
4.797741992749187112e+00 1.573330211315853155e-01 3.265164754696795457e-01
4.786987019615973615e+00 1.574905322289068821e-01 3.257845319999109202e-01
4.776288249074005954e+00 1.576480433262284764e-01 3.250564134694642338e-01
4.765646085362683415e+00 1.578055544235500429e-01 3.243321473893698292e-01
4.755060774741052043e+00 1.579630655208716095e-01 3.236117505191025701e-01
4.744532517550705819e+00 1.581205766181931760e-01 3.228952364931658714e-01
4.744532517550705819e+00 1.581205766181931760e-01 3.228952364931658714e-01
3.693238618261324380e+00 1.826842454521749870e-01 2.529829949233806663e-01
3.136795437144419552e+00 2.073525430377324841e-01 1.679170675860290896e-01
2.487440171750419982e+00 2.322407203492417860e-01 1.431569647985729832e-01
2.164023895905905270e+00 2.568837818198746459e-01 1.335939006090856029e-01
1.826299853243125160e+00 2.811184729179193598e-01 8.555061034264693776e-02
1.600853489998246282e+00 3.057758170190760794e-01 6.458965282212467129e-02
1.395622247709782604e+00 3.308749588216616799e-01 5.526709335392696737e-02
1.217169950751886054e+00 3.553458836143503774e-01 4.483550461767121104e-02
1.099758756828872031e+00 3.797183506574301481e-01 4.723830536275501479e-02
9.691970168721050216e-01 4.042043120935024936e-01 2.579444766494895167e-02
8.807733575640419588e-01 4.287407985369371399e-01 1.975401033185550034e-02
8.016075591809511680e-01 4.533371424922238990e-01 1.706889534688677337e-02
7.226411503151961568e-01 4.779959634912051558e-01 2.458422430805986061e-02
6.594030414670132290e-01 5.026629933946460405e-01 1.662480351244419868e-02
6.116599898528294332e-01 5.271487506500315279e-01 1.810450561131044314e-02
5.682837996347904763e-01 5.515427964227138657e-01 1.271865599794224158e-02
5.298760016390640093e-01 5.762240530263548210e-01 1.085236020466105213e-02
4.943475562494150655e-01 6.007285446297923048e-01 8.998595080914632491e-03
4.598894612697986273e-01 6.252568531449649303e-01 1.390354296144443412e-02
4.404101966690852077e-01 6.499965502683907603e-01 1.334394170883718492e-02
4.180135686358521507e-01 6.746857991314229031e-01 1.015720253008276126e-02
4.036140063517125176e-01 6.991270364754236244e-01 7.899552746144270290e-03
3.914983996831332136e-01 7.235756604093172006e-01 6.943661221968678958e-03
3.877363954253643108e-01 7.479714013051395050e-01 8.789545224972328263e-03
3.852540743141907864e-01 7.726132299420060967e-01 7.366206281288130084e-03
3.817847738680195668e-01 7.972349387995918413e-01 7.740071187632975407e-03
3.683384572653085609e-01 8.217736356692634248e-01 9.173757400240673335e-03
3.569202029345420191e-01 8.463200505719705724e-01 7.205414912146245084e-03
3.469210627565291194e-01 8.708218859006343626e-01 6.305981688945430652e-03
3.419431405948682445e-01 8.954790463233904818e-01 6.333017021864855225e-03
3.361424419677163655e-01 9.199626960429320155e-01 6.864799668740448856e-03
3.371240840466504518e-01 9.443606208269833546e-01 8.461213194373099628e-03
3.380121883522397286e-01 9.688687146412832130e-01 8.612195932180046268e-03
3.367792012416263026e-01 9.930926048855095445e-01 1.045477172711387591e-02
3.439285446712946892e-01 1.017620455362175491e+00 7.843285498809748901e-03
3.553532214134418332e-01 1.042409919186157552e+00 1.016664754754255558e-02
3.732377477445808500e-01 1.066789561870425063e+00 9.289297637946144007e-03
3.823018754074674064e-01 1.090909765172895618e+00 1.176151965893746341e-02
3.777822345480147392e-01 1.115651582439790346e+00 1.953903653065247950e-02
3.885662032034667979e-01 1.140641543091339027e+00 1.241248148044870984e-02
3.943104299105179011e-01 1.164692026865203012e+00 2.235144115749912105e-02
4.085090972426352329e-01 1.188605021497627590e+00 1.889295389947294804e-02
4.380622162995168600e-01 1.214006438167991364e+00 1.709583765565238569e-02
4.722195918128017644e-01 1.240498485730926914e+00 2.451128272115349338e-02
5.360271591245516776e-01 1.264816150349954427e+00 5.060923351139222370e-02
5.698779643287318342e-01 1.284554513240047102e+00 7.131935207026290913e-02
6.162276471091557850e-01 1.309527810458392949e+00 1.029048771338865742e-01
8.957700087557330937e-01 1.335814856768205550e+00 1.530989329600790372e-01
8.625663295912558981e-01 1.360349523175663267e+00 1.040020641785188715e+00
