1.114782145788108352e+02 7.669903939428205850e-04 7.544781078204962910e+00
1.328710776246784064e+02 9.245014912643925459e-04 8.992637674463823672e+00
1.538689643956427631e+02 1.082012588585964507e-03 1.041376250491096123e+01
1.744731431712795882e+02 1.239523685907536251e-03 1.180824140597442451e+01
1.946833255117921624e+02 1.397034783229108429e-03 1.317605485621562167e+01
2.144985138859073572e+02 1.554545880550680173e-03 1.451713534329500099e+01
2.339181692077938521e+02 1.712056977872252134e-03 1.583144638219533284e+01
2.529422083540154631e+02 1.869568075193824095e-03 1.711898234717055800e+01
2.715716631630556890e+02 2.027079172515396273e-03 1.837981307245234319e+01
2.898075639425732675e+02 2.184590269836968017e-03 1.961400828866707968e+01
3.076526036209006065e+02 2.342101367158539761e-03 2.082175025164654514e+01
3.251095128851133040e+02 2.499612464480111939e-03 2.200322377271249863e+01
3.421814756005571212e+02 2.657123561801683683e-03 2.315864433402980538e+01
3.588727911442828145e+02 2.814634659123255861e-03 2.428830291495030025e+01
3.751879762893086081e+02 2.972145756444827605e-03 2.539250520805913780e+01
3.911314887622602896e+02 3.129656853766399783e-03 2.647155290971576846e+01
4.067084115313670054e+02 3.287167951087971527e-03 2.752579003226971111e+01
4.219243409191483352e+02 3.444679048409543271e-03 2.855559533159190266e+01
4.367848889424659546e+02 3.602190145731115449e-03 2.956134862573726352e+01
4.512955122403089945e+02 3.759701243052687193e-03 3.054341921687619887e+01
4.654619459590066981e+02 3.917212340374259805e-03 3.150219525639479556e+01
4.792901623463731653e+02 4.074723437695831549e-03 3.243808094257043706e+01
4.927862961539479443e+02 4.232234535017403293e-03 3.335149147183869900e+01
5.059563308043186112e+02 4.389745632338975037e-03 3.424283179877918570e+01
5.188060480398171421e+02 4.547256729660546781e-03 3.511249322836850695e+01
5.313413114378359978e+02 4.704767826982118525e-03 3.596087260413280262e+01
5.435680489688226089e+02 4.862278924303691137e-03 3.678837112768288620e+01
5.554922226679225332e+02 5.019790021625262881e-03 3.759539230610870675e+01
5.671197994460499103e+02 5.177301118946834625e-03 3.838233997648937645e+01
5.784565442307731473e+02 5.334812216268406369e-03 3.914960430578801009e+01
5.895079422264159348e+02 5.492323313589978981e-03 3.989755652946029585e+01
6.002794573856486977e+02 5.649834410911550725e-03 4.062656644466235178e+01
6.107765392324697586e+02 5.807345508233122469e-03 4.133700287202614021e+01
6.210046093560902136e+02 5.964856605554694213e-03 4.202923274157334532e+01
6.309690500155418249e+02 6.122367702876265957e-03 4.270362032148184994e+01
6.406751945564017205e+02 6.279878800197838569e-03 4.336052656949527773e+01
6.501282649202639732e+02 6.437389897519410313e-03 4.400030490360006041e+01
6.593331130123076491e+02 6.594900994840982057e-03 4.462328369793218030e+01
6.682944431992171985e+02 6.752412092162553801e-03 4.522978134130752892e+01
6.770169252182201944e+02 6.909923189484126413e-03 4.582011387884053732e+01
6.855051878523303230e+02 7.067434286805698157e-03 4.639459458388798652e+01
6.937638133931731090e+02 7.224945384127269901e-03 4.695353358329655435e+01
7.017973329376989113e+02 7.382456481448841645e-03 4.749723753908673274e+01
7.096102224165585994e+02 7.539967578770413389e-03 4.802600937965595307e+01
7.172068992651182953e+02 7.697478676091986001e-03 4.854014807447450153e+01
7.245916931828298857e+02 7.854989773413558612e-03 4.903994665509674888e+01
7.317685734409539009e+02 8.012500870735128622e-03 4.952567375950561512e+01
7.387412816560481588e+02 8.170011968056702101e-03 4.999758261814540106e+01
7.455135283169637432e+02 8.327523065378272110e-03 5.045592435475521143e+01
7.520889924922614682e+02 8.485034162699845589e-03 5.090094796656708098e+01
7.584713187217255381e+02 8.642545260021415598e-03 5.133290011392542596e+01
7.646641143116653438e+02 8.800056357342989077e-03 5.175202493723460151e+01
7.706709469924334144e+02 8.957567454664562556e-03 5.215856389842118546e+01
7.764953429010438413e+02 9.115078551986132566e-03 5.255275564439851621e+01
7.821407848556077624e+02 9.272589649307706045e-03 5.293483589028177505e+01
7.876107108919073880e+02 9.430100746629276054e-03 5.330503732034394915e+01
7.929085091528784233e+02 9.587611843950849533e-03 5.366358924213908921e+01
7.980373097908558293e+02 9.745122941272419542e-03 5.401070350256652830e+01
8.029998983564208856e+02 9.902634038593993021e-03 5.434656862607837269e+01
8.077990231889851884e+02 1.006014513591556303e-02 5.467137061869619430e+01
8.124374199900238409e+02 1.021765623323713651e-02 5.498529463111336923e+01
8.169178094565063475e+02 1.037516733055870999e-02 5.528852479852699986e+01
8.212428951463836029e+02 1.053267842788028000e-02 5.558124409617534667e+01
8.254153615567998941e+02 1.069018952520185348e-02 5.586363420927229839e+01
8.294378723972745320e+02 1.084770062252342349e-02 5.613587541613723886e+01
8.333130690417223150e+02 1.100521171984499696e-02 5.639814648342890990e+01
8.370435691446430155e+02 1.116272281716656697e-02 5.665062457248961181e+01
8.406319654079658221e+02 1.132023391448814045e-02 5.689348515588620359e+01
8.440808244862878382e+02 1.147774501180971046e-02 5.712690194331708682e+01
8.473926860192216282e+02 1.163525610913128394e-02 5.735104681612227751e+01
8.505700553827698513e+02 1.179276720645285742e-02 5.756608933670030837e+01
8.536151835611514116e+02 1.195027830377442743e-02 5.777218185036107911e+01
8.565300283347589811e+02 1.210778940109600091e-02 5.796945685854906571e+01
8.593165326087912490e+02 1.226530049841757092e-02 5.815804585596428922e+01
8.619766408801879152e+02 1.242281159573914440e-02 5.833808044503478385e+01
8.645122973058774960e+02 1.258032269306071441e-02 5.850969220517691838e+01
8.669254439139069746e+02 1.273783379038228789e-02 5.867301257172553619e+01
8.692180189477311387e+02 1.289534488770385789e-02 5.882817272387644891e+01
8.713919553346458997e+02 1.305285598502543137e-02 5.897530348103096998e+01
8.734491792700709993e+02 1.321036708234700485e-02 5.911453520698093200e+01
8.753916089099218425e+02 1.336787817966857486e-02 5.924599772140908271e+01
8.772211531640414250e+02 1.352538927699014834e-02 5.936982021822939259e+01
8.789397105838972948e+02 1.368290037431171835e-02 5.948613119030699892e+01
8.805491683385446322e+02 1.384041147163329183e-02 5.959505836015190994e+01
8.820514012730237710e+02 1.399792256895486184e-02 5.969672861619195459e+01
8.834482710439066295e+02 1.415543366627643532e-02 5.979126795426704888e+01
8.847416253270255311e+02 1.431294476359800533e-02 5.987880142400872074e+01
8.859332957610062067e+02 1.447045586091957881e-02 5.995945298965966686e+01
8.870249741993857242e+02 1.462796695824115228e-02 6.003333715488861344e+01
8.880181220980122134e+02 1.478547805556272229e-02 6.010055283018201777e+01
8.889141817357698301e+02 1.494298915288429577e-02 6.016119762814044236e+01
8.897145992365075244e+02 1.510050025020586578e-02 6.021536942158947880e+01
8.904208232367395794e+02 1.525801134752743926e-02 6.026316625341042510e+01
8.910343036348288024e+02 1.541552244484900927e-02 6.030468625188582621e+01
8.915564904171081935e+02 1.557303354217058275e-02 6.034002755125195705e+01
8.919888325565622154e+02 1.573054463949215276e-02 6.036928821716221449e+01
8.923327769800200713e+02 1.588805573681372624e-02 6.039256617678744732e+01
8.925897676000695355e+02 1.604556683413529972e-02 6.040995915329639132e+01
8.927612444080803016e+02 1.620307793145686973e-02 6.042156460447192501e+01
8.928486426250801742e+02 1.636058902877844320e-02 6.042747966524304104e+01
8.928533919072383469e+02 1.651810012610001321e-02 6.042780109391228649e+01
8.927769156030586828e+02 1.667561122342158669e-02 6.042262522188305951e+01
8.926206300594826644e+02 1.683312232074316017e-02 6.041204790669709723e+01
8.923859439742931272e+02 1.699063341806473018e-02 6.039616448820547134e+01
8.920742577923369936e+02 1.714814451538630366e-02 6.037506974770529666e+01
8.916869631432244887e+02 1.730565561270787367e-02 6.034885786988365197e+01
8.912254423183434255e+02 1.746316671002944715e-02 6.031762240742207126e+01
8.906910677850677303e+02 1.762067780735101716e-02 6.028145624811853054e+01
8.900852016824958355e+02 1.777818890467259064e-02 6.024045158075924888e+01
8.894091832621210187e+02 1.793570000199416065e-02 6.019469904511063163e+01
8.886643140584867524e+02 1.809321109931573412e-02 6.014428672827767741e+01
8.878518826240534736e+02 1.825072219663730760e-02 6.008930183874559106e+01
8.869731680459586869e+02 1.840823329395887761e-02 6.002983094439190381e+01
8.860294395585960956e+02 1.856574439128045109e-02 5.996595994626625270e+01
8.850219561846781744e+02 1.872325548860202110e-02 5.989777405429748569e+01
8.839519664033791742e+02 1.888076658592359458e-02 5.982535776483393875e+01
8.828207078441027988e+02 1.903827768324516459e-02 5.974879483991778528e+01
8.816294070046379829e+02 1.919578878056673807e-02 5.966816828820986984e+01
8.803792789924502813e+02 1.935329987788830808e-02 5.958356034748060637e+01
8.790715272878923088e+02 1.951081097520988156e-02 5.949505246858410601e+01
8.777073435282679839e+02 1.966832207253145504e-02 5.940272530084379810e+01
8.762879073116686186e+02 1.982583316985302505e-02 5.930665867877615938e+01
8.748143860195439174e+02 1.998334426717459852e-02 5.920693161008244942e+01
8.732879346570944108e+02 2.014085536449616853e-02 5.910362226484649284e+01
8.717096957105566162e+02 2.029836646181774201e-02 5.899680796587593790e+01
8.700807990204742737e+02 2.045587755913931202e-02 5.888656518012523833e+01
8.684023616702017989e+02 2.061338865646088550e-02 5.877296951114961132e+01
8.666754878887768427e+02 2.077089975378245551e-02 5.865609569253160060e+01
8.649012689674710828e+02 2.092841085110402899e-02 5.853601758223322093e+01
8.630807831892669810e+02 2.108592194842560247e-02 5.841280815782299385e+01
8.612150957706018062e+02 2.124343304574717248e-02 5.828653951253320287e+01
8.593052588147306778e+02 2.140094414306874596e-02 5.815728285210357740e+01
8.573523112760725553e+02 2.155845524039031597e-02 5.802510849236823987e+01
8.553572789349809682e+02 2.171596633771188944e-02 5.789008585754810099e+01
8.533211753655264147e+02 2.187347743503345945e-02 5.775228354574999656e+01
8.512451085447287369e+02 2.203098853235503293e-02 5.761177654421766192e+01
8.491303689079051082e+02 2.218849962967660294e-02 5.746865218886699012e+01
8.469782398235862502e+02 2.234601072699817642e-02 5.732299733733776037e+01
8.447899748584563895e+02 2.250352182431974990e-02 5.717489683029797476e+01
8.425667983925534372e+02 2.266103292164131991e-02 5.702443353308039065e+01
8.403099062246010362e+02 2.281854401896289339e-02 5.687168837665093690e+01
8.380204661675015814e+02 2.297605511628446340e-02 5.671674039791133737e+01
8.356996186339409860e+02 2.313356621360603688e-02 5.655966677933247411e+01
8.333484772120884827e+02 2.329107731092760689e-02 5.640054288791746728e+01
8.309681292314085113e+02 2.344858840824918036e-02 5.623944231349552325e+01
8.285596363185934479e+02 2.360609950557075037e-02 5.607643690634711930e+01
8.261240349436624228e+02 2.376361060289232385e-02 5.591159681416353777e+01
8.236623369562629478e+02 2.392112170021389733e-02 5.574499051834369112e+01
8.211755301122167339e+02 2.407863279753546734e-02 5.557668486963018495e+01
8.186645785904247532e+02 2.423614389485704082e-02 5.540674512309331590e+01
8.161304235001225607e+02 2.439365499217861083e-02 5.523523497246174685e+01
8.135739833786400368e+02 2.455116608950018431e-02 5.506221658381067385e+01
8.109961546797250094e+02 2.470867718682175432e-02 5.488775062861117959e+01
8.083978122525197705e+02 2.486618828414332780e-02 5.471189631614712567e+01
8.057798098112962180e+02 2.502369938146489781e-02 5.453471142530666071e+01
8.031429803960522804e+02 2.518121047878647129e-02 5.435625233575491677e+01
8.004881368240980919e+02 2.533872157610804476e-02 5.417657405849733721e+01
7.978160721326986504e+02 2.549623267342961477e-02 5.399573026583720292e+01
7.951275600129524719e+02 2.565374377075118825e-02 5.381377332074058017e+01
7.924233552349703587e+02 2.581125486807275826e-02 5.363075430561195844e+01
7.897041940644907072e+02 2.596876596539433174e-02 5.344672305049063255e+01
7.869707946711063187e+02 2.612627706271590175e-02 5.326172816067920479e+01
7.842238575281270414e+02 2.628378816003747523e-02 5.307581704380606880e+01
7.814640658042974337e+02 2.644129925735904524e-02 5.288903593633673239e+01
7.786920857474806326e+02 2.659881035468061872e-02 5.270142992954113481e+01
7.759085670603625431e+02 2.675632145200219220e-02 5.251304299492126404e+01
7.731141463089860508e+02 2.691383254932376221e-02 5.232391821489866857e+01
7.703095993580114964e+02 2.707134364664533568e-02 5.213410809954476122e+01
7.674959033575991043e+02 2.722885474396690569e-02 5.194367878181717657e+01
7.646740194217923090e+02 2.738636584128847917e-02 5.175269530935842255e+01
7.618448751031063466e+02 2.754387693861004918e-02 5.156122045838613133e+01
7.590093653728486061e+02 2.770138803593162266e-02 5.136931480004076178e+01
7.561683535772463074e+02 2.785889913325319267e-02 5.117703676509551514e+01
7.533226723697006264e+02 2.801641023057476615e-02 5.098444270705094539e+01
7.504731246195165113e+02 2.817392132789633963e-02 5.079158696363724346e+01
7.476204842974569829e+02 2.833143242521790964e-02 5.059852191674790589e+01
7.447654973385135690e+02 2.848894352253948312e-02 5.040529805083164661e+01
7.419088824822669039e+02 2.864645461986105313e-02 5.021196400976759833e+01
7.390513320912348263e+02 2.880396571718262660e-02 5.001856665225039933e+01
7.361935129476122484e+02 2.896147681450419661e-02 4.982515110571334560e+01
7.333360670288022902e+02 2.911898791182577009e-02 4.963176081881571378e+01
7.304796122621783070e+02 2.927649900914734010e-02 4.943843761252471580e+01
7.276247432594394695e+02 2.943401010646891358e-02 4.924522172981615142e+01
7.247720320310457964e+02 2.959152120379048706e-02 4.905215188402713977e+01
7.219220286811004144e+02 2.974903230111205707e-02 4.885926530588510275e+01
7.190752620831311788e+02 2.990654339843363055e-02 4.866659778924454116e+01
7.162322405371638752e+02 3.006405449575520056e-02 4.847418373555712634e+01
7.133934524085289013e+02 3.022156559307677404e-02 4.828205619710596608e+01
7.105593667488031997e+02 3.037907669039834405e-02 4.809024691903043447e+01
7.077304338993092188e+02 3.053658778771991752e-02 4.789878638017076184e+01
7.049070860775700567e+02 3.069409888504148753e-02 4.770770383275885962e+01
7.020897379471391559e+02 3.085160998236306101e-02 4.751702734098420677e+01
6.992787871711894923e+02 3.100912107968463102e-02 4.732678381846025673e+01
6.964746149502805110e+02 3.116663217700620450e-02 4.713699906462045419e+01
6.936775865446657008e+02 3.132414327432777451e-02 4.694769780006741655e+01
6.908880517815618987e+02 3.148165437164934799e-02 4.675890370090483117e+01
6.881063455477279831e+02 3.163916546897092147e-02 4.657063943207479895e+01
6.853327882677396019e+02 3.179667656629248801e-02 4.638292667972730499e+01
6.825676863683398778e+02 3.195418766361406149e-02 4.619578618264702641e+01
6.798113327292088570e+02 3.211169876093563497e-02 4.600923776276133736e+01
6.770640071205131107e+02 3.226920985825720151e-02 4.582330035475321495e+01
6.743259766275912170e+02 3.242672095557877499e-02 4.563799203480392208e+01
6.715974960631094746e+02 3.258423205290034846e-02 4.545333004848733083e+01
6.688788083670240212e+02 3.274174315022192194e-02 4.526933083783911371e+01
6.661701449946723415e+02 3.289925424754349542e-02 4.508601006762265229e+01
6.634717263276751282e+02 3.305676534486506196e-02 4.490338265313849320e+01
6.607837993681606577e+02 3.321427644218663544e-02 4.472146531134789882e+01
6.581067066060041952e+02 3.337178753950820892e-02 4.454028122176740823e+01
6.554407933576903815e+02 3.352929863682978240e-02 4.435985375521703844e+01
6.527863882263853839e+02 3.368680973415134894e-02 4.418020515136895199e+01
6.501438036648797834e+02 3.384432083147292242e-02 4.400135655684729841e+01
6.475133365220656287e+02 3.400183192879449590e-02 4.382332806221337052e+01
6.448952685734141141e+02 3.415934302611606938e-02 4.364613873786804987e+01
6.422898670357601532e+02 3.431685412343764285e-02 4.346980666889219691e+01
6.396973850668624664e+02 3.447436522075920939e-02 4.329434898885642724e+01
6.371180622500527306e+02 3.463187631808078287e-02 4.311978191262207361e+01
6.345521250643731719e+02 3.478938741540235635e-02 4.294612076815970880e+01
6.319997873405884548e+02 3.494689851272392983e-02 4.277338002741178968e+01
6.294612507033834845e+02 3.510440961004549637e-02 4.260157333622036191e+01
6.269367050001787902e+02 3.526192070736706985e-02 4.243071354334900036e+01
6.244263287168498664e+02 3.541943180468864333e-02 4.226081272861858196e+01
6.219302893807296186e+02 3.557694290201021681e-02 4.209188223018202990e+01
6.194487439512220135e+02 3.573445399933179029e-02 4.192393267096102960e+01
6.169818391983808397e+02 3.589196509665335683e-02 4.175697398426792262e+01
6.145297120697399578e+02 3.604947619397493030e-02 4.159101543863259565e+01
6.120924900457684998e+02 3.620698729129650378e-02 4.142606566185946093e+01
6.096702914842101109e+02 3.636449838861807726e-02 4.126213266433210691e+01
6.072632259536709398e+02 3.652200948593964380e-02 4.109922386159044549e+01
6.048713945566992152e+02 3.667952058326121728e-02 4.093734609619644971e+01
6.024948902427011035e+02 3.683703168058279076e-02 4.077650565891219259e+01
6.001337981109478505e+02 3.699454277790436424e-02 4.061670830920706976e+01
5.977881957039757026e+02 3.715205387522593772e-02 4.045795929511517386e+01
5.954581532916436117e+02 3.730956497254750426e-02 4.030026337245979562e+01
5.931437341461107735e+02 3.746707606986907774e-02 4.014362482346414396e+01
5.908449948080235572e+02 3.762458716719065122e-02 3.998804747476641808e+01
5.885619853441245368e+02 3.778209826451222469e-02 3.983353471485484931e+01
5.862947495965840972e+02 3.793960936183379123e-02 3.968008951094211056e+01
5.840433254242559542e+02 3.809712045915536471e-02 3.952771442529355284e+01
5.818077449361110212e+02 3.825463155647693819e-02 3.937641163102575348e+01
5.795880347170793812e+02 3.841214265379851167e-02 3.922618292739136336e+01
5.773842160465463849e+02 3.856965375112008515e-02 3.907702975456696493e+01
5.751963051096668096e+02 3.872716484844165169e-02 3.892895320795437897e+01
5.730243132017775451e+02 3.888467594576322517e-02 3.878195405201550017e+01
5.708682469260766084e+02 3.904218704308479865e-02 3.863603273365095703e+01
5.687281083847678929e+02 3.919969814040637213e-02 3.849118939513672188e+01
5.666038953639110787e+02 3.935720923772793867e-02 3.834742388663452317e+01
5.644956015120998245e+02 3.951472033504951215e-02 3.820473577828494172e+01
5.624032165132354066e+02 3.967223143237108562e-02 3.806312437190032938e+01
5.603267262535125610e+02 3.982974252969265910e-02 3.792258871226648864e+01
5.582661129828120465e+02 3.998725362701423258e-02 3.778312759806567556e+01
5.562213554707064986e+02 4.014476472433579912e-02 3.764473959243480294e+01
5.541924291571833692e+02 4.030227582165737260e-02 3.750742303316645376e+01
5.521793062983053915e+02 4.045978691897894608e-02 3.737117604256698655e+01
5.501819561069354450e+02 4.061729801630051956e-02 3.723599653698078527e+01
5.482003424126587561e+02 4.077480911362208610e-02 3.710188206841507252e+01
5.462344096621150129e+02 4.093232021094365958e-02 3.696882887705059773e+01
5.442840934684671765e+02 4.108983130826523306e-02 3.683683260522342806e+01
5.423493278392232924e+02 4.124734240558680654e-02 3.670588878659992815e+01
5.404300452874243774e+02 4.140485350290838001e-02 3.657599285370171316e+01
5.385261769161556913e+02 4.156236460022994655e-02 3.644714014362548937e+01
5.366376525000093807e+02 4.171987569755152003e-02 3.631932590355621926e+01
5.347644005635531812e+02 4.187738679487309351e-02 3.619254529607802340e+01
5.329063484569466027e+02 4.203489789219466699e-02 3.606679340429171532e+01
5.310634224287481402e+02 4.219240898951623353e-02 3.594206523674240827e+01
5.292355476960646001e+02 4.234992008683780701e-02 3.581835573216716284e+01
5.274226485120822190e+02 4.250743118415938049e-02 3.569565976406538965e+01
5.256246482310967849e+02 4.266494228148095397e-02 3.557397214510019268e+01
5.238414693711134760e+02 4.282245337880252745e-02 3.545328763133498740e+01
5.220730336740950861e+02 4.297996447612409399e-02 3.533360092631107818e+01
5.203192621639474282e+02 4.313747557344566746e-02 3.521490668497209242e+01
5.185800752023118321e+02 4.329498667076724094e-02 3.509719951743998223e+01
5.168553925422299926e+02 4.345249776808881442e-02 3.498047399264701340e+01
5.151451333797792813e+02 4.361000886541038096e-02 3.486472464183047038e+01
5.134492164037052362e+02 4.376751996273195444e-02 3.474994596189167595e+01
5.117675598431616208e+02 4.392503106005352792e-02 3.463613241862705650e+01
5.101000815135876110e+02 4.408254215737510140e-02 3.452327844983307159e+01
5.084466988608168094e+02 4.424005325469667488e-02 3.441137846829146696e+01
5.068073290034409411e+02 4.439756435201824142e-02 3.430042686463654178e+01
5.051818887735155954e+02 4.455507544933981490e-02 3.419041801010985893e+01
5.035702947556662252e+02 4.471258654666138838e-02 3.408134625920714456e+01
5.019724633246187864e+02 4.487009764398296185e-02 3.397320595221825101e+01
5.003883106812414781e+02 4.502760874130452839e-02 3.386599141766637189e+01
4.988177528871347022e+02 4.518511983862610187e-02 3.375969697464918795e+01
4.972607058978089754e+02 4.534263093594767535e-02 3.365431693508428168e+01
4.957170855945201424e+02 4.550014203326924883e-02 3.354984560586368048e+01
4.941868078147983852e+02 4.565765313059082231e-02 3.344627729092014334e+01
4.926697883816959802e+02 4.581516422791238885e-02 3.334360629320651981e+01
4.911659431318432212e+02 4.597267532523396233e-02 3.324182691659463984e+01
4.896751879423002833e+02 4.613018642255553581e-02 3.314093346769257664e+01
4.881974387562980837e+02 4.628769751987710929e-02 3.304092025758686191e+01
4.867326116078566542e+02 4.644520861719867583e-02 3.294178160350850249e+01
4.852806226453666909e+02 4.660271971452024931e-02 3.284351183042908673e+01
4.838413881541347337e+02 4.676023081184182278e-02 3.274610527258661818e+01
4.824148245779443869e+02 4.691774190916339626e-02 3.264955627494466484e+01
4.810008485396676861e+02 4.707525300648496974e-02 3.255385919458748134e+01
4.795993768609545782e+02 4.723276410380653628e-02 3.245900840205239746e+01
4.782103265810337120e+02 4.739027520112810976e-02 3.236499828260244271e+01
4.768336149746705814e+02 4.754778629844968324e-02 3.227182323744158055e+01
4.754691595692725059e+02 4.770529739577125672e-02 3.217947768487243110e+01
4.741168781612249745e+02 4.786280849309282326e-02 3.208795606140193968e+01
4.727766888314444600e+02 4.802031959041439674e-02 3.199725282279390370e+01
4.714485099601913589e+02 4.817783068773597022e-02 3.190736244507154851e+01
4.701322602411690923e+02 4.833534178505754370e-02 3.181827942547177202e+01
4.688278586949380724e+02 4.849285288237911717e-02 3.172999828335294126e+01
4.675352246816553929e+02 4.865036397970068371e-02 3.164251356105714663e+01
4.662542779131783846e+02 4.880787507702225719e-02 3.155581982472930491e+01
4.649849384645489181e+02 4.896538617434383067e-02 3.146991166509451077e+01
4.637271267848864795e+02 4.912289727166540415e-02 3.138478369819517155e+01
4.624807637076983724e+02 4.928040836898697069e-02 3.130043056608885976e+01
4.612457704606354127e+02 4.943791946630854417e-02 3.121684693750855288e+01
4.600220686747263699e+02 4.959543056363011765e-02 3.113402750848760192e+01
4.588095803930892203e+02 4.975294166095169113e-02 3.105196700294933265e+01
4.576082280791384846e+02 4.991045275827326461e-02 3.097066017326247334e+01
4.564179337184554015e+02 5.006796385559483115e-02 3.089010173945632332e+01
4.552385905186341120e+02 5.022547495291640463e-02 3.081028447388260005e+01
4.540700582854621530e+02 5.038298605023797810e-02 3.073119888827810087e+01
4.529121970965318269e+02 5.054049714755955158e-02 3.065283551277522278e+01
4.517648693409225871e+02 5.069800824488111812e-02 3.057518503394647524e+01
4.506279396727606468e+02 5.085551934220269160e-02 3.049823829166138722e+01
4.495012749658716302e+02 5.101303043952426508e-02 3.042198627601747773e+01
4.483847442694777783e+02 5.117054153684583856e-02 3.034642012434187919e+01
4.472782187649784760e+02 5.132805263416741204e-02 3.027153111826620346e+01
4.461815717236947307e+02 5.148556373148897858e-02 3.019731068086678505e+01
4.450946784656158002e+02 5.164307482881055206e-02 3.012375037387258203e+01
4.440174163191072125e+02 5.180058592613212554e-02 3.005084189493835112e+01
4.429496645815448801e+02 5.195809702345369901e-02 2.997857707498032198e+01
4.418913044808485893e+02 5.211560812077526555e-02 2.990694787557279710e+01
4.408422191379099786e+02 5.227311921809683903e-02 2.983594638640532892e+01
4.398022935298720313e+02 5.243063031541841251e-02 2.976556482279751847e+01
4.387714144431906220e+02 5.258814141273998599e-02 2.969579552252214327e+01
4.377494673917167916e+02 5.274565251006155947e-02 2.962663073722288942e+01
4.367363325503826559e+02 5.290316360738312601e-02 2.955806235720847752e+01
4.357318910580351030e+02 5.306067470470469949e-02 2.949008233802481627e+01
4.347360260332106350e+02 5.321818580202627297e-02 2.942268276920206915e+01
4.337486225344194395e+02 5.337569689934784645e-02 2.935585587156668907e+01
4.327695675213637969e+02 5.353320799666941299e-02 2.928959399461671254e+01
4.317987498170640492e+02 5.369071909399098647e-02 2.922388961395848384e+01
4.308360600708778065e+02 5.384823019131255994e-02 2.915873532880375052e+01
4.298813907223624255e+02 5.400574128863413342e-02 2.909412385952397528e+01
4.289346359659973018e+02 5.416325238595570690e-02 2.903004804526277027e+01
4.279956917167104962e+02 5.432076348327727344e-02 2.896650084160262395e+01
4.270644555761991796e+02 5.447827458059884692e-02 2.890347531828566829e+01
4.261408268000283783e+02 5.463578567792042040e-02 2.884096465698679168e+01
4.252247062654785168e+02 5.479329677524199388e-02 2.877896214913768702e+01
4.243159964401336879e+02 5.495080787256356042e-02 2.871746119380086881e+01
4.234146013511746673e+02 5.510831896988513390e-02 2.865645529559141735e+01
4.225204265493511002e+02 5.526583006720670738e-02 2.859593806223873713e+01
4.216333702411837407e+02 5.542334116452828086e-02 2.853590260441902871e+01
4.207533059183593309e+02 5.558085226184985433e-02 2.847634036012281555e+01
4.198801044916327783e+02 5.573836335917142087e-02 2.841724259266467101e+01
4.190136392747471064e+02 5.589587445649299435e-02 2.835860072799198406e+01
4.181537859337298073e+02 5.605338555381456783e-02 2.830040635125345716e+01
4.173004224374628848e+02 5.621089665113614131e-02 2.824265120345357261e+01
4.164534290094871380e+02 5.636840774845770785e-02 2.818532717819088873e+01
4.156126880810161879e+02 5.652591884577928133e-02 2.812842631847793484e+01
4.147780842451038552e+02 5.668342994310085481e-02 2.807194081363934046e+01
4.139495042119592085e+02 5.684094104042242829e-02 2.801586299628760202e+01
4.131268367653563018e+02 5.699845213774400177e-02 2.796018533937287742e+01
4.123099727201104656e+02 5.715596323506556831e-02 2.790490045330504287e+01
4.114988048805996073e+02 5.731347433238714179e-02 2.785000108314636691e+01
4.106932280002946527e+02 5.747098542970871526e-02 2.779548010587266305e+01
4.098931387422666717e+02 5.762849652703028874e-02 2.774133052770035590e+01
4.090984356406494271e+02 5.778600762435185528e-02 2.768754548147830619e+01
4.083090190630402958e+02 5.794351872167342876e-02 2.763411822414314045e+01
4.075247911583480800e+02 5.810102981899500224e-02 2.758104213318960873e+01
4.067456472694884724e+02 5.825854091631657572e-02 2.752831012548679723e+01
4.059714619975663368e+02 5.841605201363814920e-02 2.747591371410997851e+01
4.052021086628654416e+02 5.857356311095971574e-02 2.742384432544928430e+01
4.044374630521058975e+02 5.873107420828128922e-02 2.737209355282175238e+01
4.036774033682512481e+02 5.888858530560286270e-02 2.732065315307442788e+01
4.029218101815893078e+02 5.904609640292443618e-02 2.726951504327344722e+01
4.021705663820322343e+02 5.920360750024600272e-02 2.721867129747584357e+01
4.014235571326314016e+02 5.936111859756757619e-02 2.716811414358332044e+01
4.006806698242356788e+02 5.951862969488914967e-02 2.711783596027369825e+01
3.999417940313018676e+02 5.967614079221072315e-02 2.706782927401008365e+01
3.992068214687670888e+02 5.983365188953229663e-02 2.701808675612204524e+01
3.984756459500189862e+02 5.999116298685386317e-02 2.696860121996110848e+01
3.977481633458620536e+02 6.014867408417543665e-02 2.691936561812352480e+01
3.970242715445140220e+02 6.030618518149701013e-02 2.687037303974295455e+01
3.963038704125584673e+02 6.046369627881858361e-02 2.682161670784769925e+01
3.955868617568420973e+02 6.062120737614015015e-02 2.677308997678192526e+01
3.948731492872918238e+02 6.077871847346172363e-02 2.672478632968920209e+01
3.941626385806222856e+02 6.093622957078329710e-02 2.667669937605619523e+01
3.934552369497438349e+02 6.109374066810487058e-02 2.662882284287427836e+01
3.927508431297981133e+02 6.125125176542643712e-02 2.658114987659642026e+01
3.920493383645194285e+02 6.140876286274801060e-02 2.653367243986725299e+01
3.913506041441899015e+02 6.156627396006958408e-02 2.648638251201764504e+01
3.906545243610722764e+02 6.172378505739115756e-02 2.643927223494306844e+01
3.899609852645074284e+02 6.188129615471273104e-02 2.639233391006472473e+01
3.892698754171478299e+02 6.203880725203429758e-02 2.634555999536738824e+01
3.885810856522576273e+02 6.219631834935587106e-02 2.629894310250954348e+01
3.878945090320734153e+02 6.235382944667744454e-02 2.625247599400519505e+01
3.872100408071836455e+02 6.251134054399902495e-02 2.620615158047478488e+01
3.865275783768998394e+02 6.266885164132059149e-02 2.615996291796306394e+01
3.858470212505814061e+02 6.282636273864215803e-02 2.611390320532157361e+01
3.851682710098867233e+02 6.298387383596373845e-02 2.606796578165392830e+01
3.844912312719396255e+02 6.314138493328530499e-02 2.602214412382279818e+01
3.838158076533501344e+02 6.329889603060687153e-02 2.597643184401493244e+01
3.831419077351044962e+02 6.345640712792845195e-02 2.593082268736498008e+01
3.824694410282599506e+02 6.361391822525001849e-02 2.588531052963358903e+01
3.817983189404482118e+02 6.377142932257158503e-02 2.583988937494055094e+01
3.811284547431475858e+02 6.392894041989316545e-02 2.579455335354968426e+01
3.804597635397121849e+02 6.408645151721473199e-02 2.574929671970510014e+01
3.797921619539042695e+02 6.424396261453631241e-02 2.570411383055126819e+01
3.791255585077643673e+02 6.440147371185787895e-02 2.565899849491275830e+01
3.784598514456173461e+02 6.455898480917944549e-02 2.561394382602439990e+01
3.777949404404197367e+02 6.471649590650102590e-02 2.556894303380989442e+01
3.771307273368441884e+02 6.487400700382259244e-02 2.552398947517347239e+01
3.764671161154742549e+02 6.503151810114417286e-02 2.547907665157656254e+01
3.758040128578376198e+02 6.518902919846573940e-02 2.543419820667129372e+01
3.751413257122487721e+02 6.534654029578730594e-02 2.538934792398872275e+01
3.744789648604335639e+02 6.550405139310888636e-02 2.534451972467999781e+01
3.738168424849227449e+02 6.566156249043045290e-02 2.529970766530961512e+01
3.731548727371679774e+02 6.581907358775203332e-02 2.525490593569747944e+01
3.724929717063889143e+02 6.597658468507359986e-02 2.521010885681049984e+01
3.718310573890887554e+02 6.613409578239516640e-02 2.516531087869945793e+01
3.711690496592660224e+02 6.629160687971674681e-02 2.512050657848292445e+01
3.705068702392545106e+02 6.644911797703831335e-02 2.507569065837373756e+01
3.698444426711956226e+02 6.660662907435987989e-02 2.503085794374824147e+01
3.691816922891320019e+02 6.676414017168146031e-02 2.498600338125762832e+01
3.685185461916784675e+02 6.692165126900302685e-02 2.494112203697832797e+01
3.678549332152682041e+02 6.707916236632460727e-02 2.489620909460130349e+01
3.671907839079605651e+02 6.723667346364617381e-02 2.485125985365939627e+01
3.665260305037765534e+02 6.739418456096774035e-02 2.480626972779032258e+01
3.658606065845307853e+02 6.755169565828932077e-02 2.476123422184972966e+01
3.651944417922218236e+02 6.770920675561088731e-02 2.471614857404878762e+01
3.645274627063566300e+02 6.786671785293246772e-02 2.467100781533096665e+01
3.638595975626634527e+02 6.802422895025403426e-02 2.462580708873190360e+01
3.631907763873190333e+02 6.818174004757560080e-02 2.458054165846370154e+01
3.625209309711850665e+02 6.833925114489718122e-02 2.453520690817132532e+01
3.618499948445324321e+02 6.849676224221874776e-02 2.448979833922197358e+01
3.611779032522747457e+02 6.865427333954032818e-02 2.444431156902884084e+01
3.605045931296829167e+02 6.881178443686189472e-02 2.439874232940756116e+01
3.598300030785578656e+02 6.896929553418346126e-02 2.435308646496351415e+01
3.591540733438627626e+02 6.912680663150504168e-02 2.430733993151039840e+01
3.584767457907831840e+02 6.928431772882660822e-02 2.426149879451757840e+01
3.577979638822160950e+02 6.944182882614817476e-02 2.421555922758664181e+01
3.571176726566605453e+02 6.959933992346975518e-02 2.416951751095499290e+01
3.564358187065141692e+02 6.975685102079132172e-02 2.412337003002699376e+01
3.557523501567472408e+02 6.991436211811290213e-02 2.407711327393063172e+01
3.550672166439510420e+02 7.007187321543446867e-02 2.403074383409954606e+01
3.543803692957396265e+02 7.022938431275603521e-02 2.398425840287892186e+01
3.536917607105143588e+02 7.038689541007761563e-02 2.393765377215598988e+01
3.530013449375569508e+02 7.054440650739918217e-02 2.389092683201271683e+01
3.523090774574450279e+02 7.070191760472076259e-02 2.384407456940034820e+01
3.516149151627982405e+02 7.085942870204232913e-02 2.379709406683630846e+01
3.509188164837714226e+02 7.101693979936389567e-02 2.374998251089753154e+01
3.502207431519476017e+02 7.117445089668547609e-02 2.370273731159967312e+01
3.495206595844643402e+02 7.133196199400704263e-02 2.365535606071521713e+01
3.488185314934216876e+02 7.148947309132862304e-02 2.360783643765892847e+01
3.481143258386375123e+02 7.164698418865018958e-02 2.356017620629035392e+01
3.474080108109129128e+02 7.180449528597175612e-02 2.351237321378135547e+01
3.466995558155325057e+02 7.196200638329333654e-02 2.346442538949926160e+01
3.459889314560069238e+02 7.211951748061490308e-02 2.341633074390668767e+01
3.452761095180279654e+02 7.227702857793646962e-02 2.336808736747558157e+01
3.445610629536502643e+02 7.243453967525805004e-02 2.331969342961664893e+01
3.438437658656781650e+02 7.259205077257961658e-02 2.327114717762266238e+01
3.431241934922626342e+02 7.274956186990119700e-02 2.322244693562598883e+01
3.424023221916977491e+02 7.290707296722276354e-02 2.317359110356966312e+01
3.416781294274038601e+02 7.306458406454433008e-02 2.312457815619101709e+01
3.409515937531089662e+02 7.322209516186591050e-02 2.307540664201874847e+01
3.402226947982074421e+02 7.337960625918747704e-02 2.302607518238205486e+01
3.394914132532990152e+02 7.353711735650905745e-02 2.297658247043191437e+01
3.387577308558965683e+02 7.369462845383062399e-02 2.292692727017374210e+01
3.380216303763078827e+02 7.385213955115219053e-02 2.287710841551195529e+01
3.372830956036771681e+02 7.400965064847377095e-02 2.282712480930518240e+01
3.365421113321851294e+02 7.416716174579533749e-02 2.277697542243239326e+01
3.357986633474055225e+02 7.432467284311691791e-02 2.272665929286944220e+01
3.350527384128163817e+02 7.448218394043848445e-02 2.267617552477615561e+01
3.343043248215300309e+02 7.463969503776005099e-02 2.262552332583716463e+01
3.335534210299687743e+02 7.479720613508163141e-02 2.257470259158403181e+01
3.328000337224353302e+02 7.495471723240319795e-02 2.252371377440648814e+01
3.320441703558127529e+02 7.511222832972476449e-02 2.247255737898206718e+01
3.312858389269287045e+02 7.526973942704634490e-02 2.242123394653143720e+01
3.305250479636790146e+02 7.542725052436791144e-02 2.236974405421765866e+01
3.297618065162596963e+02 7.558476162168949186e-02 2.231808831455275310e+01
3.289961241484475067e+02 7.574227271901105840e-02 2.226626737480761165e+01
3.282280109289854408e+02 7.589978381633262494e-02 2.221428191642893779e+01
3.274574774230258640e+02 7.605729491365420536e-02 2.216213265446011249e+01
3.266845346836610133e+02 7.621480601097577190e-02 2.210982033696803839e+01
3.259091942435222222e+02 7.637231710829735232e-02 2.205734574447453156e+01
3.251314681064581009e+02 7.652982820561891886e-02 2.200470968939313821e+01
3.243513687392806446e+02 7.668733930294048540e-02 2.195191301547045626e+01
3.235689090635873413e+02 7.684485040026206581e-02 2.189895659723273269e+01
3.227841024476513780e+02 7.700236149758363235e-02 2.184584133943698347e+01
3.219969626983864828e+02 7.715987259490521277e-02 2.179256817652712996e+01
3.212075040533734409e+02 7.731738369222677931e-02 2.173913807209441273e+01
3.204157411729657952e+02 7.747489478954834585e-02 2.168555201834305635e+01
3.196216891324547760e+02 7.763240588686992627e-02 2.163181103556008011e+01
3.188253634143035811e+02 7.778991698419149281e-02 2.157791617158961017e+01
3.180267799004490712e+02 7.794742808151305935e-02 2.152386850131197349e+01
3.172259548646723601e+02 7.810493917883463977e-02 2.146966912612723277e+01
3.164229049650259071e+02 7.826245027615620631e-02 2.141531917344277147e+01
3.156176474378862622e+02 7.841996137347778673e-02 2.136081980980657136e+01
3.148102108654079530e+02 7.857747247079935327e-02 2.130617296964230789e+01
3.140006402965730672e+02 7.873498356812091981e-02 2.125138170183905117e+01
3.131889818585800640e+02 7.889249466544250022e-02 2.119644912825889094e+01
3.123752813915331217e+02 7.905000576276406676e-02 2.114137835133357157e+01
3.115595844477834362e+02 7.920751686008564718e-02 2.108617245401987006e+01
3.107419362913041141e+02 7.936502795740721372e-02 2.103083449975731511e+01
3.099223818971159403e+02 7.952253905472878026e-02 2.097536753242928143e+01
3.091009659507385550e+02 7.968005015205036068e-02 2.091977457632588866e+01
3.082777328476948355e+02 7.983756124937192722e-02 2.086405863611044609e+01
3.074527266930417113e+02 7.999507234669350764e-02 2.080822269678771264e+01
3.066259913009459410e+02 8.015258344401507418e-02 2.075226972367514122e+01
3.057975701942938258e+02 8.031009454133664072e-02 2.069620266237649275e+01
3.049675066043411107e+02 8.046760563865822113e-02 2.064002443875814663e+01
3.041358434703906823e+02 8.062511673597978767e-02 2.058373795892728708e+01
3.033026234395183565e+02 8.078262783330135421e-02 2.052734610921334379e+01
3.024678888663238467e+02 8.094013893062293463e-02 2.047085175615112362e+01
3.016316818127202737e+02 8.109765002794450117e-02 2.041425774646657132e+01
3.007940440477557331e+02 8.125516112526608159e-02 2.035756690706471517e+01
2.999550170474718698e+02 8.141267222258764813e-02 2.030078204502003558e+01
2.991146419947930895e+02 8.157018331990921467e-02 2.024390594756905415e+01
2.982729597794491383e+02 8.172769441723079509e-02 2.018694138210500455e+01
2.974300109979246827e+02 8.188520551455236163e-02 2.012989109617451433e+01
2.965858359534550459e+02 8.204271661187394205e-02 2.007275781747723897e+01
2.957404746560310400e+02 8.220022770919550859e-02 2.001554425386617453e+01
2.948939668224577417e+02 8.235773880651707513e-02 1.995825309335175035e+01
2.940463558298677640e+02 8.251524990383865554e-02 1.990088727167319860e+01
2.931977076353916800e+02 8.267276100116022208e-02 1.984345125277095789e+01
2.923480955534199097e+02 8.283027209848178862e-02 1.978594999852057157e+01
2.914975918166370548e+02 8.298778319580336904e-02 1.972838839758835761e+01
2.906462675737232644e+02 8.314529429312493558e-02 1.967077126527582465e+01
2.897941928987353322e+02 8.330280539044651600e-02 1.961310334415459167e+01
2.889414368005258211e+02 8.346031648776808254e-02 1.955538930470389047e+01
2.880880672321895304e+02 8.361782758508964908e-02 1.949763374594987297e+01
2.872341511005481038e+02 8.377533868241122950e-02 1.943984119610752259e+01
2.863797542756599341e+02 8.393284977973279604e-02 1.938201611322429230e+01
2.855249416003453575e+02 8.409036087705437645e-02 1.932416288582473740e+01
2.846697768997404978e+02 8.424787197437594299e-02 1.926628583355717694e+01
2.838143229908590115e+02 8.440538307169750953e-02 1.920838920784074588e+01
2.829586416921653722e+02 8.456289416901908995e-02 1.915047719251336034e+01
2.821027938331645259e+02 8.472040526634065649e-02 1.909255390448073442e+01
2.812468392639843842e+02 8.487791636366223691e-02 1.903462339436489614e+01
2.803908368649741760e+02 8.503542746098380345e-02 1.897668964715382245e+01
2.795348445562871689e+02 8.519293855830536999e-02 1.891875658284999062e+01
2.786789193074731088e+02 8.535044965562695041e-02 1.886082805711956922e+01
2.778231171470541199e+02 8.550796075294851695e-02 1.880290786194052899e+01
2.769674931720923610e+02 8.566547185027008349e-02 1.874499972625015687e+01
2.761121015577527942e+02 8.582298294759166390e-02 1.868710731659228230e+01
2.752569955668423631e+02 8.598049404491323044e-02 1.862923423776287279e+01
2.744022275593342783e+02 8.613800514223481086e-02 1.857138403345464539e+01
2.735478490018758748e+02 8.629551623955637740e-02 1.851356018690049154e+01
2.726939104772686164e+02 8.645302733687794394e-02 1.845576612151516471e+01
2.718404616996335790e+02 8.661053843419952436e-02 1.839800520192162736e+01
2.709875591507250192e+02 8.676804953152109090e-02 1.834028125077232829e+01
2.701352808598131219e+02 8.692556062884267132e-02 1.828259954904314455e+01
2.692837074616696214e+02 8.708307172616423786e-02 1.822496555404877583e+01
2.684329179605091440e+02 8.724058282348580440e-02 1.816738461274877992e+01
2.675829897500237848e+02 8.739809392080738482e-02 1.810986196310346585e+01
2.667339986334044966e+02 8.755560501812895136e-02 1.805240273542893803e+01
2.658860188433234271e+02 8.771311611545053177e-02 1.799501195374952545e+01
2.650391230618829468e+02 8.787062721277209831e-02 1.793769453714785200e+01
2.641933824405175528e+02 8.802813831009366485e-02 1.788045530111185855e+01
2.633488666198433634e+02 8.818564940741524527e-02 1.782329895887817628e+01
2.625056437494539523e+02 8.834316050473681181e-02 1.776623012277184799e+01
2.616637805076404106e+02 8.850067160205837835e-02 1.770925330554106836e+01
2.608233421210524625e+02 8.865818269937995877e-02 1.765237292168773919e+01
2.599843923842715867e+02 8.881569379670152531e-02 1.759559328879226214e+01
2.591469936793072861e+02 8.897320489402310573e-02 1.753891862883291708e+01
2.583112069950016121e+02 8.913071599134467227e-02 1.748235306949928969e+01
2.574770919463415453e+02 8.928822708866623881e-02 1.742590064549919049e+01
2.566447067936730377e+02 8.944573818598781922e-02 1.736956529985916120e+01
2.558141084618074501e+02 8.960324928330938576e-02 1.731335088521746357e+01
2.549853525590277741e+02 8.976076038063096618e-02 1.725726116511056674e+01
2.541584933959754835e+02 8.991827147795253272e-02 1.720129981525124307e+01
2.533335840044214535e+02 9.007578257527409926e-02 1.714547042479907546e+01
2.525106761559246991e+02 9.023329367259567968e-02 1.708977649762324091e+01
2.516898203803548029e+02 9.039080476991724622e-02 1.703422145355607853e+01
2.508710659842982693e+02 9.054831586723882664e-02 1.697880862963882720e+01
2.500544610693266065e+02 9.070582696456039318e-02 1.692354128135804103e+01
2.492400525501343225e+02 9.086333806188195972e-02 1.686842258387309812e+01
2.484278861725379954e+02 9.102084915920354014e-02 1.681345563323440828e+01
2.476180101941266116e+02 9.117836025652510668e-02 1.675864369548767385e+01
2.468104884143628226e+02 9.133587135384667322e-02 1.670399108854362424e+01
2.460053878325685446e+02 9.149338245116825363e-02 1.664950234687761110e+01
2.452027737704218282e+02 9.165089354848982017e-02 1.659518189142301381e+01
2.444027098981259769e+02 9.180840464581140059e-02 1.654103403134237382e+01
2.436052582608427031e+02 9.196591574313296713e-02 1.648706296581634234e+01
2.428104793049557770e+02 9.212342684045453367e-02 1.643327278582120243e+01
2.420184319041391916e+02 9.228093793777611409e-02 1.637966747589315730e+01
2.412291733852562743e+02 9.243844903509768063e-02 1.632625091588114685e+01
2.404427595540472282e+02 9.259596013241926105e-02 1.627302688268540720e+01
2.396592447206311931e+02 9.275347122974082759e-02 1.621999905198337899e+01
2.388786817247935801e+02 9.291098232706239413e-02 1.616717099994115614e+01
2.381011219610726073e+02 9.306849342438397454e-02 1.611454620491138456e+01
2.373266154036319904e+02 9.322600452170554108e-02 1.606212804911653436e+01
2.365552106309093290e+02 9.338351561902712150e-02 1.600991982031717242e+01
2.357869548500526946e+02 9.354102671634868804e-02 1.595792471346577557e+01
2.350218939211267184e+02 9.369853781367025458e-02 1.590614583234497381e+01
2.342600723810933232e+02 9.385604891099183500e-02 1.585458619119061119e+01
2.335015334675587724e+02 9.401356000831340154e-02 1.580324871629885486e+01
2.327463191422921795e+02 9.417107110563496808e-02 1.575213624761797071e+01
2.319944701144987107e+02 9.432858220295654850e-02 1.570125154032340475e+01
2.312460258638664641e+02 9.448609330027811504e-02 1.565059726637762871e+01
2.305010246633624718e+02 9.464360439759969545e-02 1.560017601607289706e+01
2.297595036017878556e+02 9.480111549492126199e-02 1.554999029955782675e+01
2.290214986060931324e+02 9.495862659224282853e-02 1.550004254834764339e+01
2.282870444634425837e+02 9.511613768956440895e-02 1.545033511681749694e+01
2.275561748430359046e+02 9.527364878688597549e-02 1.540087028367934785e+01
2.268289223176770406e+02 9.543115988420755591e-02 1.535165025344173984e+01
2.261053183850987125e+02 9.558867098152912245e-02 1.530267715785297966e+01
2.253853935610961514e+02 9.574618207885068899e-02 1.525395306220445768e+01
2.246691807635686757e+02 9.590369317617226941e-02 1.520548019436055398e+01
2.239567166742782263e+02 9.606120427349383595e-02 1.515726103692168714e+01
2.232480371641379691e+02 9.621871537081541637e-02 1.510929801761051827e+01
2.225431769406261822e+02 9.637622646813698291e-02 1.506159348540911047e+01
2.218421695712102064e+02 9.653373756545854945e-02 1.501414971214421534e+01
2.211450475065036585e+02 9.669124866278012986e-02 1.496696889405460951e+01
2.204518421031414448e+02 9.684875976010169640e-02 1.492005315333920024e+01
2.197625836463820406e+02 9.700627085742326294e-02 1.487340453968675291e+01
2.190773013724280531e+02 9.716378195474484336e-02 1.482702503178655995e+01
2.183960234904743061e+02 9.732129305206640990e-02 1.478091653882060363e+01
2.177187772044728433e+02 9.747880414938799032e-02 1.473508090193662845e+01
2.170455887346251131e+02 9.763631524670955686e-02 1.468951989570269845e+01
2.163764833385919530e+02 9.779382634403112340e-02 1.464423522954268009e+01
2.157114853324306694e+02 9.795133744135270382e-02 1.459922854915328116e+01
2.150506181112519073e+02 9.810884853867427036e-02 1.455450143790204542e+01
2.143939041696008871e+02 9.826635963599585077e-02 1.451005541820679134e+01
2.137413651215692028e+02 9.842387073331741731e-02 1.446589195289672425e+01
2.130930217206188217e+02 9.858138183063898385e-02 1.442201244655415238e+01
2.124488938791502903e+02 9.873889292796056427e-02 1.437841824683882486e+01
2.118090006877821168e+02 9.889640402528213081e-02 1.433511064579276173e+01
2.111733604343700392e+02 9.905391512260371123e-02 1.429209088112745718e+01
2.105419906227535591e+02 9.921142621992527777e-02 1.424936013749264063e+01
2.099149079912295690e+02 9.936893731724684431e-02 1.420691954772656906e+01
2.092921285307665755e+02 9.952644841456842473e-02 1.416477019408874582e+01
2.086736675029489732e+02 9.968395951188999127e-02 1.412291310947436074e+01
2.080595394576585306e+02 9.984147060921155781e-02 1.408134927861101282e+01
2.074497582504945967e+02 9.999898170653313823e-02 1.404007963923763214e+01
2.068443370599364641e+02 1.001564928038547048e-01 1.399910508326608927e+01
2.062432884042432306e+02 1.003140039011762852e-01 1.395842645792490622e+01
2.056466241581015311e+02 1.004715149984978517e-01 1.391804456688602265e+01
2.050543555364729116e+02 1.006290260958194183e-01 1.387796016917153352e+01
2.044664897246632336e+02 1.007865371931409987e-01 1.383817375107878966e+01
2.038830270291916804e+02 1.009440482904625652e-01 1.379868533335283054e+01
2.033039666859295949e+02 1.011015593877841456e-01 1.375949486427786717e+01
2.027293075782740175e+02 1.012590704851057122e-01 1.372060226828286922e+01
2.021590482478182480e+02 1.014165815824272787e-01 1.368200744666369673e+01
2.015931869048419571e+02 1.015740926797488591e-01 1.364371027829312411e+01
2.010317214386159321e+02 1.017316037770704257e-01 1.360571062031822898e+01
2.004746494275160558e+02 1.018891148743920061e-01 1.356800830884487219e+01
1.999219681489637992e+02 1.020466259717135726e-01 1.353060315961051963e+01
1.993736745891864075e+02 1.022041370690351392e-01 1.349349496864478404e+01
1.988297654527989664e+02 1.023616481663567196e-01 1.345668351291790721e+01
1.982902371722183830e+02 1.025191592636782861e-01 1.342016855097794092e+01
1.977550859168985369e+02 1.026766703609998527e-01 1.338394982357573504e+01
1.972243076024058723e+02 1.028341814583214331e-01 1.334802705427918390e+01
1.966978978993238911e+02 1.029916925556429996e-01 1.331239995007588917e+01
1.961758522419925725e+02 1.031492036529645800e-01 1.327706820196462267e+01
1.956581658370924970e+02 1.033067147502861466e-01 1.324203148553629106e+01
1.951448336720641237e+02 1.034642258476077131e-01 1.320728946154378036e+01
1.946358505233755523e+02 1.036217369449292935e-01 1.317284177646145515e+01
1.941312109646338797e+02 1.037792480422508601e-01 1.313868806303418779e+01
1.936309093745425400e+02 1.039367591395724405e-01 1.310482794081588054e+01
1.931349399447167059e+02 1.040942702368940070e-01 1.307126101669841489e+01
1.926432966873431383e+02 1.042517813342155736e-01 1.303798688543004047e+01
1.921559734427019350e+02 1.044092924315371540e-01 1.300500513012448423e+01
1.916729638865401455e+02 1.045668035288587205e-01 1.297231532275996635e+01
1.911942615373130820e+02 1.047243146261803010e-01 1.293991702466929183e+01
1.907198597632804535e+02 1.048818257235018675e-01 1.290780978702011161e+01
1.902497517894677799e+02 1.050393368208234340e-01 1.287599315128606925e+01
1.897839307044988857e+02 1.051968479181450145e-01 1.284446664970923102e+01
1.893223894672950109e+02 1.053543590154665810e-01 1.281322980575345127e+01
1.888651209136419311e+02 1.055118701127881475e-01 1.278228213454886308e+01
1.884121177626332155e+02 1.056693812101097280e-01 1.275162314332792590e+01
1.879633718483747202e+02 1.058268923074312945e-01 1.272125227942764170e+01
1.875188618814743506e+02 1.059844034047528749e-01 1.269116810199428258e+01
1.870785559180147573e+02 1.061419145020744415e-01 1.266136844908198533e+01
1.866424220367291014e+02 1.062994255993960080e-01 1.263185116027789157e+01
1.862104286693614768e+02 1.064569366967175884e-01 1.260261409906068053e+01
1.857825445965925155e+02 1.066144477940391549e-01 1.257365515252489452e+01
1.853587389440185973e+02 1.067719588913607354e-01 1.254497223110875304e+01
1.849389811781772437e+02 1.069294699886823019e-01 1.251656326832517330e+01
1.845232411026373427e+02 1.070869810860038684e-01 1.248842622049717122e+01
1.841114888541312098e+02 1.072444921833254489e-01 1.246055906649604772e+01
1.837036948987406220e+02 1.074020032806470154e-01 1.243295980748331964e+01
1.832998300281364266e+02 1.075595143779685958e-01 1.240562646665615354e+01
1.828998653558647618e+02 1.077170254752901624e-01 1.237855708899607166e+01
1.825037723136821910e+02 1.078745365726117289e-01 1.235174974102087830e+01
1.821115226479403191e+02 1.080320476699333093e-01 1.232520251053998983e+01
1.817230884160189817e+02 1.081895587672548759e-01 1.229891350641303660e+01
1.813384419828048522e+02 1.083470698645764424e-01 1.227288085831154341e+01
1.809575560172156372e+02 1.085045809618980228e-01 1.224710271648366522e+01
1.805804034887723901e+02 1.086620920592195894e-01 1.222157725152222341e+01
1.802069576642145989e+02 1.088196031565411698e-01 1.219630265413560544e+01
1.798371921041624546e+02 1.089771142538627363e-01 1.217127713492188334e+01
1.794710806598183979e+02 1.091346253511843029e-01 1.214649892414557009e+01
1.791085974697179779e+02 1.092921364485058833e-01 1.212196627151769945e+01
1.787497169565156696e+02 1.094496475458274498e-01 1.209767744597832717e+01
1.783944138238204857e+02 1.096071586431490302e-01 1.207363073548234844e+01
1.780426630530672867e+02 1.097646697404705968e-01 1.204982444678773845e+01
1.776944399004324566e+02 1.099221808377921633e-01 1.202625690524683755e+01
1.773497198937847656e+02 1.100796919351137437e-01 1.200292645459994212e+01
1.770084788296840941e+02 1.102372030324353103e-01 1.197983145677224925e+01
1.766706927704118471e+02 1.103947141297568907e-01 1.195697029167278913e+01
1.763363380410414152e+02 1.105522252270784572e-01 1.193434135699624221e+01
1.760053912265519216e+02 1.107097363244000238e-01 1.191194306802752756e+01
1.756778291689720675e+02 1.108672474217216042e-01 1.188977385744854409e+01
1.753536289645639954e+02 1.110247585190431707e-01 1.186783217514757105e+01
1.750327679223515531e+02 1.111822696163647373e-01 1.184611648541245721e+01
1.747152156171321451e+02 1.113397807136863177e-01 1.182462472908309792e+01
1.744009243436341308e+02 1.114972918110078842e-01 1.180335367749430553e+01
1.740898446728611759e+02 1.116548029083294646e-01 1.178229998532019174e+01
1.737819278428634107e+02 1.118123140056510312e-01 1.176146035238019927e+01
1.734771257471836634e+02 1.119698251029725977e-01 1.174083152285713716e+01
1.731753909235426931e+02 1.121273362002941781e-01 1.172041028453139688e+01
1.728766765427603218e+02 1.122848472976157447e-01 1.170019346803115567e+01
1.725809363979112732e+02 1.124423583949373251e-01 1.168017794609843740e+01
1.722881248937039231e+02 1.125998694922588916e-01 1.166036063287027780e+01
1.719981970360802848e+02 1.127573805895804582e-01 1.164073848317485549e+01
1.717111084220360908e+02 1.129148916869020386e-01 1.162130849184253556e+01
1.714268152296433811e+02 1.130724027842236051e-01 1.160206769303058394e+01
1.711452742082896350e+02 1.132299138815451855e-01 1.158301315956254562e+01
1.708664426691092046e+02 1.133874249788667521e-01 1.156414200228071465e+01
1.705902784756208064e+02 1.135449360761883186e-01 1.154545136941239036e+01
1.703167400345471947e+02 1.137024471735098990e-01 1.152693844594863393e+01
1.700457862868346979e+02 1.138599582708314656e-01 1.150860045303644164e+01
1.697773766988464672e+02 1.140174693681530321e-01 1.149043464738271147e+01
1.695114712537431956e+02 1.141749804654746125e-01 1.147243832067093194e+01
1.692480304430370381e+02 1.143324915627961791e-01 1.145460879898947404e+01
1.689870152583163758e+02 1.144900026601177595e-01 1.143694344227161785e+01
1.687283871831421322e+02 1.146475137574393260e-01 1.141943964374704379e+01
1.684721081851051565e+02 1.148050248547608926e-01 1.140209482940429453e+01
1.682181407080493045e+02 1.149625359520824730e-01 1.138490645746444230e+01
1.679664476644450986e+02 1.151200470494040395e-01 1.136787201786496304e+01
1.677169924279246516e+02 1.152775581467256200e-01 1.135098903175445173e+01
1.674697388259629349e+02 1.154350692440471865e-01 1.133425505099734032e+01
1.672246511327077201e+02 1.155925803413687530e-01 1.131766765768862371e+01
1.669816940619526235e+02 1.157500914386903335e-01 1.130122446367824907e+01
1.667408327602519194e+02 1.159076025360119000e-01 1.128492311010518634e+01
1.665020328001752432e+02 1.160651136333334804e-01 1.126876126694085123e+01
1.662652601736924680e+02 1.162226247306550470e-01 1.125273663254144374e+01
1.660304812856958279e+02 1.163801358279766135e-01 1.123684693320950423e+01
1.657976629476482344e+02 1.165376469252981939e-01 1.122108992276403328e+01
1.655667723713567625e+02 1.166951580226197605e-01 1.120546338211910964e+01
1.653377771615623999e+02 1.168526691199413270e-01 1.118996511878233058e+01
1.651106413544778775e+02 1.170101802172629074e-01 1.117459269874537675e+01
1.648853167828586663e+02 1.171676913145844739e-01 1.115934286207702897e+01
1.646617533603696586e+02 1.173252024119060544e-01 1.114421221896305880e+01
1.644399016246686926e+02 1.174827135092276209e-01 1.112919742182078586e+01
1.642197127277712525e+02 1.176402246065491874e-01 1.111429516464687062e+01
1.640011384266575760e+02 1.177977357038707679e-01 1.109950218238163799e+01
1.637841310741123664e+02 1.179552468011923344e-01 1.108481525028911463e+01
1.635686436097940941e+02 1.181127578985139148e-01 1.107023118335261636e+01
1.633546295515299107e+02 1.182702689958354814e-01 1.105574683568556615e+01
1.631420429868240944e+02 1.184277800931570479e-01 1.104135909995681075e+01
1.629308385645834960e+02 1.185852911904786283e-01 1.102706490683061347e+01
1.627209714870485300e+02 1.187428022878001949e-01 1.101286122442049376e+01
1.625123975019261024e+02 1.189003133851217753e-01 1.099874505775687261e+01
1.623050728947197570e+02 1.190578244824433418e-01 1.098471344826790741e+01
1.620989544812553618e+02 1.192153355797649084e-01 1.097076347327368140e+01
1.618939996003897477e+02 1.193728466770864888e-01 1.095689224549268914e+01
1.616901661069084639e+02 1.195303577744080553e-01 1.094309691256120765e+01
1.614874123645979864e+02 1.196878688717296219e-01 1.092937465656437901e+01
1.612856972394927197e+02 1.198453799690512023e-01 1.091572269357922309e+01
1.610849800932955702e+02 1.200028910663727688e-01 1.090213827322927820e+01
1.608852207769607503e+02 1.201604021636943492e-01 1.088861867825036356e+01
1.606863796244408888e+02 1.203179132610159158e-01 1.087516122406733565e+01
1.604884174465910291e+02 1.204754243583374823e-01 1.086176325838152223e+01
1.602912955252294296e+02 1.206329354556590627e-01 1.084842216076880206e+01
1.600949756073421497e+02 1.207904465529806293e-01 1.083513534228729469e+01
1.598994198994430747e+02 1.209479576503022097e-01 1.082190024509573867e+01
1.597045910620704774e+02 1.211054687476237762e-01 1.080871434208096105e+01
1.595104522044270539e+02 1.212629798449453428e-01 1.079557513649512401e+01
1.593169668791512663e+02 1.214204909422669232e-01 1.078248016160189948e+01
1.591240990772285215e+02 1.215780020395884897e-01 1.076942698033200507e+01
1.589318132230237950e+02 1.217355131369100563e-01 1.075641318494703391e+01
1.587400741694491728e+02 1.218930242342316367e-01 1.074343639671241313e+01
1.585488471932449954e+02 1.220505353315532032e-01 1.073049426557801311e+01
1.583580979903889556e+02 1.222080464288747836e-01 1.071758446986744673e+01
1.581677926716184288e+02 1.223655575261963502e-01 1.070470471597502815e+01
1.579778977580675416e+02 1.225230686235179167e-01 1.069185273807046777e+01
1.577883801770145737e+02 1.226805797208394971e-01 1.067902629781110946e+01
1.575992072571293079e+02 1.228380908181610637e-01 1.066622318402020753e+01
1.574103458463076777e+02 1.229956019154826441e-01 1.065344115298253769e+01
1.572217605719948210e+02 1.231531130128042106e-01 1.064067781070405871e+01
1.570334160071147949e+02 1.233106241101257772e-01 1.062793075950074417e+01
1.568452771602519817e+02 1.234681352074473576e-01 1.061519763117384940e+01
1.566573094715690218e+02 1.236256463047689241e-01 1.060247608673354947e+01
1.564694788088325197e+02 1.237831574020905046e-01 1.058976381613005024e+01
1.562817514635559633e+02 1.239406684994120711e-01 1.057705853799246576e+01
1.560940941472429415e+02 1.240981795967336376e-01 1.056435799937464282e+01
1.559064739877377122e+02 1.242556906940552180e-01 1.055165997550806267e+01
1.557188585256759552e+02 1.244132017913767846e-01 1.053896226956174331e+01
1.555312157110328997e+02 1.245707128886983511e-01 1.052626271240855260e+01
1.553435138997697038e+02 1.247282239860199315e-01 1.051355916239823074e+01
1.551557218505696767e+02 1.248857350833414981e-01 1.050084950513653936e+01
1.549678087216685753e+02 1.250432461806630924e-01 1.048813165327072383e+01
1.547797440677674956e+02 1.252007572779846589e-01 1.047540354628055148e+01
1.545914978370388724e+02 1.253582683753062255e-01 1.046266315027573057e+01
1.544030403682068027e+02 1.255157794726277920e-01 1.044990845779825150e+01
1.542143423877142823e+02 1.256732905699493585e-01 1.043713748763072502e+01
1.540253750069657031e+02 1.258308016672709251e-01 1.042434828460970131e+01
1.538361097196480500e+02 1.259883127645924916e-01 1.041153891944440169e+01
1.536465183991213337e+02 1.261458238619140859e-01 1.039870748854010785e+01
1.534565732958852209e+02 1.263033349592356525e-01 1.038585211382668838e+01
1.532662470351120874e+02 1.264608460565572190e-01 1.037297094259164787e+01
1.530755126142487939e+02 1.266183571538787855e-01 1.036006214731779984e+01
1.528843434006834627e+02 1.267758682512003521e-01 1.034712392552538418e+01
1.526927131294740150e+02 1.269333793485219464e-01 1.033415449961831278e+01
1.525005959011412813e+02 1.270908904458435129e-01 1.032115211673482236e+01
1.523079661795173081e+02 1.272484015431650795e-01 1.030811504860182204e+01
1.521147987896524967e+02 1.274059126404866460e-01 1.029504159139330710e+01
1.519210689157824845e+02 1.275634237378082125e-01 1.028193006559268774e+01
1.517267520993404730e+02 1.277209348351298068e-01 1.026877881585830821e+01
1.515318242370280188e+02 1.278784459324513734e-01 1.025558621089287392e+01
1.513362615789343693e+02 1.280359570297729399e-01 1.024235064331616840e+01
1.511400407267024093e+02 1.281934681270945064e-01 1.022907052954091256e+01
1.509431386317421868e+02 1.283509792244160730e-01 1.021574430965187297e+01
1.507455325934925554e+02 1.285084903217376673e-01 1.020237044728819953e+01
1.505472002577202488e+02 1.286660014190592338e-01 1.018894742952832466e+01
1.503481196148658228e+02 1.288235125163808004e-01 1.017547376677798177e+01
1.501482689984273691e+02 1.289810236137023669e-01 1.016194799266086335e+01
1.499476270922657477e+02 1.291385347110239334e-01 1.014836866451300068e+01
1.497461755418069913e+02 1.292960458083455277e-01 1.013473454010745023e+01
1.495439025437632381e+02 1.294535569056670943e-01 1.012104482060451360e+01
1.493407974297230112e+02 1.296110680029886608e-01 1.010729878397227210e+01
1.491368497428874207e+02 1.297685791003102274e-01 1.009349572250062188e+01
1.489320492370694637e+02 1.299260901976317939e-01 1.007963494273356275e+01
1.487263858757047501e+02 1.300836012949533882e-01 1.006571576540221358e+01
1.485198498308718627e+02 1.302411123922749547e-01 1.005173752535854526e+01
1.483124314823196528e+02 1.303986234895965213e-01 1.003769957150951875e+01
1.481041214165053646e+02 1.305561345869180878e-01 1.002360126675200469e+01
1.478949104256379883e+02 1.307136456842396544e-01 1.000944198790804052e+01
1.476847895067302545e+02 1.308711567815612486e-01 9.995221125660654238e+00
1.474737498606594386e+02 1.310286678788828152e-01 9.980938084490306395e+00
1.472617828912296432e+02 1.311861789762043817e-01 9.966592282611429710e+00
1.470488802042465295e+02 1.313436900735259483e-01 9.952183151909807179e+00
1.468350336065931003e+02 1.315012011708475148e-01 9.937710137880030103e+00
1.466202351053113944e+02 1.316587122681690813e-01 9.923172699563314936e+00
1.464044769066931053e+02 1.318162233654906756e-01 9.908570309485996930e+00
1.461877514153691777e+02 1.319737344628122422e-01 9.893902453597887003e+00
1.459700512334078155e+02 1.321312455601338087e-01 9.879168631211248552e+00
1.457513691594125191e+02 1.322887566574553753e-01 9.864368354939726302e+00
1.455316981876291038e+02 1.324462677547769418e-01 9.849501150637928859e+00
1.453110315070505294e+02 1.326037788520985361e-01 9.834566557340849613e+00
1.450893625005273861e+02 1.327612899494201026e-01 9.819564127203634030e+00
1.448666847438809100e+02 1.329188010467416692e-01 9.804493425441579646e+00
1.446429920050151452e+02 1.330763121440632357e-01 9.789354030270036588e+00
1.444182782430372924e+02 1.332338232413848023e-01 9.774145532844885409e+00
1.441925376073723726e+02 1.333913343387063966e-01 9.758867537202585041e+00
1.439657644368843989e+02 1.335488454360279631e-01 9.743519660200727017e+00
1.437379532589956739e+02 1.337063565333495296e-01 9.728101531458420936e+00
1.435090987888090126e+02 1.338638676306710962e-01 9.712612793296878877e+00
1.432791959282295977e+02 1.340213787279926627e-01 9.697053100680003368e+00
1.430482397650840198e+02 1.341788898253142570e-01 9.681422121154730220e+00
1.428162255722469922e+02 1.343364009226358236e-01 9.665719534791955780e+00
1.425831488067574639e+02 1.344939120199573901e-01 9.649945034126698573e+00
1.423490051089430608e+02 1.346514231172789566e-01 9.634098324098866684e+00
1.421137903015386996e+02 1.348089342146005232e-01 9.618179121993568614e+00
1.418775003888074764e+02 1.349664453119221175e-01 9.602187157381642635e+00
1.416401315556564668e+02 1.351239564092436840e-01 9.586122172059804214e+00
1.414016801667553125e+02 1.352814675065652505e-01 9.569983919990994181e+00
1.411621427656478716e+02 1.354389786038868171e-01 9.553772167244272140e+00
1.409215160738697818e+02 1.355964897012083836e-01 9.537486691935061600e+00
1.406797970171621444e+02 1.357540007985299779e-01 9.521127285999289924e+00
1.404369877399003030e+02 1.359115118958515445e-01 9.504694094567057050e+00
1.401931013859862389e+02 1.360690229931731110e-01 9.488188007210029085e+00
1.399481524730670685e+02 1.362265340904946775e-01 9.471610006474172394e+00
1.397021554511353827e+02 1.363840451878162441e-01 9.454961070326630690e+00
1.394551247021821325e+02 1.365415562851378384e-01 9.438242172132220276e+00
1.392070745398532097e+02 1.366990673824594049e-01 9.421454280630229050e+00
1.389580192091216304e+02 1.368565784797809715e-01 9.404598359912183625e+00
1.387079728859678482e+02 1.370140895771025380e-01 9.387675369400239944e+00
1.384569496770732542e+02 1.371716006744241045e-01 9.370686263826440765e+00
1.382049636195241078e+02 1.373291117717456711e-01 9.353631993212657036e+00
1.379520286805235116e+02 1.374866228690672654e-01 9.336513502851120805e+00
1.376981587571167154e+02 1.376441339663888319e-01 9.319331733285816100e+00
1.374433676759266234e+02 1.378016450637103985e-01 9.302087620294580361e+00
1.371876691928961236e+02 1.379591561610319650e-01 9.284782094871669500e+00
1.369310769930462470e+02 1.381166672583535315e-01 9.267416083211394096e+00
1.366736046902390171e+02 1.382741783556751258e-01 9.249990506692055803e+00
1.364152658269525489e+02 1.384316894529966924e-01 9.232506281860750619e+00
1.361560738740667205e+02 1.385892005503182589e-01 9.214964320418831178e+00
1.358960422306557518e+02 1.387467116476398254e-01 9.197365529207878865e+00
1.356351842237937433e+02 1.389042227449613920e-01 9.179710810196574755e+00
1.353735131083662679e+02 1.390617338422829863e-01 9.162001060467906299e+00
1.351110420668934751e+02 1.392192449396045528e-01 9.144237172207200004e+00
1.348477842093617767e+02 1.393767560369261194e-01 9.126420032690763406e+00
1.345837525730644302e+02 1.395342671342476859e-01 9.108550524275061733e+00
1.343189601224504770e+02 1.396917782315692524e-01 9.090629524386502069e+00
1.340534197489840835e+02 1.398492893288908467e-01 9.072657905511926302e+00
1.337871442710102770e+02 1.400068004262124133e-01 9.054636535189505508e+00
1.335201464336323625e+02 1.401643115235339798e-01 9.036566276000469244e+00
1.332524389085941436e+02 1.403218226208555464e-01 9.018447985561094171e+00
1.329840342941736537e+02 1.404793337181771129e-01 9.000282516515561326e+00
1.327149451150834238e+02 1.406368448154987072e-01 8.982070716529166887e+00
1.324451838223797608e+02 1.407943559128202737e-01 8.963813428282200846e+00
1.321747627933796707e+02 1.409518670101418403e-01 8.945511489464315957e+00
1.319036943315832389e+02 1.411093781074634068e-01 8.927165732769280382e+00
1.316319906666107329e+02 1.412668892047849734e-01 8.908776985890719757e+00
1.313596639541393927e+02 1.414244003021065677e-01 8.890346071517841509e+00
1.310867262758525271e+02 1.415819113994281342e-01 8.871873807331976280e+00
1.308131896393950058e+02 1.417394224967497007e-01 8.853361006003595435e+00
1.305390659783366232e+02 1.418969335940712673e-01 8.834808475189788624e+00
1.302643671521396129e+02 1.420544446913928338e-01 8.816217017532101963e+00
1.299891049461394630e+02 1.422119557887144281e-01 8.797587430655225305e+00
1.297132910715272658e+02 1.423694668860359946e-01 8.778920507165802078e+00
1.294369371653399412e+02 1.425269779833575612e-01 8.760217034651748946e+00
1.291600547929992899e+02 1.426844890806791277e-01 8.741477795854134314e+00
1.288826591461680096e+02 1.428420001780006943e-01 8.722703818935897857e+00
1.286047763527009806e+02 1.429995112753222608e-01 8.703896872215137748e+00
1.283264343017298472e+02 1.431570223726438551e-01 8.685058843212159374e+00
1.280476605531778489e+02 1.433145334699654216e-01 8.666191597166623239e+00
1.277684823391485480e+02 1.434720445672869882e-01 8.647296977131546214e+00
1.274889265653618935e+02 1.436295556646085547e-01 8.628376804070494899e+00
1.272090198126363418e+02 1.437870667619301213e-01 8.609432876957876957e+00
1.269287883384121187e+02 1.439445778592517156e-01 8.590466972882065733e+00
1.266482580783189462e+02 1.441020889565732821e-01 8.571480847151480731e+00
1.263674546477843563e+02 1.442596000538948486e-01 8.552476233403428552e+00
1.260864033436767642e+02 1.444171111512164152e-01 8.533454843715340132e+00
1.258051291459936891e+02 1.445746222485379817e-01 8.514418368718999375e+00
1.255236567195804724e+02 1.447321333458595760e-01 8.495368477716864319e+00
1.252420104158859431e+02 1.448896444431811426e-01 8.476306818800910747e+00
1.249602142747534543e+02 1.450471555405027091e-01 8.457235018973824126e+00
1.246782920262416496e+02 1.452046666378242756e-01 8.438154684272262784e+00
1.243962670924794338e+02 1.453621777351458422e-01 8.419067399892345094e+00
1.241141625895477745e+02 1.455196888324674365e-01 8.399974730317065763e+00
1.238320013293939041e+02 1.456771999297890030e-01 8.380878219445818900e+00
1.235498058217684303e+02 1.458347110271105695e-01 8.361779390725505579e+00
1.232675982761951303e+02 1.459922221244321361e-01 8.342679747283845870e+00
1.229854006039599028e+02 1.461497332217537026e-01 8.323580772063996491e+00
1.227032344201270746e+02 1.463072443190752969e-01 8.304483927961005207e+00
1.224211210455784595e+02 1.464647554163968635e-01 8.285390657959826655e+00
1.221390815090734776e+02 1.466222665137184300e-01 8.266302385274721942e+00
1.218571365493313579e+02 1.467797776110399965e-01 8.247220513490225002e+00
1.215753066171318011e+02 1.469372887083615631e-01 8.228146426703268901e+00
1.212936118774347847e+02 1.470947998056831574e-01 8.209081489666688825e+00
1.210120722115188556e+02 1.472523109030047239e-01 8.190027047933902793e+00
1.207307072191363062e+02 1.474098220003262905e-01 8.170984428004819833e+00
1.204495362206824609e+02 1.475673330976478570e-01 8.151954937472615015e+00
1.201685782593821870e+02 1.477248441949694235e-01 8.132939865171730176e+00
1.198878521034879157e+02 1.478823552922910178e-01 8.113940481326640253e+00
1.196073762484932814e+02 1.480398663896125844e-01 8.094958037701651676e+00
1.193271689193575185e+02 1.481973774869341509e-01 8.075993767751455721e+00
1.190472480727398761e+02 1.483548885842557175e-01 8.057048886772379959e+00
1.187676313992484722e+02 1.485123996815772840e-01 8.038124592054535000e+00
1.184883363256936093e+02 1.486699107788988505e-01 8.019222063034364467e+00
1.182093800173536948e+02 1.488274218762204448e-01 8.000342461447985443e+00
1.179307793802496462e+02 1.489849329735420114e-01 7.981486931485111569e+00
1.176525510634218818e+02 1.491424440708635779e-01 7.962656599943167102e+00
1.173747114612196611e+02 1.492999551681851444e-01 7.943852576382228747e+00
1.170972767155907661e+02 1.494574662655067110e-01 7.925075953279984375e+00
1.168202627183822102e+02 1.496149773628283053e-01 7.906327806187446683e+00
1.165436851136391709e+02 1.497724884601498718e-01 7.887609193884545178e+00
1.162675592999116958e+02 1.499299995574714384e-01 7.868921158536237748e+00
1.159919009468820548e+02 1.500875106547930049e-01 7.850264760657555740e+00
1.157167303389416730e+02 1.502450217521145714e-01 7.831641373084382352e+00
1.154420701135584579e+02 1.504025328494361657e-01 7.813052527907445644e+00
1.151679425739667124e+02 1.505600439467577323e-01 7.794499734596742613e+00
1.148943696642692061e+02 1.507175550440792988e-01 7.775984478316459558e+00
1.146213729730552302e+02 1.508750661414008654e-01 7.757508220169827773e+00
1.143489737370321393e+02 1.510325772387224319e-01 7.739072397444918039e+00
1.140771928446648786e+02 1.511900883360440262e-01 7.720678423860952044e+00
1.138060508398316131e+02 1.513475994333655927e-01 7.702327689815724909e+00
1.135355679254822689e+02 1.515051105306871593e-01 7.684021562633196467e+00
1.132657639673061851e+02 1.516626216280087258e-01 7.665761386811737133e+00
1.129966584974101238e+02 1.518201327253302924e-01 7.647548484273024805e+00
1.127282707179933539e+02 1.519776438226518867e-01 7.629384154610807656e+00
1.124606195050335060e+02 1.521351549199734532e-01 7.611269675340330387e+00
1.121937234119719022e+02 1.522926660172950197e-01 7.593206302147758713e+00
1.119276006733988709e+02 1.524501771146165863e-01 7.575195269139634924e+00
1.116622692087430408e+02 1.526076882119381528e-01 7.557237789092514646e+00
1.113977466259561169e+02 1.527651993092597471e-01 7.539335053702383327e+00
1.111340502251993314e+02 1.529227104065813136e-01 7.521488233834148218e+00
1.108711970025225781e+02 1.530802215039028802e-01 7.503698479770632090e+00
1.106092036535449523e+02 1.532377326012244467e-01 7.485966921461684187e+00
1.103480865771253434e+02 1.533952436985460133e-01 7.468294668772577971e+00
1.100878618790325731e+02 1.535527547958676076e-01 7.450682811732439070e+00
1.098285453756041647e+02 1.537102658931891741e-01 7.433132420781843663e+00
1.095701525973993569e+02 1.538677769905107406e-01 7.415644547020046495e+00
1.093126987928462199e+02 1.540252880878323072e-01 7.398220222451850958e+00
1.090561989318754144e+02 1.541827991851538737e-01 7.380860460233495957e+00
1.088006677095475254e+02 1.543403102824754403e-01 7.363566254918187504e+00
1.085461195496684610e+02 1.544978213797970346e-01 7.346338582700759900e+00
1.082925686083920453e+02 1.546553324771186011e-01 7.329178401661524234e+00
1.080400287778137169e+02 1.548128435744401676e-01 7.312086652009456955e+00
1.077885136895494753e+02 1.549703546717617342e-01 7.295064256324443441e+00
1.075380367183008161e+02 1.551278657690833007e-01 7.278112119798550772e+00
1.072886109854074732e+02 1.552853768664048950e-01 7.261231130476456741e+00
1.070402493623841451e+02 1.554428879637264616e-01 7.244422159494830815e+00
1.067929644744433801e+02 1.556003990610480281e-01 7.227686061320754973e+00
1.065467687040012237e+02 1.557579101583695946e-01 7.211023673988989025e+00
1.063016741941679584e+02 1.559154212556911612e-01 7.194435819338207416e+00
1.060576928522205549e+02 1.560729323530127555e-01 7.177923303246029008e+00
1.058148363530597891e+02 1.562304434503343220e-01 7.161486915862984581e+00
1.055731161426474500e+02 1.563879545476558885e-01 7.145127431845152088e+00
1.053325434414287542e+02 1.565454656449774551e-01 7.128845610585769599e+00
1.050931292477302037e+02 1.567029767422990216e-01 7.112642196445209564e+00
1.048548843411471694e+02 1.568604878396206159e-01 7.096517918980257633e+00
1.046178192859025273e+02 1.570179989369421825e-01 7.080473493171401067e+00
1.043819444341932297e+02 1.571755100342637490e-01 7.064509619649347094e+00
1.041472699295120208e+02 1.573330211315853155e-01 7.048626984919811100e+00
1.039138057099516033e+02 1.574905322289068821e-01 7.032826261587161731e+00
1.036815615114865494e+02 1.576480433262284764e-01 7.017108108576528558e+00
1.034505461091676608e+02 1.578055544235500429e-01 7.001473119778271581e+00
1.032207648486778595e+02 1.579630655208716095e-01 6.985921656985117245e+00
1.029922220789442093e+02 1.581205766181931760e-01 6.970454014529937403e+00
1.029922220789442093e+02 1.581205766181931760e-01 6.970454014529939180e+00
7.974613113566110201e+01 1.826842454521749870e-01 5.370322516250680245e+00
6.732621365676392600e+01 2.073525430377324841e-01 3.682440343196835997e+00
5.304757703168196059e+01 2.322407203492417860e-01 2.936267576585478878e+00
4.595258527510702606e+01 2.568837818198746459e-01 2.704122515666238957e+00
3.850709904109184833e+01 2.811184729179193598e-01 1.696081938690902291e+00
3.347993155961382428e+01 3.057758170190760794e-01 1.262937644990696162e+00
2.900483052607529899e+01 3.308749588216616799e-01 1.051652157787710262e+00
2.514660022056178690e+01 3.553458836143503774e-01 8.541984295499810420e-01
2.257665199404081946e+01 3.797183506574301481e-01 8.520628619129225756e-01
1.981171651827219904e+01 4.042043120935024936e-01 5.138490244380246041e-01
1.788681981358639916e+01 4.287407985369371399e-01 3.551487038819739483e-01
1.618926728993819353e+01 4.533371424922238990e-01 2.973341591306983833e-01
1.450466743693771932e+01 4.779959634912051558e-01 4.155742337044205925e-01
1.317844448258011347e+01 5.026629933946460405e-01 2.908343793408132427e-01
1.211754844774809570e+01 5.271487506500315279e-01 2.925763238741137529e-01
1.124777016973079213e+01 5.515427964227138657e-01 2.134022054443458771e-01
1.041058706342784745e+01 5.762240530263548210e-01 1.870428716200295827e-01
9.619599268040664342e+00 6.007285446297923048e-01 1.176383590015595559e-01
8.930000177842231324e+00 6.252568531449649303e-01 2.222575196610647730e-01
8.486862283567861098e+00 6.499965502683907603e-01 1.826042532908766503e-01
8.003721384711694142e+00 6.746857991314229031e-01 1.335434923287530107e-01
7.694157289701621494e+00 6.991270364754236244e-01 1.000416886888138845e-01
7.420921331832365020e+00 7.235756604093172006e-01 9.676199775685172255e-02
7.314941083270118938e+00 7.479714013051395050e-01 1.084020476089319063e-01
7.236362694754989278e+00 7.726132299420060967e-01 7.850121241996252386e-02
7.145891610531888816e+00 7.972349387995918413e-01 9.990836382980522457e-02
6.848106189459420179e+00 8.217736356692634248e-01 1.365892426245482183e-01
6.602450656148748820e+00 8.463200505719705724e-01 8.576791418832636904e-02
6.394523227252029152e+00 8.708218859006343626e-01 1.007169666961713755e-01
6.283569058202020052e+00 8.954790463233904818e-01 8.824161031376047404e-02
6.147106491227384950e+00 9.199626960429320155e-01 7.448635475432600905e-02
6.135728306623246198e+00 9.443606208269833546e-01 1.200942197655993637e-01
6.113753690942621333e+00 9.688687146412832130e-01 1.052382904769654653e-01
6.118720534452384285e+00 9.930926048855095445e-01 1.290234369866640196e-01
6.244280243391721719e+00 1.017620455362175491e+00 1.022404448146891354e-01
6.449703354903669528e+00 1.042409919186157552e+00 1.427899728159488513e-01
6.773150243804514581e+00 1.066789561870425063e+00 1.037964934381829518e-01
6.892608412038309318e+00 1.090909765172895618e+00 1.361096070861643192e-01
6.864369367405713795e+00 1.115651582439790346e+00 2.643824734370864293e-01
7.072675775617677907e+00 1.140641543091339027e+00 1.470546674069037052e-01
7.182047091591361898e+00 1.164692026865203012e+00 4.502527601436357996e-01
7.533883621919137852e+00 1.188605021497627590e+00 2.564224570579418105e-01
8.167900959067322830e+00 1.214006438167991364e+00 3.184639065817257420e-01
8.796174354993357980e+00 1.240498485730926914e+00 4.994279410696441102e-01
1.003743153486743012e+01 1.264816150349954427e+00 9.749093604874380370e-01
1.051886253259298698e+01 1.284554513240047102e+00 8.702921749624126235e-01
1.188341568317898478e+01 1.309527810458392949e+00 1.221637413720211285e+00
1.725396429597823555e+01 1.335814856768205550e+00 4.902575505348422347e+00
1.552484339862748008e+01 1.360349523175663267e+00 1.601579213069048180e+01
