9.615953998737502006e-01 7.669903939428205850e-04 6.571028185550870093e-02
1.146127227664123449e+00 9.245014912643925459e-04 7.832019910033913290e-02
1.327252045659433444e+00 1.082012588585964507e-03 9.069729953474442441e-02
1.504980793860919874e+00 1.239523685907536251e-03 1.028423307398434461e-01
1.679310984227464054e+00 1.397034783229108429e-03 1.147551226962256476e-01
1.850234012194604816e+00 1.554545880550680173e-03 1.264350874140190151e-01
2.017745227683781284e+00 1.712056977872252134e-03 1.378819071317483047e-01
2.181843913683923830e+00 1.869568075193824095e-03 1.490955328527154566e-01
2.342538970688667455e+00 2.027079172515396273e-03 1.600765727890078871e-01
2.499839285986965365e+00 2.184590269836968017e-03 1.708256342503756964e-01
2.653768088399860225e+00 2.342101367158539761e-03 1.813443045700967315e-01
2.804348932450004828e+00 2.499612464480111939e-03 1.916341933381528750e-01
2.951609281712067823e+00 2.657123561801683683e-03 2.016971772682146224e-01
3.095586222007796096e+00 2.814634659123255861e-03 2.115357906068060789e-01
3.236318714385973738e+00 2.972145756444827605e-03 2.211526957434283569e-01
3.373845210569508257e+00 3.129656853766399783e-03 2.305505202629790640e-01
3.508209555527440848e+00 3.287167951087971527e-03 2.397322602959239268e-01
3.639460022350717416e+00 3.444679048409543271e-03 2.487012145668750784e-01
3.767645019507473769e+00 3.602190145731115449e-03 2.574606910513964619e-01
3.892811615198170649e+00 3.759701243052687193e-03 2.660139061383343106e-01
4.015009279988412061e+00 3.917212340374259805e-03 2.743642403813079111e-01
4.134289529647863226e+00 4.074723437695831549e-03 2.825152140922335686e-01
4.250705281680469128e+00 4.232234535017403293e-03 2.904704433700441291e-01
4.364308148247920016e+00 4.389745632338975037e-03 2.982334551135705780e-01
4.475148001846386059e+00 4.547256729660546781e-03 3.058076573422154332e-01
4.583275420869760808e+00 4.704767826982118525e-03 3.131965063126532223e-01
4.688741539157370575e+00 4.862278924303691137e-03 3.204034962377246276e-01
4.791597784385840164e+00 5.019790021625262881e-03 3.274321414095395233e-01
4.891895626289484156e+00 5.177301118946834625e-03 3.342859589942045462e-01
4.989684792322689688e+00 5.334812216268406369e-03 3.409683470997431631e-01
5.085012597086474351e+00 5.492323313589978981e-03 3.474825389526967623e-01
5.177926171868082683e+00 5.649834410911550725e-03 3.538317552529244292e-01
5.268472523495066007e+00 5.807345508233122469e-03 3.600192081953764722e-01
5.356698417833429815e+00 5.964856605554694213e-03 3.660480935089804877e-01
5.442650281492581676e+00 6.122367702876265957e-03 3.719215837396854796e-01
5.526374119161350684e+00 6.279878800197838569e-03 3.776428226016453338e-01
5.607914974573477096e+00 6.437389897519410313e-03 3.832148881424887743e-01
5.687314699580630517e+00 6.594900994840982057e-03 3.886406402937107041e-01
5.764613873388172216e+00 6.752412092162553801e-03 3.939228520209694939e-01
5.839852776492644892e+00 6.909923189484126413e-03 3.990642758777634969e-01
5.913071336125299560e+00 7.067434286805698157e-03 4.040676402773310527e-01
5.984309078489212119e+00 7.224945384127269901e-03 4.089356462287918048e-01
6.053605088189391026e+00 7.382456481448841645e-03 4.136709645648182776e-01
6.120997973974103168e+00 7.539967578770413389e-03 4.182762336005800274e-01
6.186525840019520217e+00 7.697478676091986001e-03 4.227540571714911710e-01
6.250226033704150197e+00 7.854989773413558612e-03 4.271069873974646658e-01
6.312132793403622877e+00 8.012500870735128622e-03 4.313373639458005782e-01
6.372278393776120708e+00 8.170011968056702101e-03 4.354473922938609243e-01
6.430694840976600268e+00 8.327523065378272110e-03 4.394392595709350480e-01
6.487413870133016403e+00 8.485034162699845589e-03 4.433151343857775206e-01
6.542466918532958253e+00 8.642545260021415598e-03 4.470771649943265924e-01
6.595885102293288504e+00 8.800056357342989077e-03 4.507274777054331438e-01
6.647699196154241541e+00 8.957567454664562556e-03 4.542681755000958499e-01
6.697939616077756675e+00 9.115078551986132566e-03 4.577013368423264450e-01
6.746636404363014705e+00 9.272589649307706045e-03 4.610290146620232843e-01
6.793819217023123080e+00 9.430100746629276054e-03 4.642532354923626370e-01
6.839517279702512553e+00 9.587611843950849533e-03 4.673759964574291104e-01
6.883757592654977664e+00 9.745122941272419542e-03 4.703991426100251894e-01
6.926564183648054041e+00 9.902634038593993021e-03 4.733243158791548000e-01
6.967960759470956944e+00 1.006014513591556303e-02 4.761531362598814265e-01
7.007970917899847052e+00 1.021765623323713651e-02 4.788872162979005975e-01
7.046618127284119737e+00 1.037516733055870999e-02 4.815281596945754639e-01
7.083925708134416688e+00 1.053267842788028000e-02 4.840775600487596253e-01
7.119916816545536875e+00 1.069018952520185348e-02 4.865369997240092115e-01
7.154614429301149769e+00 1.084770062252342349e-02 4.889080488307166461e-01
7.188041330521143912e+00 1.100521171984499696e-02 4.911922643136635291e-01
7.220220099725068508e+00 1.116272281716656697e-02 4.933911891363392255e-01
7.251173101195107940e+00 1.132023391448814045e-02 4.955063515540643615e-01
7.280922474532825817e+00 1.147774501180971046e-02 4.975392644686881249e-01
7.309490126312326197e+00 1.163525610913128394e-02 4.994914248582109084e-01
7.336897667554636016e+00 1.179276720645285742e-02 5.013643095041184772e-01
7.363164514933031590e+00 1.195027830377442743e-02 5.031592452379172187e-01
7.388307555985823782e+00 1.210778940109600091e-02 5.048773860635706878e-01
7.412343549939994780e+00 1.226530049841757092e-02 5.065198772169322572e-01
7.435289269752654917e+00 1.242281159573914440e-02 5.080878648720993374e-01
7.457161485448034810e+00 1.258032269306071441e-02 5.095824950027517675e-01
7.477976948686921865e+00 1.273783379038228789e-02 5.110049123277093930e-01
7.497752378484751290e+00 1.289534488770385789e-02 5.123562593349847427e-01
7.516504448000518757e+00 1.305285598502543137e-02 5.136376753790059535e-01
7.534249772324998595e+00 1.321036708234700485e-02 5.148502958461299572e-01
7.551004897201334387e+00 1.336787817966857486e-02 5.159952513838673704e-01
7.566786288617350920e+00 1.352538927699014834e-02 5.170736671896776215e-01
7.581610323210980162e+00 1.368290037431171835e-02 5.180866623553275208e-01
7.595493279437067535e+00 1.384041147163329183e-02 5.190353492632758803e-01
7.608451329445240496e+00 1.399792256895486184e-02 5.199208330316537063e-01
7.620500531623249252e+00 1.415543366627643532e-02 5.207442110047130202e-01
7.631656823762956954e+00 1.431294476359800533e-02 5.215065722858285291e-01
7.641936005321531944e+00 1.447045586091957881e-02 5.222089965253231547e-01
7.651352669989630151e+00 1.462796695824115228e-02 5.228524809778911653e-01
7.659919424079851602e+00 1.478547805556272229e-02 5.234378870914488946e-01
7.667648708486995979e+00 1.494298915288429577e-02 5.239660650101468642e-01
7.674552997271991472e+00 1.510050025020586578e-02 5.244378671445303342e-01
7.680644786169664506e+00 1.525801134752743926e-02 5.248541473862236018e-01
7.685936581799366785e+00 1.541552244484900927e-02 5.252157603706399946e-01
7.690440891539273238e+00 1.557303354217058275e-02 5.255235607850476942e-01
7.694170214026552657e+00 1.573054463949215276e-02 5.257784027194011278e-01
7.697137030248528689e+00 1.588805573681372624e-02 5.259811390575587220e-01
7.699353795192101835e+00 1.604556683413529972e-02 5.261326209066490289e-01
7.700832930020293787e+00 1.620307793145686973e-02 5.262336970624579280e-01
7.701586814747831689e+00 1.636058902877844320e-02 5.262852135089171046e-01
7.701627781387756499e+00 1.651810012610001321e-02 5.262880129497804482e-01
7.700968107544069241e+00 1.667561122342158669e-02 5.262429343707780705e-01
7.699620010426284189e+00 1.683312232074316017e-02 5.261508126306058131e-01
7.697595641263347055e+00 1.699063341806473018e-02 5.260124780791989307e-01
7.694907080095539698e+00 1.714814451538630366e-02 5.258287562018424399e-01
7.691566330924148431e+00 1.730565561270787367e-02 5.256004672877213624e-01
7.687585317200270829e+00 1.746316671002944715e-02 5.253284261216540907e-01
7.682975877634441453e+00 1.762067780735101716e-02 5.250134416977412233e-01
7.677749761846941468e+00 1.777818890467259064e-02 5.246563169221325484e-01
7.671918522032791898e+00 1.793570000199416065e-02 5.242578412099931917e-01
7.665493385045905050e+00 1.809321109931573412e-02 5.238187817444173167e-01
7.658485465758576360e+00 1.825072219663730760e-02 5.233398980562764535e-01
7.650905797396553076e+00 1.840823329395887761e-02 5.228219440971526577e-01
7.642765328197199892e+00 1.856574439128045109e-02 5.222656680109777350e-01
7.634074918313357827e+00 1.872325548860202110e-02 5.216718119224584838e-01
7.624845336950788699e+00 1.888076658592359458e-02 5.210411117414650572e-01
7.615087259726659674e+00 1.903827768324516459e-02 5.203742969825243536e-01
7.604811266238396428e+00 1.919578878056673807e-02 5.196720905986876859e-01
7.594027837832094896e+00 1.935329987788830808e-02 5.189352088290373199e-01
7.582747355560009339e+00 1.951081097520988156e-02 5.181643610591101234e-01
7.570980098317924067e+00 1.966832207253145504e-02 5.173602496936177131e-01
7.558736241153068747e+00 1.982583316985302505e-02 5.165235700408168373e-01
7.546025853733637767e+00 1.998334426717459852e-02 5.156550102079254794e-01
7.532858898972044415e+00 2.014085536449616853e-02 5.147552510070427800e-01
7.519245231793875384e+00 2.029836646181774201e-02 5.138249658710261070e-01
7.505194598044754528e+00 2.045587755913931202e-02 5.128648207787922519e-01
7.490716633528582413e+00 2.061338865646088550e-02 5.118754741895963356e-01
7.475820863169729158e+00 2.077089975378245551e-02 5.108575769857788273e-01
7.460516700293219117e+00 2.092841085110402899e-02 5.098117724235791126e-01
7.444813446016401492e+00 2.108592194842560247e-02 5.087386960915648570e-01
7.428720288746446521e+00 2.124343304574717248e-02 5.076389758762930304e-01
7.412246303778053935e+00 2.140094414306874596e-02 5.065132319348194523e-01
7.395400452985917639e+00 2.155845524039031597e-02 5.053620766736853787e-01
7.378191584607093567e+00 2.171596633771188944e-02 5.041861147340427340e-01
7.360628441588959348e+00 2.187347743503345945e-02 5.029859435621115704e-01
7.342720581185451678e+00 2.203098853235503293e-02 5.017622162494619342e-01
7.324479134510123224e+00 2.218849962967660294e-02 5.005156934368056865e-01
7.305915171719415291e+00 2.234601072699817642e-02 4.992471315993708969e-01
7.287039505903236680e+00 2.250352182431974990e-02 4.979572696458358094e-01
7.267862698391590826e+00 2.266103292164131991e-02 4.966468292809541052e-01
7.248395063976079911e+00 2.281854401896289339e-02 4.953165153623652617e-01
7.228646676046551534e+00 2.297605511628446340e-02 4.939670162516045515e-01
7.208627371642439385e+00 2.313356621360603688e-02 4.925990041592857027e-01
7.188346756418667383e+00 2.329107731092760689e-02 4.912131354844435638e-01
7.167814209526265579e+00 2.344858840824918036e-02 4.898100511480498187e-01
7.147038888407768908e+00 2.360609950557075037e-02 4.883903769207039725e-01
7.126029733507785124e+00 2.376361060289232385e-02 4.869547237445290278e-01
7.104795472899059661e+00 2.392112170021389733e-02 4.855036880492918372e-01
7.083344626824388257e+00 2.407863279753546734e-02 4.840378520627732217e-01
7.061685512155357003e+00 2.423614389485704082e-02 4.825577841154539693e-01
7.039826246767872497e+00 2.439365499217861083e-02 4.810640389395154370e-01
7.017774753835751333e+00 2.455116608950018431e-02 4.795571579622410208e-01
6.995538766042935563e+00 2.470867718682175432e-02 4.780376695938549081e-01
6.973125829715084656e+00 2.486618828414332780e-02 4.765060895098551241e-01
6.950543308871435677e+00 2.502369938146489781e-02 4.749629209278934394e-01
6.927798389197845630e+00 2.518121047878647129e-02 4.734086548792737492e-01
6.904898081942110188e+00 2.533872157610804476e-02 4.718437704751370920e-01
6.881849227732139695e+00 2.549623267342961477e-02 4.702687351673739968e-01
6.858658500318533413e+00 2.565374377075118825e-02 4.686840050043735162e-01
6.835332410242110690e+00 2.581125486807275826e-02 4.670900248816419187e-01
6.811877308427574995e+00 2.596876596539433174e-02 4.654872287873751402e-01
6.788299389704827824e+00 2.612627706271590175e-02 4.638760400430847475e-01
6.764604696258120775e+00 2.628378816003747523e-02 4.622568715392967875e-01
6.740799121004957151e+00 2.644129925735904524e-02 4.606301259664463688e-01
6.716888410905698770e+00 2.659881035468061872e-02 4.589961960410391950e-01
6.692878170204337174e+00 2.675632145200219220e-02 4.573554647271079743e-01
6.668773889830023727e+00 2.691383254932376221e-02 4.557083072453559369e-01
6.644582262282199281e+00 2.707134364664533568e-02 4.540551809253676740e-01
6.620311716320710360e+00 2.722885474396690569e-02 4.523966617434685422e-01
6.595970542380119817e+00 2.738636584128847917e-02 4.507333162235748758e-01
6.571566741397963263e+00 2.754387693861004918e-02 4.490656911069264567e-01
6.547108033270866656e+00 2.770138803593162266e-02 4.473943139299306204e-01
6.522601865101954388e+00 2.785889913325319267e-02 4.457196935877482113e-01
6.498055419242359854e+00 2.801641023057476615e-02 4.440423208838055191e-01
6.473475621129782809e+00 2.817392132789633963e-02 4.423626690654409166e-01
6.448869146927171059e+00 2.833143242521790964e-02 4.406811943458904257e-01
6.424242430964845596e+00 2.848894352253948312e-02 4.389983364128424159e-01
6.399601672989341239e+00 2.864645461986105313e-02 4.373145189237857555e-01
6.374952845222358278e+00 2.880396571718262660e-02 4.356301499883801220e-01
6.350301699233328101e+00 2.896147681450419661e-02 4.339456226380900561e-01
6.325653772629039828e+00 2.911898791182577009e-02 4.322613152833187367e-01
6.301014395564105364e+00 2.927649900914734010e-02 4.305775921582978283e-01
6.276388697075408807e+00 2.943401010646891358e-02 4.288948037539510594e-01
6.251781611244732417e+00 2.959152120379048706e-02 4.272132872390124736e-01
6.227197883192694405e+00 2.974903230111205707e-02 4.255333668696236749e-01
6.202642074907962488e+00 2.990654339843363055e-02 4.238553543876677487e-01
6.178118570915067664e+00 3.006405449575520056e-02 4.221795494080792244e-01
6.153631583784665793e+00 3.022156559307677404e-02 4.205062397953854281e-01
6.129185159489686008e+00 3.037907669039834405e-02 4.188357020297165390e-01
6.104783182611036807e+00 3.053658778771991752e-02 4.171682015625366446e-01
6.080429381396284860e+00 3.069409888504148753e-02 4.155039931623252802e-01
6.056127332674917874e+00 3.085160998236306101e-02 4.138433212504619707e-01
6.031880466633537274e+00 3.100912107968463102e-02 4.121864202275358213e-01
6.007692071454552085e+00 3.116663217700620450e-02 4.105335147903299564e-01
5.983565297821540341e+00 3.132414327432777451e-02 4.088848202396930809e-01
5.959503163294868067e+00 3.148165437164934799e-02 4.072405427795467991e-01
5.935508556560618487e+00 3.163916546897092147e-02 4.056008798072335275e-01
5.911584241556115060e+00 3.179667656629248801e-02 4.039660201954340391e-01
5.887732861475344137e+00 3.195418766361406149e-02 4.023361445658751312e-01
5.863956942657233995e+00 3.211169876093563497e-02 4.007114255550343063e-01
5.840258898359892648e+00 3.226920985825720151e-02 3.990920280720524627e-01
5.816641032423886415e+00 3.242672095557877499e-02 3.974781095490599325e-01
5.793105542827433396e+00 3.258423205290034846e-02 3.958698201841220343e-01
5.769654525136432177e+00 3.274174315022192194e-02 3.942673031769933778e-01
5.746289975852064913e+00 3.289925424754349542e-02 3.926706949578772643e-01
5.723013795955197658e+00 3.305676534486506196e-02 3.910801254296293328e-01
5.699828116051447680e+00 3.321427644218663544e-02 3.894957401864312385e-01
5.676735890410310681e+00 3.337178753950820892e-02 3.879177411072453063e-01
5.653740097683214394e+00 3.352929863682978240e-02 3.863463317371644279e-01
5.630843572354855553e+00 3.368680973415134894e-02 3.847817057696985565e-01
5.608049009599055168e+00 3.384432083147292242e-02 3.832240473785981094e-01
5.585358969992609168e+00 3.400183192879449590e-02 3.816735315399744088e-01
5.562775884091098355e+00 3.415934302611606938e-02 3.801303243449832836e-01
5.540302056869360392e+00 3.431685412343764285e-02 3.785945833032661745e-01
5.517939672030614418e+00 3.447436522075920939e-02 3.770664576374110344e-01
5.495690796186983640e+00 3.463187631808078287e-02 3.755460885686268124e-01
5.473557382914830960e+00 3.478938741540235635e-02 3.740336095938643357e-01
5.451541276688260496e+00 3.494689851272392983e-02 3.725291467546090196e-01
5.429644216693443326e+00 3.510440961004549637e-02 3.710328188975338115e-01
5.407867840527529779e+00 3.526192070736706985e-02 3.695447379272612798e-01
5.386213687784576543e+00 3.541943180468864333e-02 3.680650090514072104e-01
5.364683203531796174e+00 3.557694290201021681e-02 3.665937310181288655e-01
5.343277741678930326e+00 3.573445399933179029e-02 3.651309963463698627e-01
5.321998568243822447e+00 3.589196509665335683e-02 3.636768915490125043e-01
5.300846864516636003e+00 3.604947619397493030e-02 3.622314973491025381e-01
5.279823730125969838e+00 3.620698729129650378e-02 3.607948888893717232e-01
5.258930186009071583e+00 3.636449838861807726e-02 3.593671359352060835e-01
5.238167177289328791e+00 3.652200948593964380e-02 3.579483030712782843e-01
5.217535576063104585e+00 3.667952058326121728e-02 3.565384498919851319e-01
5.197036184098899447e+00 3.683703168058279076e-02 3.551376311858939205e-01
5.176669735451062238e+00 3.699454277790436424e-02 3.537458971143488395e-01
5.156436898990601314e+00 3.715205387522593772e-02 3.523632933844145221e-01
5.136338280855437866e+00 3.730956497254750426e-02 3.509898614163110553e-01
5.116374426822318355e+00 3.746707606986907774e-02 3.496256385054997140e-01
5.096545824602906727e+00 3.762458716719065122e-02 3.482706579795847301e-01
5.076852906065881577e+00 3.778209826451222469e-02 3.469249493501598280e-01
5.057296049387638881e+00 3.793960936183379123e-02 3.455885384597751075e-01
5.037875581133326008e+00 3.809712045915536471e-02 3.442614476241444565e-01
5.018591778270408810e+00 3.825463155647693819e-02 3.429436957697423183e-01
4.999444870116757755e+00 3.841214265379851167e-02 3.416352985669237063e-01
4.980435040225355436e+00 3.856965375112008515e-02 3.403362685587174585e-01
4.961562428207071385e+00 3.872716484844165169e-02 3.390466152853822690e-01
4.942827131493895187e+00 3.888467594576322517e-02 3.377663454048992486e-01
4.924229207044079182e+00 3.904218704308479865e-02 3.364954628094901645e-01
4.905768672990943102e+00 3.919969814040637213e-02 3.352339687382893674e-01
4.887445510237347968e+00 3.935720923772793867e-02 3.339818618863003574e-01
4.869259663996954757e+00 3.951472033504951215e-02 3.327391385097178689e-01
4.851211045284546941e+00 3.967223143237108562e-02 3.315057925277687945e-01
4.833299532356425843e+00 3.982974252969265910e-02 3.302818156211407841e-01
4.815524972102561030e+00 3.998725362701423258e-02 3.290671973271133699e-01
4.797887181392269440e+00 4.014476472433579912e-02 3.278619251315164629e-01
4.780385948374338945e+00 4.030227582165737260e-02 3.266659845575722865e-01
4.763021033733468634e+00 4.045978691897894608e-02 3.254793592517541412e-01
4.745792171904142265e+00 4.061729801630051956e-02 3.243020310667365513e-01
4.728699050885449395e+00 4.077480911362208610e-02 3.231339786820474624e-01
4.711741191481920055e+00 4.093232021094365958e-02 3.219751693520337965e-01
4.694918038301751473e+00 4.108983130826523306e-02 3.208255651241927464e-01
4.678229022102990520e+00 4.124734240558680654e-02 3.196851270995768601e-01
4.661673560752620737e+00 4.140485350290838001e-02 3.185538154983320602e-01
4.645251059955544548e+00 4.156236460022994655e-02 3.174315897095130179e-01
4.628960913957272716e+00 4.171987569755152003e-02 3.163184083391003543e-01
4.612802506220778476e+00 4.187738679487309351e-02 3.152142292562546966e-01
4.596775210078754448e+00 4.203489789219466699e-02 3.141190096378867480e-01
4.580878389361641823e+00 4.219240898951623353e-02 3.130327060115745130e-01
4.565111399002718784e+00 4.234992008683780701e-02 3.119552742969116665e-01
4.549473585620626537e+00 4.250743118415938049e-02 3.108866698453137123e-01
4.533964288080297500e+00 4.266494228148095397e-02 3.098268474783499316e-01
4.518582838032944693e+00 4.282245337880252745e-02 3.087757615246412568e-01
4.503328560435744699e+00 4.297996447612409399e-02 3.077333658553756957e-01
4.488200774052017117e+00 4.313747557344566746e-02 3.066996139184849368e-01
4.473198791932480489e+00 4.329498667076724094e-02 3.056744587715326533e-01
4.458321921878160232e+00 4.345249776808881442e-02 3.046578531133469214e-01
4.443569466885781694e+00 4.361000886541038096e-02 3.036497493144548199e-01
4.428940725575903237e+00 4.376751996273195444e-02 3.026500994463400818e-01
4.414434992604704178e+00 4.392503106005352792e-02 3.016588553095821967e-01
4.400051559059721562e+00 4.408254215737510140e-02 3.006759684608983907e-01
4.385789712840329813e+00 4.424005325469667488e-02 2.997013902391441054e-01
4.371648739023154207e+00 4.439756435201824142e-02 2.987350717902829134e-01
4.357627920213207773e+00 4.455507544933981490e-02 2.977769640913821014e-01
4.343726536881198363e+00 4.471258654666138838e-02 2.968270179736618997e-01
4.329943867687275016e+00 4.487009764398296185e-02 2.958851841446181741e-01
4.316279189791914384e+00 4.502760874130452839e-02 2.949514132092674878e-01
4.302731779154283842e+00 4.518511983862610187e-02 2.940256556905357921e-01
4.289300910818440116e+00 4.534263093594767535e-02 2.931078620488145603e-01
4.275985859187927396e+00 4.550014203326924883e-02 2.921979827007264441e-01
4.262785898289118691e+00 4.565765313059082231e-02 2.912959680371201565e-01
4.249700302023498466e+00 4.581516422791238885e-02 2.904017684403104038e-01
4.236728344409681490e+00 4.597267532523396233e-02 2.895153343006155455e-01
4.223869299815017797e+00 4.613018642255553581e-02 2.886366160321847674e-01
4.211122443177640839e+00 4.628769751987710929e-02 2.877655640881720545e-01
4.198487050218815853e+00 4.644520861719867583e-02 2.869021289752456405e-01
4.185962397646354916e+00 4.660271971452024931e-02 2.860462612674896099e-01
4.173547763349088058e+00 4.676023081184182278e-02 2.851979116196921571e-01
4.161242426582840714e+00 4.691774190916339626e-02 2.843570307800550312e-01
4.149045668148239052e+00 4.707525300648496974e-02 2.835235696023430951e-01
4.136956770560529684e+00 4.723276410380653628e-02 2.826974790574890983e-01
4.124975018211769040e+00 4.739027520112810976e-02 2.818787102446773107e-01
4.113099697525719911e+00 4.754778629844968324e-02 2.810672144019274454e-01
4.101330097105397421e+00 4.770529739577125672e-02 2.802629429161781482e-01
4.089665507873982087e+00 4.786280849309282326e-02 2.794658473329156845e-01
4.078105223208984498e+00 4.802031959041439674e-02 2.786758793653413835e-01
4.066648539070008006e+00 4.817783068773597022e-02 2.778929909031040424e-01
4.055294754120374101e+00 4.833534178505754370e-02 2.771171340206094458e-01
4.044043169842826302e+00 4.849285288237911717e-02 2.763482609849275407e-01
4.032893090649423584e+00 4.865036397970068371e-02 2.755863242633022625e-01
4.021843823985936872e+00 4.880787507702225719e-02 2.748312765302851624e-01
4.010894680430920900e+00 4.896538617434383067e-02 2.740830706745052692e-01
4.000044973789665725e+00 4.912289727166540415e-02 2.733416598050896762e-01
3.989294021183143357e+00 4.928040836898697069e-02 2.726069972577412348e-01
3.978641143132146674e+00 4.943791946630854417e-02 2.718790366004883996e-01
3.968085663636953697e+00 4.959543056363011765e-02 2.711577316391290959e-01
3.957626910252463048e+00 4.975294166095169113e-02 2.704430364223650574e-01
3.947264214158993756e+00 4.991045275827326461e-02 2.697349052466395669e-01
3.936996902415143662e+00 5.006796385559483115e-02 2.690332921267397093e-01
3.926824053844637952e+00 5.022547495291640463e-02 2.683381341144102650e-01
3.916744459151919155e+00 5.038298605023797810e-02 2.676493485728667077e-01
3.906756911385977471e+00 5.054049714755955158e-02 2.669668530255382422e-01
3.896860223534367673e+00 5.069800824488111812e-02 2.662905663583489124e-01
3.887053228122617110e+00 5.085551934220269160e-02 2.656204087923429435e-01
3.877334776823070595e+00 5.101303043952426508e-02 2.649563018569562889e-01
3.867703740072736096e+00 5.117054153684583856e-02 2.642981683639004098e-01
3.858159006700483840e+00 5.132805263416741204e-02 2.636459323816892075e-01
3.848699483562551649e+00 5.148556373148897858e-02 2.629995192107298929e-01
3.839324095186703367e+00 5.164307482881055206e-02 2.623588553590074368e-01
3.830031783424673542e+00 5.180058592613212554e-02 2.617238685183336799e-01
3.820821507112603488e+00 5.195809702345369901e-02 2.610944875411445043e-01
3.811692241739232490e+00 5.211560812077526555e-02 2.604706424178245827e-01
3.802642979121813482e+00 5.227311921809683903e-02 2.598522642545626482e-01
3.793672727089356211e+00 5.243063031541841251e-02 2.592392852517043100e-01
3.784780509077755095e+00 5.258814141273998599e-02 2.586316386760867392e-01
3.775965337545589051e+00 5.274565251006155947e-02 2.580292570444158162e-01
3.767226178898677169e+00 5.290316360738312601e-02 2.574320697263982605e-01
3.758562007857429332e+00 5.306067470470469949e-02 2.568400066599156872e-01
3.749971816218781395e+00 5.321818580202627297e-02 2.562529989497681626e-01
3.741454612513607003e+00 5.337569689934784645e-02 2.556709788442629305e-01
3.733009421672197625e+00 5.353320799666941299e-02 2.550938797123563639e-01
3.724635284697562998e+00 5.369071909399098647e-02 2.545216360213277129e-01
3.716331258346442290e+00 5.384823019131255994e-02 2.539541833149821515e-01
3.708096414817585007e+00 5.400574128863413342e-02 2.533914581923493170e-01
3.699929841447452628e+00 5.416325238595570690e-02 2.528333982868883889e-01
3.691830640412852027e+00 5.432076348327727344e-02 2.522799422461691754e-01
3.683797928440426084e+00 5.447827458059884692e-02 2.517310297120186613e-01
3.675830836522848255e+00 5.463578567792042040e-02 2.511866013011281318e-01
3.667928509641480428e+00 5.479329677524199388e-02 2.506465985861014434e-01
3.660090106495420770e+00 5.495080787256356042e-02 2.501109640769385023e-01
3.652314799236629383e+00 5.510831896988513390e-02 2.495796412029361588e-01
3.644601773159155123e+00 5.526583006720670738e-02 2.490525742914511398e-01
3.636950150206764931e+00 5.542334116452828086e-02 2.485297033408208622e-01
3.629358839136540560e+00 5.558085226184985433e-02 2.480109537813463272e-01
3.621826726442810340e+00 5.573836335917142087e-02 2.474962495220107694e-01
3.614352719347739828e+00 5.589587445649299435e-02 2.469855158882270918e-01
3.606935745363968326e+00 5.605338555381456783e-02 2.464786795919505225e-01
3.599574751868236167e+00 5.621089665113614131e-02 2.459756687025426158e-01
3.592268705685652375e+00 5.636840774845770785e-02 2.454764126183620887e-01
3.585016592684401537e+00 5.652591884577928133e-02 2.449808420390698627e-01
3.577817417380396936e+00 5.668342994310085481e-02 2.444888889386125364e-01
3.570670202551835981e+00 5.684094104042242829e-02 2.440004865388836208e-01
3.563573988863196984e+00 5.699845213774400177e-02 2.435155692840292319e-01
3.556527834498431684e+00 5.715596323506556831e-02 2.430340728153825569e-01
3.549530814803182999e+00 5.731347433238714179e-02 2.425559339470146902e-01
3.542582021935691827e+00 5.747098542970871526e-02 2.420810906418799646e-01
3.535680564526144209e+00 5.762849652703028874e-02 2.416094819885370726e-01
3.528825567344247460e+00 5.778600762435185528e-02 2.411410481784332649e-01
3.522016170974911820e+00 5.794351872167342876e-02 2.406757304837420508e-01
3.515251531368385418e+00 5.810102981899500224e-02 2.402134712266220107e-01
3.508530745767379333e+00 5.825854091631657572e-02 2.397542087174724668e-01
3.501852732498660803e+00 5.841605201363814920e-02 2.392978690405357378e-01
3.495216398840815142e+00 5.857356311095971574e-02 2.388443775250798373e-01
3.488620673347559986e+00 5.873107420828128922e-02 2.383936609542015583e-01
3.482064505414789402e+00 5.888858530560286270e-02 2.379456475352407785e-01
3.475546864858603424e+00 5.904609640292443618e-02 2.375002668709446374e-01
3.469066741503855411e+00 5.920360750024600272e-02 2.370574499313514993e-01
3.462623144783178564e+00 5.936111859756757619e-02 2.366171290263902327e-01
3.456215103345872119e+00 5.951862969488914967e-02 2.361792377791542275e-01
3.449841664676732478e+00 5.967614079221072315e-02 2.357437110998533980e-01
3.443501894724037449e+00 5.983365188953229663e-02 2.353104851603934067e-01
3.437194877537002924e+00 5.999116298685386317e-02 2.348794973696011756e-01
3.430919714911834451e+00 6.014867408417543665e-02 2.344506863490377624e-01
3.424675526046659257e+00 6.030618518149701013e-02 2.340239919094183885e-01
3.418461447204711678e+00 6.046369627881858361e-02 2.335993550275964337e-01
3.412276631385660952e+00 6.062120737614015015e-02 2.331767178241035687e-01
3.406120248004880224e+00 6.077871847346172363e-02 2.327560235412328704e-01
3.399991482580390745e+00 6.093622957078329710e-02 2.323372165216460450e-01
3.393889535606392727e+00 6.109374066810487058e-02 2.319202421313968365e-01
3.387813533586459869e+00 6.125125176542643712e-02 2.315050406804156358e-01
3.381762452145748998e+00 6.140876286274801060e-02 2.310915421684095472e-01
3.375735269036099329e+00 6.156627396006958408e-02 2.306796767404115378e-01
3.369730982728501800e+00 6.172378505739115756e-02 2.302693759572909116e-01
3.363748612025768026e+00 6.188129615471273104e-02 2.298605727692844269e-01
3.357787195685011827e+00 6.203880725203429758e-02 2.294532014901990991e-01
3.351845792049323425e+00 6.219631834935587106e-02 2.290471977722428332e-01
3.345923478688597186e+00 6.235382944667744454e-02 2.286424985814801691e-01
3.340019352049141244e+00 6.251134054399902495e-02 2.282390421738890451e-01
3.334132527111846933e+00 6.266885164132059149e-02 2.278367680720012056e-01
3.328262137058582759e+00 6.282636273864215803e-02 2.274356170421061030e-01
3.322407332946576197e+00 6.298387383596373845e-02 2.270355310719992803e-01
3.316567283390693177e+00 6.314138493328530499e-02 2.266364533492713496e-01
3.310741174253085450e+00 6.329889603060687153e-02 2.262383282401003448e-01
3.304928208340340845e+00 6.345640712792845195e-02 2.258411012685558605e-01
3.299127605107564420e+00 6.361391822525001849e-02 2.254447190963785319e-01
3.293338600369448699e+00 6.377142932257158503e-02 2.250491295032352179e-01
3.287560446017963045e+00 6.392894041989316545e-02 2.246542813674282657e-01
3.281792409746580486e+00 6.408645151721473199e-02 2.242601246470496967e-01
3.276033772363601493e+00 6.424396261453631241e-02 2.238666101963889821e-01
3.270283744793013092e+00 6.440147371185787895e-02 2.234736840942155578e-01
3.264541449304673826e+00 6.455898480917944549e-02 2.230812863611502939e-01
3.258806020491616717e+00 6.471649590650102590e-02 2.226893578599140333e-01
3.253076611679794006e+00 6.487400700382259244e-02 2.222978407333349449e-01
3.247352394619223315e+00 6.503151810114417286e-02 2.219066783832430445e-01
3.241632559182373363e+00 6.518902919846573940e-02 2.215158154498597654e-01
3.235916313069522765e+00 6.534654029578730594e-02 2.211251977916635636e-01
3.230202881520870317e+00 6.550405139310888636e-02 2.207347724657173493e-01
3.224491507035279092e+00 6.566156249043045290e-02 2.203444877084484443e-01
3.218781449095244884e+00 6.581907358775203332e-02 2.199542929168550598e-01
3.213071983898178274e+00 6.597658468507359986e-02 2.195641386301428744e-01
3.207362404093449637e+00 6.613409578239516640e-02 2.191739765117566019e-01
3.201652018525439125e+00 6.629160687971674681e-02 2.187837593318211760e-01
3.195940151982008537e+00 6.644911797703831335e-02 2.183934409499537765e-01
3.190226144948421272e+00 6.660662907435987989e-02 2.180029762984478092e-01
3.184509353366633100e+00 6.676414017168146031e-02 2.176123213658245903e-01
3.178789148399547404e+00 6.692165126900302685e-02 2.172214331807232612e-01
3.173064916200246888e+00 6.707916236632460727e-02 2.168302697961315695e-01
3.167336057686058304e+00 6.723667346364617381e-02 2.164387902739468295e-01
3.161601988317178424e+00 6.739418456096774035e-02 2.160469546698479126e-01
3.155862135179681616e+00 6.755169565828932077e-02 2.156547238339646122e-01
3.150115891375344201e+00 6.770920675561088731e-02 2.152620562941207905e-01
3.144362623589317618e+00 6.786671785293246772e-02 2.148689087729704073e-01
3.138601712793088971e+00 6.802422895025403426e-02 2.144752389694185302e-01
3.132832555402299768e+00 6.818174004757560080e-02 2.140810056377415449e-01
3.127054563054515679e+00 6.833925114489718122e-02 2.136861685724001647e-01
3.121267162391203609e+00 6.849676224221874776e-02 2.132906885931418473e-01
3.115469794844094586e+00 6.865427333954032818e-02 2.128945275304012508e-01
3.109661916425706885e+00 6.881178443686189472e-02 2.124976482109858511e-01
3.103842997523809100e+00 6.896929553418346126e-02 2.121000144440313151e-01
3.098012522699858273e+00 6.912680663150504168e-02 2.117015910072266027e-01
3.092169990491122622e+00 6.928431772882660822e-02 2.113023436332933103e-01
3.086314913216502642e+00 6.944182882614817476e-02 2.109022389967158961e-01
3.080446816785821440e+00 6.959933992346975518e-02 2.105012447007093557e-01
3.074565240512610931e+00 6.975685102079132172e-02 2.100993292644271204e-01
3.068669736930163428e+00 6.991436211811290213e-02 2.096964621103895865e-01
3.062759871610797102e+00 7.007187321543446867e-02 2.092926135521345210e-01
3.056835222988185663e+00 7.022938431275603521e-02 2.088877547820761349e-01
3.050895382182805093e+00 7.038689541007761563e-02 2.084818578595767080e-01
3.044939952830222563e+00 7.054440650739918217e-02 2.080748956992126419e-01
3.038968550912163114e+00 7.070191760472076259e-02 2.076668420592308884e-01
3.032980804590424739e+00 7.085942870204232913e-02 2.072576715301992223e-01
3.026976355289372034e+00 7.101693979936389567e-02 2.068473596089784594e-01
3.020954872911020939e+00 7.117445089668547609e-02 2.064358837384392964e-01
3.014916050522605140e+00 7.133196199400704263e-02 2.060232229444398377e-01
3.008859592361523116e+00 7.148947309132862304e-02 2.056093570161470763e-01
3.002785213427809019e+00 7.164698418865018958e-02 2.051942664781891135e-01
2.996692639339789022e+00 7.180449528597175612e-02 2.047779325807911333e-01
2.990581606191748953e+00 7.196200638329333654e-02 2.043603372900495985e-01
2.984451860413707802e+00 7.211951748061490308e-02 2.039414632783492221e-01
2.978303158633010650e+00 7.227702857793646962e-02 2.035212939149058375e-01
2.972135267537884928e+00 7.243453967525805004e-02 2.030998132564417469e-01
2.965947963742764149e+00 7.259205077257961658e-02 2.026770060379833316e-01
2.959741033655420406e+00 7.274956186990119700e-02 2.022528576637810660e-01
2.953514273345823504e+00 7.290707296722276354e-02 2.018273541983485464e-01
2.947267488416607240e+00 7.306458406454433008e-02 2.014004823576102388e-01
2.941000493875245869e+00 7.322209516186591050e-02 2.009722295001675207e-01
2.934713114007759138e+00 7.337960625918747704e-02 2.005425836186673361e-01
2.928405182253978278e+00 7.353711735650905745e-02 2.001115333312797062e-01
2.922076541084256629e+00 7.369462845383062399e-02 1.996790678732717206e-01
2.915727041877692827e+00 7.385213955115219053e-02 1.992451770886866091e-01
2.909356544801724009e+00 7.400965064847377095e-02 1.988098514221156576e-01
2.902964918693092145e+00 7.416716174579533749e-02 1.983730819105639642e-01
2.896552040940156836e+00 7.432467284311691791e-02 1.979348601754083725e-01
2.890117797366539065e+00 7.448218394043848445e-02 1.974951784144463596e-01
2.883662086990273821e+00 7.463969503776005099e-02 1.970540297271111130e-01
2.877184896496676636e+00 7.479720613508163141e-02 1.966114132035482465e-01
2.870686283543602890e+00 7.495471723240319795e-02 1.961673327837871739e-01
2.864166312453076291e+00 7.511222832972476449e-02 1.957217928632503934e-01
2.857625052204607385e+00 7.526973942704634490e-02 1.952747981556285373e-01
2.851062576358627698e+00 7.542725052436791144e-02 1.948263536876475854e-01
2.844478962980854231e+00 7.558476162168949186e-02 1.943764647939007773e-01
2.837874294567079847e+00 7.574227271901105840e-02 1.939251371117090283e-01
2.831248657968865601e+00 7.589978381633262494e-02 1.934723765760430481e-01
2.824602144319730446e+00 7.605729491365420536e-02 1.930181894144795407e-01
2.817934848962092342e+00 7.621480601097577190e-02 1.925625821422089767e-01
2.811246871374807998e+00 7.637231710829735232e-02 1.921055615570841368e-01
2.804538315101387180e+00 7.652982820561891886e-02 1.916471347347138143e-01
2.797809287678797219e+00 7.668733930294048540e-02 1.911873090235987338e-01
2.791059900566918550e+00 7.684485040026206581e-02 1.907260920403107129e-01
2.784290269078598001e+00 7.700236149758363235e-02 1.902634916647121532e-01
2.777500512310329572e+00 7.715987259490521277e-02 1.897995160352198563e-01
2.770690753073484558e+00 7.731738369222677931e-02 1.893341735441056994e-01
2.763861117826208691e+00 7.747489478954834585e-02 1.888674728328421093e-01
2.757011736605845531e+00 7.763240588686992627e-02 1.883994227874851712e-01
2.750142742961943831e+00 7.778991698419149281e-02 1.879300325340962086e-01
2.743254273889857764e+00 7.794742808151305935e-02 1.874593114342041344e-01
2.736346469764934675e+00 7.810493917883463977e-02 1.869872690803087156e-01
2.729419474277190893e+00 7.826245027615620631e-02 1.865139152914166432e-01
2.722473436105187883e+00 7.841996137347778673e-02 1.860392602274246743e-01
2.715508601794569099e+00 7.857747247079935327e-02 1.855633207359423387e-01
2.708525359931519993e+00 7.873498356812091981e-02 1.850861233708692155e-01
2.701524108402764579e+00 7.889249466544250022e-02 1.846076953216541916e-01
2.694505242618595364e+00 7.905000576276406676e-02 1.841280636085195765e-01
2.687469155507187235e+00 7.920751686008564718e-02 1.836472550820736627e-01
2.680416237509205324e+00 7.936502795740721372e-02 1.831652964229411040e-01
2.673346876572853859e+00 7.952253905472878026e-02 1.826822141414253531e-01
2.666261458149139951e+00 7.968005015205036068e-02 1.821980345771850307e-01
2.659160365187599684e+00 7.983756124937192722e-02 1.817127838989410216e-01
2.652043978132252011e+00 7.999507234669350764e-02 1.812264881042012221e-01
2.644912674917935469e+00 8.015258344401507418e-02 1.807391730190090195e-01
2.637766830966947307e+00 8.031009454133664072e-02 1.802508642977146136e-01
2.630606819186017908e+00 8.046760563865822113e-02 1.797615874227676824e-01
2.623433009963535678e+00 8.062511673597978767e-02 1.792713677045277287e-01
2.616245771167178269e+00 8.078262783330135421e-02 1.787802302811025701e-01
2.609045468141765856e+00 8.094013893062293463e-02 1.782882001182013454e-01
2.601832463707444365e+00 8.109765002794450117e-02 1.777953020090106973e-01
2.594607118158148484e+00 8.125516112526608159e-02 1.773015605740889955e-01
2.587369789260380859e+00 8.141267222258764813e-02 1.768070002612840419e-01
2.580120832252253305e+00 8.157018331990921467e-02 1.763116453456667065e-01
2.572860599842825113e+00 8.172769441723079509e-02 1.758155199294857973e-01
2.565589442211662963e+00 8.188520551455236163e-02 1.753186479421383059e-01
2.558307707008804943e+00 8.204271661187394205e-02 1.748210531401666878e-01
2.551015739354806300e+00 8.220022770919550859e-02 1.743227591072621929e-01
2.543713881841240365e+00 8.235773880651707513e-02 1.738237892542988661e-01
2.536402508633153197e+00 8.251524990383865554e-02 1.733241691497129089e-01
2.529082188667475251e+00 8.267276100116022208e-02 1.728239376716086406e-01
2.521753554343827641e+00 8.283027209848178862e-02 1.723231380347904906e-01
2.514417228731188558e+00 8.298778319580336904e-02 1.718218128164568370e-01
2.507073825548065127e+00 8.314529429312493558e-02 1.713200039548451181e-01
2.499723949243417565e+00 8.330280539044651600e-02 1.708177527547614372e-01
2.492368195077899529e+00 8.346031648776808254e-02 1.703150998931322602e-01
2.485007149205350707e+00 8.361782758508964908e-02 1.698120854245730171e-01
2.477641388754605156e+00 8.377533868241122950e-02 1.693087487869786578e-01
2.470271481911520350e+00 8.393284977973279604e-02 1.688051288071290290e-01
2.462897988001146565e+00 8.409036087705437645e-02 1.683012637063037165e-01
2.455521457570129407e+00 8.424787197437594299e-02 1.677971911059132071e-01
2.448142432469194496e+00 8.440538307169750953e-02 1.672929480331354357e-01
2.440761445935721419e+00 8.456289416901908995e-02 1.667885709265582717e-01
2.433379022676464665e+00 8.472040526634065649e-02 1.662840956418323857e-01
2.425995678950210621e+00 8.487791636366223691e-02 1.657795574573195097e-01
2.418611922650568680e+00 8.503542746098380345e-02 1.652749910797499666e-01
2.411228253388635334e+00 8.519293855830536999e-02 1.647704306498714022e-01
2.403845162575734662e+00 8.535044965562695041e-02 1.642659097481031782e-01
2.396463133506018028e+00 8.550796075294851695e-02 1.637614614001802471e-01
2.389082641438994070e+00 8.566547185027008349e-02 1.632571180827931123e-01
2.381704153682016045e+00 8.582298294759166390e-02 1.627529117292247363e-01
2.374328129672566234e+00 8.598049404491323044e-02 1.622488737349730981e-01
2.366955021060407560e+00 8.613800514223481086e-02 1.617450349633652307e-01
2.359585271789603311e+00 8.629551623955637740e-02 1.612414257511616822e-01
2.352219318180283736e+00 8.645302733687794394e-02 1.607380759141444071e-01
2.344857589059464509e+00 8.661053843419952436e-02 1.602350147560560045e-01
2.337500571630814594e+00 8.676804953152109090e-02 1.597322755697870578e-01
2.330148938963844341e+00 8.692556062884267132e-02 1.592299043493047572e-01
2.322803386602752429e+00 8.708307172616423786e-02 1.587279486243760029e-01
2.315464596026783894e+00 8.724058282348580440e-02 1.582264549636444029e-01
2.308133234823040336e+00 8.739809392080738482e-02 1.577254689864383830e-01
2.300809956859187100e+00 8.755560501812895136e-02 1.572250353745739404e-01
2.293495402455811405e+00 8.771311611545053177e-02 1.567251978841321947e-01
2.286190198558507358e+00 8.787062721277209831e-02 1.562259993572186478e-01
2.278894958909540858e+00 8.802813831009366485e-02 1.557274817336942174e-01
2.271610284219071740e+00 8.818564940741524527e-02 1.552296860628754049e-01
2.264336762335910525e+00 8.834316050473681181e-02 1.547326525152029897e-01
2.257074968417616123e+00 8.850067160205837835e-02 1.542364203938655087e-01
2.249825465100096178e+00 8.865818269937995877e-02 1.537410281463888195e-01
2.242588802666437786e+00 8.881569379670152531e-02 1.532465133761733156e-01
2.235365519215080976e+00 8.897320489402310573e-02 1.527529128539857062e-01
2.228156140827199927e+00 8.913071599134467227e-02 1.522602625293970890e-01
2.220961181733287049e+00 8.928822708866623881e-02 1.517685975421665667e-01
2.213781144478892404e+00 8.944573818598781922e-02 1.512779522335666593e-01
2.206616520089432765e+00 8.960324928330938576e-02 1.507883601576457122e-01
2.199467788234136023e+00 8.976076038063096618e-02 1.502998540924308235e-01
2.192335417388957097e+00 8.991827147795253272e-02 1.498124660510609940e-01
2.185219864998491968e+00 9.007578257527409926e-02 1.493262272928509715e-01
2.178121577636928041e+00 9.023329367259567968e-02 1.488411683342900638e-01
2.171040991167813239e+00 9.039080476991724622e-02 1.483573189599596553e-01
2.163978530902827657e+00 9.054831586723882664e-02 1.478747082333833895e-01
2.156934611759362408e+00 9.070582696456039318e-02 1.473933645077943611e-01
2.149909638416972690e+00 9.086333806188195972e-02 1.469133154368269800e-01
2.142904005472639817e+00 9.102084915920354014e-02 1.464345879851266241e-01
2.135918129189537940e+00 9.117836025652510668e-02 1.459572105978901579e-01
2.128952559892859586e+00 9.133587135384667322e-02 1.454812208813952012e-01
2.122007875509331232e+00 9.149338245116825363e-02 1.450066583280602006e-01
2.115084639494561713e+00 9.165089354848982017e-02 1.445335614414253178e-01
2.108183401058768336e+00 9.180840464581140059e-02 1.440619677515765362e-01
2.101304695394790922e+00 9.196591574313296713e-02 1.435919138307275023e-01
2.094449043904633267e+00 9.212342684045453367e-02 1.431234353086999200e-01
2.087616954424327265e+00 9.228093793777611409e-02 1.426565668882895377e-01
2.080808921447333315e+00 9.243844903509768063e-02 1.421913423605322413e-01
2.074025426346116419e+00 9.259596013241926105e-02 1.417277946198453598e-01
2.067266937592127096e+00 9.275347122974082759e-02 1.412659556790598347e-01
2.060533910973922023e+00 9.291098232706239413e-02 1.408058566843255754e-01
2.053826789813559373e+00 9.306849342438397454e-02 1.403475279298990464e-01
2.047146005181146755e+00 9.322600452170554108e-02 1.398909988728034015e-01
2.040491976107453365e+00 9.338351561902712150e-02 1.394362981473584728e-01
2.033865109794700476e+00 9.354102671634868804e-02 1.389834535795839987e-01
2.027265801825355318e+00 9.369853781367025458e-02 1.385324922014680715e-01
2.020694436368986491e+00 9.385604891099183500e-02 1.380834402651024972e-01
2.014151386387105003e+00 9.401356000831340154e-02 1.376363232566802930e-01
2.007637013836029549e+00 9.417107110563496808e-02 1.371911659103586256e-01
2.001151669867637928e+00 9.432858220295654850e-02 1.367479922219768940e-01
1.994695695028167348e+00 9.448609330027811504e-02 1.363068254626419729e-01
1.988269419454848252e+00 9.464360439759969545e-02 1.358676881921647706e-01
1.981873163070462240e+00 9.480111549492126199e-02 1.354306022723555936e-01
1.975507235775832093e+00 9.495862659224282853e-02 1.349955888801775694e-01
1.969171937640143977e+00 9.511613768956440895e-02 1.345626685207526041e-01
1.962867559089178648e+00 9.527364878688597549e-02 1.341318610402237321e-01
1.956594381091362411e+00 9.543115988420755591e-02 1.337031856384691131e-01
1.950352675341707087e+00 9.558867098152912245e-02 1.332766608816713938e-01
1.944142705065170285e+00 9.574618207885068899e-02 1.328523047572149618e-01
1.937964754206922491e+00 9.590369317617226941e-02 1.324301366683927061e-01
1.931819139178681866e+00 9.606120427349383595e-02 1.320101782370876053e-01
1.925706169397901402e+00 9.621871537081541637e-02 1.315924506072320421e-01
1.919626144246406430e+00 9.637622646813698291e-02 1.311769742369772451e-01
1.913579353272449435e+00 9.653373756545854945e-02 1.307637689125005775e-01
1.907566076390459164e+00 9.669124866278012986e-02 1.303528537616557847e-01
1.901586584078358344e+00 9.684875976010169640e-02 1.299442472674560700e-01
1.895641137572527057e+00 9.700627085742326294e-02 1.295379672813971317e-01
1.889729989060336512e+00 9.716378195474484336e-02 1.291340310366139443e-01
1.883853381870334021e+00 9.732129305206640990e-02 1.287324551608767242e-01
1.878011550659984152e+00 9.747880414938799032e-02 1.283332556894204168e-01
1.872204721601056443e+00 9.763631524670955686e-02 1.279364480776130353e-01
1.866433112562580821e+00 9.779382634403112340e-02 1.275420472134576322e-01
1.860696933291447808e+00 9.795133744135270382e-02 1.271500674299339551e-01
1.854996385590591101e+00 9.810884853867427036e-02 1.267605225171741790e-01
1.849331663494794054e+00 9.826635963599585077e-02 1.263734257344765743e-01
1.843702953444170900e+00 9.842387073331741731e-02 1.259887898221604963e-01
1.838110434455165754e+00 9.858138183063898385e-02 1.256066270132513707e-01
1.832554278289345140e+00 9.873889292796056427e-02 1.252269490450152178e-01
1.827034649619698969e+00 9.889640402528213081e-02 1.248497671703225620e-01
1.821551706194698861e+00 9.905391512260371123e-02 1.244750921688595607e-01
1.816105599000002790e+00 9.921142621992527777e-02 1.241029343581776523e-01
1.810696472417804959e+00 9.936893731724684431e-02 1.237333036045831502e-01
1.805324464383951000e+00 9.952644841456842473e-02 1.233662093338732668e-01
1.799989706542721057e+00 9.968395951188999127e-02 1.230016605419134434e-01
1.794692324399349337e+00 9.984147060921155781e-02 1.226396658050595001e-01
1.789432437470287018e+00 9.999898170653313823e-02 1.222802332904258243e-01
1.784210159431242948e+00 1.001564928038547048e-01 1.219233707660018762e-01
1.779025598262958807e+00 1.003140039011762852e-01 1.215690856106134005e-01
1.773878856394812242e+00 1.004715149984978517e-01 1.212173848237358548e-01
1.768770030565484097e+00 1.006290260958194183e-01 1.208682750159726926e-01
1.763699182754411288e+00 1.007865371931409987e-01 1.205217604226669070e-01
1.758666315605586172e+00 1.009440482904625652e-01 1.201778412244946942e-01
1.753671422527741885e+00 1.011015593877841456e-01 1.198365169710442629e-01
1.748714493889218513e+00 1.012590704851057122e-01 1.194977870041394746e-01
1.743795517110005022e+00 1.014165815824272787e-01 1.191616504641297980e-01
1.738914476752225546e+00 1.015740926797488591e-01 1.188281062960733214e-01
1.734071354609026727e+00 1.017316037770704257e-01 1.184971532558112967e-01
1.729266129791819484e+00 1.018891148743920061e-01 1.181687899159292038e-01
1.724498778816024203e+00 1.020466259717135726e-01 1.178430146716167026e-01
1.719769275685261389e+00 1.022041370690351392e-01 1.175198257464203644e-01
1.715077591974004001e+00 1.023616481663567196e-01 1.171992211978918341e-01
1.710423696908781821e+00 1.025191592636782861e-01 1.168811989231369475e-01
1.705807557447843514e+00 1.026766703609998527e-01 1.165657566642592236e-01
1.701229138359438897e+00 1.028341814583214331e-01 1.162528920137095162e-01
1.696688402298630605e+00 1.029916925556429996e-01 1.159426024195347321e-01
1.692185309882677124e+00 1.031492036529645800e-01 1.156348851905290576e-01
1.687719819765079565e+00 1.033067147502861466e-01 1.153297375012942716e-01
1.683291888708204453e+00 1.034642258476077131e-01 1.150271563972017907e-01
1.678901471654600019e+00 1.036217369449292935e-01 1.147271387992666730e-01
1.674548521796964229e+00 1.037792480422508601e-01 1.144296815089284880e-01
1.670232990646783877e+00 1.039367591395724405e-01 1.141347812127416622e-01
1.665954828101748220e+00 1.040942702368940070e-01 1.138424344869827659e-01
1.661713982511822341e+00 1.042517813342155736e-01 1.135526378021646798e-01
1.657510400744128365e+00 1.044092924315371540e-01 1.132653875274710620e-01
1.653344028246550579e+00 1.045668035288587205e-01 1.129806799351023711e-01
1.649214809110195912e+00 1.047243146261803010e-01 1.126985112045441190e-01
1.645122686130604750e+00 1.048818257235018675e-01 1.124188774267498026e-01
1.641067600867800902e+00 1.050393368208234340e-01 1.121417746082442740e-01
1.637049493705225123e+00 1.051968479181450145e-01 1.118671986751510611e-01
1.633068303907522001e+00 1.053543590154665810e-01 1.115951454771410556e-01
1.629123969677187755e+00 1.055118701127881475e-01 1.113256107913036946e-01
1.625216428210148001e+00 1.056693812101097280e-01 1.110585903259448254e-01
1.621345609068547411e+00 1.058268923074312945e-01 1.107940792677184066e-01
1.617511328613084887e+00 1.059844034047528749e-01 1.105320650676976796e-01
1.613713311300021047e+00 1.061419145020744415e-01 1.102725288966986683e-01
1.609951281780999111e+00 1.062994255993960080e-01 1.100154519388885782e-01
1.606224967752682975e+00 1.064569366967175884e-01 1.097608155865153062e-01
1.602534099921614219e+00 1.066144477940391549e-01 1.095086014375054317e-01
1.598878411969530511e+00 1.067719588913607354e-01 1.092587912930946537e-01
1.595257640519078146e+00 1.069294699886823019e-01 1.090113671554845953e-01
1.591671525100090356e+00 1.070869810860038684e-01 1.087663112255383424e-01
1.588119808116219556e+00 1.072444921833254489e-01 1.085236059005005999e-01
1.584602234812041210e+00 1.074020032806470154e-01 1.082832337717494486e-01
1.581118553240615565e+00 1.075595143779685958e-01 1.080451776225797716e-01
1.577668514231455266e+00 1.077170254752901624e-01 1.078094204260143796e-01
1.574251871358909982e+00 1.078745365726117289e-01 1.075759453426435169e-01
1.570868380910982909e+00 1.080320476699333093e-01 1.073447357184939971e-01
1.567517801858561821e+00 1.081895587672548759e-01 1.071157750829265926e-01
1.564199895825046482e+00 1.083470698645764424e-01 1.068890471465606257e-01
1.560914427056364850e+00 1.085045809618980228e-01 1.066645357992248577e-01
1.557661162391407617e+00 1.086620920592195894e-01 1.064422251079372300e-01
1.554439871232829118e+00 1.088196031565411698e-01 1.062220993149096820e-01
1.551250325518257922e+00 1.089771142538627363e-01 1.060041428355806697e-01
1.548092299691844476e+00 1.091346253511843029e-01 1.057883402566708181e-01
1.544965570676232858e+00 1.092921364485058833e-01 1.055746763342678973e-01
1.541869917844838511e+00 1.094496475458274498e-01 1.053631359919321858e-01
1.538805122994550745e+00 1.096071586431490302e-01 1.051537043188312676e-01
1.535770970318744988e+00 1.097646697404705968e-01 1.049463665678956742e-01
1.532767246380679627e+00 1.099221808377921633e-01 1.047411081540010891e-01
1.529793740087191711e+00 1.100796919351137437e-01 1.045379146521708130e-01
1.526850242662812107e+00 1.102372030324353103e-01 1.043367717958069568e-01
1.523936547624145321e+00 1.103947141297568907e-01 1.041376654749396335e-01
1.521052450754605712e+00 1.105522252270784572e-01 1.039405817345006866e-01
1.518197750079515407e+00 1.107097363244000238e-01 1.037455067726217456e-01
1.515372245841471788e+00 1.108672474217216042e-01 1.035524269389514335e-01
1.512575740476053365e+00 1.110247585190431707e-01 1.033613287329947367e-01
1.509808038254090823e+00 1.111822696163647373e-01 1.031721987796680312e-01
1.507068876732065910e+00 1.113397807136863177e-01 1.029850191449863117e-01
1.504357844411015499e+00 1.114972918110078842e-01 1.027997617093132643e-01
1.501674514923369008e+00 1.116548029083294646e-01 1.026163973369716154e-01
1.499018467655404807e+00 1.118123140056510312e-01 1.024348972854714074e-01
1.496389287647589939e+00 1.119698251029725977e-01 1.022552331986994745e-01
1.493786565496978636e+00 1.121273362002941781e-01 1.020773771002502633e-01
1.491209897261648987e+00 1.122848472976157447e-01 1.019013013868952516e-01
1.488658884367162871e+00 1.124423583949373251e-01 1.017269788221911164e-01
1.486133133514947469e+00 1.125998694922588916e-01 1.015543825302187841e-01
1.483632256592586796e+00 1.127573805895804582e-01 1.013834859894534868e-01
1.481155870586010614e+00 1.129148916869020386e-01 1.012142630267640064e-01
1.478703597493432609e+00 1.130724027842236051e-01 1.010466878115320044e-01
1.476275064241151957e+00 1.132299138815451855e-01 1.008807348498978324e-01
1.473869902601017801e+00 1.133874249788667521e-01 1.007163789791209740e-01
1.471487749109668508e+00 1.135449360761883186e-01 1.005535953620610434e-01
1.469128244989345244e+00 1.137024471735098990e-01 1.003923594817666687e-01
1.466791036070424825e+00 1.138599582708314656e-01 1.002326471361817684e-01
1.464475772715457369e+00 1.140174693681530321e-01 1.000744344329548147e-01
1.462182109744815772e+00 1.141749804654746125e-01 9.991769778435791172e-02
1.459909706363839765e+00 1.143324915627961791e-01 9.976241390230837502e-02
1.457658226091457454e+00 1.144900026601177595e-01 9.960855979349111933e-02
1.455427336690283013e+00 1.146475137574393260e-01 9.945611275458177136e-02
1.453216710098103492e+00 1.148050248547608926e-01 9.930505036756481774e-02
1.451026022360798029e+00 1.149625359520824730e-01 9.915535049515010468e-02
1.448854953566554915e+00 1.151200470494040395e-01 9.900699127627679563e-02
1.446703187781474886e+00 1.152775581467256200e-01 9.885995112171365451e-02
1.444570412986445396e+00 1.154350692440471865e-01 9.871420870974480233e-02
1.442456321015289200e+00 1.155925803413687530e-01 9.856974298194354223e-02
1.440360607494153289e+00 1.157500914386903335e-01 9.842653313903006185e-02
1.438282971782116837e+00 1.159076025360119000e-01 9.828455863681330451e-02
1.436223116913007525e+00 1.160651136333334804e-01 9.814379918221484422e-02
1.434180749538340960e+00 1.162226247306550470e-01 9.800423472936964364e-02
1.432155579871442264e+00 1.163801358279766135e-01 9.786584547580769178e-02
1.430147321632658342e+00 1.165376469252981939e-01 9.772861185871006828e-02
1.428155691995648402e+00 1.166951580226197605e-01 9.759251455123865715e-02
1.426180411523465086e+00 1.168526691199413270e-01 9.745753445816840443e-02
1.424221169997537340e+00 1.170101802172629074e-01 9.732365038082295416e-02
1.422277551933988748e+00 1.171676913145844739e-01 9.719083392725842707e-02
1.420349125295136350e+00 1.173252024119060544e-01 9.705905557433229525e-02
1.418435463425774090e+00 1.174827135092276209e-01 9.692828616671199382e-02
1.416536144970057753e+00 1.176402246065491874e-01 9.679849691119468691e-02
1.414650753790483995e+00 1.177977357038707679e-01 9.666965937117108498e-02
1.412778878888874878e+00 1.179552468011923344e-01 9.654174546122611111e-02
1.410920114329343722e+00 1.181127578985139148e-01 9.641472744187426502e-02
1.409074059163204717e+00 1.182702689958354814e-01 9.628857791442876901e-02
1.407240317355727743e+00 1.184277800931570479e-01 9.616326981599639112e-02
1.405418497714761239e+00 1.185852911904786283e-01 9.603877641459955539e-02
1.403608213821131656e+00 1.187428022878001949e-01 9.591507130442067375e-02
1.401809083960783520e+00 1.189003133851217753e-01 9.579212840116464733e-02
1.400020731058617907e+00 1.190578244824433418e-01 9.566992193753778850e-02
1.398242782614022905e+00 1.192153355797649084e-01 9.554842645884245589e-02
1.396474870637977705e+00 1.193728466770864888e-01 9.542761681867888146e-02
1.394716631591789158e+00 1.195303577744080553e-01 9.530746817475906074e-02
1.392967706327336685e+00 1.196878688717296219e-01 9.518795598482293618e-02
1.391227740028817994e+00 1.198453799690512023e-01 9.506905600265812273e-02
1.389496382155997578e+00 1.200028910663727688e-01 9.495074427422145469e-02
1.387773286388853888e+00 1.201604021636943492e-01 9.483299713385676122e-02
1.386058110573641144e+00 1.203179132610159158e-01 9.471579120060852341e-02
1.384350516670306508e+00 1.204754243583374823e-01 9.459910337462933139e-02
1.382650170701259729e+00 1.206329354556590627e-01 9.448291083367846288e-02
1.380956742701383133e+00 1.207904465529806293e-01 9.436719102970636541e-02
1.379269906669381207e+00 1.209479576503022097e-01 9.425192168552956606e-02
1.377589340520308347e+00 1.211054687476237762e-01 9.413708079158714104e-02
1.375914726039335401e+00 1.212629798449453428e-01 9.402264660278125685e-02
1.374245748836648628e+00 1.214204909422669232e-01 9.390859763539503857e-02
1.372582098303552156e+00 1.215780020395884897e-01 9.379491266409295536e-02
1.370923467569622023e+00 1.217355131369100563e-01 9.368157071899309296e-02
1.369269553461021305e+00 1.218930242342316367e-01 9.356855108281846023e-02
1.367620056459796007e+00 1.220505353315532032e-01 9.345583328811543633e-02
1.365974680664274521e+00 1.222080464288747836e-01 9.334339711454786581e-02
1.364333133750443405e+00 1.223655575261963502e-01 9.323122258625768377e-02
1.362695126934314382e+00 1.225230686235179167e-01 9.311928996929298707e-02
1.361060374935242123e+00 1.226805797208394971e-01 9.300757976910174751e-02
1.359428595934926598e+00 1.228380908181610637e-01 9.289607272772992808e-02
1.357799503967981325e+00 1.229956019154826441e-01 9.278474930383404096e-02
1.356172793915723096e+00 1.231531130128042106e-01 9.267358864723654333e-02
1.354548160189177342e+00 1.233106241101257772e-01 9.256256987562290484e-02
1.352925300957314114e+00 1.234681352074473576e-01 9.245167236347634487e-02
1.351303918111837588e+00 1.236256463047689241e-01 9.234087573967189599e-02
1.349683717232902813e+00 1.237831574020905046e-01 9.223015988513336150e-02
1.348064407555846334e+00 1.239406684994120711e-01 9.211950493056025868e-02
1.346445701938779882e+00 1.240981795967336376e-01 9.200889125421314596e-02
1.344827316831111563e+00 1.242556906940552180e-01 9.189829947976245472e-02
1.343208972242929899e+00 1.244132017913767846e-01 9.178771047419656548e-02
1.341590391715228980e+00 1.245707128886983511e-01 9.167710534578703274e-02
1.339971302290980493e+00 1.247282239860199315e-01 9.156646544211172190e-02
1.338351434486980462e+00 1.248857350833414981e-01 9.145577234813112577e-02
1.336730522266508681e+00 1.250432461806630924e-01 9.134500788432005358e-02
1.335108303012698450e+00 1.252007572779846589e-01 9.123415410484764232e-02
1.333484517502712352e+00 1.253582683753062255e-01 9.112319329581289318e-02
1.331858909882555508e+00 1.255157794726277920e-01 9.101210797352347892e-02
1.330231227642643344e+00 1.256732905699493585e-01 9.090088088282624601e-02
1.328601221594012172e+00 1.258308016672709251e-01 9.078949499548126523e-02
1.326968645845216344e+00 1.259883127645924916e-01 9.067793350858366352e-02
1.325333257779814700e+00 1.261458238619140859e-01 9.056617984302453572e-02
1.323694818034520049e+00 1.263033349592356525e-01 9.045421764199830517e-02
1.322053090477920190e+00 1.264608460565572190e-01 9.034203076954830380e-02
1.320407842189788905e+00 1.266183571538787855e-01 9.022960330915323623e-02
1.318758843440961837e+00 1.267758682512003521e-01 9.011691956235176604e-02
1.317105867673743491e+00 1.269333793485219464e-01 9.000396404740390599e-02
1.315448691482868471e+00 1.270908904458435129e-01 8.989072149798976730e-02
1.313787094596943872e+00 1.272484015431650795e-01 8.977717686194149060e-02
1.312120859860395505e+00 1.274059126404866460e-01 8.966331530000974659e-02
1.310449773215929703e+00 1.275634237378082125e-01 8.954912218466491713e-02
1.308773623687389698e+00 1.277209348351298068e-01 8.943458309892592106e-02
1.307092203363112937e+00 1.278784459324513734e-01 8.931968383522286004e-02
1.305405307379710278e+00 1.280359570297729399e-01 8.920441039428823882e-02
1.303712733906243315e+00 1.281934681270945064e-01 8.908874898407631582e-02
1.302014284128816701e+00 1.283509792244160730e-01 8.897268601870983451e-02
1.300309762235583921e+00 1.285084903217376673e-01 8.885620811745545411e-02
1.298598975402071698e+00 1.286660014190592338e-01 8.873930210372080185e-02
1.296881733776916512e+00 1.288235125163808004e-01 8.862195500408018289e-02
1.295157850467919758e+00 1.289810236137023669e-01 8.850415404732117630e-02
1.293427141605064001e+00 1.291385347110239334e-01 8.838588666875112076e-02
1.291689448864374645e+00 1.292960458083455277e-01 8.826714204935719177e-02
1.289944670432352058e+00 1.294535569056670943e-01 8.814791323174984983e-02
1.288192714284777773e+00 1.296110680029886608e-01 8.802819392748663374e-02
1.286433490222776754e+00 1.297685791003102274e-01 8.790797797285926363e-02
1.284666909864179862e+00 1.299260901976317939e-01 8.778725932830348799e-02
1.282892886634994678e+00 1.300836012949533882e-01 8.766603207781616114e-02
1.281111335760953596e+00 1.302411123922749547e-01 8.754429042837759412e-02
1.279322174259123202e+00 1.303986234895965213e-01 8.742202870937836046e-02
1.277525320929607355e+00 1.305561345869180878e-01 8.729924137205230528e-02
1.275720696347295791e+00 1.307136456842396544e-01 8.717592298891253810e-02
1.273908222853687322e+00 1.308711567815612486e-01 8.705206825319282415e-02
1.272087824548785884e+00 1.310286678788828152e-01 8.692767197829374959e-02
1.270259427283015441e+00 1.311861789762043817e-01 8.680272909723030228e-02
1.268422958649236154e+00 1.313436900735259483e-01 8.667723466208601679e-02
1.266578347974772534e+00 1.315012011708475148e-01 8.655118384346884020e-02
1.264725526313494441e+00 1.316587122681690813e-01 8.642457192996906568e-02
1.262864426437968923e+00 1.318162233654906756e-01 8.629739432762391360e-02
1.260994982831611821e+00 1.319737344628122422e-01 8.616964655938082196e-02
1.259117131680903778e+00 1.321312455601338087e-01 8.604132426456544136e-02
1.257230810867611126e+00 1.322887566574553753e-01 8.591242319835022678e-02
1.255335959961083381e+00 1.324462677547769418e-01 8.578293923122805309e-02
1.253432520210532530e+00 1.326037788520985361e-01 8.565286834848456765e-02
1.251520434537357618e+00 1.327612899494201026e-01 8.552220664967372099e-02
1.249599647527496638e+00 1.329188010467416692e-01 8.539095034809514317e-02
1.247670105423766662e+00 1.330763121440632357e-01 8.525909577027081243e-02
1.245731756118275468e+00 1.332338232413848023e-01 8.512663935542633120e-02
1.243784549144786533e+00 1.333913343387063966e-01 8.499357765496914907e-02
1.241828435671136877e+00 1.335488454360279631e-01 8.485990733197078251e-02
1.239863368491640916e+00 1.337063565333495296e-01 8.472562516064731375e-02
1.237889302019519411e+00 1.338638676306710962e-01 8.459072802584235995e-02
1.235906192279322635e+00 1.340213787279926627e-01 8.445521292250902923e-02
1.233913996899333787e+00 1.341788898253142570e-01 8.431907695519108570e-02
1.231912675104035682e+00 1.343364009226358236e-01 8.418231733750793089e-02
1.229902187706484851e+00 1.344939120199573901e-01 8.404493139163365933e-02
1.227882497100760029e+00 1.346514231172789566e-01 8.390691654778091590e-02
1.225853567254361121e+00 1.348089342146005232e-01 8.376827034368153346e-02
1.223815363700623049e+00 1.349664453119221175e-01 8.362899042406811423e-02
1.221767853531090964e+00 1.351239564092436840e-01 8.348907454015309926e-02
1.219711005387915881e+00 1.352814675065652505e-01 8.334852054910887875e-02
1.217644789456194365e+00 1.354389786038868171e-01 8.320732641354459946e-02
1.215569177456353289e+00 1.355964897012083836e-01 8.306549020098560887e-02
1.213484142870267624e+00 1.357540007985299779e-01 8.292301009932523392e-02
1.211389704195017902e+00 1.359115118958515445e-01 8.277988737255485840e-02
1.209285974808053776e+00 1.360690229931731110e-01 8.263612976828255130e-02
1.207173079936557203e+00 1.362265340904946775e-01 8.249174584386347042e-02
1.205051144224132287e+00 1.363840451878162441e-01 8.234674411677429806e-02
1.202920291727810120e+00 1.365415562851378384e-01 8.220113306440840484e-02
1.200780645915086708e+00 1.366990673824594049e-01 8.205492112387341441e-02
1.198632329661095897e+00 1.368565784797809715e-01 8.190811669179835774e-02
1.196475465245851355e+00 1.370140895771025380e-01 8.176072812414458824e-02
1.194310174351602916e+00 1.371716006744241045e-01 8.161276373602568968e-02
1.192136578060281948e+00 1.373291117717456711e-01 8.146423180153274102e-02
1.189954796851018015e+00 1.374866228690672654e-01 8.131514055356439674e-02
1.187764950597769431e+00 1.376441339663888319e-01 8.116549818366529390e-02
1.185567158567039980e+00 1.378016450637103985e-01 8.101531284186980209e-02
1.183361539415658914e+00 1.379591561610319650e-01 8.086459263655040863e-02
1.181148211188691954e+00 1.381166672583535315e-01 8.071334563427493003e-02
1.178927291317398929e+00 1.382741783556751258e-01 8.056157985966715118e-02
1.176698896617291545e+00 1.384316894529966924e-01 8.040930329527361253e-02
1.174463143286284650e+00 1.385892005503182589e-01 8.025652388143787730e-02
1.172220146902907434e+00 1.387467116476398254e-01 8.010324951617785183e-02
1.169970022424627221e+00 1.389042227449613920e-01 7.994948805507146039e-02
1.167712884186222766e+00 1.390617338422829863e-01 7.979524731114544245e-02
1.165448845898258590e+00 1.392192449396045528e-01 7.964053505477095007e-02
1.163178020645633692e+00 1.393767560369261194e-01 7.948535901356465483e-02
1.160900520886206211e+00 1.395342671342476859e-01 7.932972687229454534e-02
1.158616458449489572e+00 1.396917782315692524e-01 7.917364627279087352e-02
1.156325944535441463e+00 1.398492893288908467e-01 7.901712481386355402e-02
1.154029089713302314e+00 1.400068004262124133e-01 7.886017005122247792e-02
1.151726003920540808e+00 1.401643115235339798e-01 7.870278949740570906e-02
1.149416796461837587e+00 1.403218226208555464e-01 7.854499062171001189e-02
1.147101576008165980e+00 1.404793337181771129e-01 7.838678085012795727e-02
1.144780450595935362e+00 1.406368448154987072e-01 7.822816756528935822e-02
1.142453527626206222e+00 1.407943559128202737e-01 7.806915810640775721e-02
1.140120913863974073e+00 1.409518670101418403e-01 7.790975976923136814e-02
1.137782715437500203e+00 1.411093781074634068e-01 7.774997980599750169e-02
1.135439037837768783e+00 1.412668892047849734e-01 7.758982542539520633e-02
1.133089985917942411e+00 1.414244003021065677e-01 7.742930379252835338e-02
1.130735663892921572e+00 1.415819113994281342e-01 7.726842202888525857e-02
1.128376175338962728e+00 1.417394224967497007e-01 7.710718721231289707e-02
1.126011623193360123e+00 1.418969335940712673e-01 7.694560637699482397e-02
1.123642109754166896e+00 1.420544446913928338e-01 7.678368651343241147e-02
1.121267736680029214e+00 1.422119557887144281e-01 7.662143456843330258e-02
1.118888604990034841e+00 1.423694668860359946e-01 7.645885744510115545e-02
1.116504815063627420e+00 1.425269779833575612e-01 7.629596200282975915e-02
1.114116466662508076e+00 1.426844890806791277e-01 7.613275505879976701e-02
1.111723690827823852e+00 1.428420001780006943e-01 7.596924556766158909e-02
1.109326712934774806e+00 1.429995112753222608e-01 7.580544893034997511e-02
1.106925773551088898e+00 1.431570223726438551e-01 7.564138158597551176e-02
1.104521110404786954e+00 1.433145334699654216e-01 7.547705977959848211e-02
1.102112958396165299e+00 1.434720445672869882e-01 7.531249956304771065e-02
1.099701549610179185e+00 1.436295556646085547e-01 7.514771679576662256e-02
1.097287113329230124e+00 1.437870667619301213e-01 7.498272714568700315e-02
1.094869876046304924e+00 1.439445778592517156e-01 7.481754609012716828e-02
1.092450061478497547e+00 1.441020889565732821e-01 7.465218891671557278e-02
1.090027890580882675e+00 1.442596000538948486e-01 7.448667072433927394e-02
1.087603581560690369e+00 1.444171111512164152e-01 7.432100642411215707e-02
1.085177349891864651e+00 1.445746222485379817e-01 7.415521074037009774e-02
1.082749408329893415e+00 1.447321333458595760e-01 7.398929821168415133e-02
1.080319966926948760e+00 1.448896444431811426e-01 7.382328319189525312e-02
1.077889233047338635e+00 1.450471555405027091e-01 7.365717985117015143e-02
1.075457411383210937e+00 1.452046666378242756e-01 7.349100217707445204e-02
1.073024703970555827e+00 1.453621777351458422e-01 7.332476397566610460e-02
1.070591310205436075e+00 1.455196888324674365e-01 7.315847887260459870e-02
1.068157426860500303e+00 1.456771999297890030e-01 7.299216031427938067e-02
1.065723248101691167e+00 1.458347110271105695e-01 7.282582156895152370e-02
1.063288965505237327e+00 1.459922221244321361e-01 7.265947572791492393e-02
1.060854768074809273e+00 1.461497332217537026e-01 7.249313570666857109e-02
1.058420842258911421e+00 1.463072443190752969e-01 7.232681424610516718e-02
1.055987371968471589e+00 1.464647554163968635e-01 7.216052391371299835e-02
1.053554538594610790e+00 1.466222665137184300e-01 7.199427710479015807e-02
1.051122521026605083e+00 1.467797776110399965e-01 7.182808604367217631e-02
1.048691495670002860e+00 1.469372887083615631e-01 7.166196278496982097e-02
1.046261636464913325e+00 1.470947998056831574e-01 7.149591921481900092e-02
1.043833114904448633e+00 1.472523109030047239e-01 7.132996705214093847e-02
1.041406100053315464e+00 1.474098220003262905e-01 7.116411784991265310e-02
1.038980758566526719e+00 1.475673330976478570e-01 7.099838299644550821e-02
1.036557254708261544e+00 1.477248441949694235e-01 7.083277371667419386e-02
1.034135750370825946e+00 1.478823552922910178e-01 7.066730107345217671e-02
1.031716405093746625e+00 1.480398663896125844e-01 7.050197596885665607e-02
1.029299376082958295e+00 1.481973774869341509e-01 7.033680914549969576e-02
1.026884818230078489e+00 1.483548885842557175e-01 7.017181118784517058e-02
1.024472884131804262e+00 1.485123996815772840e-01 7.000699252353444202e-02
1.022063724109351091e+00 1.486699107788988505e-01 6.984236342471471237e-02
1.019657486227995236e+00 1.488274218762204448e-01 6.967793400937426218e-02
1.017254316316696272e+00 1.489849329735420114e-01 6.951371424268354415e-02
1.014854357987734712e+00 1.491424440708635779e-01 6.934971393833701259e-02
1.012457752656461318e+00 1.492999551681851444e-01 6.918594275990264109e-02
1.010064639561047528e+00 1.494574662655067110e-01 6.902241022217169009e-02
1.007675155782330689e+00 1.496149773628283053e-01 6.885912569251478876e-02
1.005289436263643976e+00 1.497724884601498718e-01 6.869609839223685122e-02
1.002907613830714695e+00 1.499299995574714384e-01 6.853333739793703028e-02
1.000529823648017569e+00 1.500875106547930049e-01 6.837085194603201299e-02
9.981562406858608405e-01 1.502450217521145714e-01 6.820865399305592325e-02
9.957870602118581438e-01 1.504025328494361657e-01 6.804675688255214239e-02
9.934224746105720927e-01 1.505600439467577323e-01 6.788517376105179801e-02
9.910626731687467439e-01 1.507175550440792988e-01 6.772391756339761482e-02
9.887078421065167433e-01 1.508750661414008654e-01 6.756300101487675014e-02
9.863581646087331567e-01 1.510325772387224319e-01 6.740243663336120683e-02
9.840138208563565803e-01 1.511900883360440262e-01 6.724223673145331148e-02
9.816749880579904719e-01 1.513475994333655927e-01 6.708241341864031038e-02
9.793418404814395739e-01 1.515051105306871593e-01 6.692297860345113036e-02
9.770145494853460510e-01 1.516626216280087258e-01 6.676394399561795534e-02
9.746932835509155568e-01 1.518201327253302924e-01 6.660532110824449181e-02
9.723782083136185417e-01 1.519776438226518867e-01 6.644712125997205565e-02
9.700694865949829326e-01 1.521351549199734532e-01 6.628935557715223692e-02
9.677672784343841483e-01 1.522926660172950197e-01 6.613203499601920388e-02
9.654717411208337818e-01 1.524501771146165863e-01 6.597517026486199310e-02
9.631830292248029224e-01 1.526076882119381528e-01 6.581877194619904781e-02
9.609012946300062863e-01 1.527651993092597471e-01 6.566285041895043861e-02
9.586266865652017799e-01 1.529227104065813136e-01 6.550741588061058385e-02
9.563593516359248925e-01 1.530802215039028802e-01 6.535247834941694534e-02
9.540994338562379662e-01 1.532377326012244467e-01 6.519804766651954298e-02
9.518470746803913141e-01 1.533952436985460133e-01 6.504413349814461287e-02
9.496024130344816738e-01 1.535527547958676076e-01 6.489074533775784914e-02
9.473655853480120737e-01 1.537102658931891741e-01 6.473789250822120644e-02
9.451367255854017380e-01 1.538677769905107406e-01 6.458558416394592772e-02
9.429159652774469214e-01 1.540252880878323072e-01 6.443382929304240780e-02
9.407034335526638369e-01 1.541827991851538737e-01 6.428263671946225777e-02
9.384992571685786267e-01 1.543403102824754403e-01 6.413201510513620585e-02
9.363035605429119723e-01 1.544978213797970346e-01 6.398197295210518443e-02
9.341164657846559027e-01 1.546553324771186011e-01 6.383251860464410343e-02
9.319380927250717761e-01 1.548128435744401676e-01 6.368366025137982278e-02
9.297685589485620294e-01 1.549703546717617342e-01 6.353540592740093695e-02
9.276079798234205809e-01 1.551278657690833007e-01 6.338776351635903861e-02
9.254564685324785378e-01 1.552853768664048950e-01 6.324074075256287675e-02
9.233141361036111272e-01 1.554428879637264616e-01 6.309434522306309190e-02
9.211810914401263872e-01 1.556003990610480281e-01 6.294858436972876337e-02
9.190574413510035345e-01 1.557579101583695946e-01 6.280346549131370082e-02
9.169432905810037671e-01 1.559154212556911612e-01 6.265899574551422879e-02
9.148387418406239702e-01 1.560729323530127555e-01 6.251518215101575793e-02
9.127438958359156418e-01 1.562304434503343220e-01 6.237203158953082138e-02
9.106588512981356187e-01 1.563879545476558885e-01 6.222955080782492654e-02
9.085837050132662407e-01 1.565454656449774551e-01 6.208774641973395514e-02
9.065185518513247942e-01 1.567029767422990216e-01 6.194662490816707501e-02
9.044634847955850265e-01 1.568604878396206159e-01 6.180619262710337902e-02
9.024185949715477495e-01 1.570179989369421825e-01 6.166645580357175971e-02
9.003839716758076372e-01 1.571755100342637490e-01 6.152742053962351187e-02
8.983597024047064172e-01 1.573330211315853155e-01 6.138909281429020398e-02
8.963458728828341826e-01 1.574905322289068821e-01 6.125147848553140484e-02
8.943425670913381920e-01 1.576480433262284764e-01 6.111458329216917090e-02
8.923498607225726076e-01 1.578055544235500429e-01 6.097841240661371065e-02
8.903677998876461386e-01 1.579630655208716095e-01 6.084296897985139868e-02
8.883964220997921934e-01 1.581205766181931760e-01 6.070825557533574002e-02
8.883964220997921934e-01 1.581205766181931760e-01 6.070825557533575390e-02
6.936938573898843163e-01 1.826842454521749870e-01 4.842717946896131498e-02
5.906261531494744199e-01 2.073525430377324841e-01 3.105881873177925023e-02
4.704592859049090414e-01 2.322407203492417860e-01 2.760158032004181652e-02
4.099036546153456695e-01 2.568837818198746459e-01 2.608507390517853658e-02
3.472693927343232789e-01 2.811184729179193598e-01 1.695865971843764364e-02
3.055415360844130901e-01 3.057758170190760794e-01 1.287319069484724708e-02
2.672136864645052179e-01 3.308749588216616799e-01 1.108396328779752242e-02
2.337574576148222227e-01 3.553458836143503774e-01 8.985196016902135055e-03
2.117665185926712879e-01 3.797183506574301481e-01 9.623741459476179219e-03
1.870699242366179738e-01 4.042043120935024936e-01 5.184528026172164142e-03
1.704151014090333205e-01 4.287407985369371399e-01 4.093046112733218951e-03
1.555219246224901208e-01 4.533371424922238990e-01 3.692882301643580535e-03
1.405324813544683304e-01 4.779959634912051558e-01 5.118830186917046506e-03
1.285179622800422250e-01 5.026629933946460405e-01 3.530043471587814875e-03
1.195880421394116960e-01 5.271487506500315279e-01 3.913368446316914384e-03
1.111860932966303450e-01 5.515427964227138657e-01 2.775932296509385673e-03
1.039413906663790022e-01 5.762240530263548210e-01 2.315921358065499425e-03
9.732459754128375273e-02 6.007285446297923048e-01 2.105054991846784691e-03
9.065888567004859455e-02 6.252568531449649303e-01 3.023705204076296022e-03
8.701924668532569351e-02 6.499965502683907603e-01 2.924650296949921676e-03
8.287133147739889072e-02 6.746857991314229031e-01 2.304564058206756087e-03
8.014342881023583942e-02 6.991270364754236244e-01 1.807563245212421860e-03
7.791868110490304811e-02 7.235756604093172006e-01 1.593538961069322895e-03
7.729627356808536909e-02 7.479714013051395050e-01 2.055834038360131785e-03
7.686965511282803365e-02 7.726132299420060967e-01 1.741159892128296303e-03
7.632058594349959424e-02 7.972349387995918413e-01 1.761116649591496115e-03
7.377806220444108054e-02 8.217736356692634248e-01 1.982772600999405024e-03
7.162558711785804721e-02 8.463200505719705724e-01 1.675815396184372839e-03
6.973306222562115908e-02 8.708218859006343626e-01 1.397671106445538217e-03
6.878740487542599202e-02 8.954790463233904818e-01 1.522775709223270473e-03
6.776971044287100066e-02 9.199626960429320155e-01 1.654939523868608885e-03
6.812632211818571426e-02 9.443606208269833546e-01 1.828530081771132703e-03
6.844572868458767556e-02 9.688687146412832130e-01 1.960255819922697602e-03
6.822289393921260325e-02 9.930926048855095445e-01 2.340862838643757281e-03
6.973932517957918964e-02 1.017620455362175491e+00 1.825157496931560999e-03
7.221375540626000233e-02 1.042409919186157552e+00 2.259631524319560651e-03
7.590143464494347736e-02 1.066789561870425063e+00 2.243688711197587126e-03
7.803470038068129055e-02 1.090909765172895618e+00 2.690996295779906830e-03
7.731177561947948085e-02 1.115651582439790346e+00 4.237582561170589318e-03
7.956844162628921857e-02 1.140641543091339027e+00 2.580146346759726143e-03
8.092252453407708379e-02 1.164692026865203012e+00 4.608984507520740709e-03
8.365223708744921882e-02 1.188605021497627590e+00 4.107812698620385249e-03
8.995911437498767260e-02 1.214006438167991364e+00 3.872317823195809382e-03
9.682625626965246646e-02 1.240498485730926914e+00 5.576292655831958239e-03
1.104937395368265768e-01 1.264816150349954427e+00 1.179310994050562951e-02
1.186621879522681555e-01 1.284554513240047102e+00 1.550294444611613823e-02
1.269898937631782354e-01 1.309527810458392949e+00 2.184627095738094979e-02
1.868541160404938450e-01 1.335814856768205550e+00 3.612668488274466821e-02
1.757625403352976456e-01 1.360349523175663267e+00 2.116063948497414748e-01
