3.019218903164849621e+02 7.669903939428205850e-04 2.041188921273264256e+01
3.598612255892413714e+02 9.245014912643925459e-04 2.432896621369863155e+01
4.167308273360395106e+02 1.082012588585964507e-03 2.817372225047047252e+01
4.725341305003645402e+02 1.239523685907536251e-03 3.194638954763379246e+01
5.272703538866351209e+02 1.397034783229108429e-03 3.564691529127159697e+01
5.809367958322101231e+02 1.554545880550680173e-03 3.927511683136646781e+01
6.335319963046169960e+02 1.712056977872252134e-03 4.283089546019952110e+01
6.850557301765961711e+02 1.869568075193824095e-03 4.631423595769948065e+01
7.355107920266812016e+02 2.027079172515396273e-03 4.972532725560422762e+01
7.848999722873985547e+02 2.184590269836968017e-03 5.306435800535443548e+01
8.332305643480050321e+02 2.342101367158539761e-03 5.633182128763834129e+01
8.805099638616054563e+02 2.499612464480111939e-03 5.952821709684758389e+01
9.267467938461345511e+02 2.657123561801683683e-03 6.265412840524214033e+01
9.719526985143320417e+02 2.814634659123255861e-03 6.571034243755809712e+01
1.016139910863048044e+03 2.972145756444827605e-03 6.869768622417798554e+01
1.059320503970905065e+03 3.129656853766399783e-03 7.161697598396902720e+01
1.101508244288882224e+03 3.287167951087971527e-03 7.446914241881552243e+01
1.142718288610441505e+03 3.444679048409543271e-03 7.725521022682282535e+01
1.182965836234798417e+03 3.602190145731115449e-03 7.997620697976242354e+01
1.222265665643690909e+03 3.759701243052687193e-03 8.263313179939952136e+01
1.260633309613882375e+03 3.917212340374259805e-03 8.522703480276304333e+01
1.298084943075660476e+03 4.074723437695831549e-03 8.775900952064901617e+01
1.334637181076086108e+03 4.232234535017403293e-03 9.023017923861820577e+01
1.370306228810631637e+03 4.389745632338975037e-03 9.264163953359063441e+01
1.405107745254288602e+03 4.547256729660546781e-03 9.499444905441866638e+01
1.439057611019938122e+03 4.704767826982118525e-03 9.728968143412183167e+01
1.472171881119314548e+03 4.862278924303691137e-03 9.952842209621969971e+01
1.504466702823237711e+03 5.019790021625262881e-03 1.017117627015479400e+02
1.535958236607808658e+03 5.177301118946834625e-03 1.038407958037052055e+02
1.566662095907774074e+03 5.334812216268406369e-03 1.059165769727263466e+02
1.596593136569763146e+03 5.492323313589978981e-03 1.079401105607476836e+02
1.625766156883513077e+03 5.649834410911550725e-03 1.099123970286844241e+02
1.654195916060885565e+03 5.807345508233122469e-03 1.118344341955320687e+02
1.681897097656594724e+03 5.964856605554694213e-03 1.137072147653698835e+02
1.708884278705508677e+03 6.122367702876265957e-03 1.155317242408403473e+02
1.735171903767800359e+03 6.279878800197838569e-03 1.173089391684326728e+02
1.760774115682795582e+03 6.437389897519410313e-03 1.190398156963385787e+02
1.785704055102135726e+03 6.594900994840982057e-03 1.207252422183251070e+02
1.809974463091753250e+03 6.752412092162553801e-03 1.223660801135588514e+02
1.833597986928934461e+03 6.909923189484126413e-03 1.239631844204821931e+02
1.856587162972667556e+03 7.067434286805698157e-03 1.255174026787369854e+02
1.878954401667044522e+03 7.224945384127269901e-03 1.270295739152968366e+02
1.900711974803120711e+03 7.382456481448841645e-03 1.285005277832856052e+02
1.921872004762368078e+03 7.539967578770413389e-03 1.299310838347647064e+02
1.942446455500625916e+03 7.697478676091986001e-03 1.313220509111894785e+02
1.962447053354270793e+03 7.854989773413558612e-03 1.326742217893893212e+02
1.981884548494417231e+03 8.012500870735128622e-03 1.339883232510548510e+02
2.000769074523835116e+03 8.170011968056702101e-03 1.352650403938343118e+02
2.019110680740605403e+03 8.327523065378272110e-03 1.365050526158293565e+02
2.036919331345703313e+03 8.485034162699845589e-03 1.377090335620220287e+02
2.054204897024134880e+03 8.642545260021415598e-03 1.388776505551049354e+02
2.070977147619666084e+03 8.800056357342989077e-03 1.400115641002450673e+02
2.087245745790568435e+03 8.957567454664562556e-03 1.411114274561708442e+02
2.103020241545845238e+03 9.115078551986132566e-03 1.421778862657851619e+02
2.118310067571798299e+03 9.272589649307706045e-03 1.432115782402112529e+02
2.133124535268564159e+03 9.430100746629276054e-03 1.442131328908363344e+02
2.147472820909046732e+03 9.587611843950849533e-03 1.451831705935651939e+02
2.161363402037611650e+03 9.745122941272419542e-03 1.461222644856958368e+02
2.174803822896874408e+03 9.902634038593993021e-03 1.470309246072397968e+02
2.187801526948621813e+03 1.006014513591556303e-02 1.479096541847674473e+02
2.200363923426702058e+03 1.021765623323713651e-02 1.487589541308171306e+02
2.212498380927527251e+03 1.037516733055870999e-02 1.495793226105713529e+02
2.224212221629069518e+03 1.053267842788028000e-02 1.503712546510234347e+02
2.235512716085986995e+03 1.069018952520185348e-02 1.511352417890938113e+02
2.246407078552799248e+03 1.084770062252342349e-02 1.518717717554464457e+02
2.256902462791417747e+03 1.100521171984499696e-02 1.525813281910503463e+02
2.267005958323303730e+03 1.116272281716656697e-02 1.532643903938009373e+02
2.276724587089654506e+03 1.132023391448814045e-02 1.539214330927270851e+02
2.286065300486405249e+03 1.147774501180971046e-02 1.545529262475377266e+02
2.295034976743490461e+03 1.163525610913128394e-02 1.551593348714430078e+02
2.303640401293037485e+03 1.179276720645285742e-02 1.557411177039158474e+02
2.311887670585487285e+03 1.195027830377442743e-02 1.562986869047731204e+02
2.319782086973045807e+03 1.210778940109600091e-02 1.568324009476107790e+02
2.327328912520704762e+03 1.226530049841757092e-02 1.573426155823468946e+02
2.334533413604446196e+03 1.242281159573914440e-02 1.578296868503499297e+02
2.341400855679382857e+03 1.258032269306071441e-02 1.582939707307321555e+02
2.347936498434873556e+03 1.273783379038228789e-02 1.587358228128028941e+02
2.354145591310282271e+03 1.289534488770385789e-02 1.591555979929051148e+02
2.360033369346959262e+03 1.305285598502543137e-02 1.595536501939821221e+02
2.365605049353986487e+03 1.321036708234700485e-02 1.599303321063570138e+02
2.370865826366664351e+03 1.336787817966857486e-02 1.602859949483029993e+02
2.375820870378702693e+03 1.352538927699014834e-02 1.606209882451186957e+02
2.380475323329717867e+03 1.368290037431171835e-02 1.609356596254627618e+02
2.384834296331785026e+03 1.384041147163329183e-02 1.612303546338513627e+02
2.388902867119245911e+03 1.399792256895486184e-02 1.615054165582475605e+02
2.392686077707470304e+03 1.415543366627643532e-02 1.617611862717795361e+02
2.396188932247108369e+03 1.431294476359800533e-02 1.619980020876730862e+02
2.399416391454461973e+03 1.447045586091957881e-02 1.622161993827087372e+02
2.402373037459052284e+03 1.462796695824115228e-02 1.624160879387312946e+02
2.405062828393093241e+03 1.478547805556272229e-02 1.625979353512972239e+02
2.407489670450891481e+03 1.494298915288429577e-02 1.627620057046215152e+02
2.409657480240258337e+03 1.510050025020586578e-02 1.629085637869402490e+02
2.411570181174181016e+03 1.525801134752743926e-02 1.630378748465636249e+02
2.413231700083171290e+03 1.541552244484900927e-02 1.631502043628488252e+02
2.414645964035996258e+03 1.557303354217058275e-02 1.632458178312606947e+02
2.415816897356920435e+03 1.573054463949215276e-02 1.633249805617177515e+02
2.416748418828505692e+03 1.588805573681372624e-02 1.633879574894832274e+02
2.417444439069699456e+03 1.604556683413529972e-02 1.634350129979068527e+02
2.417908858079419588e+03 1.620307793145686973e-02 1.634664107523551024e+02
2.418145562936835631e+03 1.636058902877844320e-02 1.634824135447350102e+02
2.418158425649539367e+03 1.651810012610001321e-02 1.634832831480167954e+02
2.417951301141763906e+03 1.667561122342158669e-02 1.634692801802242741e+02
2.417528025375068864e+03 1.683312232074316017e-02 1.634406639773807797e+02
2.416892413594425307e+03 1.699063341806473018e-02 1.633976924749329100e+02
2.416048258692974287e+03 1.714814451538630366e-02 1.633406220971979508e+02
2.414999329689120714e+03 1.730565561270787367e-02 1.632697076544054369e+02
2.413749370310106769e+03 1.746316671002944715e-02 1.631852022469368251e+02
2.412302097676317771e+03 1.762067780735101716e-02 1.630873571763773100e+02
2.410661200935566285e+03 1.777818890467259064e-02 1.629764218531827566e+02
2.408830307248046211e+03 1.793570000199416065e-02 1.628526414970424128e+02
2.406812941623295956e+03 1.809321109931573412e-02 1.627162544215943569e+02
2.404612593910845135e+03 1.825072219663730760e-02 1.625674965634313196e+02
2.402232728324825530e+03 1.840823329395887761e-02 1.624066021260252910e+02
2.399676782394702968e+03 1.856574439128045109e-02 1.622338035087911976e+02
2.396948165993148450e+03 1.872325548860202110e-02 1.620493312413640012e+02
2.394050260437254110e+03 1.888076658592359458e-02 1.618534139228355002e+02
2.390986417659148174e+03 1.903827768324516459e-02 1.616462781656819345e+02
2.387759959442664240e+03 1.919578878056673807e-02 1.614281485441584607e+02
2.384374176722664743e+03 1.935329987788830808e-02 1.611992475469284898e+02
2.380832328943737593e+03 1.951081097520988156e-02 1.609597955337073074e+02
2.377137643475361529e+03 1.966832207253145504e-02 1.607100106957238097e+02
2.373293315080629327e+03 1.982583316985302505e-02 1.604501090198022837e+02
2.369302505435706735e+03 1.998334426717459852e-02 1.601803042558752281e+02
2.365168342697559183e+03 2.014085536449616853e-02 1.599008078877582193e+02
2.360893921117431091e+03 2.029836646181774201e-02 1.596118291070191049e+02
2.356482300697620758e+03 2.045587755913931202e-02 1.593135747897736962e+02
2.351936506889505836e+03 2.061338865646088550e-02 1.590062494762699714e+02
2.347259530330492453e+03 2.077089975378245551e-02 1.586900553531042704e+02
2.342454326618001232e+03 2.092841085110402899e-02 1.583651922379417556e+02
2.337523816118471586e+03 2.108592194842560247e-02 1.580318575666030654e+02
2.332470883809578027e+03 2.124343304574717248e-02 1.576902463823975040e+02
2.327298379153924088e+03 2.140094414306874596e-02 1.573405513275843077e+02
2.322009116002479004e+03 2.155845524039031597e-02 1.569829626368434106e+02
2.316605872526247367e+03 2.171596633771188944e-02 1.566176681326566893e+02
2.311091393837361920e+03 2.187347743503345945e-02 1.562448534025107563e+02
2.305468680724070509e+03 2.203098853235503293e-02 1.558647213192649872e+02
2.299741228135335859e+03 2.218849962967660294e-02 1.554775081642669079e+02
2.293912511880795137e+03 2.234601072699817642e-02 1.550834489249205603e+02
2.287985927056293349e+03 2.250352182431974990e-02 1.546827731318510644e+02
2.281964789710054447e+03 2.266103292164131991e-02 1.542757049715489188e+02
2.275852338482133291e+03 2.281854401896289339e-02 1.538624633972073639e+02
2.269651736217221242e+03 2.297605511628446340e-02 1.534432622377587734e+02
2.263366071550663492e+03 2.313356621360603688e-02 1.530183103050993907e+02
2.256998360467658586e+03 2.329107731092760689e-02 1.525878114995018962e+02
2.250551547835672409e+03 2.344858840824918036e-02 1.521519649132161760e+02
2.244028508910099390e+03 2.360609950557075037e-02 1.517109649322622431e+02
2.237432050813286878e+03 2.376361060289232385e-02 1.512650013364215340e+02
2.230764913987028194e+03 2.392112170021389733e-02 1.508142593974350518e+02
2.224029773618632589e+03 2.407863279753546734e-02 1.503589199754150911e+02
2.217229241040884062e+03 2.423614389485704082e-02 1.498991596134914062e+02
2.210365865105864032e+03 2.439365499217861083e-02 1.494351506306908277e+02
2.203442133533062133e+03 2.455116608950018431e-02 1.489670612130783240e+02
2.196460474231923399e+03 2.470867718682175432e-02 1.484950555031693398e+02
2.189423256599084652e+03 2.486618828414332780e-02 1.480192936876321710e+02
2.182332792790583881e+03 2.502369938146489781e-02 1.475399320832970034e+02
2.175191338969310891e+03 2.518121047878647129e-02 1.470571232214921622e+02
2.168001096528064409e+03 2.533872157610804476e-02 1.465710159307304252e+02
2.160764213288380233e+03 2.549623267342961477e-02 1.460817554177577904e+02
2.153482784675629318e+03 2.565374377075118825e-02 1.455894833469976675e+02
2.146158854870546293e+03 2.581125486807275826e-02 1.450943379184019761e+02
2.138794417937570415e+03 2.596876596539433174e-02 1.445964539437338772e+02
2.131391418930466898e+03 2.612627706271590175e-02 1.440959629213156177e+02
2.123951754975295444e+03 2.628378816003747523e-02 1.435929931092435652e+02
2.116477276331314897e+03 2.644129925735904524e-02 1.430876695971127788e+02
2.108969787430135511e+03 2.659881035468061872e-02 1.425801143762705863e+02
2.101431047893256618e+03 2.675632145200219220e-02 1.420704464086081487e+02
2.093862781763565636e+03 2.691383254932376221e-02 1.415587822506704470e+02
2.086267090353196181e+03 2.707134364664533568e-02 1.410452639648646880e+02
2.078646620125627123e+03 2.722885474396690569e-02 1.405300704693847251e+02
2.071003974112937613e+03 2.738636584128847917e-02 1.400133777461786053e+02
2.063341664450882945e+03 2.754387693861004918e-02 1.394953556320100745e+02
2.055662115033942882e+03 2.770138803593162266e-02 1.389761679979568783e+02
2.047967664104848836e+03 2.785889913325319267e-02 1.384559729244799655e+02
2.040260566779452802e+03 2.801641023057476615e-02 1.379349228721209215e+02
2.032542997507884593e+03 2.817392132789633963e-02 1.374131648478925456e+02
2.024817052472944169e+03 2.833143242521790964e-02 1.368908405674253572e+02
2.017084751926779745e+03 2.848894352253948312e-02 1.363680866129424771e+02
2.009348042466884635e+03 2.864645461986105313e-02 1.358450345871323464e+02
2.001608799252461949e+03 2.880396571718262660e-02 1.353218112629884331e+02
1.993868828162279442e+03 2.896147681450419661e-02 1.347985387296953377e+02
1.986129867895075904e+03 2.911898791182577009e-02 1.342753345346290814e+02
1.978393592013720308e+03 2.927649900914734010e-02 1.337523118215564750e+02
1.970661610934103010e+03 2.943401010646891358e-02 1.332295794650961227e+02
1.962935473860076399e+03 2.959152120379048706e-02 1.327072422015340010e+02
1.955216670665435004e+03 2.974903230111205707e-02 1.321854007560569642e+02
1.947506633724171706e+03 2.990654339843363055e-02 1.316641519664902944e+02
1.939806739690058748e+03 3.006405449575520056e-02 1.311435889036088724e+02
1.932118311226759943e+03 3.022156559307677404e-02 1.306238009881041080e+02
1.924442618689557548e+03 3.037907669039834405e-02 1.301048741042795029e+02
1.916780881759838394e+03 3.053658778771991752e-02 1.295868907105527228e+02
1.909134271033419054e+03 3.069409888504148753e-02 1.290699299468367656e+02
1.901503909563842853e+03 3.085160998236306101e-02 1.285540677388769097e+02
1.893890874361692795e+03 3.100912107968463102e-02 1.280393768996136714e+02
1.886296197851052284e+03 3.116663217700620450e-02 1.275259272276497455e+02
1.878720869284096580e+03 3.132414327432777451e-02 1.270137856028849370e+02
1.871165836114952754e+03 3.148165437164934799e-02 1.265030160793984635e+02
1.863632005333777443e+03 3.163916546897092147e-02 1.259936799756412142e+02
1.856120244762090579e+03 3.179667656629248801e-02 1.254858359620086361e+02
1.848631384310399199e+03 3.195418766361406149e-02 1.249795401458646040e+02
1.841166217199036510e+03 3.211169876093563497e-02 1.244748461540777100e+02
1.833725501143202337e+03 3.226920985825720151e-02 1.239718052131380546e+02
1.826309959503156051e+03 3.242672095557877499e-02 1.234704662269175941e+02
1.818920282400481028e+03 3.258423205290034846e-02 1.229708758521370129e+02
1.811557127801319893e+03 3.274174315022192194e-02 1.224730785715994728e+02
1.804221122567460725e+03 3.289925424754349542e-02 1.219771167652508126e+02
1.796912863569204774e+03 3.305676534486506196e-02 1.214830307854168296e+02
1.789633019774473496e+03 3.321427644218663544e-02 1.209908658586926293e+02
1.782382518765314899e+03 3.337178753950820892e-02 1.205006846956751900e+02
1.775162295779220813e+03 3.352929863682978240e-02 1.200125505245195541e+02
1.767973240788186786e+03 3.368680973415134894e-02 1.195265235131378887e+02
1.760816200023357396e+03 3.384432083147292242e-02 1.190426608722754196e+02
1.753691977455078131e+03 3.400183192879449590e-02 1.185610169555719153e+02
1.746601336229611888e+03 3.415934302611606938e-02 1.180816433566926378e+02
1.739545000063357293e+03 3.431685412343764285e-02 1.176045890035869377e+02
1.732523654595829612e+03 3.447436522075920939e-02 1.171299002499584105e+02
1.725537948702261929e+03 3.463187631808078287e-02 1.166576209640054600e+02
1.718588495766898859e+03 3.478938741540235635e-02 1.161877926145040618e+02
1.711675874918038971e+03 3.494689851272392983e-02 1.157204543543048487e+02
1.704800632225658774e+03 3.510440961004549637e-02 1.152556431013002936e+02
1.697963281862794247e+03 3.526192070736706985e-02 1.147933936169415148e+02
1.691164307231454814e+03 3.541943180468864333e-02 1.143337385823575261e+02
1.684404162054094058e+03 3.557694290201021681e-02 1.138767086721458384e+02
1.677683271431527601e+03 3.573445399933179029e-02 1.134223326258945832e+02
1.671002032868256720e+03 3.589196509665335683e-02 1.129706373175008594e+02
1.664360817265972628e+03 3.604947619397493030e-02 1.125216478223384371e+02
1.657759969886252748e+03 3.620698729129650378e-02 1.120753874823420091e+02
1.651199811283150893e+03 3.636449838861807726e-02 1.116318779690566174e+02
1.644680638206672938e+03 3.652200948593964380e-02 1.111911393447182945e+02
1.638202724477784614e+03 3.667952058326121728e-02 1.107531901214105119e+02
1.631766321835900271e+03 3.683703168058279076e-02 1.103180473183598593e+02
1.625371660759530869e+03 3.699454277790436424e-02 1.098857265174169413e+02
1.619018951260911535e+03 3.715205387522593772e-02 1.094562419167788079e+02
1.612708383655331772e+03 3.730956497254750426e-02 1.090296063830003561e+02
1.606440129305869277e+03 3.746707606986907774e-02 1.086058315013436300e+02
1.600214341344316608e+03 3.762458716719065122e-02 1.081849276245165044e+02
1.594031155368876398e+03 3.778209826451222469e-02 1.077669039198420791e+02
1.587890690119439114e+03 3.793960936183379123e-02 1.073517684149114189e+02
1.581793048130985881e+03 3.809712045915536471e-02 1.069395280417581233e+02
1.575738316365810533e+03 3.825463155647693819e-02 1.065301886796004993e+02
1.569726566825176860e+03 3.841214265379851167e-02 1.061237551961936703e+02
1.563757857141082695e+03 3.856965375112008515e-02 1.057202314878365712e+02
1.557832231148572419e+03 3.872716484844165169e-02 1.053196205180641414e+02
1.551949719439359342e+03 3.888467594576322517e-02 1.049219243550757881e+02
1.546110339897206359e+03 3.904218704308479865e-02 1.045271442079304904e+02
1.540314098215614877e+03 3.919969814040637213e-02 1.041352804615461167e+02
1.534560988398462769e+03 3.935720923772793867e-02 1.037463327105456870e+02
1.528850993243925359e+03 3.951472033504951215e-02 1.033602997919736310e+02
1.523184084812409310e+03 3.967223143237108562e-02 1.029771798169312547e+02
1.517560224878807048e+03 3.982974252969265910e-02 1.025969702011518763e+02
1.511979365369604011e+03 3.998725362701423258e-02 1.022196676945523279e+02
1.506441448785397370e+03 4.014476472433579912e-02 1.018452684097979812e+02
1.500946408609106356e+03 4.030227582165737260e-02 1.014737678499001703e+02
1.495494169700471275e+03 4.045978691897894608e-02 1.011051609348873797e+02
1.490084648677185669e+03 4.061729801630051956e-02 1.007394420275715703e+02
1.484717747577149794e+03 4.077480911362208610e-02 1.003766045050760169e+02
1.479393315942486197e+03 4.093232021094365958e-02 1.000166381954665553e+02
1.474111179391180713e+03 4.108983130826523306e-02 9.965953130938169124e+01
1.468871159192546202e+03 4.124734240558680654e-02 9.930527176346107865e+01
1.463673072568357611e+03 4.140485350290838001e-02 9.895384720070447315e+01
1.458516732921736775e+03 4.156236460022994655e-02 9.860524500594571862e+01
1.453401950057784234e+03 4.171987569755152003e-02 9.825945232076897184e+01
1.448328530396097449e+03 4.187738679487309351e-02 9.791645605787627460e+01
1.443296277175567184e+03 4.203489789219466699e-02 9.757624291493316093e+01
1.438304990651564367e+03 4.219240898951623353e-02 9.723879938789991684e+01
1.433354468285928306e+03 4.234992008683780701e-02 9.690411178387559232e+01
1.428444504929866298e+03 4.250743118415938049e-02 9.657216623346367612e+01
1.423574893000075917e+03 4.266494228148095397e-02 9.624294870267880242e+01
1.418745422648288695e+03 4.282245337880252745e-02 9.591644500440928311e+01
1.413955881924441883e+03 4.297996447612409399e-02 9.559264080944828379e+01
1.409206056933724767e+03 4.313747557344566746e-02 9.527152165711139276e+01
1.404495731987682802e+03 4.329498667076724094e-02 9.495307296545213660e+01
1.399824689749561685e+03 4.345249776808881442e-02 9.463728004108818936e+01
1.395192711374152850e+03 4.361000886541038096e-02 9.432412808865605314e+01
1.390599576642217471e+03 4.376751996273195444e-02 9.401360221989858701e+01
1.386045064089780681e+03 4.392503106005352792e-02 9.370568746240654434e+01
1.381528951132384464e+03 4.408254215737510140e-02 9.340036876801863741e+01
1.377051014184550240e+03 4.424005325469667488e-02 9.309763102089806353e+01
1.372611028774514125e+03 4.439756435201824142e-02 9.279745904528937217e+01
1.368208769654472690e+03 4.455507544933981490e-02 9.249983761297180251e+01
1.363844010906494759e+03 4.471258654666138838e-02 9.220475145041947940e+01
1.359516526044168586e+03 4.487009764398296185e-02 9.191218524567368320e+01
1.355226088110215187e+03 4.502760874130452839e-02 9.162212365494184496e+01
1.350972469770169027e+03 4.518511983862610187e-02 9.133455130893125329e+01
1.346755443402237006e+03 4.534263093594767535e-02 9.104945281892386788e+01
1.342574781183518326e+03 4.550014203326924883e-02 9.076681278260555530e+01
1.338430255172687566e+03 4.565765313059082231e-02 9.048661578965582919e+01
1.334321637389207126e+03 4.581516422791238885e-02 9.020884642710331036e+01
1.330248699889315048e+03 4.597267532523396233e-02 8.993348928446276602e+01
1.326211214838747992e+03 4.613018642255553581e-02 8.966052895865180972e+01
1.322208954582453316e+03 4.628769751987710929e-02 8.938995005870397392e+01
1.318241691711270050e+03 4.644520861719867583e-02 8.912173721027656370e+01
1.314309199125790428e+03 4.660271971452024931e-02 8.885587505996818436e+01
1.310411250097424727e+03 4.676023081184182278e-02 8.859234827944730739e+01
1.306547618326792417e+03 4.691774190916339626e-02 8.833114156939969064e+01
1.302718077999548768e+03 4.707525300648496974e-02 8.807223966330252551e+01
1.298922403839706931e+03 4.723276410380653628e-02 8.781562733102975926e+01
1.295160371160560999e+03 4.739027520112810976e-02 8.756128938229434766e+01
1.291431755913319421e+03 4.754778629844968324e-02 8.730921066993658997e+01
1.287736334733434433e+03 4.770529739577125672e-02 8.705937609305598812e+01
1.284073884984843062e+03 4.786280849309282326e-02 8.681177060000254642e+01
1.280444184802093332e+03 4.802031959041439674e-02 8.656637919122439939e+01
1.276847013130460255e+03 4.817783068773597022e-02 8.632318692198026611e+01
1.273282149764131191e+03 4.833534178505754370e-02 8.608217890492072399e+01
1.269749375382537664e+03 4.849285288237911717e-02 8.584334031254478248e+01
1.266248471584856361e+03 4.865036397970068371e-02 8.560665637953218265e+01
1.262779220922791410e+03 4.880787507702225719e-02 8.537211240495965114e+01
1.259341406931677056e+03 4.896538617434383067e-02 8.513969375440392184e+01
1.255934814159980078e+03 4.912289727166540415e-02 8.490938586193580306e+01
1.252559228197224456e+03 4.928040836898697069e-02 8.468117423200862959e+01
1.249214435700411286e+03 4.943791946630854417e-02 8.445504444124398447e+01
1.245900224419030110e+03 4.959543056363011765e-02 8.423098214012291862e+01
1.242616383218652345e+03 4.975294166095169113e-02 8.400897305458073561e+01
1.239362702103157744e+03 4.991045275827326461e-02 8.378900298751005948e+01
1.236138969782288996e+03 5.006796385559483115e-02 8.357105765431109035e+01
1.232944897024959346e+03 5.022547495291640463e-02 8.335511750107586693e+01
1.229780104136339560e+03 5.038298605023797810e-02 8.314115685795709965e+01
1.226644212157743368e+03 5.054049714755955158e-02 8.292915010487567429e+01
1.223536848390796649e+03 5.069800824488111812e-02 8.271907204499039779e+01
1.220457646271662497e+03 5.085551934220269160e-02 8.251089789619483383e+01
1.217406245248224877e+03 5.101303043952426508e-02 8.230460328281408522e+01
1.214382290660099670e+03 5.117054153684583856e-02 8.210016422749271214e+01
1.211385433621582479e+03 5.132805263416741204e-02 8.189755714328131830e+01
1.208415330907205998e+03 5.148556373148897858e-02 8.169675882589943683e+01
1.205471644840010867e+03 5.164307482881055206e-02 8.149774644618209152e+01
1.202554043182421083e+03 5.180058592613212554e-02 8.130049754270191897e+01
1.199662199029628482e+03 5.195809702345369901e-02 8.110499001456133783e+01
1.196795790705409217e+03 5.211560812077526555e-02 8.091120211434952125e+01
1.193954501660369715e+03 5.227311921809683903e-02 8.071911244126255269e+01
1.191138020372491155e+03 5.243063031541841251e-02 8.052869993437992946e+01
1.188346040220005534e+03 5.258814141273998599e-02 8.033994386406997990e+01
1.185578251134486891e+03 5.274565251006155947e-02 8.015282326768458177e+01
1.182834328587854770e+03 5.290316360738312601e-02 7.996731620500864324e+01
1.180113950662645948e+03 5.306067470470469949e-02 7.978340091232182374e+01
1.177416800803087426e+03 5.321818580202627297e-02 7.960105598838889307e+01
1.174742567707531407e+03 5.337569689934784645e-02 7.942026038718789493e+01
1.172090945223421613e+03 5.353320799666941299e-02 7.924099341080899706e+01
1.169461632244716839e+03 5.369071909399098647e-02 7.906323470251966512e+01
1.166854332611734662e+03 5.384823019131255994e-02 7.888696423999360263e+01
1.164268755013277541e+03 5.400574128863413342e-02 7.871216232869360852e+01
1.161704612891089482e+03 5.416325238595570690e-02 7.853880959541233153e+01
1.159161624346488452e+03 5.432076348327727344e-02 7.836688698196013547e+01
1.156639512049153154e+03 5.447827458059884692e-02 7.819637573899821348e+01
1.154138003148012331e+03 5.463578567792042040e-02 7.802725742001436515e+01
1.151656829184165645e+03 5.479329677524199388e-02 7.785951387543575208e+01
1.149195726005810457e+03 5.495080787256356042e-02 7.769312724687752336e+01
1.146754433685075583e+03 5.510831896988513390e-02 7.752807996152003511e+01
1.144332696420445245e+03 5.526583006720670738e-02 7.736435472551225700e+01
1.141930238519671320e+03 5.542334116452828086e-02 7.720193290025990507e+01
1.139546717354113071e+03 5.558085226184985433e-02 7.704079132183183276e+01
1.137181783305066574e+03 5.573836335917142087e-02 7.688090635372320492e+01
1.134835093261958036e+03 5.589587445649299435e-02 7.672225479942105153e+01
1.132506310485020549e+03 5.605338555381456783e-02 7.656481389312060060e+01
1.130195104471419882e+03 5.621089665113614131e-02 7.640856129067444158e+01
1.127901150824725164e+03 5.636840774845770785e-02 7.625347506076775517e+01
1.125624131127653300e+03 5.652591884577928133e-02 7.609953367631524657e+01
1.123363732817937716e+03 5.668342994310085481e-02 7.594671600606882578e+01
1.121119649067307819e+03 5.684094104042242829e-02 7.579500130643596378e+01
1.118891578663430209e+03 5.699845213774400177e-02 7.564436921349812337e+01
1.116679225894738693e+03 5.715596323506556831e-02 7.549479973522457499e+01
1.114482300438098036e+03 5.731347433238714179e-02 7.534627324387749070e+01
1.112300517249195309e+03 5.747098542970871526e-02 7.519877046860206349e+01
1.110133596455581937e+03 5.762849652703028874e-02 7.505227248819511487e+01
1.107981263252299186e+03 5.778600762435185528e-02 7.490676072404897923e+01
1.105843247800047720e+03 5.794351872167342876e-02 7.476221693326679940e+01
1.103719285083940349e+03 5.810102981899500224e-02 7.461862319911351449e+01
1.101609091656087003e+03 5.825854091631657572e-02 7.447596035866287423e+01
1.099512327892538678e+03 5.841605201363814920e-02 7.433420545112053901e+01
1.097428650700436265e+03 5.857356311095971574e-02 7.419333528117125809e+01
1.095357723666889797e+03 5.873107420828128922e-02 7.405332710510926120e+01
1.093299216923040831e+03 5.888858530560286270e-02 7.391415862164795669e+01
1.091252807011569075e+03 5.904609640292443618e-02 7.377580796296267351e+01
1.089218176757507763e+03 5.920360750024600272e-02 7.363825368595664145e+01
1.087195015142342527e+03 5.936111859756757619e-02 7.350147476374959865e+01
1.085183017181212563e+03 5.951862969488914967e-02 7.336545057737549769e+01
1.083181883803229084e+03 5.967614079221072315e-02 7.323016090769147013e+01
1.081191321734670282e+03 5.983365188953229663e-02 7.309558592748081196e+01
1.079211043385150106e+03 5.999116298685386317e-02 7.296170619375764943e+01
1.077240766736485966e+03 6.014867408417543665e-02 7.282850264025307752e+01
1.075280215234352681e+03 6.030618518149701013e-02 7.269595657009081435e+01
1.073329117682531205e+03 6.046369627881858361e-02 7.256404964863752127e+01
1.071387208139710992e+03 6.062120737614015015e-02 7.243276389652582736e+01
1.069454225818786426e+03 6.077871847346172363e-02 7.230208168284620740e+01
1.067529914988564769e+03 6.093622957078329710e-02 7.217198571850205724e+01
1.065614024620076862e+03 6.109374066810487058e-02 7.204245903229744385e+01
1.063706280452763167e+03 6.125125176542643712e-02 7.191348308242965004e+01
1.061806360853232491e+03 6.140876286274801060e-02 7.178503612438342429e+01
1.059913944855831005e+03 6.156627396006958408e-02 7.165709645878690992e+01
1.058028718000305844e+03 6.172378505739115756e-02 7.152964282607578639e+01
1.056150372210194746e+03 6.188129615471273104e-02 7.140265439827160776e+01
1.054278605674288883e+03 6.203880725203429758e-02 7.127611077096803172e+01
1.052413122730988562e+03 6.219631834935587106e-02 7.114999195551222044e+01
1.050553633755530200e+03 6.235382944667744454e-02 7.102427837138101552e+01
1.048699855049968164e+03 6.251134054399902495e-02 7.089895083874269233e+01
1.046851508735849166e+03 6.266885164132059149e-02 7.077399057120126713e+01
1.045008322649466891e+03 6.282636273864215803e-02 7.064937916871488710e+01
1.043170030239621838e+03 6.298387383596373845e-02 7.052509861068368480e+01
1.041336370467865891e+03 6.314138493328530499e-02 7.040113124920587495e+01
1.039507087711056101e+03 6.329889603060687153e-02 7.027745980248957380e+01
1.037681931666266564e+03 6.345640712792845195e-02 7.015406734842424896e+01
1.035860657257876483e+03 6.361391822525001849e-02 7.003093731829932267e+01
1.034043024546850347e+03 6.377142932257158503e-02 6.990805349067090901e+01
1.032228798642098582e+03 6.392894041989316545e-02 6.978539998536908229e+01
1.030417749613891374e+03 6.408645151721473199e-02 6.966296125764434066e+01
1.028609651650294154e+03 6.424396261453631241e-02 6.954072204113697353e+01
1.026804256997083485e+03 6.440147371185787895e-02 6.941866558604534987e+01
1.025001290064397608e+03 6.455898480917944549e-02 6.929677326069713672e+01
1.023200479131606926e+03 6.471649590650102590e-02 6.917502669500537138e+01
1.021401558359847513e+03 6.487400700382259244e-02 6.905340791652876931e+01
1.019604267695045678e+03 6.503151810114417286e-02 6.893189934391563156e+01
1.017808352773219099e+03 6.518902919846573940e-02 6.881048378050154213e+01
1.016013564827964274e+03 6.534654029578730594e-02 6.868914440805498600e+01
1.014219660600063889e+03 6.550405139310888636e-02 6.856786478066599955e+01
1.012426402249180228e+03 6.566156249043045290e-02 6.844662881877638938e+01
1.010633557267498531e+03 6.581907358775203332e-02 6.832542080334124535e+01
1.008840898395356476e+03 6.597658468507359986e-02 6.820422537012497344e+01
1.007048203538681264e+03 6.613409578239516640e-02 6.808302750411951365e+01
1.005255255688310740e+03 6.629160687971674681e-02 6.796181253408997236e+01
1.003461842841021053e+03 6.644911797703831335e-02 6.784056612723557578e+01
1.001667757922261444e+03 6.660662907435987989e-02 6.771927428396588766e+01
9.998727987105746706e+02 6.676414017168146031e-02 6.759792333279132492e+01
9.980767677635808468e+02 6.692165126900302685e-02 6.747649992531910357e+01
9.962794723455178882e+02 6.707916236632460727e-02 6.735499103135454391e+01
9.944807243563049042e+02 6.723667346364617381e-02 6.723338393410513447e+01
9.926803402620327006e+02 6.739418456096774035e-02 6.711166622548147132e+01
9.908781401790877226e+02 6.755169565828932077e-02 6.698982574417789237e+01
9.890739335534602787e+02 6.770920675561088731e-02 6.686784960750031814e+01
9.872675215368450381e+02 6.786671785293246772e-02 6.674572437200630759e+01
9.854587097665613555e+02 6.802422895025403426e-02 6.662343689751078557e+01
9.836473087290887634e+02 6.818174004757560080e-02 6.650097437166360237e+01
9.818331336902874682e+02 6.833925114489718122e-02 6.637832430523184257e+01
9.800160046269458007e+02 6.849676224221874776e-02 6.625547452747213129e+01
9.781957461597023666e+02 6.865427333954032818e-02 6.613241318159568038e+01
9.763721874872728677e+02 6.881178443686189472e-02 6.600912872032149892e+01
9.745451623219177009e+02 6.896929553418346126e-02 6.588560990151371755e+01
9.727145088261531782e+02 6.912680663150504168e-02 6.576184578390275703e+01
9.708800695506242846e+02 6.928431772882660822e-02 6.563782572288522488e+01
9.690416913731345403e+02 6.944182882614817476e-02 6.551353936640180109e+01
9.671992254387681669e+02 6.959933992346975518e-02 6.538897665088919098e+01
9.653525271011084214e+02 6.975685102079132172e-02 6.526412779730613067e+01
9.635014558644803628e+02 6.991436211811290213e-02 6.513898330722852847e+01
9.616458753272053173e+02 7.007187321543446867e-02 6.501353395901311671e+01
9.597856531258150881e+02 7.022938431275603521e-02 6.488777080402610409e+01
9.579206608802460323e+02 7.038689541007761563e-02 6.476168516293773791e+01
9.560507741399244424e+02 7.054440650739918217e-02 6.463526862207750412e+01
9.541758723307261789e+02 7.070191760472076259e-02 6.450851302984801805e+01
9.522958387028281777e+02 7.085942870204232913e-02 6.438141049319973774e+01
9.504105606705899163e+02 7.101693979936389567e-02 6.425395340060902072e+01
9.485199345897891590e+02 7.117445089668547609e-02 6.412613474505023703e+01
9.466238640896232255e+02 7.133196199400704263e-02 6.399794801122862964e+01
9.447222563064988208e+02 7.148947309132862304e-02 6.386938692095949222e+01
9.428150217560773854e+02 7.164698418865018958e-02 6.374044542451785844e+01
9.409020742879531554e+02 7.180449528597175612e-02 6.361111769757430778e+01
9.389833310409647993e+02 7.196200638329333654e-02 6.348139813817385146e+01
9.370587123991653016e+02 7.211951748061490308e-02 6.335128136375914920e+01
9.351281419483664195e+02 7.227702857793646962e-02 6.322076220823261394e+01
9.331915464332972761e+02 7.243453967525805004e-02 6.308983571906009757e+01
9.312488557153191095e+02 7.259205077257961658e-02 6.295849715441213590e+01
9.293000027307072060e+02 7.274956186990119700e-02 6.282674198034340662e+01
9.273449234494751181e+02 7.290707296722276354e-02 6.269456586800924214e+01
9.253835568347044500e+02 7.306458406454433008e-02 6.256196469091578649e+01
9.234158448024095378e+02 7.322209516186591050e-02 6.242893452220668848e+01
9.214417321818847313e+02 7.337960625918747704e-02 6.229547163198242998e+01
9.194611666765392783e+02 7.353711735650905745e-02 6.216157248465232499e+01
9.174740988251871840e+02 7.369462845383062399e-02 6.202723373631756942e+01
9.154804819638122808e+02 7.385213955115219053e-02 6.189245223218627956e+01
9.134802721877623526e+02 7.400965064847377095e-02 6.175722500401754189e+01
9.114734283143750417e+02 7.416716174579533749e-02 6.162154926759480844e+01
9.094599118460255340e+02 7.432467284311691791e-02 6.148542242022750060e+01
9.074396869335951124e+02 7.448218394043848445e-02 6.134884203828134019e+01
9.054127218707488964e+02 7.463969503776005099e-02 6.121180597820129066e+01
9.033790124769399199e+02 7.479720613508163141e-02 6.107431395735508062e+01
9.013385768555914410e+02 7.495471723240319795e-02 6.093636719965221005e+01
8.992914352025437665e+02 7.511222832972476449e-02 6.079796707046324400e+01
8.972376091759955443e+02 7.526973942704634490e-02 6.065911503402364247e+01
8.951771218724635446e+02 7.542725052436791144e-02 6.051981265180867808e+01
8.931099978030356397e+02 7.558476162168949186e-02 6.038006158092771614e+01
8.910362628697547507e+02 7.574227271901105840e-02 6.023986357252782398e+01
8.889559443422893992e+02 7.589978381633262494e-02 6.009922047021647273e+01
8.868690708347571672e+02 7.605729491365420536e-02 5.995813420849465558e+01
8.847756722827875819e+02 7.621480601097577190e-02 5.981660681120620637e+01
8.826757799207689459e+02 7.637231710829735232e-02 5.967464038999953146e+01
8.805694262593104895e+02 7.652982820561891886e-02 5.953223714280385792e+01
8.784566450628876737e+02 7.668733930294048540e-02 5.938939935231796596e+01
8.763374713276934926e+02 7.684485040026206581e-02 5.924612938451279831e+01
8.742119412596751999e+02 7.700236149758363235e-02 5.910242968714657508e+01
8.720800922527707826e+02 7.715987259490521277e-02 5.895830278829338766e+01
8.699419628673156240e+02 7.731738369222677931e-02 5.881375129488344555e+01
8.677975928086607382e+02 7.747489478954834585e-02 5.866877789125749842e+01
8.656470229059533494e+02 7.763240588686992627e-02 5.852338533773217932e+01
8.634902950911041444e+02 7.778991698419149281e-02 5.837757646917822285e+01
8.613274523779382434e+02 7.794742808151305935e-02 5.823135419361076970e+01
8.591585388415312536e+02 7.810493917883463977e-02 5.808472149079238278e+01
8.569835995976997083e+02 7.826245027615620631e-02 5.793768141084660783e+01
8.548026813285639491e+02 7.841996137347778673e-02 5.779023710978927397e+01
8.526158614445678268e+02 7.857747247079935327e-02 5.764239382107133025e+01
8.504232619540690621e+02 7.873498356812091981e-02 5.749415979325360126e+01
8.482250077856106145e+02 7.889249466544250022e-02 5.734554347232052862e+01
8.460212230901844350e+02 7.905000576276406676e-02 5.719655325168895388e+01
8.438120312394468101e+02 7.920751686008564718e-02 5.704719747208758207e+01
8.415975548240259059e+02 7.936502795740721372e-02 5.689748442144261276e+01
8.393779156519653952e+02 7.952253905472878026e-02 5.674742233477230258e+01
8.371532347472400488e+02 7.968005015205036068e-02 5.659701939408674320e+01
8.349236323484112745e+02 7.983756124937192722e-02 5.644628372829705398e+01
8.326892279073578038e+02 7.999507234669350764e-02 5.629522341312943468e+01
8.304501400881262043e+02 8.015258344401507418e-02 5.614384647104738946e+01
8.282064867658741605e+02 8.031009454133664072e-02 5.599216087118055185e+01
8.259583850259216433e+02 8.046760563865822113e-02 5.584017452926025982e+01
8.237059511628791597e+02 8.062511673597978767e-02 5.568789530756077966e+01
8.214493006799034447e+02 8.078262783330135421e-02 5.553533101484888590e+01
8.191885482880247764e+02 8.094013893062293463e-02 5.538248940633860684e+01
8.169238079055756998e+02 8.109765002794450117e-02 5.522937818365219442e+01
8.146551926577078575e+02 8.125516112526608159e-02 5.507600499478780876e+01
8.123828148760096610e+02 8.141267222258764813e-02 5.492237743409362594e+01
8.101067860982054754e+02 8.157018331990921467e-02 5.476850304224736732e+01
8.078272170679466626e+02 8.172769441723079509e-02 5.461438930624215260e+01
8.055442177346742483e+02 8.188520551455236163e-02 5.446004365937751146e+01
8.032578972536075526e+02 8.204271661187394205e-02 5.430547348125818985e+01
8.009683639857579465e+02 8.220022770919550859e-02 5.415068609779546449e+01
7.986757254980875587e+02 8.235773880651707513e-02 5.399568878121759496e+01
7.963800992710018818e+02 8.251524990383865554e-02 5.384048947396632201e+01
7.940816639394173535e+02 8.267276100116022208e-02 5.368510025292719945e+01
7.917806180642766094e+02 8.283027209848178862e-02 5.352953454211520068e+01
7.894771572768850092e+02 8.298778319580336904e-02 5.337380556748263416e+01
7.871714742726861687e+02 8.314529429312493558e-02 5.321792635649845238e+01
7.848637588366691489e+02 8.330280539044651600e-02 5.306190973986586812e+01
7.825541978688773952e+02 8.346031648776808254e-02 5.290576835324697669e+01
7.802429754099949832e+02 8.361782758508964908e-02 5.274951463899247273e+01
7.779302726670331367e+02 8.377533868241122950e-02 5.259316084787836587e+01
7.756162680390859805e+02 8.393284977973279604e-02 5.243671904084709467e+01
7.733011371431297221e+02 8.409036087705437645e-02 5.228020109075181665e+01
7.709850528398953884e+02 8.424787197437594299e-02 5.212361868410545185e+01
7.686681852597681655e+02 8.440538307169750953e-02 5.196698332283187938e+01
7.663507018287126584e+02 8.456289416901908995e-02 5.181030632601833474e+01
7.640327672942463550e+02 8.472040526634065649e-02 5.165359883167170807e+01
7.617145437513928528e+02 8.487791636366223691e-02 5.149687179847290963e+01
7.593961906686754446e+02 8.503542746098380345e-02 5.134013600753434048e+01
7.570778649140729613e+02 8.519293855830536999e-02 5.118340206415459193e+01
7.547597207809978954e+02 8.535044965562695041e-02 5.102668039957479351e+01
7.524419100142320076e+02 8.550796075294851695e-02 5.086998127273206194e+01
7.501245818358377164e+02 8.566547185027008349e-02 5.071331477201115234e+01
7.478078829710589162e+02 8.582298294759166390e-02 5.055669081699563350e+01
7.454919576741564242e+02 8.598049404491323044e-02 5.040011916021450844e+01
7.431769477542005689e+02 8.613800514223481086e-02 5.024360938888597161e+01
7.408629926008252369e+02 8.629551623955637740e-02 5.008717092665847304e+01
7.385502292099008628e+02 8.645302733687794394e-02 4.993081303534649606e+01
7.362387922246080052e+02 8.661053843419952436e-02 4.977454481770732286e+01
7.339288346172390902e+02 8.676804953152109090e-02 4.961837661566569579e+01
7.316205677182756517e+02 8.692556062884267132e-02 4.946232271654076840e+01
7.293142099148058151e+02 8.708307172616423786e-02 4.930639788472419838e+01
7.270099751778009249e+02 8.724058282348580440e-02 4.915061658604931694e+01
7.247080731163749761e+02 8.739809392080738482e-02 4.899499299145952591e+01
7.224087090320105062e+02 8.755560501812895136e-02 4.883954098067427196e+01
7.201120839726770555e+02 8.771311611545053177e-02 4.868427414584768087e+01
7.178183947868603809e+02 8.787062721277209831e-02 4.852920579522146483e+01
7.155278341774637738e+02 8.802813831009366485e-02 4.837434895676882007e+01
7.132405907555674958e+02 8.818564940741524527e-02 4.821971638182912301e+01
7.109568490940424681e+02 8.834316050473681181e-02 4.806532054873240867e+01
7.086767897809592114e+02 8.850067160205837835e-02 4.791117366641021391e+01
7.064005894728372823e+02 8.865818269937995877e-02 4.775728767799556351e+01
7.041284209476558544e+02 8.881569379670152531e-02 4.760367426440687666e+01
7.018604531576562522e+02 8.897320489402310573e-02 4.745034484791776208e+01
6.995968512818968748e+02 8.913071599134467227e-02 4.729731059570999463e+01
6.973377767785566448e+02 8.928822708866623881e-02 4.714458242340971594e+01
6.950833874369747036e+02 8.944573818598781922e-02 4.699217099860542390e+01
6.928338374293965671e+02 8.960324928330938576e-02 4.684008674434665664e+01
6.905892773624491383e+02 8.976076038063096618e-02 4.668833984262370507e+01
6.883498543282943274e+02 8.991827147795253272e-02 4.653694023782628619e+01
6.861157119554654855e+02 9.007578257527409926e-02 4.638589764018006889e+01
6.838869904594034779e+02 9.023329367259567968e-02 4.623522152916351047e+01
6.816638266926204324e+02 9.039080476991724622e-02 4.608492115689914215e+01
6.794463541945517591e+02 9.054831586723882664e-02 4.593500555152379405e+01
6.772347032410314114e+02 9.070582696456039318e-02 4.578548352053370252e+01
6.750290008934166508e+02 9.086333806188195972e-02 4.563636365410537366e+01
6.728293710473355986e+02 9.102084915920354014e-02 4.548765432839151401e+01
6.706359444011723099e+02 9.117836025652510668e-02 4.533936437945533271e+01
6.684488937461258047e+02 9.133587135384667322e-02 4.519150548910906195e+01
6.662684005397298961e+02 9.149338245116825363e-02 4.504408992506563436e+01
6.640946416958742020e+02 9.165089354848982017e-02 4.489712964785793758e+01
6.619277896556783389e+02 9.180840464581140059e-02 4.475063631563052979e+01
6.597680124590824562e+02 9.196591574313296713e-02 4.460462128897946599e+01
6.576154738159782482e+02 9.212342684045453367e-02 4.445909563576128676e+01
6.554703331768112093e+02 9.228093793777611409e-02 4.431407013586624544e+01
6.533327458027233661e+02 9.243844903509768063e-02 4.416955528596024294e+01
6.512028628351251882e+02 9.259596013241926105e-02 4.402556130418857805e+01
6.490808313647632986e+02 9.275347122974082759e-02 4.388209813484515820e+01
6.469667945002082661e+02 9.291098232706239413e-02 4.373917545300287202e+01
6.448608914357965887e+02 9.306849342438397454e-02 4.359680266910677915e+01
6.427632575189950330e+02 9.322600452170554108e-02 4.345498893352854708e+01
6.406740243171577731e+02 9.338351561902712150e-02 4.331374314107951307e+01
6.385933196837082733e+02 9.354102671634868804e-02 4.317307393548506411e+01
6.365212678236985084e+02 9.369853781367025458e-02 4.303298971381693150e+01
6.344579893587558672e+02 9.385604891099183500e-02 4.289349863088392567e+01
6.324036013914005707e+02 9.401356000831340154e-02 4.275460860358025172e+01
6.303582175687400877e+02 9.417107110563496808e-02 4.261632731519176076e+01
6.283219481455018922e+02 9.432858220295654850e-02 4.247866221965712441e+01
6.262949000464525398e+02 9.448609330027811504e-02 4.234162054578807499e+01
6.242771769281370098e+02 9.464360439759969545e-02 4.220520930144319749e+01
6.222688792399655995e+02 9.480111549492126199e-02 4.206943527765789526e+01
6.202701042846523478e+02 9.495862659224282853e-02 4.193430505273027364e+01
6.182809462779723617e+02 9.511613768956440895e-02 4.179982499626134285e+01
6.163014964078629419e+02 9.527364878688597549e-02 4.166600127315044233e+01
6.143318428928384947e+02 9.543115988420755591e-02 4.153283984754460079e+01
6.123720710397466291e+02 9.558867098152912245e-02 4.140034648674321005e+01
6.104222634960050300e+02 9.574618207885068899e-02 4.126852677825078075e+01
6.084825094147672644e+02 9.590369317617226941e-02 4.113738674940202600e+01
6.065529081430396445e+02 9.606120427349383595e-02 4.100693311670263341e+01
6.046335568317676916e+02 9.621871537081541637e-02 4.087717244819024387e+01
6.027245494809086495e+02 9.637622646813698291e-02 4.074811109887506433e+01
6.008259770028732873e+02 9.653373756545854945e-02 4.061975521502916564e+01
5.989379272852422673e+02 9.669124866278012986e-02 4.049211073842623421e+01
5.970604852527208095e+02 9.684875976010169640e-02 4.036518341053031378e+01
5.951937329283524605e+02 9.700627085742326294e-02 4.023897877663419820e+01
5.933377494939720691e+02 9.716378195474484336e-02 4.011350218994638794e+01
5.914926113499191160e+02 9.732129305206640990e-02 3.998875881562824475e+01
5.896583921739846801e+02 9.747880414938799032e-02 3.986475363477897815e+01
5.878351629796205771e+02 9.763631524670955686e-02 3.974149144837119962e+01
5.860229921733822493e+02 9.779382634403112340e-02 3.961897688113425176e+01
5.842219456116348510e+02 9.795133744135270382e-02 3.949721438538799134e+01
5.824320866564984271e+02 9.810884853867427036e-02 3.937620824482508652e+01
5.806534762310481028e+02 9.826635963599585077e-02 3.925596257824275170e+01
5.788861728737830390e+02 9.842387073331741731e-02 3.913648134322541239e+01
5.771302327923174289e+02 9.858138183063898385e-02 3.901776833977439907e+01
5.753857099163776638e+02 9.873889292796056427e-02 3.889982721389103659e+01
5.736526559500177882e+02 9.889640402528213081e-02 3.878266146110662049e+01
5.719311204231302099e+02 9.905391512260371123e-02 3.866627442996495745e+01
5.702211507422177874e+02 9.921142621992527777e-02 3.855066932545489067e+01
5.685227922404271794e+02 9.936893731724684431e-02 3.843584921239282437e+01
5.668360882268790419e+02 9.952644841456842473e-02 3.832181701875781243e+01
5.651610800352672186e+02 9.968395951188999127e-02 3.820857553897720749e+01
5.634978070717468199e+02 9.984147060921155781e-02 3.809612743716409256e+01
5.618463068621139200e+02 9.999898170653313823e-02 3.798447525030711347e+01
5.602066150982874433e+02 1.001564928038547048e-01 3.787362139141276884e+01
5.585787656840792579e+02 1.003140039011762852e-01 3.776356815259990896e+01
5.569627907802831714e+02 1.004715149984978517e-01 3.765431770814797829e+01
5.553587207609267580e+02 1.006290260958194183e-01 3.754587211153938853e+01
5.537665750863246785e+02 1.007865371931409987e-01 3.743823267841831637e+01
5.521863545866377763e+02 1.009440482904625652e-01 3.733139946490904748e+01
5.506180571923392790e+02 1.011015593877841456e-01 3.722537233109811439e+01
5.490616798792786994e+02 1.012590704851057122e-01 3.712015107253318291e+01
5.475172186975820523e+02 1.014165815824272787e-01 3.701573542217701629e+01
5.459846688000625363e+02 1.015740926797488591e-01 3.691212505232818586e+01
5.444640244701289475e+02 1.017316037770704257e-01 3.680931957650778941e+01
5.429552791491786365e+02 1.018891148743920061e-01 3.670731855131154475e+01
5.414584254635190064e+02 1.020466259717135726e-01 3.660612147822975260e+01
5.399734552508026582e+02 1.022041370690351392e-01 3.650572780543445361e+01
5.385003595859774350e+02 1.023616481663567196e-01 3.640613692953390768e+01
5.370391288067839923e+02 1.025191592636782861e-01 3.630734819729634921e+01
5.355897525387673568e+02 1.026766703609998527e-01 3.620936090734094392e+01
5.341522197198564754e+02 1.028341814583214331e-01 3.611217431179958481e+01
5.327265186244815141e+02 1.029916925556429996e-01 3.601578761794721117e+01
5.313126368872426610e+02 1.031492036529645800e-01 3.592019998980214979e+01
5.299105615261586308e+02 1.033067147502861466e-01 3.582541054969778571e+01
5.285202789654700837e+02 1.034642258476077131e-01 3.573141837982424107e+01
5.271417750580304755e+02 1.036217369449292935e-01 3.563822252374212241e+01
5.257750351072747890e+02 1.037792480422508601e-01 3.554582198786776104e+01
5.244200438887714881e+02 1.039367591395724405e-01 3.545421574293030176e+01
5.230767856713881656e+02 1.040942702368940070e-01 3.536340272540255114e+01
5.217452442380381399e+02 1.042517813342155736e-01 3.527338183890369550e+01
5.204254029060509765e+02 1.044092924315371540e-01 3.518415195557635400e+01
5.191172445471439687e+02 1.045668035288587205e-01 3.509571191743694385e+01
5.178207516070334577e+02 1.047243146261803010e-01 3.500806053770131143e+01
5.165359061246529109e+02 1.048818257235018675e-01 3.492119660208423682e+01
5.152626897510085655e+02 1.050393368208234340e-01 3.483511887007406926e+01
5.140010837676829851e+02 1.051968479181450145e-01 3.474982607618367325e+01
5.127510691049786828e+02 1.053543590154665810e-01 3.466531693117711654e+01
5.115126263597047114e+02 1.055118701127881475e-01 3.458159012327212878e+01
5.102857358126266831e+02 1.056693812101097280e-01 3.449864431931978004e+01
5.090703753476549878e+02 1.058268923074312945e-01 3.441647802412823864e+01
5.078664873056897022e+02 1.059844034047528749e-01 3.433508733956617931e+01
5.066739851714600036e+02 1.061419145020744415e-01 3.425446641663697278e+01
5.054927824910409413e+02 1.062994255993960080e-01 3.417460941049137801e+01
5.043227937665838567e+02 1.064569366967175884e-01 3.409551054091709688e+01
5.031639344452820524e+02 1.066144477940391549e-01 3.401716409159285348e+01
5.020161209084814686e+02 1.067719588913607354e-01 3.393956440935224350e+01
5.008792704609147677e+02 1.069294699886823019e-01 3.386270590345571918e+01
4.997533013201139056e+02 1.070869810860038684e-01 3.378658304487500885e+01
4.986381326059330377e+02 1.072444921833254489e-01 3.371119036558466320e+01
4.975336843302198417e+02 1.074020032806470154e-01 3.363652245786382622e+01
4.964398773866304282e+02 1.075595143779685958e-01 3.356257397360765538e+01
4.953566335405720906e+02 1.077170254752901624e-01 3.348933962364732508e+01
4.942838754192762281e+02 1.078745365726117289e-01 3.341681417707902568e+01
4.932215265020081461e+02 1.080320476699333093e-01 3.334499246060191524e+01
4.921695111104052103e+02 1.081895587672548759e-01 3.327386935786505262e+01
4.911277543989411924e+02 1.083470698645764424e-01 3.320343980882264390e+01
4.900961823455117496e+02 1.085045809618980228e-01 3.313369880909756660e+01
4.890747217421510982e+02 1.086620920592195894e-01 3.306464140935383966e+01
4.880633001858651028e+02 1.088196031565411698e-01 3.299626271467675309e+01
4.870618460695906151e+02 1.089771142538627363e-01 3.292855788396175853e+01
4.860702885732629284e+02 1.091346253511843029e-01 3.286152212931050087e+01
4.850885576550152223e+02 1.092921364485058833e-01 3.279515071543595184e+01
4.841165840424741873e+02 1.094496475458274498e-01 3.272943895907376088e+01
4.831542992241892307e+02 1.096071586431490302e-01 3.266438222840300654e+01
4.822016354411591124e+02 1.097646697404705968e-01 3.259997594247317210e+01
4.812585256784786907e+02 1.099221808377921633e-01 3.253621557063959102e+01
4.803249036570799717e+02 1.100796919351137437e-01 3.247309663200489638e+01
4.794007038256049213e+02 1.102372030324353103e-01 3.241061469486970736e+01
4.784858613523614963e+02 1.103947141297568907e-01 3.234876537618871595e+01
4.775803121173905765e+02 1.105522252270784572e-01 3.228754434103448290e+01
4.766839927046477783e+02 1.107097363244000238e-01 3.222694730206870872e+01
4.757968403942692248e+02 1.108672474217216042e-01 3.216697001901949449e+01
4.749187931549436712e+02 1.110247585190431707e-01 3.210760829816555173e+01
4.740497895315925234e+02 1.111822696163647373e-01 3.204885798474273173e+01
4.731897471221545288e+02 1.113397807136863177e-01 3.199071350783415113e+01
4.723385367241139079e+02 1.114972918110078842e-01 3.193316613250698310e+01
4.714960244665068103e+02 1.116548029083294646e-01 3.187620680821083141e+01
4.706620782849641955e+02 1.118123140056510312e-01 3.181982660653287454e+01
4.698365678904198717e+02 1.119698251029725977e-01 3.176401671908239877e+01
4.690193647384659243e+02 1.121273362002941781e-01 3.170876845541892664e+01
4.682103419993479747e+02 1.122848472976157447e-01 3.165407324102375242e+01
4.674093745285945261e+02 1.124423583949373251e-01 3.159992261531429492e+01
4.666163388382517496e+02 1.125998694922588916e-01 3.154630822969935267e+01
4.658311130687158084e+02 1.127573805895804582e-01 3.149322184567482807e+01
4.650535769611627757e+02 1.129148916869020386e-01 3.144065533295978554e+01
4.642836118305261834e+02 1.130724027842236051e-01 3.138860066766953949e+01
4.635211005390606829e+02 1.132299138815451855e-01 3.133704993052842980e+01
4.627659274704276413e+02 1.133874249788667521e-01 3.128599530511780458e+01
4.620179785043379752e+02 1.135449360761883186e-01 3.123542907616170794e+01
4.612771409916885545e+02 1.137024471735098990e-01 3.118534362784598102e+01
4.605433037302399271e+02 1.138599582708314656e-01 3.113573144217383160e+01
4.598163569407648765e+02 1.140174693681530321e-01 3.108658509735345277e+01
4.590961922437041380e+02 1.141749804654746125e-01 3.103789726621965173e+01
4.583827026362913557e+02 1.143324915627961791e-01 3.098966071468747074e+01
4.576757824701412574e+02 1.144900026601177595e-01 3.094186830023691925e+01
4.569753274293017284e+02 1.146475137574393260e-01 3.089451297042916877e+01
4.562812345087425001e+02 1.148050248547608926e-01 3.084758776145227088e+01
4.555934019932925025e+02 1.149625359520824730e-01 3.080108579669720115e+01
4.549117294369853539e+02 1.151200470494040395e-01 3.075500028536142239e+01
4.542361176428410090e+02 1.152775581467256200e-01 3.070932452108201005e+01
4.535664686430441748e+02 1.154350692440471865e-01 3.066405188059561837e+01
4.529026856795252911e+02 1.155925803413687530e-01 3.061917582242559632e+01
4.522446731849290700e+02 1.157500914386903335e-01 3.057468988559532974e+01
4.515923367639671255e+02 1.159076025360119000e-01 3.053058768836760706e+01
4.509455831751492951e+02 1.160651136333334804e-01 3.048686292700946154e+01
4.503043203128674463e+02 1.162226247306550470e-01 3.044350937458100859e+01
4.496684571898513241e+02 1.163801358279766135e-01 3.040052087974923722e+01
4.490379039199657996e+02 1.165376469252981939e-01 3.035789136562510748e+01
4.484125717013473036e+02 1.166951580226197605e-01 3.031561482862339219e+01
4.477923727963348028e+02 1.168526691199413270e-01 3.027368533710589560e+01
4.471772098024474076e+02 1.170101802172629074e-01 3.023209630602954689e+01
4.465669522659856625e+02 1.171676913145844739e-01 3.019083891587331436e+01
4.459614645356831488e+02 1.173252024119060544e-01 3.014990399572675273e+01
4.453606126502639881e+02 1.174827135092276209e-01 3.010928248893378978e+01
4.447642643123475636e+02 1.176402246065491874e-01 3.006896545132850207e+01
4.441722888630081343e+02 1.177977357038707679e-01 3.002894404951525331e+01
4.435845572569668320e+02 1.179552468011923344e-01 2.998920955919140852e+01
4.430009420384033092e+02 1.181127578985139148e-01 2.994975336351213357e+01
4.424213173173798737e+02 1.182702689958354814e-01 2.991056695149645606e+01
4.418455587468433805e+02 1.184277800931570479e-01 2.987164191647249467e+01
4.412735435002141458e+02 1.185852911904786283e-01 2.983296995456223755e+01
4.407051502495331761e+02 1.187428022878001949e-01 2.979454286320426348e+01
4.401402591441550953e+02 1.189003133851217753e-01 2.975635253971314498e+01
4.395787517899750583e+02 1.190578244824433418e-01 2.971839097987512446e+01
4.390205112291863543e+02 1.192153355797649084e-01 2.968065027657955568e+01
4.384654219205323216e+02 1.193728466770864888e-01 2.964312261848381169e+01
4.379133697200713868e+02 1.195303577744080553e-01 2.960580028871288860e+01
4.373642418624141328e+02 1.196878688717296219e-01 2.956867566359088428e+01
4.368179269424335303e+02 1.198453799690512023e-01 2.953174121140452613e+01
4.362743148974456631e+02 1.200028910663727688e-01 2.949498949119846003e+01
4.357332969898303077e+02 1.201604021636943492e-01 2.945841315160025076e+01
4.351947657900946638e+02 1.203179132610159158e-01 2.942200492967543823e+01
4.346586151603647750e+02 1.204754243583374823e-01 2.938575764981138860e+01
4.341247402382987843e+02 1.206329354556590627e-01 2.934966422262978725e+01
4.335930374213918412e+02 1.207904465529806293e-01 2.931371764392553203e+01
4.330634043517007399e+02 1.209479576503022097e-01 2.927791099363394522e+01
4.325357399009383812e+02 1.211054687476237762e-01 2.924223743482319549e+01
4.320099441559576690e+02 1.212629798449453428e-01 2.920669021271279320e+01
4.314859184045902225e+02 1.214204909422669232e-01 2.917126265371625138e+01
4.309635651218639509e+02 1.215780020395884897e-01 2.913594816450933678e+01
4.304427879565500348e+02 1.217355131369100563e-01 2.910074023112045083e+01
4.299234917180745015e+02 1.218930242342316367e-01 2.906563241804587960e+01
4.294055823637382900e+02 1.220505353315532032e-01 2.903061836738573476e+01
4.288889669862830942e+02 1.222080464288747836e-01 2.899569179800331398e+01
4.283735538017647855e+02 1.223655575261963502e-01 2.896084650470530519e+01
4.278592521377365756e+02 1.225230686235179167e-01 2.892607635744284522e+01
4.273459724217320286e+02 1.226805797208394971e-01 2.889137530053288572e+01
4.268336261683922999e+02 1.228380908181610637e-01 2.885673735178805543e+01
4.263221235902559556e+02 1.229956019154826441e-01 2.882215644099022356e+01
4.258113688861057540e+02 1.231531130128042106e-01 2.878762609135221240e+01
4.253012661070626450e+02 1.233106241101257772e-01 2.875313981610393910e+01
4.247917204841676266e+02 1.234681352074473576e-01 2.871869120824559118e+01
4.242826384173260976e+02 1.236256463047689241e-01 2.868427393980020668e+01
4.237739274645443288e+02 1.237831574020905046e-01 2.864988176108603568e+01
4.232654963314826659e+02 1.239406684994120711e-01 2.861550850001019697e+01
4.227572548612814671e+02 1.240981795967336376e-01 2.858114806138088326e+01
4.222491140246765440e+02 1.242556906940552180e-01 2.854679442623912777e+01
4.217409859103870531e+02 1.244132017913767846e-01 2.851244165120887430e+01
4.212327837157664590e+02 1.245707128886983511e-01 2.847808386786499923e+01
4.207244217377196946e+02 1.247282239860199315e-01 2.844371528211926758e+01
4.202158153638635554e+02 1.248857350833414981e-01 2.840933017362263868e+01
4.197068810639426033e+02 1.250432461806630924e-01 2.837492289518497302e+01
4.191975363814676143e+02 1.252007572779846589e-01 2.834048787220973509e+01
4.186876999256068643e+02 1.253582683753062255e-01 2.830601960214580970e+01
4.181772913632790960e+02 1.255157794726277920e-01 2.827151265395287538e+01
4.176662314114807941e+02 1.256732905699493585e-01 2.823696166758273307e+01
4.171544418298183245e+02 1.258308016672709251e-01 2.820236135347441930e+01
4.166418454132526676e+02 1.259883127645924916e-01 2.816770649206368660e+01
4.161283659850316212e+02 1.261458238619140859e-01 2.813299193330520609e+01
4.156139283898289705e+02 1.263033349592356525e-01 2.809821259620867195e+01
4.150984584870628282e+02 1.264608460565572190e-01 2.806336346838713069e+01
4.145818831444002512e+02 1.266183571538787855e-01 2.802843960561783376e+01
4.140641302314383552e+02 1.267758682512003521e-01 2.799343613141504861e+01
4.135451286135526630e+02 1.269333793485219464e-01 2.795834823661416735e+01
4.130248081459192235e+02 1.270908904458435129e-01 2.792317117896751810e+01
4.125030996676879909e+02 1.272484015431650795e-01 2.788790028275048982e+01
4.119799349963140003e+02 1.274059126404866460e-01 2.785253093837831173e+01
4.114552469220511739e+02 1.275634237378082125e-01 2.781705860203374314e+01
4.109289692025693057e+02 1.277209348351298068e-01 2.778147879530315478e+01
4.104010365577283892e+02 1.278784459324513734e-01 2.774578710482326827e+01
4.098713846644860723e+02 1.280359570297729399e-01 2.770997918193684129e+01
4.093399501519293153e+02 1.281934681270945064e-01 2.767405074235679407e+01
4.088066705964369021e+02 1.283509792244160730e-01 2.763799756583913236e+01
4.082714845169711566e+02 1.285084903217376673e-01 2.760181549586467753e+01
4.077343313704707839e+02 1.286660014190592338e-01 2.756550043932756466e+01
4.071951515473714380e+02 1.288235125163808004e-01 2.752904836623240570e+01
4.066538863672284947e+02 1.289810236137023669e-01 2.749245530939836968e+01
4.061104780985018010e+02 1.291385347110239334e-01 2.745571736579678657e+01
4.055648770306025881e+02 1.292960458083455277e-01 2.741883117466757724e+01
4.050170511961102875e+02 1.294535569056670943e-01 2.738179457480458368e+01
4.044669717012451997e+02 1.296110680029886608e-01 2.734460561279982826e+01
4.039146102253485537e+02 1.297685791003102274e-01 2.730726237399205303e+01
4.033599390181718718e+02 1.299260901976317939e-01 2.726976298228343509e+01
4.028029308971978821e+02 1.300836012949533882e-01 2.723210559995849778e+01
4.022435592449872956e+02 1.302411123922749547e-01 2.719428842750474118e+01
4.016817980065443408e+02 1.303986234895965213e-01 2.715630970343447004e+01
4.011176216867115727e+02 1.305561345869180878e-01 2.711816770410873545e+01
4.005510053475791210e+02 1.307136456842396544e-01 2.707986074356217188e+01
3.999819246059172428e+02 1.308711567815612486e-01 2.704138717332940445e+01
3.994103556306321252e+02 1.310286678788828152e-01 2.700274538227303722e+01
3.988362751402268600e+02 1.311861789762043817e-01 2.696393379641200738e+01
3.982596604002952745e+02 1.313436900735259483e-01 2.692495087875215631e+01
3.976804892210184903e+02 1.315012011708475148e-01 2.688579512911700320e+01
3.970987399546785355e+02 1.316587122681690813e-01 2.684646508397958797e+01
3.965143914931945233e+02 1.318162233654906756e-01 2.680695931629597695e+01
3.959274232656577510e+02 1.319737344628122422e-01 2.676727643533853396e+01
3.953378152358883426e+02 1.321312455601338087e-01 2.672741508653081155e+01
3.947455478999928005e+02 1.322887566574553753e-01 2.668737395128240308e+01
3.941506022839448633e+02 1.324462677547769418e-01 2.664715174682532961e+01
3.935529599411619870e+02 1.326037788520985361e-01 2.660674722605033082e+01
3.929526029500950131e+02 1.327612899494201026e-01 2.656615917734374932e+01
3.923495139118272164e+02 1.329188010467416692e-01 2.652538642442534211e+01
3.917436759476690895e+02 1.330763121440632357e-01 2.648442782618556635e+01
3.911350726967754099e+02 1.332338232413848023e-01 2.644328227652460228e+01
3.905236883137486075e+02 1.333913343387063966e-01 2.640194870419018969e+01
3.899095074662576508e+02 1.335488454360279631e-01 2.636042607261674320e+01
3.892925153326532381e+02 1.337063565333495296e-01 2.631871337976411240e+01
3.886726975995904922e+02 1.338638676306710962e-01 2.627680965795677537e+01
3.880500404596500061e+02 1.340213787279926627e-01 2.623471397372316360e+01
3.874245306089529777e+02 1.341788898253142570e-01 2.619242542763423387e+01
3.867961552447953864e+02 1.343364009226358236e-01 2.614994315414373460e+01
3.861649020632538054e+02 1.344939120199573901e-01 2.610726632142616310e+01
3.855307592568147470e+02 1.346514231172789566e-01 2.606439413121657722e+01
3.848937155119873523e+02 1.348089342146005232e-01 2.602132581864920269e+01
3.842537600069224482e+02 1.349664453119221175e-01 2.597806065209646320e+01
3.836108824090173925e+02 1.351239564092436840e-01 2.593459793300699445e+01
3.829650728725295608e+02 1.352814675065652505e-01 2.589093699574437935e+01
3.823163220361701065e+02 1.354389786038868171e-01 2.584707720742445503e+01
3.816646210207140939e+02 1.355964897012083836e-01 2.580301796775365730e+01
3.810099614999958249e+02 1.357540007985299779e-01 2.575875871382889315e+01
3.803523492817319038e+02 1.359115118958515445e-01 2.571429983828969057e+01
3.796918199641936553e+02 1.360690229931731110e-01 2.566964374781138503e+01
3.790284128662332250e+02 1.362265340904946775e-01 2.562479310060486881e+01
3.783621671234712949e+02 1.363840451878162441e-01 2.557975054249337887e+01
3.776931216873557560e+02 1.365415562851378384e-01 2.553451870684886771e+01
3.770213153242325461e+02 1.366990673824594049e-01 2.548910021452918784e+01
3.763467866144574714e+02 1.368565784797809715e-01 2.544349767381807581e+01
3.756695739515303103e+02 1.370140895771025380e-01 2.539771368036652888e+01
3.749897155412650704e+02 1.371716006744241045e-01 2.535175081713679646e+01
3.743072494009874731e+02 1.373291117717456711e-01 2.530561165434808046e+01
3.736222133587555163e+02 1.374866228690672654e-01 2.525929874942386633e+01
3.729346450526154513e+02 1.376441339663888319e-01 2.521281464694157748e+01
3.722445819298847596e+02 1.378016450637103985e-01 2.516616187858414477e+01
3.715520612464552528e+02 1.379591561610319650e-01 2.511934296309289749e+01
3.708571200661372131e+02 1.381166672583535315e-01 2.507236040622313311e+01
3.701597952600178019e+02 1.382741783556751258e-01 2.502521670070089499e+01
3.694601235058518114e+02 1.384316894529966924e-01 2.497791432618162943e+01
3.687581412874805551e+02 1.385892005503182589e-01 2.493045574921099217e+01
3.680538848942706522e+02 1.387467116476398254e-01 2.488284342318690889e+01
3.673473904205877147e+02 1.389042227449613920e-01 2.483507978832391316e+01
3.666386937652853817e+02 1.390617338422829863e-01 2.478716727161867794e+01
3.659278306312262430e+02 1.392192449396045528e-01 2.473910828681759710e+01
3.652148365248266941e+02 1.393767560369261194e-01 2.469090523438604379e+01
3.644997467556243578e+02 1.395342671342476859e-01 2.464256050147908539e+01
3.637825964358694932e+02 1.396917782315692524e-01 2.459407646191385410e+01
3.630634204801437477e+02 1.398492893288908467e-01 2.454545547614383949e+01
3.623422536049965856e+02 1.400068004262124133e-01 2.449669989123422198e+01
3.616191303286135508e+02 1.401643115235339798e-01 2.444781204083951565e+01
3.608940849704971470e+02 1.403218226208555464e-01 2.439879424518195705e+01
3.601671516511783580e+02 1.404793337181771129e-01 2.434964881103200440e+01
3.594383642919477779e+02 1.406368448154987072e-01 2.430037803169016186e+01
3.587077566146089111e+02 1.407943559128202737e-01 2.425098418697032443e+01
3.579753621412535836e+02 1.409518670101418403e-01 2.420146954318455101e+01
3.572412141940517927e+02 1.411093781074634068e-01 2.415183635312890331e+01
3.565053458950808931e+02 1.412668892047849734e-01 2.410208685607186752e+01
3.557677901661551800e+02 1.414244003021065677e-01 2.405222327774281510e+01
3.550285797286870775e+02 1.415819113994281342e-01 2.400224783032270537e+01
3.542877471035674830e+02 1.417394224967497007e-01 2.395216271243586448e+01
3.535453246110658938e+02 1.418969335940712673e-01 2.390197010914334541e+01
3.528013443707429815e+02 1.420544446913928338e-01 2.385167219193695942e+01
3.520558383013978982e+02 1.422119557887144281e-01 2.380127111873574464e+01
3.513088381210213242e+02 1.423694668860359946e-01 2.375076903388274729e+01
3.505603753467684101e+02 1.425269779833575612e-01 2.370016806814325960e+01
3.498104813018354662e+02 1.426844890806791277e-01 2.364947033916968167e+01
3.490591971305443053e+02 1.428420001780006943e-01 2.359867862858652643e+01
3.483065935962395656e+02 1.429995112753222608e-01 2.354779772045747421e+01
3.475527462324180306e+02 1.431570223726438551e-01 2.349683272133963641e+01
3.467977296809649488e+02 1.433145334699654216e-01 2.344578867751132734e+01
3.460416176959159884e+02 1.434720445672869882e-01 2.339467057522645632e+01
3.452844831473456679e+02 1.436295556646085547e-01 2.334348334097739652e+01
3.445263980253821501e+02 1.437870667619301213e-01 2.329223184176639094e+01
3.437674334443326529e+02 1.439445778592517156e-01 2.324092088538448664e+01
3.430076596469291985e+02 1.441020889565732821e-01 2.318955522069857622e+01
3.422471460086844104e+02 1.442596000538948486e-01 2.313813953794581124e+01
3.414859610423421259e+02 1.444171111512164152e-01 2.308667846903462006e+01
3.407241724024488008e+02 1.445746222485379817e-01 2.303517658785361988e+01
3.399618468900091557e+02 1.447321333458595760e-01 2.298363841058650081e+01
3.391990504572407872e+02 1.448896444431811426e-01 2.293206839603334402e+01
3.384358482124250145e+02 1.450471555405027091e-01 2.288047094593869346e+01
3.376723044248378187e+02 1.452046666378242756e-01 2.282885040532481469e+01
3.369084825297744601e+02 1.453621777351458422e-01 2.277721106283145858e+01
3.361444451336453199e+02 1.455196888324674365e-01 2.272555715106035379e+01
3.353802540191607022e+02 1.456771999297890030e-01 2.267389284692572460e+01
3.346159701505769135e+02 1.458347110271105695e-01 2.262222227200896185e+01
3.338516536790314717e+02 1.459922221244321361e-01 2.257054949291930868e+01
3.330873639479294752e+02 1.461497332217537026e-01 2.251887852165807047e+01
3.323231594984047774e+02 1.463072443190752969e-01 2.246721331598773475e+01
3.315590980748423249e+02 1.464647554163968635e-01 2.241555777980541819e+01
3.307952366304578504e+02 1.466222665137184300e-01 2.236391576351996946e+01
3.300316313329370814e+02 1.467797776110399965e-01 2.231229106443336008e+01
3.292683375701247428e+02 1.469372887083615631e-01 2.226068742712517334e+01
3.285054099557664813e+02 1.470947998056831574e-01 2.220910854384085553e+01
3.277429023352994477e+02 1.472523109030047239e-01 2.215755805488318586e+01
3.269808677916893771e+02 1.474098220003262905e-01 2.210603954900692614e+01
3.262193586513062087e+02 1.475673330976478570e-01 2.205455656381598217e+01
3.254584264898454649e+02 1.477248441949694235e-01 2.200311258616381238e+01
3.246981221382812350e+02 1.478823552922910178e-01 2.195171105255583299e+01
3.239384956888618490e+02 1.480398663896125844e-01 2.190035534955476848e+01
3.231795965011340854e+02 1.481973774869341509e-01 2.184904881418797729e+01
3.224214732079946657e+02 1.483548885842557175e-01 2.179779473435649706e+01
3.216641737217811396e+02 1.485123996815772840e-01 2.174659634924686813e+01
3.209077452403746520e+02 1.486699107788988505e-01 2.169545684974373856e+01
3.201522342533363599e+02 1.488274218762204448e-01 2.164437937884467544e+01
3.193976865480682363e+02 1.489849329735420114e-01 2.159336703207675612e+01
3.186441472159790465e+02 1.491424440708635779e-01 2.154242285791329437e+01
3.178916606586852254e+02 1.492999551681851444e-01 2.149154985819323471e+01
3.171402705942118132e+02 1.494574662655067110e-01 2.144075098854021277e+01
3.163900200632239716e+02 1.496149773628283053e-01 2.139002915878396749e+01
3.156409514352527594e+02 1.497724884601498718e-01 2.133938723338116716e+01
3.148931064149431336e+02 1.499299995574714384e-01 2.128882803183783068e+01
3.141465274412603321e+02 1.500875106547930049e-01 2.123835442330486600e+01
3.134012694514119630e+02 1.502450217521145714e-01 2.118797012189583384e+01
3.126573937555571661e+02 1.504025328494361657e-01 2.113767927257743651e+01
3.119149607586344359e+02 1.505600439467577323e-01 2.108748595911752233e+01
3.111740298929282744e+02 1.507175550440792988e-01 2.103739419952621503e+01
3.104346596278689958e+02 1.508750661414008654e-01 2.098740794671837762e+01
3.096969074798677752e+02 1.510325772387224319e-01 2.093753108917859151e+01
3.089608300221739228e+02 1.511900883360440262e-01 2.088776745162755688e+01
3.082264828947754154e+02 1.513475994333655927e-01 2.083812079569135989e+01
3.074939208143078417e+02 1.515051105306871593e-01 2.078859482057150743e+01
3.067631975839873348e+02 1.516626216280087258e-01 2.073919316371636512e+01
3.060343661035720402e+02 1.518201327253302924e-01 2.068991940149463460e+01
3.053074783793157394e+02 1.519776438226518867e-01 2.064077704986831208e+01
3.045825855339498958e+02 1.521351549199734532e-01 2.059176956506752632e+01
3.038597378166653584e+02 1.522926660172950197e-01 2.054290034426534461e+01
3.031389846130933279e+02 1.524501771146165863e-01 2.049417272625256814e+01
3.024203744552970079e+02 1.526076882119381528e-01 2.044558999211326622e+01
3.017039550317516046e+02 1.527651993092597471e-01 2.039715536589941891e+01
3.009897731973282475e+02 1.529227104065813136e-01 2.034887201530594325e+01
3.002778749832584140e+02 1.530802215039028802e-01 2.030074305234434817e+01
2.995683056071023884e+02 1.532377326012244467e-01 2.025277153401667363e+01
2.988611094826902104e+02 1.533952436985460133e-01 2.020496046298752191e+01
2.981563302300618261e+02 1.535527547958676076e-01 2.015731278825614581e+01
2.974540106853760904e+02 1.537102658931891741e-01 2.010983140582629147e+01
2.967541929108048180e+02 1.538677769905107406e-01 2.006251915937514596e+01
2.960569182044100671e+02 1.540252880878323072e-01 2.001537884092108754e+01
2.953622271099857244e+02 1.541827991851538737e-01 1.996841319148904859e+01
2.946701594268818667e+02 1.543403102824754403e-01 1.992162490177470602e+01
2.939807542197959265e+02 1.544978213797970346e-01 1.987501661280642651e+01
2.932940498285304898e+02 1.546553324771186011e-01 1.982859091660495920e+01
2.926100838777257422e+02 1.548128435744401676e-01 1.978235035684140541e+01
2.919288932865526931e+02 1.549703546717617342e-01 1.973629742949253085e+01
2.912505142783682572e+02 1.551278657690833007e-01 1.969043458349354836e+01
2.905749823903374249e+02 1.552853768664048950e-01 1.964476422138863754e+01
2.899023324830116621e+02 1.554428879637264616e-01 1.959928869997845879e+01
2.892325987498704762e+02 1.556003990610480281e-01 1.955401033096527996e+01
2.885658147268158018e+02 1.557579101583695946e-01 1.950893138159481666e+01
2.879020133016258001e+02 1.559154212556911612e-01 1.946405407529539033e+01
2.872412267233600005e+02 1.560729323530127555e-01 1.941938059231380365e+01
2.865834866117220940e+02 1.562304434503343220e-01 1.937491307034827415e+01
2.859288239663690661e+02 1.563879545476558885e-01 1.933065360517782594e+01
2.852772691761805959e+02 1.565454656449774551e-01 1.928660425128892797e+01
2.846288520284609831e+02 1.567029767422990216e-01 1.924276702249769855e+01
2.839836017181147554e+02 1.568604878396206159e-01 1.919914389257005993e+01
2.833415468567422977e+02 1.570179989369421825e-01 1.915573679583687650e+01
2.827027154817040469e+02 1.571755100342637490e-01 1.911254762780660599e+01
2.820671350651165312e+02 1.573330211315853155e-01 1.906957824577349569e+01
2.814348325228012868e+02 1.574905322289068821e-01 1.902683046942267353e+01
2.808058342231735196e+02 1.576480433262284764e-01 1.898430608143099363e+01
2.801801639321317907e+02 1.578055544235500429e-01 1.894200668852823100e+01
2.795578361276499777e+02 1.579630655208716095e-01 1.889993326951985253e+01
2.789388625881395001e+02 1.581205766181931760e-01 1.885808662070331820e+01
2.789388625881395569e+02 1.581205766181931760e-01 1.885808662070332176e+01
2.131986193090884285e+02 1.826842454521749870e-01 1.401616755500622347e+01
1.773206874537140720e+02 2.073525430377324841e-01 9.735483144399591282e+00
1.373966942289871724e+02 2.322407203492417860e-01 7.400522704150081843e+00
1.170988769776449061e+02 2.568837818198746459e-01 6.442985892121003921e+00
9.663803884117024268e+01 2.811184729179193598e-01 3.886961047914893275e+00
8.211151654408983802e+01 3.057758170190760794e-01 2.727056463487346871e+00
6.990903962908036817e+01 3.308749588216616799e-01 2.394061315296397652e+00
5.957932593251410935e+01 3.553458836143503774e-01 1.823926404352480102e+00
5.253792219483514003e+01 3.797183506574301481e-01 1.734758225722643266e+00
4.538726309093199518e+01 4.042043120935024936e-01 1.145599192588761861e+00
4.026821645556424301e+01 4.287407985369371399e-01 7.674959316769176532e-01
3.584730750853231740e+01 4.533371424922238990e-01 5.581407862268498166e-01
3.164474463774911328e+01 4.779959634912051558e-01 7.125087342799935053e-01
2.838655886086446145e+01 5.026629933946460405e-01 5.445124043291442728e-01
2.571862852055507531e+01 5.271487506500315279e-01 5.735463653668615436e-01
2.355496589029760912e+01 5.515427964227138657e-01 3.819312670030719503e-01
2.156080571201157525e+01 5.762240530263548210e-01 3.123387392061955925e-01
1.964155276898323166e+01 6.007285446297923048e-01 2.458472600282921028e-01
1.801956796924525506e+01 6.252568531449649303e-01 3.383963524100313536e-01
1.694225722558636704e+01 6.499965502683907603e-01 2.382729549095502219e-01
1.586794866826882355e+01 6.746857991314229031e-01 3.150695919303635462e-01
1.508234949799379621e+01 6.991270364754236244e-01 1.608106145995722991e-01
1.444698567479386853e+01 7.235756604093172006e-01 2.087909523502978204e-01
1.415659573066369958e+01 7.479714013051395050e-01 1.912325620050824293e-01
1.398529443437417008e+01 7.726132299420060967e-01 2.377894573954594803e-01
1.371156756284400480e+01 7.972349387995918413e-01 1.607608054727919789e-01
1.305064390558797172e+01 8.217736356692634248e-01 2.196766705787238927e-01
1.254185122561249166e+01 8.463200505719705724e-01 1.530879378445036132e-01
1.214241675509919993e+01 8.708218859006343626e-01 1.959589187601551707e-01
1.193912929002967793e+01 8.954790463233904818e-01 1.442143599969479273e-01
1.162248826896457032e+01 9.199626960429320155e-01 1.253054217409347859e-01
1.165061731732748918e+01 9.443606208269833546e-01 1.868248818147807133e-01
1.168203687815247349e+01 9.688687146412832130e-01 1.480842149260858664e-01
1.190544778098237977e+01 9.930926048855095445e-01 1.822982383693884101e-01
1.227804397326134378e+01 1.017620455362175491e+00 1.764427396910985546e-01
1.280485524659543373e+01 1.042409919186157552e+00 2.446226673514872441e-01
1.343604189416166861e+01 1.066789561870425063e+00 2.985253346350028036e-01
1.403444149416239917e+01 1.090909765172895618e+00 4.181159495027611528e-01
1.444196145144577237e+01 1.115651582439790346e+00 4.372303463329150208e-01
1.520187839969983834e+01 1.140641543091339027e+00 3.532521148268596978e-01
1.623579170933892257e+01 1.164692026865203012e+00 8.670364188977557340e-01
1.781529206311112290e+01 1.188605021497627590e+00 5.094122096631933383e-01
1.961952907632304033e+01 1.214006438167991364e+00 1.033368401466983943e+00
2.220519739049858998e+01 1.240498485730926914e+00 1.303489248827330860e+00
2.584595623883300419e+01 1.264816150349954427e+00 2.177616216575722241e+00
2.967616303394878940e+01 1.284554513240047102e+00 6.200090560061652489e+00
3.257653016275351376e+01 1.309527810458392949e+00 6.824954370138917703e+00
4.102998723946154769e+01 1.335814856768205550e+00 1.395527150428604735e+01
4.273269426086829981e+01 1.360349523175663267e+00 5.206394794648143431e+01
