3.897722240550173183e+02 7.669903939428205850e-04 2.645694124693730132e+01
4.645701909922910318e+02 9.245014912643925459e-04 3.153407423517835184e+01
5.379871636097359442e+02 1.082012588585964507e-03 3.651746815396504786e+01
6.100275763177236286e+02 1.239523685907536251e-03 4.140742400200236517e+01
6.806904206158803845e+02 1.397034783229108429e-03 4.620387332434795269e+01
7.499722087377008393e+02 1.554545880550680173e-03 5.090657937854597748e+01
8.178710558244773665e+02 1.712056977872252134e-03 5.551541422424308792e+01
8.843866712435811905e+02 1.869568075193824095e-03 6.003035813389095665e+01
9.495226627131845589e+02 2.027079172515396273e-03 6.445165599201914119e+01
1.013282632599087492e+03 2.184590269836968017e-03 6.877955231984910256e+01
1.075675996450949242e+03 2.342101367158539761e-03 7.301468622563116639e+01
1.136712301838030271e+03 2.499612464480111939e-03 7.715770577883615999e+01
1.196402680821258400e+03 2.657123561801683683e-03 8.120936660098790583e+01
1.254762165734633072e+03 2.814634659123255861e-03 8.517068905616815755e+01
1.311806549015012706e+03 2.972145756444827605e-03 8.904274510268560050e+01
1.367551416649557950e+03 3.129656853766399783e-03 9.282659268546582609e+01
1.422014540719020943e+03 3.287167951087971527e-03 9.652343813699562247e+01
1.475215488195147145e+03 3.444679048409543271e-03 1.001346096232906149e+02
1.527173880923351589e+03 3.602190145731115449e-03 1.036614390350789847e+02
1.577908797486142021e+03 3.759701243052687193e-03 1.071052213875140069e+02
1.627440290238577290e+03 3.917212340374259805e-03 1.104673177934377151e+02
1.675789240536910938e+03 4.074723437695831549e-03 1.137491456365976035e+02
1.722977097915121931e+03 4.232234535017403293e-03 1.169521608674827462e+02
1.769024782800921230e+03 4.389745632338975037e-03 1.200777835219310816e+02
1.813952510467545380e+03 4.547256729660546781e-03 1.231273857713374014e+02
1.857780782316186560e+03 4.704767826982118525e-03 1.261023592088766634e+02
1.900530324891794407e+03 4.862278924303691137e-03 1.290041107100217914e+02
1.942221983843066937e+03 5.019790021625262881e-03 1.318340552347641221e+02
1.982876621866329515e+03 5.177301118946834625e-03 1.345936089002535141e+02
2.022514395443711237e+03 5.334812216268406369e-03 1.372841398872643595e+02
2.061154483033503311e+03 5.492323313589978981e-03 1.399069499903141036e+02
2.098815988789754556e+03 5.649834410911550725e-03 1.424633359602997302e+02
2.135517966418131891e+03 5.807345508233122469e-03 1.449545911237854625e+02
2.171279371953164173e+03 5.964856605554694213e-03 1.473820021776185172e+02
2.206119023915413436e+03 6.122367702876265957e-03 1.497468464844793061e+02
2.240055569804528659e+03 6.279878800197838569e-03 1.520503897984984860e+02
2.273107267607477752e+03 6.437389897519410313e-03 1.542938714344826963e+02
2.305291081516589202e+03 6.594900994840982057e-03 1.564784428871051034e+02
2.336623459870870647e+03 6.752412092162553801e-03 1.586052206359705679e+02
2.367120729930961261e+03 6.909923189484126413e-03 1.606753129421321944e+02
2.396799075765260568e+03 7.067434286805698157e-03 1.626898183470466392e+02
2.425674518889766205e+03 7.224945384127269901e-03 1.646498243584458692e+02
2.453762901823505672e+03 7.382456481448841645e-03 1.665564063341142003e+02
2.481079874202161136e+03 7.539967578770413389e-03 1.684106265393084243e+02
2.507640881138606801e+03 7.697478676091986001e-03 1.702135333566958479e+02
2.533461060986029224e+03 7.854989773413558612e-03 1.719661543467234992e+02
2.558554291897149142e+03 8.012500870735128622e-03 1.736694315300089215e+02
2.582933656053207869e+03 8.170011968056702101e-03 1.753242528982536896e+02
2.606612126800584974e+03 8.327523065378272110e-03 1.769314990556717078e+02
2.629602567627819099e+03 8.485034162699845589e-03 1.784920431495511650e+02
2.651917721297097160e+03 8.642545260021415598e-03 1.800067501325226829e+02
2.673570200387552177e+03 8.800056357342989077e-03 1.814764761206573098e+02
2.694572479105014736e+03 8.957567454664562556e-03 1.829020678375295859e+02
2.714936886228445019e+03 9.115078551986132566e-03 1.842843621354354013e+02
2.734675599076669641e+03 9.272589649307706045e-03 1.856241855858665133e+02
2.753800638391662233e+03 9.430100746629276054e-03 1.869223541321986204e+02
2.772323850470140769e+03 9.587611843950849533e-03 1.881796718768199526e+02
2.790256179570963013e+03 9.745122941272419542e-03 1.893968816936339579e+02
2.807607365088047572e+03 9.902634038593993021e-03 1.905746446727769126e+02
2.824387016310249237e+03 1.006014513591556303e-02 1.917136130731194612e+02
2.840604698339166134e+03 1.021765623323713651e-02 1.928144361541914407e+02
2.856269923814668800e+03 1.037516733055870999e-02 1.938777596145284292e+02
2.871392145451795841e+03 1.053267842788028000e-02 1.949042250850904168e+02
2.885980749321416624e+03 1.069018952520185348e-02 1.958944696731678619e+02
2.900045048812585264e+03 1.084770062252342349e-02 1.968491255525582346e+02
2.913594279220192220e+03 1.100521171984499696e-02 1.977688195961868871e+02
2.926637592906607097e+03 1.116272281716656697e-02 1.986541730476891985e+02
2.939184054990077584e+03 1.132023391448814045e-02 1.995058012287482541e+02
2.951242639517008229e+03 1.147774501180971046e-02 2.003243132792766232e+02
2.962822226078660606e+03 1.163525610913128394e-02 2.011103119277645987e+02
2.973931574467075734e+03 1.179276720645285742e-02 2.018643917709773064e+02
2.984578555019328178e+03 1.195027830377442743e-02 2.025870870312954537e+02
2.994770012915174902e+03 1.210778940109600091e-02 2.032788623455183767e+02
3.004512741324774197e+03 1.226530049841757092e-02 2.039401788201403747e+02
3.013813538983642502e+03 1.242281159573914440e-02 2.045714979394206807e+02
3.022679203438483455e+03 1.258032269306071441e-02 2.051732811069244065e+02
3.031116524792580094e+03 1.273783379038228789e-02 2.057459892209724330e+02
3.039132279916779225e+03 1.289534488770385789e-02 2.062900822816951347e+02
3.046733227094515314e+03 1.305285598502543137e-02 2.068060190275470518e+02
3.053926101071905578e+03 1.321036708234700485e-02 2.072942565993182313e+02
3.060717608485758319e+03 1.336787817966857486e-02 2.077552502297957346e+02
3.067114423644931321e+03 1.352538927699014834e-02 2.081894529574119872e+02
3.073123184641277476e+03 1.368290037431171835e-02 2.085973153622631173e+02
3.078750489769204705e+03 1.384041147163329183e-02 2.089792853230757430e+02
3.084002894233457027e+03 1.399792256895486184e-02 2.093358077937386952e+02
3.088886907126643109e+03 1.415543366627643532e-02 2.096673245981431251e+02
3.093408988659137322e+03 1.431294476359800533e-02 2.099742742421540811e+02
3.097575542968857917e+03 1.447045586091957881e-02 2.102570914255531989e+02
3.101392485449393007e+03 1.462796695824115228e-02 2.105161776731566192e+02
3.104864925932277856e+03 1.478547805556272229e-02 2.107518798298762306e+02
3.107997907198746361e+03 1.494298915288429577e-02 2.109645401893866392e+02
3.110796485473558278e+03 1.510050025020586578e-02 2.111545019578814504e+02
3.113265725766753349e+03 1.525801134752743926e-02 2.113221089378811541e+02
3.115410697500296465e+03 1.541552244484900927e-02 2.114677052313787158e+02
3.117236470403730436e+03 1.557303354217058275e-02 2.115916349612446652e+02
3.118748110663528223e+03 1.573054463949215276e-02 2.116942420098533830e+02
3.119950677311989239e+03 1.588805573681372624e-02 2.117758697739687648e+02
3.120849218842426126e+03 1.604556683413529972e-02 2.118368609349894598e+02
3.121448770038009116e+03 1.620307793145686973e-02 2.118775572436977086e+02
3.121754349002896561e+03 1.636058902877844320e-02 2.118982993187389354e+02
3.121770954384283868e+03 1.651810012610001321e-02 2.118994264580593949e+02
3.121503562775257251e+03 1.667561122342158669e-02 2.118812764626175635e+02
3.120957126288654308e+03 1.683312232074316017e-02 2.118441854717027297e+02
3.120136570292805573e+03 1.699063341806473018e-02 2.117884878092420706e+02
3.119046791300495897e+03 1.714814451538630366e-02 2.117145158405067207e+02
3.117692655002928404e+03 1.730565561270787367e-02 2.116225998386624667e+02
3.116078994441164468e+03 1.746316671002944715e-02 2.115130678606499828e+02
3.114210608307603252e+03 1.762067780735101716e-02 2.113862456318930185e+02
3.112092259182877569e+03 1.777818890467259064e-02 2.112424564266224820e+02
3.109728629623441520e+03 1.793570000199416065e-02 2.110820180871920115e+02
3.107124270312273893e+03 1.809321109931573412e-02 2.109052395046531103e+02
3.104283686541824864e+03 1.825072219663730760e-02 2.107124264890413770e+02
3.101211350510003740e+03 1.840823329395887761e-02 2.105038826040022286e+02
3.097911699965606658e+03 1.856574439128045109e-02 2.102799090748464153e+02
3.094389136953325760e+03 1.872325548860202110e-02 2.100408047033625394e+02
3.090648026653445413e+03 1.888076658592359458e-02 2.097868657890588793e+02
3.086692696311132295e+03 1.903827768324516459e-02 2.095183860564854683e+02
3.082527434250996521e+03 1.919578878056673807e-02 2.092356565883448241e+02
3.078156488972541410e+03 1.935329987788830808e-02 2.089389657640921030e+02
3.073584068322254097e+03 1.951081097520988156e-02 2.086285992037395829e+02
3.068814338738608512e+03 1.966832207253145504e-02 2.083048397166076882e+02
3.063851424566198148e+03 1.982583316985302505e-02 2.079679672547708833e+02
3.058699407435373359e+03 1.998334426717459852e-02 2.076182588709476420e+02
3.053362325704187697e+03 2.014085536449616853e-02 2.072559886806219254e+02
3.047844173959414093e+03 2.029836646181774201e-02 2.068814278281724626e+02
3.042148902573448595e+03 2.045587755913931202e-02 2.064948444567966703e+02
3.036280417314472743e+03 2.061338865646088550e-02 2.060965036820488478e+02
3.030242579006858705e+03 2.077089975378245551e-02 2.056866675687898862e+02
3.024039203239399285e+03 2.092841085110402899e-02 2.052655951113815433e+02
3.017674060118727084e+03 2.108592194842560247e-02 2.048335422169500077e+02
3.011150874065630887e+03 2.124343304574717248e-02 2.043907616915597600e+02
3.004473323651992814e+03 2.140094414306874596e-02 2.039375032291452499e+02
2.997645041476129791e+03 2.155845524039031597e-02 2.034740134030492129e+02
2.990669614074578931e+03 2.171596633771188944e-02 2.030005356600352400e+02
2.983550585305854383e+03 2.187347743503345945e-02 2.025173105499697499e+02
2.976291829098764993e+03 2.203098853235503293e-02 2.020246010272160788e+02
2.968897857328977807e+03 2.218849962967660294e-02 2.015227133486647801e+02
2.961373157163858195e+03 2.234601072699817642e-02 2.010119520940575626e+02
2.953722111571650203e+03 2.250352182431974990e-02 2.004926147703130539e+02
2.945949001472464261e+03 2.266103292164131991e-02 1.999649919575312254e+02
2.938058007854754123e+03 2.281854401896289339e-02 1.994293674526556686e+02
2.930053213857398987e+03 2.297605511628446340e-02 1.988860184108009435e+02
2.921938606817213895e+03 2.313356621360603688e-02 1.983352154842336006e+02
2.913718080281821130e+03 2.329107731092760689e-02 1.977772229590015911e+02
2.905395435987956716e+03 2.344858840824918036e-02 1.972122988892174931e+02
2.896974385805232487e+03 2.360609950557075037e-02 1.966406952289977994e+02
2.888458553645513348e+03 2.376361060289232385e-02 1.960626579620665382e+02
2.879851477338042059e+03 2.392112170021389733e-02 1.954784272290358729e+02
2.871156610470454780e+03 2.407863279753546734e-02 1.948882374523696797e+02
2.862377324196083009e+03 2.423614389485704082e-02 1.942923174590601718e+02
2.853516909007525555e+03 2.439365499217861083e-02 1.936908906010138480e+02
2.844578576477008482e+03 2.455116608950018431e-02 1.930841748731838265e+02
2.835565460963764963e+03 2.470867718682175432e-02 1.924723830294631171e+02
2.826480621288723796e+03 2.486618828414332780e-02 1.918557226963591802e+02
2.817327042376893132e+03 2.502369938146489781e-02 1.912343964844757522e+02
2.808107636867786368e+03 2.518121047878647129e-02 1.906086020978246438e+02
2.798825246694348152e+03 2.533872157610804476e-02 1.899785324410008229e+02
2.789482644630611503e+03 2.549623267342961477e-02 1.893443757242336005e+02
2.780082535808708144e+03 2.565374377075118825e-02 1.887063155663583984e+02
2.770627559205462148e+03 2.581125486807275826e-02 1.880645310957237939e+02
2.761120289099044840e+03 2.596876596539433174e-02 1.874191970490659003e+02
2.751563236496297122e+03 2.612627706271590175e-02 1.867704838683927733e+02
2.741958850530809741e+03 2.628378816003747523e-02 1.861185577958824240e+02
2.732309519832521346e+03 2.644129925735904524e-02 1.854635809668488946e+02
2.722617573869233638e+03 2.659881035468061872e-02 1.848057115008014932e+02
2.712885284260220487e+03 2.675632145200219220e-02 1.841451035906095797e+02
2.703114876693820861e+03 2.691383254932376221e-02 1.834819083114446983e+02
2.693309063901803711e+03 2.707134364664533568e-02 1.828163097979902432e+02
2.683471262390190077e+03 2.722885474396690569e-02 1.821485399556860330e+02
2.673604832596349297e+03 2.738636584128847917e-02 1.814788268841464287e+02
2.663713017613187276e+03 2.754387693861004918e-02 1.808073907178840329e+02
2.653798946616734156e+03 2.770138803593162266e-02 1.801344438589664492e+02
2.643865638209147619e+03 2.785889913325319267e-02 1.794601912039334195e+02
2.633916003678245033e+03 2.801641023057476615e-02 1.787848303650465880e+02
2.623952850174786363e+03 2.817392132789633963e-02 1.781085518859571266e+02
2.613978883808720184e+03 2.833143242521790964e-02 1.774315394518728510e+02
2.603996712665776613e+03 2.848894352253948312e-02 1.767539700943178786e+02
2.594008849745701809e+03 2.864645461986105313e-02 1.760760143905744144e+02
2.584017715823526942e+03 2.880396571718262660e-02 1.753978366578996031e+02
2.574025642235289524e+03 2.896147681450419661e-02 1.747195951426145939e+02
2.564034873589599556e+03 2.911898791182577009e-02 1.740414422041603473e+02
2.554047570406586601e+03 2.927649900914734010e-02 1.733635244942235829e+02
2.544065811685499739e+03 2.943401010646891358e-02 1.726859831310206346e+02
2.534091597402657044e+03 2.959152120379048706e-02 1.720089538688527284e+02
2.524126850941032444e+03 2.974903230111205707e-02 1.713325672630215308e+02
2.514173421453053379e+03 2.990654339843363055e-02 1.706569488302112916e+02
2.504233086157993512e+03 3.006405449575520056e-02 1.699822192044308906e+02
2.494307552575494356e+03 3.022156559307677404e-02 1.693084942886204374e+02
2.484398460696625079e+03 3.037907669039834405e-02 1.686358854020191700e+02
2.474507385093956145e+03 3.053658778771991752e-02 1.679644994233921409e+02
2.464635836972039215e+03 3.069409888504148753e-02 1.672944389302129480e+02
2.454785266159757612e+03 3.085160998236306101e-02 1.666258023339004239e+02
2.444957063045897030e+03 3.100912107968463102e-02 1.659586840112010577e+02
2.435152560459390770e+03 3.116663217700620450e-02 1.652931744318164817e+02
2.425373035495517342e+03 3.132414327432777451e-02 1.646293602823618016e+02
2.415619711289512452e+03 3.148165437164934799e-02 1.639673245867546143e+02
2.405893758738822726e+03 3.163916546897092147e-02 1.633071468231184440e+02
2.396196298175343145e+03 3.179667656629248801e-02 1.626489030372908076e+02
2.386528400988976045e+03 3.195418766361406149e-02 1.619926659530263180e+02
2.376891091203693122e+03 3.211169876093563497e-02 1.613385050789775050e+02
2.367285347007390101e+03 3.226920985825720151e-02 1.606864868125378223e+02
2.357712102236752344e+03 3.242672095557877499e-02 1.600366745406311964e+02
2.348172247818316919e+03 3.258423205290034846e-02 1.593891287375283525e+02
2.338666633166899373e+03 3.274174315022192194e-02 1.587439070597694126e+02
2.329196067542514811e+03 3.289925424754349542e-02 1.581010644382689634e+02
2.319761321487055284e+03 3.305676534486506196e-02 1.574606531758342669e+02
2.310363258618308009e+03 3.321427644218663544e-02 1.568227318930740921e+02
2.301003076417240209e+03 3.337178753950820892e-02 1.561873818725468652e+02
2.291681982247774613e+03 3.352929863682978240e-02 1.555546850676459769e+02
2.282401125037415113e+03 3.368680973415134894e-02 1.549247194652200790e+02
2.273161597245521989e+03 3.384432083147292242e-02 1.542975592191758665e+02
2.263964436774016121e+03 3.400183192879449590e-02 1.536732747801725623e+02
2.254810628822134731e+03 3.415934302611606938e-02 1.530519330215188063e+02
2.245701107686327305e+03 3.431685412343764285e-02 1.524335973613468127e+02
2.236636758506915157e+03 3.447436522075920939e-02 1.518183278811706316e+02
2.227618418962617397e+03 3.463187631808078287e-02 1.512061814409083524e+02
2.218646880914340272e+03 3.478938741540235635e-02 1.505972117904582603e+02
2.209722891999575495e+03 3.494689851272392983e-02 1.499914696779240160e+02
2.200847157178499401e+03 3.510440961004549637e-02 1.493890029545603397e+02
2.192020340233284060e+03 3.526192070736706985e-02 1.487898566765431383e+02
2.183243065221614870e+03 3.541943180468864333e-02 1.481940732036316604e+02
2.174515917885750241e+03 3.557694290201021681e-02 1.476016922948120396e+02
2.165839447018261126e+03 3.573445399933179029e-02 1.470127512010015494e+02
2.157214165785693240e+03 3.589196509665335683e-02 1.464272847548955099e+02
2.148640553011151951e+03 3.604947619397493030e-02 1.458453254580266503e+02
2.140119054417113603e+03 3.620698729129650378e-02 1.452669035651252045e+02
2.131650083829375490e+03 3.636449838861807726e-02 1.446920471658395968e+02
2.123234024343410965e+03 3.652200948593964380e-02 1.441207822639068183e+02
2.114871229453982323e+03 3.667952058326121728e-02 1.435531328538283731e+02
2.106562024149222907e+03 3.683703168058279076e-02 1.429891209951338453e+02
2.098306705970067469e+03 3.699454277790436424e-02 1.424287668842933101e+02
2.090105546036096712e+03 3.715205387522593772e-02 1.418720889243492707e+02
2.081958790038715506e+03 3.730956497254750426e-02 1.413191037923317310e+02
2.073866659202586561e+03 3.746707606986907774e-02 1.407698265045181358e+02
2.065829351216319992e+03 3.762458716719065122e-02 1.402242704796070711e+02
2.057847041133182302e+03 3.778209826451222469e-02 1.396824475998561752e+02
2.049919882242858876e+03 3.793960936183379123e-02 1.391443682702556544e+02
2.042048006914973939e+03 3.809712045915536471e-02 1.386100414757848966e+02
2.034231527415275650e+03 3.825463155647693819e-02 1.380794748368131479e+02
2.026470536695264173e+03 3.841214265379851167e-02 1.375526746626981378e+02
2.018765109156143353e+03 3.856965375112008515e-02 1.370296460036414601e+02
2.011115301387657610e+03 3.872716484844165169e-02 1.365103927008390770e+02
2.003521152882803790e+03 3.888467594576322517e-02 1.359949174349949033e+02
1.995982686728989620e+03 3.904218704308479865e-02 1.354832217732349307e+02
1.988499910276357696e+03 3.919969814040637213e-02 1.349753062144718285e+02
1.981072815784091745e+03 3.935720923772793867e-02 1.344711702332747336e+02
1.973701381045144899e+03 3.951472033504951215e-02 1.339708123222748952e+02
1.966385569990329486e+03 3.967223143237108562e-02 1.334742300331694764e+02
1.959125333272162607e+03 3.982974252969265910e-02 1.329814200163523310e+02
1.951920608829160074e+03 3.998725362701423258e-02 1.324923780592169180e+02
1.944771322431295175e+03 4.014476472433579912e-02 1.320070991231808364e+02
1.937677388206984460e+03 4.030227582165737260e-02 1.315255773794567062e+02
1.930638709152377714e+03 4.045978691897894608e-02 1.310478062436214373e+02
1.923655177623384361e+03 4.061729801630051956e-02 1.305737784090146079e+02
1.916726667153833432e+03 4.077480911362208610e-02 1.301034852913710154e+02
1.909852983507058980e+03 4.093232021094365958e-02 1.296369137063032042e+02
1.903033901561041375e+03 4.108983130826523306e-02 1.291740483729890627e+02
1.896269190579753968e+03 4.124734240558680654e-02 1.287148736295389426e+02
1.889558614601917952e+03 4.140485350290838001e-02 1.282593734593840509e+02
1.882901932736486970e+03 4.156236460022994655e-02 1.278075315113328543e+02
1.876298899447474469e+03 4.171987569755152003e-02 1.273593311189048762e+02
1.869749264828311198e+03 4.187738679487309351e-02 1.269147553189534818e+02
1.863252774866228265e+03 4.203489789219466699e-02 1.264737868696114305e+02
1.856809171696821977e+03 4.219240898951623353e-02 1.260364082675704935e+02
1.850418193849321824e+03 4.234992008683780701e-02 1.256026017647296698e+02
1.844079576482708035e+03 4.250743118415938049e-02 1.251723493842223291e+02
1.837793051613081843e+03 4.266494228148095397e-02 1.247456329358495424e+02
1.831558348332538571e+03 4.282245337880252745e-02 1.243224340309370319e+02
1.825375193019822063e+03 4.297996447612409399e-02 1.239027340966334521e+02
1.819243309543061514e+03 4.313747557344566746e-02 1.234865143896724646e+02
1.813162419454846486e+03 4.329498667076724094e-02 1.230737560096133478e+02
1.807132242179860214e+03 4.345249776808881442e-02 1.226644399115775599e+02
1.801152495195415668e+03 4.361000886541038096e-02 1.222585469185030718e+02
1.795222894204993736e+03 4.376751996273195444e-02 1.218560577329236310e+02
1.789343153305156648e+03 4.392503106005352792e-02 1.214569529482988770e+02
1.783512985145958964e+03 4.408254215737510140e-02 1.210612130599021867e+02
1.777732101085164686e+03 4.424005325469667488e-02 1.206688184752891004e+02
1.772000211336370285e+03 4.439756435201824142e-02 1.202797495243513168e+02
1.766317025111329258e+03 4.455507544933981490e-02 1.198939864689775021e+02
1.760682250756678513e+03 4.471258654666138838e-02 1.195115095123339444e+02
1.755095595885164585e+03 4.487009764398296185e-02 1.191322988077720737e+02
1.749556767501657760e+03 4.502760874130452839e-02 1.187563344673817767e+02
1.744065472124091684e+03 4.518511983862610187e-02 1.183835965702007087e+02
1.738621415899468047e+03 4.534263093594767535e-02 1.180140651700885428e+02
1.733224304715165999e+03 4.550014203326924883e-02 1.176477203032820853e+02
1.727873844305679995e+03 4.565765313059082231e-02 1.172845419956409785e+02
1.722569740354885198e+03 4.581516422791238885e-02 1.169245102695885521e+02
1.717311698594131258e+03 4.597267532523396233e-02 1.165676051507707740e+02
1.712099424896126266e+03 4.613018642255553581e-02 1.162138066744288381e+02
1.706932625364937394e+03 4.628769751987710929e-02 1.158630948915079699e+02
1.701811006422067294e+03 4.644520861719867583e-02 1.155154498745003053e+02
1.696734274888903201e+03 4.660271971452024931e-02 1.151708517230413946e+02
1.691702138065546023e+03 4.676023081184182278e-02 1.148292805692607885e+02
1.686714303806193811e+03 4.691774190916339626e-02 1.144907165828990685e+02
1.681770480591210571e+03 4.707525300648496974e-02 1.141551399761996635e+02
1.676870377595966147e+03 4.723276410380653628e-02 1.138225310085816488e+02
1.672013704756572452e+03 4.739027520112810976e-02 1.134928699911016139e+02
1.667200172832672251e+03 4.754778629844968324e-02 1.131661372907157528e+02
1.662429493467244356e+03 4.770529739577125672e-02 1.128423133343394369e+02
1.657701379243721931e+03 4.786280849309282326e-02 1.125213786127239644e+02
1.653015543740372777e+03 4.802031959041439674e-02 1.122033136841480996e+02
1.648371701582089827e+03 4.817783068773597022e-02 1.118880991779332561e+02
1.643769568489687344e+03 4.833534178505754370e-02 1.115757157977899823e+02
1.639208861326801753e+03 4.849285288237911717e-02 1.112661443250010080e+02
1.634689298144435270e+03 4.865036397970068371e-02 1.109593656214451158e+02
1.630210598223273564e+03 4.880787507702225719e-02 1.106553606324695096e+02
1.625772482113840397e+03 4.896538617434383067e-02 1.103541103896153857e+02
1.621374671674583396e+03 4.912289727166540415e-02 1.100555960132031714e+02
1.617016890107923700e+03 4.928040836898697069e-02 1.097597987147794072e+02
1.612698861994365188e+03 4.943791946630854417e-02 1.094666997994320639e+02
1.608420313324780182e+03 4.959543056363011765e-02 1.091762806679821267e+02
1.604180971530870693e+03 4.975294166095169113e-02 1.088885228190510901e+02
1.599980565513861848e+03 4.991045275827326461e-02 1.086034078510086118e+02
1.595818822504284071e+03 5.006796385559483115e-02 1.083209172488211465e+02
1.591695369113366041e+03 5.022547495291640463e-02 1.080410256676226624e+02
1.587609715166321394e+03 5.038298605023797810e-02 1.077636998353514315e+02
1.583561371438701599e+03 5.054049714755955158e-02 1.074889065444525755e+02
1.579549856787938324e+03 5.069800824488111812e-02 1.072166131359527981e+02
1.575574697990966797e+03 5.085551934220269160e-02 1.069467874884385736e+02
1.571635429585677230e+03 5.101303043952426508e-02 1.066793980072938979e+02
1.567731593716010821e+03 5.117054153684583856e-02 1.064144136141862020e+02
1.563862739980849710e+03 5.132805263416741204e-02 1.061518037368089580e+02
1.560028425286274796e+03 5.148556373148897858e-02 1.058915382988532770e+02
1.556228213701325558e+03 5.164307482881055206e-02 1.056335877102173555e+02
1.552461676317126148e+03 5.180058592613212554e-02 1.053779228574439912e+02
1.548728391109242921e+03 5.195809702345369901e-02 1.051245150943780402e+02
1.545027942803194492e+03 5.211560812077526555e-02 1.048733362330371222e+02
1.541359922743081370e+03 5.227311921809683903e-02 1.046243585346947640e+02
1.537723928763197591e+03 5.243063031541841251e-02 1.043775547011655220e+02
1.534119565023916948e+03 5.258814141273998599e-02 1.041328978636652636e+02
1.530546431236078661e+03 5.274565251006155947e-02 1.038903608513846137e+02
1.527004108443536552e+03 5.290316360738312601e-02 1.036499152264374288e+02
1.523492181060373468e+03 5.306067470470469949e-02 1.034115327797017301e+02
1.520010240422456263e+03 5.321818580202627297e-02 1.031751857718920746e+02
1.516557884648570962e+03 5.337569689934784645e-02 1.029408469241339077e+02
1.513134718504829834e+03 5.353320799666941299e-02 1.027084894087592915e+02
1.509740353272245329e+03 5.369071909399098647e-02 1.024780868403185536e+02
1.506374406617433351e+03 5.384823019131255994e-02 1.022496132668036495e+02
1.503036502466259890e+03 5.400574128863413342e-02 1.020230431610717687e+02
1.499726270880498532e+03 5.416325238595570690e-02 1.017983514124727407e+02
1.496443347937294448e+03 5.432076348327727344e-02 1.015755133186677313e+02
1.493187375611410971e+03 5.447827458059884692e-02 1.013545045776359217e+02
1.489958001660191258e+03 5.463578567792042040e-02 1.011353012798664821e+02
1.486754879511140643e+03 5.479329677524199388e-02 1.009178799007272573e+02
1.483577668152100841e+03 5.495080787256356042e-02 1.007022172930106194e+02
1.480426032023882954e+03 5.510831896988513390e-02 1.004882906796451891e+02
1.477299640894301774e+03 5.526583006720670738e-02 1.002760776451458611e+02
1.474198138852824513e+03 5.542334116452828086e-02 1.000655540310336562e+02
1.471121083576017554e+03 5.558085226184985433e-02 9.985668981329870064e+01
1.468068023716482230e+03 5.573836335917142087e-02 9.964945435540292351e+01
1.465038516328623245e+03 5.589587445649299435e-02 9.944381759110531505e+01
1.462032126691368148e+03 5.605338555381456783e-02 9.923975001242884275e+01
1.459048428135340600e+03 5.621089665113614131e-02 9.903722265792893609e+01
1.456087001874349426e+03 5.636840774845770785e-02 9.883620710125570952e+01
1.453147436841106583e+03 5.652591884577928133e-02 9.863667544000250587e+01
1.450229329526978063e+03 5.668342994310085481e-02 9.843860028482863811e+01
1.447332283825747936e+03 5.684094104042242829e-02 9.824195474885451063e+01
1.444455910881208411e+03 5.699845213774400177e-02 9.804671243731608854e+01
1.441599828938480869e+03 5.715596323506556831e-02 9.785284743747322977e+01
1.438763663198989889e+03 5.731347433238714179e-02 9.766033430876530019e+01
1.435947045678964741e+03 5.747098542970871526e-02 9.746914807320665375e+01
1.433149615071358539e+03 5.762849652703028874e-02 9.727926420601404800e+01
1.430371016611102505e+03 5.778600762435185528e-02 9.709065862646035328e+01
1.427610901943648059e+03 5.794351872167342876e-02 9.690330768895144331e+01
1.424868928942620414e+03 5.810102981899500224e-02 9.671718817064878237e+01
1.422144731685182251e+03 5.825854091631657572e-02 9.653227523345869088e+01
1.419437871726867797e+03 5.841605201363814920e-02 9.634853911666782267e+01
1.416747906144951457e+03 5.857356311095971574e-02 9.616594975558756175e+01
1.414074400640349495e+03 5.873107420828128922e-02 9.598447767088448757e+01
1.411416929362128258e+03 5.888858530560286270e-02 9.580409395666836758e+01
1.408775074736461875e+03 5.904609640292443618e-02 9.562477026888213061e+01
1.406148427299855484e+03 5.920360750024600272e-02 9.544647881398122991e+01
1.403536585536613075e+03 5.936111859756757619e-02 9.526919233790167141e+01
1.400939155720306417e+03 5.951862969488914967e-02 9.509288411529890084e+01
1.398355751759269424e+03 5.967614079221072315e-02 9.491752793906043451e+01
1.395785995045807795e+03 5.983365188953229663e-02 9.474309811007042015e+01
1.393229514309246269e+03 5.999116298685386317e-02 9.456956942723486748e+01
1.390685945472456979e+03 6.014867408417543665e-02 9.439691717774324786e+01
1.388154931511992345e+03 6.030618518149701013e-02 9.422511712757405178e+01
1.385636122321560379e+03 6.046369627881858361e-02 9.405414551222854413e+01
1.383129174578800303e+03 6.062120737614015015e-02 9.388397902768707581e+01
1.380633751615278015e+03 6.077871847346172363e-02 9.371459482158508081e+01
1.378149523289593162e+03 6.093622957078329710e-02 9.354597048459964981e+01
1.375676165530775279e+03 6.109374066810487058e-02 9.337808401945618186e+01
1.373213324276561025e+03 6.125125176542643712e-02 9.321091139313257656e+01
1.370760584307761519e+03 6.140876286274801060e-02 9.304442442139958303e+01
1.368317531267217419e+03 6.156627396006958408e-02 9.287859497854093149e+01
1.365883759196050278e+03 6.172378505739115756e-02 9.271339550889834413e+01
1.363458870376665118e+03 6.188129615471273104e-02 9.254879901621501403e+01
1.361042475179725216e+03 6.203880725203429758e-02 9.238477905324863571e+01
1.358634191914856274e+03 6.219631834935587106e-02 9.222130971163743141e+01
1.356233646685059966e+03 6.235382944667744454e-02 9.205836561201789436e+01
1.353840473244686564e+03 6.251134054399902495e-02 9.189592189438464231e+01
1.351454312860877735e+03 6.266885164132059149e-02 9.173395420868494909e+01
1.349074814178342422e+03 6.282636273864215803e-02 9.157243870564053623e+01
1.346701633087373239e+03 6.298387383596373845e-02 9.141135202778825430e+01
1.344334432595059297e+03 6.314138493328530499e-02 9.125067130073873045e+01
1.341972882699489219e+03 6.329889603060687153e-02 9.109037412463727890e+01
1.339616660266994131e+03 6.345640712792845195e-02 9.093043856583142315e+01
1.337265448912201236e+03 6.361391822525001849e-02 9.077084314872928417e+01
1.334918938880917040e+03 6.377142932257158503e-02 9.061156684784978665e+01
1.332576826935698364e+03 6.392894041989316545e-02 9.045258908005574483e+01
1.330238816244068630e+03 6.408645151721473199e-02 9.029388969696570655e+01
1.327904615289504136e+03 6.424396261453631241e-02 9.013544891103443035e+01
1.325573904228635683e+03 6.440147371185787895e-02 8.997724501194828406e+01
1.323246327283108712e+03 6.455898480917944549e-02 8.981925385020031172e+01
1.320921533669632481e+03 6.471649590650102590e-02 8.966145161533836472e+01
1.318599180198102204e+03 6.487400700382259244e-02 8.950381501232014614e+01
1.316278931146405967e+03 6.503151810114417286e-02 8.934632125301543226e+01
1.313960458138171589e+03 6.518902919846573940e-02 8.918894804790782871e+01
1.311643440023334279e+03 6.534654029578730594e-02 8.903167359798784730e+01
1.309327562761445733e+03 6.550405139310888636e-02 8.887447658683224461e+01
1.307012519307668526e+03 6.566156249043045290e-02 8.871733617286564311e+01
1.304698009501296383e+03 6.581907358775203332e-02 8.856023198179327949e+01
1.302383739956831505e+03 6.597658468507359986e-02 8.840314409920762273e+01
1.300069423957398840e+03 6.613409578239516640e-02 8.824605306335388377e+01
1.297754781350594385e+03 6.629160687971674681e-02 8.808893985805980265e+01
1.295439538446529923e+03 6.644911797703831335e-02 8.793178590581571541e+01
1.293123427918089874e+03 6.660662907435987989e-02 8.777457306100377821e+01
1.290806188703358657e+03 6.676414017168146031e-02 8.761728360327531107e+01
1.288487565910067360e+03 6.692165126900302685e-02 8.745990023106442379e+01
1.286167310722051752e+03 6.707916236632460727e-02 8.730240605523889030e+01
1.283845180307674582e+03 6.723667346364617381e-02 8.714478459288393708e+01
1.281520937730092328e+03 6.739418456096774035e-02 8.698701976121124346e+01
1.279194350764883211e+03 6.755169565828932077e-02 8.682909579730214489e+01
1.276865173412461218e+03 6.770920675561088731e-02 8.667099600320797492e+01
1.274533148965549572e+03 6.786671785293246772e-02 8.651270295416388478e+01
1.272198026507680424e+03 6.802422895025403426e-02 8.635419961847334491e+01
1.269859561382507763e+03 6.818174004757560080e-02 8.619546938936402114e+01
1.267517515103725373e+03 6.833925114489718122e-02 8.603649607887327022e+01
1.265171655266695097e+03 6.849676224221874776e-02 8.587726391184976649e+01
1.262821755461852717e+03 6.865427333954032818e-02 8.571775752007538074e+01
1.260467595189794793e+03 6.881178443686189472e-02 8.555796193650161285e+01
1.258108959777971677e+03 6.896929553418346126e-02 8.539786258959497900e+01
1.255745640298982607e+03 6.912680663150504168e-02 8.523744529779091295e+01
1.253377433490369413e+03 6.928431772882660822e-02 8.507669626404948815e+01
1.251004141675909750e+03 6.944182882614817476e-02 8.491560207051320219e+01
1.248625572688312104e+03 6.959933992346975518e-02 8.475414967325932025e+01
1.246241539793334596e+03 6.975685102079132172e-02 8.459232639714953450e+01
1.243851861615218468e+03 6.991436211811290213e-02 8.443011993076832766e+01
1.241456362063434653e+03 7.007187321543446867e-02 8.426751832145085075e+01
1.239054870260662938e+03 7.022938431275603521e-02 8.410450997039406218e+01
1.236647220472040999e+03 7.038689541007761563e-02 8.394108362785463839e+01
1.234233252035561918e+03 7.054440650739918217e-02 8.377722838842413466e+01
1.231812809293599685e+03 7.070191760472076259e-02 8.361293368638138190e+01
1.229385741525589083e+03 7.085942870204232913e-02 8.344818929112261685e+01
1.226951903386799813e+03 7.101693979936389567e-02 8.328298533694498929e+01
1.224511161075609380e+03 7.117445089668547609e-02 8.311731274166800176e+01
1.222063390180162969e+03 7.133196199400704263e-02 8.295116306046949717e+01
1.219608470816310955e+03 7.148947309132862304e-02 8.278452815585853841e+01
1.217146287462420787e+03 7.164698418865018958e-02 8.261740018646307249e+01
1.214676728900868284e+03 7.180449528597175612e-02 8.244977160305833763e+01
1.212199688160346795e+03 7.196200638329333654e-02 8.228163514465079231e+01
1.209715062459025148e+03 7.211951748061490308e-02 8.211298383461995343e+01
1.207222753148448191e+03 7.227702857793646962e-02 8.194381097691059779e+01
1.204722665658229289e+03 7.243453967525805004e-02 8.177411015227822588e+01
1.202214709441461764e+03 7.259205077257961658e-02 8.160387521458409310e+01
1.199698797920862262e+03 7.274956186990119700e-02 8.143310028713932525e+01
1.197174848435613285e+03 7.290707296722276354e-02 8.126177975909664042e+01
1.194642782188859655e+03 7.306458406454433008e-02 8.108990828188676403e+01
1.192102524195895057e+03 7.322209516186591050e-02 8.091748076570122805e+01
1.189554003232971809e+03 7.337960625918747704e-02 8.074449237601767493e+01
1.186997151786738641e+03 7.353711735650905745e-02 8.057093853016793616e+01
1.184431906004268740e+03 7.369462845383062399e-02 8.039681489394605762e+01
1.181858205643698057e+03 7.385213955115219053e-02 8.022211737825746525e+01
1.179275994025420459e+03 7.400965064847377095e-02 8.004684213580638641e+01
1.176685217983837447e+03 7.416716174579533749e-02 7.987098555782083054e+01
1.174085827819655378e+03 7.432467284311691791e-02 7.969454427081437586e+01
1.171477777252722262e+03 7.448218394043848445e-02 7.951751513338500388e+01
1.168861025351098988e+03 7.463969503776005099e-02 7.933989536715637314e+01
1.166235566717822849e+03 7.479720613508163141e-02 7.916168460579376642e+01
1.163601424723877244e+03 7.495471723240319795e-02 7.898288443567162176e+01
1.160958625441494405e+03 7.511222832972476449e-02 7.880349662651984488e+01
1.158307196830767907e+03 7.526973942704634490e-02 7.862352307621233649e+01
1.155647168708617073e+03 7.542725052436791144e-02 7.844296580866061674e+01
1.152978572718130863e+03 7.558476162168949186e-02 7.826182697173271663e+01
1.150301442298080246e+03 7.574227271901105840e-02 7.808010883518419121e+01
1.147615812652799832e+03 7.589978381633262494e-02 7.789781378861309236e+01
1.144921720722268674e+03 7.605729491365420536e-02 7.771494433942974922e+01
1.142219205152498716e+03 7.621480601097577190e-02 7.753150311084634438e+01
1.139508306266160162e+03 7.637231710829735232e-02 7.734749283988323043e+01
1.136789066033487643e+03 7.652982820561891886e-02 7.716291637539416115e+01
1.134061528043419912e+03 7.668733930294048540e-02 7.697777667610705521e+01
1.131325737475005553e+03 7.684485040026206581e-02 7.679207680868337604e+01
1.128581741069051532e+03 7.700236149758363235e-02 7.660581994579338527e+01
1.125829587100024582e+03 7.715987259490521277e-02 7.641900936420920232e+01
1.123069325348176790e+03 7.731738369222677931e-02 7.623164844291254383e+01
1.120301007071940603e+03 7.747489478954834585e-02 7.604374066122088038e+01
1.117524684980536904e+03 7.763240588686992627e-02 7.585528959692832984e+01
1.114740413206820904e+03 7.778991698419149281e-02 7.566629892446239580e+01
1.111948247280368378e+03 7.794742808151305935e-02 7.547677241305702012e+01
1.109148244100796774e+03 7.810493917883463977e-02 7.528671392494189263e+01
1.106340461911290276e+03 7.826245027615620631e-02 7.509612741354520438e+01
1.103524960977084447e+03 7.841996137347778673e-02 7.490501696954785871e+01
1.100701841232771130e+03 7.857747247079935327e-02 7.471338937630558519e+01
1.097871260187528605e+03 7.873498356812091981e-02 7.452125532521911566e+01
1.095033379120408426e+03 7.889249466544250022e-02 7.432862576358060380e+01
1.092188358306666487e+03 7.905000576276406676e-02 7.413551157054649821e+01
1.089336357015459726e+03 7.920751686008564718e-02 7.394192355698146457e+01
1.086477533507660382e+03 7.936502795740721372e-02 7.374787246530968332e+01
1.083612045033847835e+03 7.952253905472878026e-02 7.355336896937882329e+01
1.080740047832390701e+03 7.968005015205036068e-02 7.335842367432982769e+01
1.077861697127713569e+03 7.983756124937192722e-02 7.316304711647900660e+01
1.074977147128656270e+03 7.999507234669350764e-02 7.296724976320700762e+01
1.072086551026990492e+03 8.015258344401507418e-02 7.277104201285790452e+01
1.069190060996055990e+03 8.031009454133664072e-02 7.257443419464672729e+01
1.066287828189535276e+03 8.046760563865822113e-02 7.237743656857625751e+01
1.063380002740328564e+03 8.062511673597978767e-02 7.218005932536060243e+01
1.060466733759592216e+03 8.078262783330135421e-02 7.198231258636005236e+01
1.057548169335871535e+03 8.094013893062293463e-02 7.178420640352216253e+01
1.054624456534361343e+03 8.109765002794450117e-02 7.158575075933146081e+01
1.051695741396284802e+03 8.125516112526608159e-02 7.138695556676749732e+01
1.048762168938397508e+03 8.141267222258764813e-02 7.118783066927093728e+01
1.045823883152600501e+03 8.157018331990921467e-02 7.098838584071751256e+01
1.042881027005669239e+03 8.172769441723079509e-02 7.078863078539944809e+01
1.039933742439078287e+03 8.188520551455236163e-02 7.058857513801372363e+01
1.036982170368984953e+03 8.204271661187394205e-02 7.038822846366083752e+01
1.034026450686247927e+03 8.220022770919550859e-02 7.018760025784602874e+01
1.031066722256630783e+03 8.235773880651707513e-02 6.998669994649340254e+01
1.028103136743860432e+03 8.251524990383865554e-02 6.978553782422635265e+01
1.025135924760326134e+03 8.267276100116022208e-02 6.958412954454225030e+01
1.022165342642328483e+03 8.283027209848178862e-02 6.938249250702476445e+01
1.019191642944091882e+03 8.298778319580336904e-02 6.918064385453799048e+01
1.016215074429730862e+03 8.314529429312493558e-02 6.897860047268113703e+01
1.013235882106048734e+03 8.330280539044651600e-02 6.877637899201488381e+01
1.010254307255469939e+03 8.346031648776808254e-02 6.857399579029660686e+01
1.007270587469070279e+03 8.361782758508964908e-02 6.837146699472252465e+01
1.004284956679737661e+03 8.377533868241122950e-02 6.816880848417848426e+01
1.001297645195422660e+03 8.393284977973279604e-02 6.796603589149714253e+01
9.983088797324430743e+02 8.409036087705437645e-02 6.776316460571825928e+01
9.953188834488870498e+02 8.424787197437594299e-02 6.756020977435647978e+01
9.923278759780456539e+02 8.440538307169750953e-02 6.735718630567021137e+01
9.893360734618838706e+02 8.456289416901908995e-02 6.715410887093395331e+01
9.863436885845706001e+02 8.472040526634065649e-02 6.695099190671402312e+01
9.833509306059836490e+02 8.487791636366223691e-02 6.674784961714289011e+01
9.803580053952666731e+02 8.503542746098380345e-02 6.654469597619684862e+01
9.773651154643370091e+02 8.519293855830536999e-02 6.634154472997059315e+01
9.743724600014236330e+02 8.535044965562695041e-02 6.613840939895365523e+01
9.713802349045482742e+02 8.550796075294851695e-02 6.593530328030298904e+01
9.683886328149770861e+02 8.566547185027008349e-02 6.573223945011375235e+01
9.653978431506569677e+02 8.582298294759166390e-02 6.552923076568860949e+01
9.624080521395687811e+02 8.598049404491323044e-02 6.532628986780200364e+01
9.594194428530252026e+02 8.613800514223481086e-02 6.512342918296016592e+01
9.564321952389180979e+02 8.629551623955637740e-02 6.492066092565785596e+01
9.534464861548609633e+02 8.645302733687794394e-02 6.471799710062808231e+01
9.504624894212148547e+02 8.661053843419952436e-02 6.451544950644144194e+01
9.474804025206817641e+02 8.676804953152109090e-02 6.431303154781970477e+01
9.445004982746581845e+02 8.692556062884267132e-02 6.411076174332123401e+01
9.415230586144110703e+02 8.708307172616423786e-02 6.390865922986368020e+01
9.385483597701313556e+02 8.724058282348580440e-02 6.370674275738734593e+01
9.355766723409807355e+02 8.739809392080738482e-02 6.350503069360980390e+01
9.326082613650972917e+02 8.755560501812895136e-02 6.330354102877770117e+01
9.296433863894584420e+02 8.771311611545053177e-02 6.310229138040890717e+01
9.266823015396333858e+02 8.787062721277209831e-02 6.290129899802724367e+01
9.237252555893663839e+02 8.802813831009366485e-02 6.270058076788558310e+01
9.207724920299795031e+02 8.818564940741524527e-02 6.250015321767673981e+01
9.178242491395861862e+02 8.834316050473681181e-02 6.230003252123165680e+01
9.148807600520402730e+02 8.850067160205837835e-02 6.210023450319943805e+01
9.119422528256798159e+02 8.865818269937995877e-02 6.190077464371353244e+01
9.090089505117618955e+02 8.881569379670152531e-02 6.170166808303702055e+01
9.060810712226298165e+02 8.897320489402310573e-02 6.150292962618957660e+01
9.031588281995583429e+02 8.913071599134467227e-02 6.130457374755273037e+01
9.002424298802782232e+02 8.928822708866623881e-02 6.110661459545323027e+01
8.973320799661555611e+02 8.944573818598781922e-02 6.090906599672317157e+01
8.944279774889963619e+02 8.960324928330938576e-02 6.071194146123435331e+01
8.915303168774980804e+02 8.976076038063096618e-02 6.051525418640905940e+01
8.886392880232880316e+02 8.991827147795253272e-02 6.031901706170251742e+01
8.857550763465520731e+02 9.007578257527409926e-02 6.012324267305761083e+01
8.828778628612735702e+02 9.023329367259567968e-02 5.992794330733327257e+01
8.800078242399958981e+02 9.039080476991724622e-02 5.973313095670033590e+01
8.771451328781766961e+02 9.054831586723882664e-02 5.953881732300980190e+01
8.742899569580624757e+02 9.070582696456039318e-02 5.934501382212857834e+01
8.714424605121042759e+02 9.086333806188195972e-02 5.915173158824383393e+01
8.686028034858909450e+02 9.102084915920354014e-02 5.895898147813496593e+01
8.657711546071678868e+02 9.117836025652510668e-02 5.876677494469620910e+01
8.629477369442587360e+02 9.133587135384667322e-02 5.857512712934904897e+01
8.601327847534690818e+02 9.149338245116825363e-02 5.838405393293228229e+01
8.573265264253936948e+02 9.165089354848982017e-02 5.819357085813230412e+01
8.545291845764141954e+02 9.180840464581140059e-02 5.800369301569376290e+01
8.517409761411197451e+02 9.196591574313296713e-02 5.781443513069272200e+01
8.489621124641348615e+02 9.212342684045453367e-02 5.762581154877002376e+01
8.461927993912652255e+02 9.228093793777611409e-02 5.743783624231784302e+01
8.434332373600498158e+02 9.243844903509768063e-02 5.725052281662631515e+01
8.406836214895760122e+02 9.259596013241926105e-02 5.706388451597997147e+01
8.379441416696444094e+02 9.275347122974082759e-02 5.687793422971004276e+01
8.352149826491831845e+02 9.291098232706239413e-02 5.669268449819583111e+01
8.324963241239611307e+02 9.306849342438397454e-02 5.650814751881856068e+01
8.297883408235521756e+02 9.322600452170554108e-02 5.632433515186419015e+01
8.270912025975160304e+02 9.338351561902712150e-02 5.614125892637350290e+01
8.244050745008382819e+02 9.354102671634868804e-02 5.595893004594120868e+01
8.217301168785644450e+02 9.369853781367025458e-02 5.577735939446104396e+01
8.190664854496459384e+02 9.385604891099183500e-02 5.559655754181684983e+01
8.164143313899699024e+02 9.401356000831340154e-02 5.541653474951864666e+01
8.137738014145883199e+02 9.417107110563496808e-02 5.523730097628398283e+01
8.111450378590911896e+02 9.432858220295654850e-02 5.505886588356153766e+01
8.085281787601873020e+02 9.448609330027811504e-02 5.488123884100083671e+01
8.059233579354080348e+02 9.464360439759969545e-02 5.470442893186205424e+01
8.033307050619692973e+02 9.480111549492126199e-02 5.452844495836939132e+01
8.007503457547946937e+02 9.495862659224282853e-02 5.435329544700690718e+01
7.981824016436612510e+02 9.511613768956440895e-02 5.417898865375504158e+01
7.956269904494968159e+02 9.527364878688597549e-02 5.400553256926956891e+01
7.930842260597929680e+02 9.543115988420755591e-02 5.383293492400048308e+01
7.905542186031645997e+02 9.558867098152912245e-02 5.366120319325282395e+01
7.880370747749817610e+02 9.574618207885068899e-02 5.349034461929007023e+01
7.855329096693270685e+02 9.590369317617226941e-02 5.332036701446315163e+01
7.830418515402452613e+02 9.606120427349383595e-02 5.315127908439422555e+01
7.805640258067312516e+02 9.621871537081541637e-02 5.298308934226815126e+01
7.780995538199476869e+02 9.637622646813698291e-02 5.281580602515355594e+01
7.756485529451260845e+02 9.653373756545854945e-02 5.264943709956227025e+01
7.732111366425317556e+02 9.669124866278012986e-02 5.248399026694509928e+01
7.707874145474455645e+02 9.684875976010169640e-02 5.231947296912051826e+01
7.683774925491889007e+02 9.700627085742326294e-02 5.215589239363913521e+01
7.659814728691670780e+02 9.716378195474484336e-02 5.199325547908082257e+01
7.635994541379568545e+02 9.732129305206640990e-02 5.183156892028735285e+01
7.612315314714059014e+02 9.747880414938799032e-02 5.167083917352790934e+01
7.588777965457784376e+02 9.763631524670955686e-02 5.151107246159976683e+01
7.565383376719131547e+02 9.779382634403112340e-02 5.135227477886201086e+01
7.542132398684279906e+02 9.795133744135270382e-02 5.119445189620449099e+01
7.519025849339448087e+02 9.810884853867427036e-02 5.103760936595035247e+01
7.496064515183500134e+02 9.826635963599585077e-02 5.088175252669302751e+01
7.473249151931136112e+02 9.842387073331741731e-02 5.072688650806925637e+01
7.450580485206018011e+02 9.858138183063898385e-02 5.057301623546404556e+01
7.428059211224951923e+02 9.873889292796056427e-02 5.042014643465464019e+01
7.405685997471971405e+02 9.889640402528213081e-02 5.026828163638615621e+01
7.383461483363328171e+02 9.905391512260371123e-02 5.011742618088526768e+01
7.361386280902943327e+02 9.921142621992527777e-02 4.996758422230943353e+01
7.339460975328320274e+02 9.936893731724684431e-02 4.981875973313109540e+01
7.317686125747387678e+02 9.952644841456842473e-02 4.967095650846049892e+01
7.296062265765901884e+02 9.968395951188999127e-02 4.952417817030435998e+01
7.274589904105661162e+02 9.984147060921155781e-02 4.937842817176218801e+01
7.253269525213585212e+02 9.999898170653313823e-02 4.923370980116057183e+01
7.232101589861782713e+02 1.001564928038547048e-01 4.909002618612635160e+01
7.211086535738429575e+02 1.003140039011762852e-01 4.894738029759728448e+01
7.190224778029855770e+02 1.004715149984978517e-01 4.880577495377325192e+01
7.169516708855767320e+02 1.006290260958194183e-01 4.866521281628268270e+01
7.148962579443068535e+02 1.007865371931409987e-01 4.852569559040230729e+01
7.128562400508885730e+02 1.009440482904625652e-01 4.838722334887786047e+01
7.108316145336243608e+02 1.011015593877841456e-01 4.824979591035993565e+01
7.088223774884253316e+02 1.012590704851057122e-01 4.811341300984702229e+01
7.068285238161211055e+02 1.014165815824272787e-01 4.797807430121780925e+01
7.048500472591369999e+02 1.015740926797488591e-01 4.784377935972093354e+01
7.028869404375232079e+02 1.017316037770704257e-01 4.771052768442051928e+01
7.009391948843173168e+02 1.018891148743920061e-01 4.757831870059649049e+01
6.990068010803011020e+02 1.020466259717135726e-01 4.744715176210374352e+01
6.970897484881249966e+02 1.022041370690351392e-01 4.731702615368857323e+01
6.951880255858111468e+02 1.023616481663567196e-01 4.718794109326269393e+01
6.933016198996688217e+02 1.025191592636782861e-01 4.705989573413748417e+01
6.914305180365832939e+02 1.026766703609998527e-01 4.693288916721573401e+01
6.895747057157489053e+02 1.028341814583214331e-01 4.680692042314552737e+01
6.877341677998017531e+02 1.029916925556429996e-01 4.668198847443360933e+01
6.859088883253763242e+02 1.031492036529645800e-01 4.655809223751935377e+01
6.840988505331195029e+02 1.033067147502861466e-01 4.643523057481217364e+01
6.823040368971276166e+02 1.034642258476077131e-01 4.631340229668958841e+01
6.805244291538531343e+02 1.036217369449292935e-01 4.619260616345930259e+01
6.787600083304658938e+02 1.037792480422508601e-01 4.607284088728447813e+01
6.770107547726749999e+02 1.039367591395724405e-01 4.595410513407200881e+01
6.752766481720544789e+02 1.040942702368940070e-01 4.583639752532749867e+01
6.735576675928250552e+02 1.042517813342155736e-01 4.571971663997307900e+01
6.718537914981533277e+02 1.044092924315371540e-01 4.560406101613256169e+01
6.701649977759331023e+02 1.045668035288587205e-01 4.548942915288139943e+01
6.684912637641036781e+02 1.047243146261803010e-01 4.537581951196526830e+01
6.668325662754600671e+02 1.048818257235018675e-01 4.526323051948413934e+01
6.651888816219941418e+02 1.050393368208234340e-01 4.515166056754446089e+01
6.635601856387831958e+02 1.051968479181450145e-01 4.504110801588070245e+01
6.619464537074120472e+02 1.053543590154665810e-01 4.493157119344523664e+01
6.603476607789355057e+02 1.055118701127881475e-01 4.482304839996687207e+01
6.587637813964058751e+02 1.056693812101097280e-01 4.471553790748011181e+01
6.571947870086057719e+02 1.058268923074312945e-01 4.460903777798667136e+01
6.556406031793438842e+02 1.059844034047528749e-01 4.450354295891018097e+01
6.541011182199664518e+02 1.061419145020744415e-01 4.439904586905328898e+01
6.525762205210148750e+02 1.062994255993960080e-01 4.429553893259429742e+01
6.510657997072974013e+02 1.064569366967175884e-01 4.419301465749092017e+01
6.495697466236432547e+02 1.066144477940391549e-01 4.409146563451345457e+01
6.480879533208446901e+02 1.067719588913607354e-01 4.399088453629053674e+01
6.466203130417596867e+02 1.069294699886823019e-01 4.389126411636571135e+01
6.451667202076421290e+02 1.070869810860038684e-01 4.379259720826969726e+01
6.437270704046177343e+02 1.072444921833254489e-01 4.369487672460228112e+01
6.423012603703496097e+02 1.074020032806470154e-01 4.359809565612726345e+01
6.408891879808888916e+02 1.075595143779685958e-01 4.350224707087991760e+01
6.394907522376922770e+02 1.077170254752901624e-01 4.340732411328571061e+01
6.381058532548055382e+02 1.078745365726117289e-01 4.331332000329042842e+01
6.367343922462248429e+02 1.080320476699333093e-01 4.322022803550217418e+01
6.353762715134241716e+02 1.081895587672548759e-01 4.312804157834487739e+01
6.340313944330443974e+02 1.083470698645764424e-01 4.303675407322256063e+01
6.326996654447397077e+02 1.085045809618980228e-01 4.294635903369442076e+01
6.313809900391933070e+02 1.086620920592195894e-01 4.285685004466138537e+01
6.300752747462825027e+02 1.088196031565411698e-01 4.276822076156273056e+01
6.287824271234081834e+02 1.089771142538627363e-01 4.268046490958391104e+01
6.275023557439632214e+02 1.091346253511843029e-01 4.259357628287386177e+01
6.262349701859703828e+02 1.092921364485058833e-01 4.250754874377373227e+01
6.249801810208463166e+02 1.094496475458274498e-01 4.242237622205424685e+01
6.237378998023360737e+02 1.096071586431490302e-01 4.233805271416453309e+01
6.225080390555744998e+02 1.097646697404705968e-01 4.225457228248964725e+01
6.212905122663024713e+02 1.099221808377921633e-01 4.217192905461871533e+01
6.200852338702052293e+02 1.100796919351137437e-01 4.209011722262103916e+01
6.188921192424195397e+02 1.102372030324353103e-01 4.200913104233402606e+01
6.177110846871499916e+02 1.103947141297568907e-01 4.192896483265831620e+01
6.165420474274269509e+02 1.105522252270784572e-01 4.184961297486250231e+01
6.153849255950145789e+02 1.107097363244000238e-01 4.177106991189821628e+01
6.142396382204245810e+02 1.108672474217216042e-01 4.169333014772220736e+01
6.131061052230703581e+02 1.110247585190431707e-01 4.161638824662812652e+01
6.119842472662644468e+02 1.111822696163647373e-01 4.154023882340386820e+01
6.108739579713846979e+02 1.113397807136863177e-01 4.146487465728620236e+01
6.097750705418070538e+02 1.114972918110078842e-01 4.139028442646146999e+01
6.086874121540801070e+02 1.116548029083294646e-01 4.131645640002733444e+01
6.076108123170118915e+02 1.118123140056510312e-01 4.124337900539040191e+01
6.065451028312743347e+02 1.119698251029725977e-01 4.117104082552441469e+01
6.054901177498416018e+02 1.121273362002941781e-01 4.109943059628468376e+01
6.044456933392547171e+02 1.122848472976157447e-01 4.102853720377893154e+01
6.034116680417049565e+02 1.124423583949373251e-01 4.095834968179364921e+01
6.023878824378989520e+02 1.125998694922588916e-01 4.088885720927323320e+01
6.013741792106950470e+02 1.127573805895804582e-01 4.082004910785201446e+01
6.003704031095109031e+02 1.129148916869020386e-01 4.075191483943795134e+01
5.993764009154384667e+02 1.130724027842236051e-01 4.068444400384503723e+01
5.983920214071159762e+02 1.132299138815451855e-01 4.061762633647656173e+01
5.974171153272719721e+02 1.133874249788667521e-01 4.055145170605425164e+01
5.964515353499909907e+02 1.135449360761883186e-01 4.048591011239638959e+01
5.954951360486151088e+02 1.137024471735098990e-01 4.042099168423887789e+01
5.945477738643446628e+02 1.138599582708314656e-01 4.035668667710405799e+01
5.936093070754466225e+02 1.140174693681530321e-01 4.029298547121058505e+01
5.926795957671178030e+02 1.141749804654746125e-01 4.022987856942788198e+01
5.917585018019536847e+02 1.143324915627961791e-01 4.016735659527147106e+01
5.908458887910162503e+02 1.144900026601177595e-01 4.010541029093923271e+01
5.899416220654987910e+02 1.146475137574393260e-01 4.004403051538805869e+01
5.890455686489557365e+02 1.148050248547608926e-01 3.998320824244886040e+01
5.881575972301118327e+02 1.149625359520824730e-01 3.992293455898086307e+01
5.872775781361980307e+02 1.151200470494040395e-01 3.986320066306174681e+01
5.864053833068485346e+02 1.152775581467256200e-01 3.980399786221587988e+01
5.855408862685138729e+02 1.154350692440471865e-01 3.974531757167741119e+01
5.846839621093897676e+02 1.155925803413687530e-01 3.968715131268861285e+01
5.838344874548494090e+02 1.157500914386903335e-01 3.962949071083215102e+01
5.829923404433693577e+02 1.159076025360119000e-01 3.957232749439714325e+01
5.821574007029456652e+02 1.160651136333334804e-01 3.951565349277818484e+01
5.813295493279642869e+02 1.162226247306550470e-01 3.945946063490540467e+01
5.805086688565523900e+02 1.163801358279766135e-01 3.940374094770718472e+01
5.796946432483700846e+02 1.165376469252981939e-01 3.934848655460259437e+01
5.788873578628397354e+02 1.166951580226197605e-01 3.929368967402378132e+01
5.780866994332378681e+02 1.168526691199413270e-01 3.923934261765720777e+01
5.772925422158448328e+02 1.170101802172629074e-01 3.918543685027642454e+01
5.765047177987954683e+02 1.171676913145844739e-01 3.913196094042853446e+01
5.757230510603199036e+02 1.173252024119060544e-01 3.907890300120602944e+01
5.749473690603762179e+02 1.174827135092276209e-01 3.902625129379260471e+01
5.741775010069616201e+02 1.176402246065491874e-01 3.897399422517653989e+01
5.734132782232702539e+02 1.177977357038707679e-01 3.892212034592126457e+01
5.726545341156667064e+02 1.179552468011923344e-01 3.887061834799158788e+01
5.719011041424595305e+02 1.181127578985139148e-01 3.881947706263409259e+01
5.711528257834648912e+02 1.182702689958354814e-01 3.876868545831114687e+01
5.704095385103178160e+02 1.184277800931570479e-01 3.871823263868572695e+01
5.696710837575392361e+02 1.185852911904786283e-01 3.866810784065745565e+01
5.689373048943255071e+02 1.187428022878001949e-01 3.861830043244781052e+01
5.682080471970407416e+02 1.189003133851217753e-01 3.856879991173288857e+01
5.674831578223994484e+02 1.190578244824433418e-01 3.851959590382310950e+01
5.667624857813352719e+02 1.192153355797649084e-01 3.847067815988952333e+01
5.660458819135056956e+02 1.193728466770864888e-01 3.842203655523321260e+01
5.653331988624603355e+02 1.195303577744080553e-01 3.837366108759975702e+01
5.646242910514192772e+02 1.196878688717296219e-01 3.832554187553511582e+01
5.639190146596608884e+02 1.198453799690512023e-01 3.827766915678292037e+01
5.632172275995179689e+02 1.200028910663727688e-01 3.823003328672297130e+01
5.625187894939410853e+02 1.201604021636943492e-01 3.818262473684831093e+01
5.618235616546347728e+02 1.203179132610159158e-01 3.813543409328114819e+01
5.611314070607454596e+02 1.204754243583374823e-01 3.808845205532623623e+01
5.604421903380933827e+02 1.206329354556590627e-01 3.804166943406114143e+01
5.597557777389112061e+02 1.207904465529806293e-01 3.799507715096108029e+01
5.590720371221237883e+02 1.209479576503022097e-01 3.794866623656010773e+01
5.583908379341060026e+02 1.211054687476237762e-01 3.790242782914525321e+01
5.577120511899419171e+02 1.212629798449453428e-01 3.785635317348426554e+01
5.570355494551439506e+02 1.214204909422669232e-01 3.781043361958482762e+01
5.563612068278596325e+02 1.215780020395884897e-01 3.776466062148671199e+01
5.556888989215043466e+02 1.217355131369100563e-01 3.771902573608302589e+01
5.550185028478648519e+02 1.218930242342316367e-01 3.767352062197322482e+01
5.543498972005997985e+02 1.220505353315532032e-01 3.762813703834319767e+01
5.536829620391888511e+02 1.222080464288747836e-01 3.758286684387579157e+01
5.530175788732766478e+02 1.223655575261963502e-01 3.753770199568806021e+01
5.523536306474181856e+02 1.225230686235179167e-01 3.749263454829583964e+01
5.516910017262102883e+02 1.226805797208394971e-01 3.744765665260450760e+01
5.510295778776741145e+02 1.228380908181610637e-01 3.740276055478106088e+01
5.503692431888540568e+02 1.229956019154826441e-01 3.735793838689112789e+01
5.497098739832144929e+02 1.231531130128042106e-01 3.731318175402449810e+01
5.490513463935923255e+02 1.233106241101257772e-01 3.726848224833148038e+01
5.483935380760666476e+02 1.234681352074473576e-01 3.722383156535703108e+01
5.477363281956854735e+02 1.236256463047689241e-01 3.717922150307177986e+01
5.470795974125711609e+02 1.237831574020905046e-01 3.713464396092898312e+01
5.464232278684334005e+02 1.239406684994120711e-01 3.709009093894891862e+01
5.457671031734346343e+02 1.240981795967336376e-01 3.704555453682759492e+01
5.451111083934302997e+02 1.242556906940552180e-01 3.700102695307029421e+01
5.444551300375585470e+02 1.244132017913767846e-01 3.695650048414953659e+01
5.437990560461720406e+02 1.245707128886983511e-01 3.691196752368566791e+01
5.431427757791115027e+02 1.247282239860199315e-01 3.686742056165101644e+01
5.424861800042948516e+02 1.248857350833414981e-01 3.682285218359527335e+01
5.418291608866345541e+02 1.250432461806630924e-01 3.677825506989329796e+01
5.411716119772435150e+02 1.252007572779846589e-01 3.673362199501238479e+01
5.405134282029671340e+02 1.253582683753062255e-01 3.668894582680174921e+01
5.398545058561751375e+02 1.255157794726277920e-01 3.664421952579957065e+01
5.391947425848566127e+02 1.256732905699493585e-01 3.659943614456074101e+01
5.385340373829792497e+02 1.258308016672709251e-01 3.655458882700241929e+01
5.378722905811226838e+02 1.259883127645924916e-01 3.650967080776818108e+01
5.372094038373545573e+02 1.261458238619140859e-01 3.646467541160888715e+01
5.365452801283731787e+02 1.263033349592356525e-01 3.641959605278124457e+01
5.358798237408817613e+02 1.264608460565572190e-01 3.637442623446252554e+01
5.352129402632031088e+02 1.266183571538787855e-01 3.632915954818111715e+01
5.345445365771219031e+02 1.267758682512003521e-01 3.628378967326311511e+01
5.338745208499435648e+02 1.269333793485219464e-01 3.623831037629305740e+01
5.332028025267765088e+02 1.270908904458435129e-01 3.619271551059014058e+01
5.325292923230101678e+02 1.272484015431650795e-01 3.614699901569759533e+01
5.318539022169973123e+02 1.274059126404866460e-01 3.610115491688613787e+01
5.311765454429449846e+02 1.275634237378082125e-01 3.605517732467118464e+01
5.304971364839653916e+02 1.277209348351298068e-01 3.600906043434133608e+01
5.298155910653302954e+02 1.278784459324513734e-01 3.596279852550042477e+01
5.291318261478954810e+02 1.280359570297729399e-01 3.591638596162123775e+01
5.284457599216880226e+02 1.281934681270945064e-01 3.586981718961013854e+01
5.277573117996606697e+02 1.283509792244160730e-01 3.582308673938318577e+01
5.270664024116133533e+02 1.285084903217376673e-01 3.577618922345362762e+01
5.263729535982458856e+02 1.286660014190592338e-01 3.572911933652799377e+01
5.256768884053752799e+02 1.288235125163808004e-01 3.568187185511377635e+01
5.249781310782841501e+02 1.289810236137023669e-01 3.563444163713574397e+01
5.242766070872628461e+02 1.291385347110239334e-01 3.558682362366963758e+01
5.235722522574128561e+02 1.292960458083455277e-01 3.553901345865460826e+01
5.228650253197401980e+02 1.294535569056670943e-01 3.549100834083581901e+01
5.221548889732305270e+02 1.296110680029886608e-01 3.544280573829668413e+01
5.214418066567518508e+02 1.297685791003102274e-01 3.539440316934233977e+01
5.207257425455542261e+02 1.299260901976317939e-01 3.534579820226208824e+01
5.200066615478129961e+02 1.300836012949533882e-01 3.529698845509460625e+01
5.192845293012013599e+02 1.302411123922749547e-01 3.524797159539546954e+01
5.185593121694912497e+02 1.303986234895965213e-01 3.519874534000634725e+01
5.178309772391889965e+02 1.305561345869180878e-01 3.514930745482655539e+01
5.170994923161908901e+02 1.307136456842396544e-01 3.509965575458623732e+01
5.163648259224693220e+02 1.308711567815612486e-01 3.504978810262127809e+01
5.156269472927872357e+02 1.310286678788828152e-01 3.499970241065026499e+01
5.148858263714215582e+02 1.311861789762043817e-01 3.494939663855225120e+01
5.141414338089265357e+02 1.313436900735259483e-01 3.489886879414687115e+01
5.133937409589027538e+02 1.315012011708475148e-01 3.484811693297515944e+01
5.126427198747871898e+02 1.316587122681690813e-01 3.479713915808154212e+01
5.118883433066721977e+02 1.318162233654906756e-01 3.474593361979807327e+01
5.111305846981234140e+02 1.319737344628122422e-01 3.469449851552828790e+01
5.103694181830257435e+02 1.321312455601338087e-01 3.464283208953320070e+01
5.096048185824298571e+02 1.322887566574553753e-01 3.459093263271727636e+01
5.088367614014293849e+02 1.324462677547769418e-01 3.453879848241631834e+01
5.080652228260324250e+02 1.326037788520985361e-01 3.448642802218532211e+01
5.072901797200494229e+02 1.327612899494201026e-01 3.443381968158703188e+01
5.065116096219938413e+02 1.329188010467416692e-01 3.438097193598171941e+01
5.057294907419770311e+02 1.330763121440632357e-01 3.432788330631630203e+01
5.049438019586321502e+02 1.332338232413848023e-01 3.427455235891560648e+01
5.041545228160199486e+02 1.333913343387063966e-01 3.422097770527230409e+01
5.033616335205548467e+02 1.335488454360279631e-01 3.416715800183831675e+01
5.025651149379261255e+02 1.337063565333495296e-01 3.411309194981578230e+01
5.017649485900294053e+02 1.338638676306710962e-01 3.405877829494874476e+01
5.009611166518949403e+02 1.340213787279926627e-01 3.400421582731473791e+01
5.001536019486088662e+02 1.341788898253142570e-01 3.394940338111575784e+01
4.993423879522591164e+02 1.343364009226358236e-01 3.389433983447090526e+01
4.985274587788449026e+02 1.344939120199573901e-01 3.383902410920671855e+01
4.977087991852157529e+02 1.346514231172789566e-01 3.378345517064934000e+01
4.968863945659898604e+02 1.348089342146005232e-01 3.372763202741529653e+01
4.960602309504799905e+02 1.349664453119221175e-01 3.367155373120296957e+01
4.952302949996023358e+02 1.351239564092436840e-01 3.361521937658256576e+01
4.943965740027944094e+02 1.352814675065652505e-01 3.355862810078716763e+01
4.935590558749094043e+02 1.354389786038868171e-01 3.350177908350170242e+01
4.927177291531306764e+02 1.355964897012083836e-01 3.344467154665363040e+01
4.918725830886248218e+02 1.357540007985299779e-01 3.338730476063412311e+01
4.910236251789820585e+02 1.359115118958515445e-01 3.332967923436428492e+01
4.901709013805169093e+02 1.360690229931731110e-01 3.327179808726469901e+01
4.893144624527039923e+02 1.362265340904946775e-01 3.321366476478470275e+01
4.884543589184710299e+02 1.363840451878162441e-01 3.315528269631727198e+01
4.875906410629844459e+02 1.365415562851378384e-01 3.309665529511663351e+01
4.867233589324493437e+02 1.366990673824594049e-01 3.303778595821680142e+01
4.858525623329633731e+02 1.368565784797809715e-01 3.297867806635383658e+01
4.849783008293981652e+02 1.370140895771025380e-01 3.291933498388980439e+01
4.841006237443288569e+02 1.371716006744241045e-01 3.285976005874021411e+01
4.832195801569976652e+02 1.373291117717456711e-01 3.279995662230367515e+01
4.823352189023079291e+02 1.374866228690672654e-01 3.273992798939345761e+01
4.814475885698631146e+02 1.376441339663888319e-01 3.267967745817249892e+01
4.805567375030420294e+02 1.378016450637103985e-01 3.261920831009043553e+01
4.796627137980980820e+02 1.379591561610319650e-01 3.255852380982258154e+01
4.787655653033134513e+02 1.381166672583535315e-01 3.249762720521242443e+01
4.778653396181702533e+02 1.382741783556751258e-01 3.243652172721547089e+01
4.769620840925642256e+02 1.384316894529966924e-01 3.237521058984577138e+01
4.760558458260547923e+02 1.385892005503182589e-01 3.231369699012507368e+01
4.751466716671403105e+02 1.387467116476398254e-01 3.225198410803361782e+01
4.742346082125782232e+02 1.389042227449613920e-01 3.219007510646397918e+01
4.733197018067260160e+02 1.390617338422829863e-01 3.212797313117631148e+01
4.724019985409227615e+02 1.392192449396045528e-01 3.206568131075646022e+01
4.714815442529008465e+02 1.393767560369261194e-01 3.200320275657593072e+01
4.705583845262285081e+02 1.395342671342476859e-01 3.194054056275409081e+01
4.696325646897813044e+02 1.396917782315692524e-01 3.187769780612226356e+01
4.687041298172509300e+02 1.398492893288908467e-01 3.181467754619046318e+01
4.677731247266752348e+02 1.400068004262124133e-01 3.175148282511541709e+01
4.668395939800098517e+02 1.401643115235339798e-01 3.168811666767148694e+01
4.659035818827167645e+02 1.403218226208555464e-01 3.162458208122285441e+01
4.649651324833918125e+02 1.404793337181771129e-01 3.156088205569803407e+01
4.640242895734168087e+02 1.406368448154987072e-01 3.149701956356650712e+01
4.630810966866422973e+02 1.407943559128202737e-01 3.143299755981694332e+01
4.621355970990964579e+02 1.409518670101418403e-01 3.136881898193763973e+01
4.611878338287144175e+02 1.411093781074634068e-01 3.130448674989803237e+01
4.602378496351178114e+02 1.412668892047849734e-01 3.124000376613376062e+01
4.592856870193944587e+02 1.414244003021065677e-01 3.117537291553173162e+01
4.583313882239191912e+02 1.415819113994281342e-01 3.111059706541792025e+01
4.573749952321996943e+02 1.417394224967497007e-01 3.104567906554696322e+01
4.564165497687473589e+02 1.418969335940712673e-01 3.098062174809333769e+01
4.554560932989640492e+02 1.420544446913928338e-01 3.091542792764370873e+01
4.544936670290750271e+02 1.422119557887144281e-01 3.085010040119234276e+01
4.535293119060673348e+02 1.423694668860359946e-01 3.078464194813695798e+01
4.525630686176554036e+02 1.425269779833575612e-01 3.071905533027638313e+01
4.515949776011585755e+02 1.426844890806791277e-01 3.065334329241314748e+01
4.506250919726785469e+02 1.428420001780006943e-01 3.058750943995954330e+01
4.496535030855987429e+02 1.429995112753222608e-01 3.052155997379640695e+01
4.486803084514278908e+02 1.431570223726438551e-01 3.045550151280545847e+01
4.477056044306304443e+02 1.433145334699654216e-01 3.038934059773792029e+01
4.467294862374836839e+02 1.434720445672869882e-01 3.032308369154414862e+01
4.457520479450968764e+02 1.436295556646085547e-01 3.025673717971437782e+01
4.447733824905947131e+02 1.437870667619301213e-01 3.019030737063050296e+01
4.437935816804429692e+02 1.439445778592517156e-01 3.012380049592763953e+01
4.428127361959295172e+02 1.441020889565732821e-01 3.005722271086609254e+01
4.418309355987879599e+02 1.442596000538948486e-01 2.999058009471313824e+01
4.408482683369425672e+02 1.444171111512164152e-01 2.992387865113294509e+01
4.398648217504104991e+02 1.445746222485379817e-01 2.985712430858720978e+01
4.388806820773115192e+02 1.447321333458595760e-01 2.979032292074310106e+01
4.378959344600066288e+02 1.448896444431811426e-01 2.972348026688990785e+01
4.369106629513597682e+02 1.450471555405027091e-01 2.965660205236411429e+01
4.359249505211040514e+02 1.452046666378242756e-01 2.958969390898144169e+01
4.349388790623281125e+02 1.453621777351458422e-01 2.952276139547726785e+01
4.339525293980547076e+02 1.455196888324674365e-01 2.945580999795302191e+01
4.329659812879341416e+02 1.456771999297890030e-01 2.938884513033060486e+01
4.319793134350168771e+02 1.458347110271105695e-01 2.932187213481210364e+01
4.309926034926411376e+02 1.459922221244321361e-01 2.925489628234726425e+01
4.300059280713864496e+02 1.461497332217537026e-01 2.918792277310549110e+01
4.290193627461239316e+02 1.463072443190752969e-01 2.912095673695445441e+01
4.280329820631453117e+02 1.464647554163968635e-01 2.905400323394395912e+01
4.270468595473663527e+02 1.466222665137184300e-01 2.898706725479484803e+01
4.260610677096069594e+02 1.467797776110399965e-01 2.892015372139328733e+01
4.250756780539354622e+02 1.469372887083615631e-01 2.885326748728912349e+01
4.240907610850807146e+02 1.470947998056831574e-01 2.878641333819915715e+01
4.231063863159083667e+02 1.472523109030047239e-01 2.871959599251450257e+01
4.221226222749563135e+02 1.474098220003262905e-01 2.865282010181213579e+01
4.211395365140191984e+02 1.475673330976478570e-01 2.858609025136967574e+01
4.201571956157932277e+02 1.477248441949694235e-01 2.851941096068436110e+01
4.191756652015617419e+02 1.478823552922910178e-01 2.845278668399465261e+01
4.181950099389345610e+02 1.480398663896125844e-01 2.838622181080563678e+01
4.172152935496256418e+02 1.481973774869341509e-01 2.831972066641687391e+01
4.162365788172651264e+02 1.483548885842557175e-01 2.825328751245279335e+01
4.152589275952627759e+02 1.485123996815772840e-01 2.818692654739628267e+01
4.142824008146861274e+02 1.486699107788988505e-01 2.812064190712357359e+01
4.133070584921827049e+02 1.488274218762204448e-01 2.805443766544194872e+01
4.123329597379331517e+02 1.489849329735420114e-01 2.798831783462953382e+01
4.113601627636115268e+02 1.491424440708635779e-01 2.792228636597569036e+01
4.103887248903905061e+02 1.492999551681851444e-01 2.785634715032438535e+01
4.094187025569464140e+02 1.494574662655067110e-01 2.779050401861747588e+01
4.084501513275041020e+02 1.496149773628283053e-01 2.772476074244089972e+01
4.074831258998740395e+02 1.497724884601498718e-01 2.765912103457014837e+01
4.065176801135184519e+02 1.499299995574714384e-01 2.759358854951778994e+01
4.055538687558854463e+02 1.500875106547930049e-01 2.752816700614370760e+01
4.045917627492839301e+02 1.502450217521145714e-01 2.746286121850915762e+01
4.036314412433147822e+02 1.504025328494361657e-01 2.739767655912715583e+01
4.026729822189655579e+02 1.505600439467577323e-01 2.733261832118757795e+01
4.017164624015565551e+02 1.507175550440792988e-01 2.726769171264826497e+01
4.007619572733917721e+02 1.508750661414008654e-01 2.720290185709357544e+01
3.998095410864555674e+02 1.510325772387224319e-01 2.713825379459630938e+01
3.988592868751383094e+02 1.511900883360440262e-01 2.707375248258151501e+01
3.979112664690177326e+02 1.513475994333655927e-01 2.700940279669396560e+01
3.969655505056508105e+02 1.515051105306871593e-01 2.694520953166655985e+01
3.960222084433970622e+02 1.516626216280087258e-01 2.688117740219061602e+01
3.950813085742785802e+02 1.518201327253302924e-01 2.681731104378894059e+01
3.941429180368297125e+02 1.519776438226518867e-01 2.675361501368787032e+01
3.932071028289835795e+02 1.521351549199734532e-01 2.669009379169213148e+01
3.922739278209583631e+02 1.522926660172950197e-01 2.662675178105940788e+01
3.913434567681421186e+02 1.524501771146165863e-01 2.656359330937502605e+01
3.904157523239920806e+02 1.526076882119381528e-01 2.650062262942751090e+01
3.894908760529180540e+02 1.527651993092597471e-01 2.643784392008306128e+01
3.885688884431719998e+02 1.529227104065813136e-01 2.637526128716046614e+01
3.876498489197114736e+02 1.530802215039028802e-01 2.631287876430430472e+01
3.867338158570681799e+02 1.532377326012244467e-01 2.625070031385838121e+01
3.858208465921821926e+02 1.533952436985460133e-01 2.618872982773687852e+01
3.849109974372340730e+02 1.535527547958676076e-01 2.612697112829543045e+01
3.840043236924369694e+02 1.537102658931891741e-01 2.606542796919938354e+01
3.831008796588097312e+02 1.538677769905107406e-01 2.600410403629081557e+01
3.822007186509281951e+02 1.540252880878323072e-01 2.594300294845407251e+01
3.813038930096302010e+02 1.541827991851538737e-01 2.588212825847818266e+01
3.804104541146986662e+02 1.543403102824754403e-01 2.582148345391765787e+01
3.795204523975017423e+02 1.544978213797970346e-01 2.576107195795065508e+01
3.786339373535899426e+02 1.546553324771186011e-01 2.570089713023386579e+01
3.777509575552599017e+02 1.548128435744401676e-01 2.564096226775543386e+01
3.768715606640687383e+02 1.549703546717617342e-01 2.558127060568435951e+01
3.759957934432981688e+02 1.551278657690833007e-01 2.552182531821653555e+01
3.751237017703761012e+02 1.552853768664048950e-01 2.546262951941794483e+01
3.742553306492430352e+02 1.554428879637264616e-01 2.540368626406398178e+01
3.733907242226687231e+02 1.556003990610480281e-01 2.534499854847557643e+01
3.725299257845099419e+02 1.557579101583695946e-01 2.528656931135116182e+01
3.716729777919148887e+02 1.559154212556911612e-01 2.522840143459510642e+01
3.708199218774650490e+02 1.560729323530127555e-01 2.517049774414186558e+01
3.699707988612618124e+02 1.562304434503343220e-01 2.511286101077644162e+01
3.691256487629449907e+02 1.563879545476558885e-01 2.505549395095008691e+01
3.682845108136585850e+02 1.565454656449774551e-01 2.499839922759262834e+01
3.674474234679310598e+02 1.567029767422990216e-01 2.494157945091880890e+01
3.666144244155197498e+02 1.568604878396206159e-01 2.488503717923223135e+01
3.657855505931541984e+02 1.570179989369421825e-01 2.482877491972253736e+01
3.649608381962366366e+02 1.571755100342637490e-01 2.477279512925962024e+01
3.641403226904564576e+02 1.573330211315853155e-01 2.471710021518190459e+01
3.633240388233426188e+02 1.574905322289068821e-01 2.466169253608057232e+01
3.625120206357387929e+02 1.576480433262284764e-01 2.460657440257845963e+01
3.617042988087163735e+02 1.578055544235500429e-01 2.455174789724393136e+01
3.609008920329112016e+02 1.579630655208716095e-01 2.449721428875912821e+01
3.601018155139039436e+02 1.581205766181931760e-01 2.444297460924774512e+01
3.601018155139039436e+02 1.581205766181931760e-01 2.444297460924774512e+01
2.713490425503358665e+02 1.826842454521749870e-01 1.744284491936285875e+01
2.219225018098349267e+02 2.073525430377324841e-01 1.233470608845008876e+01
1.692722419950841299e+02 2.322407203492417860e-01 9.000703509715526351e+00
1.421258440582734295e+02 2.568837818198746459e-01 7.604231644353030006e+00
1.158450172031032679e+02 2.811184729179193598e-01 4.362048475276255388e+00
9.687117368353301572e+01 3.057758170190760794e-01 3.008639228770256135e+00
8.123166021605705112e+01 3.308749588216616799e-01 2.754671308656847284e+00
6.864837347385126520e+01 3.553458836143503774e-01 2.109717260651816417e+00
5.985426741888671387e+01 3.797183506574301481e-01 1.797823767126170535e+00
5.126508641415421863e+01 4.042043120935024936e-01 1.337180568726035190e+00
4.501232931975575013e+01 4.287407985369371399e-01 8.932540066337987250e-01
3.981715198191834304e+01 4.533371424922238990e-01 7.255834321721936764e-01
3.484801899880078935e+01 4.779959634912051558e-01 7.556901756228987521e-01
3.111991328453937555e+01 5.026629933946460405e-01 6.071999833284221770e-01
2.803528362153357634e+01 5.271487506500315279e-01 6.601333395880043531e-01
2.553942591179356825e+01 5.515427964227138657e-01 3.818018046275327704e-01
2.331056945583035400e+01 5.762240530263548210e-01 3.222529041448796705e-01
2.112929288629521452e+01 6.007285446297923048e-01 2.682088071229742909e-01
1.931478387469909919e+01 6.252568531449649303e-01 3.466868262810759438e-01
1.809214547559943398e+01 6.499965502683907603e-01 2.600451869620646894e-01
1.694209694743943118e+01 6.746857991314229031e-01 3.397240531282449405e-01
1.607435426089685038e+01 6.991270364754236244e-01 2.169515697619698869e-01
1.533321742227401785e+01 7.235756604093172006e-01 2.146122232315095801e-01
1.502587183873021104e+01 7.479714013051395050e-01 2.317912115606458046e-01
1.483860171919823578e+01 7.726132299420060967e-01 2.491130917981493886e-01
1.453642441543643749e+01 7.972349387995918413e-01 2.328453158348321173e-01
1.389942091159245763e+01 8.217736356692634248e-01 2.386172899936508662e-01
1.335745527889354634e+01 8.463200505719705724e-01 1.517981413393888757e-01
1.292123606482127407e+01 8.708218859006343626e-01 2.605599836504803868e-01
1.271815345652803231e+01 8.954790463233904818e-01 2.030762045072906918e-01
1.247680372497746859e+01 9.199626960429320155e-01 9.547681473285338227e-02
1.253407887865128068e+01 9.443606208269833546e-01 1.982908241585543407e-01
1.262255742280242998e+01 9.688687146412832130e-01 1.077207074883624743e-01
1.288975885406282629e+01 9.930926048855095445e-01 1.511504582825443643e-01
1.348104376917992830e+01 1.017620455362175491e+00 2.654223694895344043e-01
1.406735278525347432e+01 1.042409919186157552e+00 2.503435496980937480e-01
1.486598657434131532e+01 1.066789561870425063e+00 3.034921903467646676e-01
1.582414514054081423e+01 1.090909765172895618e+00 4.429578039831877367e-01
1.640487275703845427e+01 1.115651582439790346e+00 4.154681566828636874e-01
1.764242824811719146e+01 1.140641543091339027e+00 4.849181383203822748e-01
1.968228125558460562e+01 1.164692026865203012e+00 7.847738045885008784e-01
2.153687256695640073e+01 1.188605021497627590e+00 8.470900600042845507e-01
2.409417625567680687e+01 1.214006438167991364e+00 1.355327553501652016e+00
2.823737369401899144e+01 1.240498485730926914e+00 1.537837198918999171e+00
3.262731586818589591e+01 1.264816150349954427e+00 1.866030051848822424e+00
3.932095496276375002e+01 1.284554513240047102e+00 4.048928609266189582e+00
4.082433773151683454e+01 1.309527810458392949e+00 6.236975530543646506e+00
5.675166824442960234e+01 1.335814856768205550e+00 1.455141442612295677e+01
1.051374308585199344e+02 1.360349523175663267e+00 1.805774479950972022e+02
