6.217452177047907469e+01 7.669903939428205850e-04 4.210113108824337758e+00
7.410592051240857359e+01 9.245014912643925459e-04 5.018041128527391592e+00
8.581702992609959324e+01 1.082012588585964507e-03 5.811052379075795749e+00
9.730855736658455157e+01 1.239523685907536251e-03 6.589194758621557568e+00
1.085803419629122146e+02 1.397034783229108429e-03 7.352457373877822278e+00
1.196318273639597294e+02 1.554545880550680173e-03 8.100802551838205190e+00
1.304627129064639917e+02 1.712056977872252134e-03 8.834209933257326952e+00
1.410729522301571421e+02 1.869568075193824095e-03 9.552676378875471386e+00
1.514631208202538915e+02 2.027079172515396273e-03 1.025624085735338831e+01
1.616337933081852043e+02 2.184590269836968017e-03 1.094494227953835086e+01
1.715864716154866585e+02 2.342101367158539761e-03 1.161888234721051916e+01
1.813226787228022374e+02 2.499612464480111939e-03 1.227816418815586630e+01
1.908441903609866586e+02 2.657123561801683683e-03 1.292290804500008505e+01
2.001534044130079337e+02 2.814634659123255861e-03 1.355327628905267900e+01
2.092528400096524024e+02 2.972145756444827605e-03 1.416943950185161150e+01
2.181449833498800217e+02 3.129656853766399783e-03 1.477156603497458498e+01
2.268326693474003264e+02 3.287167951087971527e-03 1.535984785302431632e+01
2.353190192279849953e+02 3.444679048409543271e-03 1.593449630806532547e+01
2.436071629705797932e+02 3.602190145731115449e-03 1.649572334487843861e+01
2.517001438955402080e+02 3.759701243052687193e-03 1.704373504020633945e+01
2.596011606545638983e+02 3.917212340374259805e-03 1.757874798896696689e+01
2.673135441374855077e+02 4.074723437695831549e-03 1.810098774051011006e+01
2.748407158670177637e+02 4.232234535017403293e-03 1.861068598134037089e+01
2.821860129654795060e+02 4.389745632338975037e-03 1.910806868283669857e+01
2.893526600724637206e+02 4.547256729660546781e-03 1.959335419967292680e+01
2.963439274692681806e+02 4.704767826982118525e-03 2.006676397712550042e+01
3.031631213510004272e+02 4.862278924303691137e-03 2.052852189235449387e+01
3.098135669116039708e+02 5.019790021625262881e-03 2.097885310901554590e+01
3.162985920643750433e+02 5.177301118946834625e-03 2.141798297490380421e+01
3.226214120708421547e+02 5.334812216268406369e-03 2.184612920966267069e+01
3.287850861830478379e+02 5.492323313589978981e-03 2.226349896884013546e+01
3.347926618003923522e+02 5.649834410911550725e-03 2.267029860538908181e+01
3.406471782750015791e+02 5.807345508233122469e-03 2.306673392734572303e+01
3.463516593789885292e+02 5.964856605554694213e-03 2.345300968775438122e+01
3.519091069489236361e+02 6.122367702876265957e-03 2.382932915430630771e+01
3.573224955409743302e+02 6.279878800197838569e-03 2.419589374741547516e+01
3.625947375781870505e+02 6.437389897519410313e-03 2.455290068018616978e+01
3.677285391039383171e+02 6.594900994840982057e-03 2.490053319083831340e+01
3.727265238752548839e+02 6.752412092162553801e-03 2.523896894561746151e+01
3.775912963353458736e+02 6.909923189484126413e-03 2.556838430294476083e+01
3.823254380861085338e+02 7.067434286805698157e-03 2.588895407455468600e+01
3.869315047998910018e+02 7.224945384127269901e-03 2.620085131637669562e+01
3.914120235963377468e+02 7.382456481448841645e-03 2.650424715090985472e+01
3.957694908273032297e+02 7.539967578770413389e-03 2.679931061722943753e+01
4.000063702201837259e+02 7.697478676091986001e-03 2.708620854526373734e+01
4.041250765695993437e+02 7.854989773413558612e-03 2.736510445148534032e+01
4.081278236492754559e+02 8.012500870735128622e-03 2.763614824034894113e+01
4.120166982635356590e+02 8.170011968056702101e-03 2.789948121864688346e+01
4.157937698559092041e+02 8.327523065378272110e-03 2.815524351759504285e+01
4.194610903459500832e+02 8.485034162699845589e-03 2.840357408178302379e+01
4.230206923955468028e+02 8.642545260021415598e-03 2.864461055177837423e+01
4.264745879004360631e+02 8.800056357342989077e-03 2.887848916198021954e+01
4.298247666837355609e+02 8.957567454664562556e-03 2.910534465215258138e+01
4.330731953707932576e+02 9.115078551986132566e-03 2.932531019123544880e+01
4.362218164267922020e+02 9.272589649307706045e-03 2.953851731217667265e+01
4.392725473405564571e+02 9.430100746629276054e-03 2.974509585666389100e+01
4.422272777742726362e+02 9.587611843950849533e-03 2.994517378211948255e+01
4.450877535015452509e+02 9.745122941272419542e-03 3.013886930263061359e+01
4.478555281019316112e+02 9.902634038593993021e-03 3.032628761797165140e+01
4.505321344012778013e+02 1.006014513591556303e-02 3.050753252259092463e+01
4.531190981768988877e+02 1.021765623323713651e-02 3.068270733364942160e+01
4.556179368376768934e+02 1.037516733055870999e-02 3.085191480164435518e+01
4.580301582335833928e+02 1.053267842788028000e-02 3.101525702979662924e+01
4.603572595838442680e+02 1.069018952520185348e-02 3.117283540147215604e+01
4.626007265138449043e+02 1.084770062252342349e-02 3.132475051496634322e+01
4.647620321917787010e+02 1.100521171984499696e-02 3.147110212504284377e+01
4.668426365568570873e+02 1.116272281716656697e-02 3.161198909067210039e+01
4.688439856315441716e+02 1.132023391448814045e-02 3.174750932845983797e+01
4.707675109109776486e+02 1.147774501180971046e-02 3.187775977130188920e+01
4.726146288232816346e+02 1.163525610913128394e-02 3.200283633183970977e+01
4.743867366868062163e+02 1.179276720645285742e-02 3.212283362870701353e+01
4.760850899384798254e+02 1.195027830377442743e-02 3.223783667311612788e+01
4.777107804872470638e+02 1.210778940109600091e-02 3.234791940307299285e+01
4.792648919457407715e+02 1.226530049841757092e-02 3.245315519480343625e+01
4.807485088143520215e+02 1.242281159573914440e-02 3.255361748464736138e+01
4.821627154038381491e+02 1.258032269306071441e-02 3.264937969610370772e+01
4.835085948376193983e+02 1.273783379038228789e-02 3.274051517227153596e+01
4.847872281283435427e+02 1.289534488770385789e-02 3.282709711332012859e+01
4.859996933236872678e+02 1.305285598502543137e-02 3.290919851864745027e+01
4.871470647167715811e+02 1.321036708234700485e-02 3.298689213341374682e+01
4.882304121168606343e+02 1.336787817966857486e-02 3.306025039915743946e+01
4.892508001764254004e+02 1.352538927699014834e-02 3.312934540822755025e+01
4.902092877707804632e+02 1.368290037431171835e-02 3.319424886177620238e+01
4.911069274269506764e+02 1.384041147163329183e-02 3.325503203108458905e+01
4.919447647985123808e+02 1.399792256895486184e-02 3.331176572200217123e+01
4.927238381834640677e+02 1.415543366627643532e-02 3.336452024229955526e+01
4.934451780823540048e+02 1.431294476359800533e-02 3.341336537174736776e+01
4.941098060513317023e+02 1.447045586091957881e-02 3.345837028445122741e+01
4.947186656844880872e+02 1.462796695824115228e-02 3.349959887535939629e+01
4.952725720766720769e+02 1.478547805556272229e-02 3.353710633816550768e+01
4.957723296272025095e+02 1.494298915288429577e-02 3.357094714232142252e+01
4.962187448798427454e+02 1.510050025020586578e-02 3.360117590248876951e+01
4.966126257797401991e+02 1.525801134752743926e-02 3.362784732822319000e+01
4.969547809758103085e+02 1.541552244484900927e-02 3.365101617673552425e+01
4.972460191660320561e+02 1.557303354217058275e-02 3.367073720855896823e+01
4.974871484832115698e+02 1.573054463949215276e-02 3.368706514595632484e+01
4.976789759189568940e+02 1.588805573681372624e-02 3.370005463391484568e+01
4.978223067837491840e+02 1.604556683413529972e-02 3.370976020358512670e+01
4.979179442010963612e+02 1.620307793145686973e-02 3.371623623802820191e+01
4.979666886339534244e+02 1.636058902877844320e-02 3.371953694014717939e+01
4.979693374415976450e+02 1.651810012610001321e-02 3.371971630268134845e+01
4.979266844653446924e+02 1.667561122342158669e-02 3.371682808015323474e+01
4.978395196415431201e+02 1.683312232074316017e-02 3.371092576266262597e+01
4.977086286403911686e+02 1.699063341806473018e-02 3.370206255142940677e+01
4.975347925291940214e+02 1.714814451538630366e-02 3.369029133599103432e+01
4.973187874587521264e+02 1.730565561270787367e-02 3.367566467296663291e+01
4.970613843716779456e+02 1.746316671002944715e-02 3.365823476630577460e+01
4.967633487314565173e+02 1.762067780735101716e-02 3.363805344894195315e+01
4.964254402412041713e+02 1.777818890467259064e-02 3.361517216374855366e+01
4.960484058389791358e+02 1.793570000199416065e-02 3.358964148922007098e+01
4.956329714270403883e+02 1.809321109931573412e-02 3.356151057942367544e+01
4.951798556671761276e+02 1.825072219663730760e-02 3.353082809814200260e+01
4.946897719420985027e+02 1.840823329395887761e-02 3.349764235168805016e+01
4.941634281393687047e+02 1.856574439128045109e-02 3.346200127427371740e+01
4.936015264512072918e+02 1.872325548860202110e-02 3.342395241445407095e+01
4.930047631894083224e+02 1.888076658592359458e-02 3.338354292259435852e+01
4.923738286145452889e+02 1.903827768324516459e-02 3.334081953930486009e+01
4.917094067787782592e+02 1.919578878056673807e-02 3.329582858479655272e+01
4.910121753815647594e+02 1.935329987788830808e-02 3.324861594911068607e+01
4.902828056375960841e+02 1.951081097520988156e-02 3.319922708317621840e+01
4.895219621563638839e+02 1.966832207253145504e-02 3.314770699065464044e+01
4.887303028327534662e+02 1.982583316985302505e-02 3.309410022053168632e+01
4.879084787480871341e+02 1.998334426717459852e-02 3.303845086041638979e+01
4.870571340811065397e+02 2.014085536449616853e-02 3.298080253051343647e+01
4.861769060283763224e+02 2.029836646181774201e-02 3.292119837823326378e+01
4.852684247336048315e+02 2.045587755913931202e-02 3.285968107340607958e+01
4.843323132254578809e+02 2.061338865646088550e-02 3.279629280407095138e+01
4.833691873633893010e+02 2.077089975378245551e-02 3.273107527280770768e+01
4.823796557910986280e+02 2.092841085110402899e-02 3.266406969358546775e+01
4.813643198971981860e+02 2.108592194842560247e-02 3.259531678909912245e+01
4.803237737827222418e+02 2.124343304574717248e-02 3.252485678856925944e+01
4.792586042351159108e+02 2.140094414306874596e-02 3.245272942598090538e+01
4.781693907083504769e+02 2.155845524039031597e-02 3.237897393873691243e+01
4.770567053088519174e+02 2.171596633771188944e-02 3.230362906670524836e+01
4.759211133352604861e+02 2.187347743503345945e-02 3.222673308876846932e+01
4.747632327373844987e+02 2.203098853235503293e-02 3.214832784905361507e+01
4.735837832271339494e+02 2.218849962967660294e-02 3.206846208245176655e+01
4.723834805750739179e+02 2.234601072699817642e-02 3.198718425696803891e+01
4.711630239304452630e+02 2.250352182431974990e-02 3.190454171510385706e+01
4.699230961642791158e+02 2.266103292164131991e-02 3.182058069709069414e+01
4.686643642070070541e+02 2.281854401896289339e-02 3.173534636375121565e+01
4.673874793805847503e+02 2.297605511628446340e-02 3.164888281898887001e+01
4.660930777250997039e+02 2.313356621360603688e-02 3.156123313190387591e+01
4.647817803198555566e+02 2.329107731092760689e-02 3.147243935853532548e+01
4.634541935989409467e+02 2.344858840824918036e-02 3.138254256322974811e+01
4.621109096612887583e+02 2.360609950557075037e-02 3.129158283963653275e+01
4.607525065752507771e+02 2.376361060289232385e-02 3.119959933133214136e+01
4.593795486777082715e+02 2.392112170021389733e-02 3.110663025207415089e+01
4.579925868677411813e+02 2.407863279753546734e-02 3.101271290568687533e+01
4.565921588949204875e+02 2.423614389485704082e-02 3.091788370558298737e+01
4.551787896422189306e+02 2.439365499217861083e-02 3.082217819392059255e+01
4.537529914036251739e+02 2.455116608950018431e-02 3.072563106040179903e+01
4.523152641564961414e+02 2.470867718682175432e-02 3.062827616071478687e+01
4.508660958286948812e+02 2.486618828414332780e-02 3.053014653462306427e+01
4.494059625605760289e+02 2.502369938146489781e-02 3.043127442370549929e+01
4.479353289618721874e+02 2.518121047878647129e-02 3.033169128875132259e+01
4.464546483635568279e+02 2.533872157610804476e-02 3.023142782681490814e+01
4.449643630647184409e+02 2.549623267342961477e-02 3.013051398793265179e+01
4.434649045745470062e+02 2.565374377075118825e-02 3.002897899150899264e+01
4.419566938494674559e+02 2.581125486807275826e-02 2.992685134237375166e+01
4.404401415254982908e+02 2.596876596539433174e-02 2.982415884651618754e+01
4.389156481459307884e+02 2.612627706271590175e-02 2.972092862650216105e+01
4.373836043843439825e+02 2.628378816003747523e-02 2.961718713657546687e+01
4.358443912630760906e+02 2.644129925735904524e-02 2.951296017745149669e+01
4.342983803672158842e+02 2.659881035468061872e-02 2.940827291080754691e+01
4.327459340541435608e+02 2.675632145200219220e-02 2.930314987347177080e+01
4.311874073545657780e+02 2.691383254932376221e-02 2.919761510615071032e+01
4.296232329899285105e+02 2.707134364664533568e-02 2.909169791033606600e+01
4.280539559442375435e+02 2.722885474396690569e-02 2.898543518931619190e+01
4.264801122577067645e+02 2.738636584128847917e-02 2.887886324075558164e+01
4.249022192523463559e+02 2.754387693861004918e-02 2.877201709482601544e+01
4.233207760787146867e+02 2.770138803593162266e-02 2.866493055122948519e+01
4.217362642491769975e+02 2.785889913325319267e-02 2.855763621530761753e+01
4.201491481578503340e+02 2.801641023057476615e-02 2.845016553324933284e+01
4.185598755874272570e+02 2.817392132789633963e-02 2.834254882641026896e+01
4.169688782030742686e+02 2.833143242521790964e-02 2.823481532475668487e+01
4.153765720336228355e+02 2.848894352253948312e-02 2.812699319944922038e+01
4.137833579402627606e+02 2.864645461986105313e-02 2.801910959457999795e+01
4.121896220729569222e+02 2.880396571718262660e-02 2.791119065807868793e+01
4.105957363148060608e+02 2.896147681450419661e-02 2.780326157180229529e+01
4.090020587145838817e+02 2.911898791182577009e-02 2.769534658082409351e+01
4.074089339076890042e+02 2.927649900914734010e-02 2.758746902193813355e+01
4.058166935257158343e+02 2.943401010646891358e-02 2.747965135139310178e+01
4.042256565949148239e+02 2.959152120379048706e-02 2.737191517187383383e+01
4.026361299237476601e+02 2.974903230111205707e-02 2.726428125874441122e+01
4.010484084797898277e+02 2.990654339843363055e-02 2.715676958556991849e+01
3.994627757561985959e+02 3.006405449575520056e-02 2.704939934893156561e+01
3.978795041279934708e+02 3.022156559307677404e-02 2.694218899255210786e+01
3.962988551983728485e+02 3.037907669039834405e-02 2.683515623074637091e+01
3.947210801353022021e+02 3.053658778771991752e-02 2.672831807121324488e+01
3.931464199985966843e+02 3.069409888504148753e-02 2.662169083718384854e+01
3.915751060577310341e+02 3.085160998236306101e-02 2.651529018894181888e+01
3.900073601005918817e+02 3.100912107968463102e-02 2.640913114473037382e+01
3.884433947334050004e+02 3.116663217700620450e-02 2.630322810106165576e+01
3.868834136720417405e+02 3.132414327432777451e-02 2.619759485244242470e+01
3.853276120249361156e+02 3.148165437164934799e-02 2.609224461053160482e+01
3.837761765678108077e+02 3.163916546897092147e-02 2.598719002274318868e+01
3.822292860104239480e+02 3.179667656629248801e-02 2.588244319030896889e+01
3.806871112555504055e+02 3.195418766361406149e-02 2.577801568581509528e+01
3.791498156503885752e+02 3.211169876093563497e-02 2.567391857022613166e+01
3.776175552305942915e+02 3.226920985825720151e-02 2.557016240940960827e+01
3.760904789571394531e+02 3.242672095557877499e-02 2.546675729017474055e+01
3.745687289461831142e+02 3.258423205290034846e-02 2.536371283583810765e+01
3.730524406921413743e+02 3.274174315022192194e-02 2.526103822132858312e+01
3.715417432841368850e+02 3.289925424754349542e-02 2.515874218784422567e+01
3.700367596351704265e+02 3.305676534486506196e-02 2.505683305837041885e+01
3.685376275052452684e+02 3.321427644218663544e-02 2.495532016124903762e+01
3.670445379105547659e+02 3.337178753950820892e-02 2.485421643103522626e+01
3.655576834437717935e+02 3.352929863682978240e-02 2.475353490903452425e+01
3.640772473760832781e+02 3.368680973415134894e-02 2.465328800535330345e+01
3.626034039711594232e+02 3.384432083147292242e-02 2.455348752015888536e+01
3.611363187899395371e+02 3.400183192879449590e-02 2.445414466431808265e+01
3.596761489864937857e+02 3.415934302611606938e-02 2.435527007943120026e+01
3.582230435951332765e+02 3.431685412343764285e-02 2.425687385727361089e+01
3.567771438090288711e+02 3.447436522075920939e-02 2.415896555866222428e+01
3.553385832505131816e+02 3.463187631808078287e-02 2.406155423175885133e+01
3.539074882332895982e+02 3.478938741540235635e-02 2.396464842982557286e+01
3.524839780167631034e+02 3.494689851272392983e-02 2.386825622844656536e+01
3.510681650526662452e+02 3.510440961004549637e-02 2.377238524222825689e+01
3.496601552242211710e+02 3.526192070736706985e-02 2.367704264099404554e+01
3.482600480779985901e+02 3.541943180468864333e-02 2.358223516548454057e+01
3.468679370486829043e+02 3.557694290201021681e-02 2.348796914257732737e+01
3.454839096769287607e+02 3.573445399933179029e-02 2.339425050003907813e+01
3.441080478205048507e+02 3.589196509665335683e-02 2.330108478082301815e+01
3.427404278588855959e+02 3.604947619397493030e-02 2.320847715692269375e+01
3.413811208914979716e+02 3.620698729129650378e-02 2.311643244279621001e+01
3.400301929297699530e+02 3.636449838861807726e-02 2.302495510837063364e+01
3.386877050831811289e+02 3.652200948593964380e-02 2.293404929164033490e+01
3.373537137394536103e+02 3.667952058326121728e-02 2.284371881086851275e+01
3.360282707390738892e+02 3.683703168058279076e-02 2.275396717640483146e+01
3.347114235442884365e+02 3.699454277790436424e-02 2.266479760212887840e+01
3.334032154027409547e+02 3.715205387522593772e-02 2.257621301653074397e+01
3.321036855058993638e+02 3.730956497254750426e-02 2.248821607343885987e+01
3.308128691424186627e+02 3.746707606986907774e-02 2.240080916240483688e+01
3.295307978466004215e+02 3.762458716719065122e-02 2.231399441875635148e+01
3.282574995420688992e+02 3.778209826451222469e-02 2.222777373332604256e+01
3.269929986808301692e+02 3.793960936183379123e-02 2.214214876186790093e+01
3.257373163778270282e+02 3.809712045915536471e-02 2.205712093416852326e+01
3.244904705411316286e+02 3.825463155647693819e-02 2.197269146286301122e+01
3.232524759979039572e+02 3.841214265379851167e-02 2.188886135196425897e+01
3.220233446162529845e+02 3.856965375112008515e-02 2.180563140511466358e+01
3.208030854230926252e+02 3.872716484844165169e-02 2.172300223356666038e+01
3.195917047181487760e+02 3.888467594576322517e-02 2.164097426390268808e+01
3.183892061842096837e+02 3.904218704308479865e-02 2.155954774550069786e+01
3.171955909937334468e+02 3.919969814040637213e-02 2.147872275775303308e+01
3.160108579119435603e+02 3.935720923772793867e-02 2.139849921704749391e+01
3.148350033964826480e+02 3.951472033504951215e-02 2.131887688351531551e+01
3.136680216937738237e+02 3.967223143237108562e-02 2.123985536755627024e+01
3.125099049321526081e+02 3.982974252969265910e-02 2.116143413614494762e+01
3.113606432118805287e+02 3.998725362701423258e-02 2.108361251892609189e+01
3.102202246921536357e+02 4.014476472433579912e-02 2.100638971410626965e+01
3.090886356751654489e+02 4.030227582165737260e-02 2.092976479414610580e+01
3.079658606873451276e+02 4.045978691897894608e-02 2.085373671126140493e+01
3.068518825578441920e+02 4.061729801630051956e-02 2.077830430273772322e+01
3.057466811134096361e+02 4.077480911362208610e-02 2.070346620255446624e+01
3.046502253703769156e+02 4.093232021094365958e-02 2.062922031267003931e+01
3.035624794184038819e+02 4.108983130826523306e-02 2.055556420143564011e+01
3.024834064516301169e+02 4.124734240558680654e-02 2.048249537656291963e+01
3.014129688306889534e+02 4.140485350290838001e-02 2.041001128932314046e+01
3.003511281298415838e+02 4.156236460022994655e-02 2.033810933773879270e+01
2.992978451824118906e+02 4.171987569755152003e-02 2.026678686966023335e+01
2.982530801245499106e+02 4.187738679487309351e-02 2.019604118572905804e+01
2.972167924374051609e+02 4.203489789219466699e-02 2.012586954223387181e+01
2.961889409877338153e+02 4.219240898951623353e-02 2.005626915385999354e+01
2.951694840670221538e+02 4.234992008683780701e-02 1.998723719633865059e+01
2.941583794291512959e+02 4.250743118415938049e-02 1.991877080899742225e+01
2.931555843266658599e+02 4.266494228148095397e-02 1.985086709721618803e+01
2.921610555456876455e+02 4.282245337880252745e-02 1.978352313479124192e+01
2.911747494395180524e+02 4.297996447612409399e-02 1.971673596621072377e+01
2.901966219609780069e+02 4.313747557344566746e-02 1.965050260884443389e+01
2.892266286935249013e+02 4.329498667076724094e-02 1.958482005505090839e+01
2.882647248811829854e+02 4.345249776808881442e-02 1.951968527420422461e+01
2.873108654573421177e+02 4.361000886541038096e-02 1.945509521464391867e+01
2.863650050724389189e+02 4.376751996273195444e-02 1.939104680554960680e+01
2.854270981205826274e+02 4.392503106005352792e-02 1.932753695874380284e+01
2.844970987651425389e+02 4.408254215737510140e-02 1.926456257042457665e+01
2.835749609633485306e+02 4.424005325469667488e-02 1.920212052283139315e+01
2.826606384899182558e+02 4.439756435201824142e-02 1.914020768584501297e+01
2.817540849597605757e+02 4.455507544933981490e-02 1.907882091852482986e+01
2.808552538497851288e+02 4.471258654666138838e-02 1.901795707058570883e+01
2.799640985198350904e+02 4.487009764398296185e-02 1.895761298381538040e+01
2.790805722327883700e+02 4.502760874130452839e-02 1.889778549343566993e+01
2.782046281738488460e+02 4.518511983862610187e-02 1.883847142940874164e+01
2.773362194690516276e+02 4.534263093594767535e-02 1.877966761769015491e+01
2.764752992030176415e+02 4.550014203326924883e-02 1.872137088143117012e+01
2.756218204359809079e+02 4.565765313059082231e-02 1.866357804213167526e+01
2.747757362201003843e+02 4.581516422791238885e-02 1.860628592074475307e+01
2.739369996151083342e+02 4.597267532523396233e-02 1.854949133873632761e+01
2.731055637032857817e+02 4.613018642255553581e-02 1.849319111909920110e+01
2.722813816038187156e+02 4.628769751987710929e-02 1.843738208732515815e+01
2.714644064865291284e+02 4.644520861719867583e-02 1.838206107233477837e+01
2.706545915850264237e+02 4.660271971452024931e-02 1.832722490736798093e+01
2.698518902092822600e+02 4.676023081184182278e-02 1.827287043083549278e+01
2.690562557576547533e+02 4.691774190916339626e-02 1.821899448713310576e+01
2.682676417283852288e+02 4.707525300648496974e-02 1.816559392742013301e+01
2.674860017305786641e+02 4.723276410380653628e-02 1.811266561036294931e+01
2.667112894946899928e+02 4.739027520112810976e-02 1.806020640284507905e+01
2.659434588825394599e+02 4.754778629844968324e-02 1.800821318064540222e+01
2.651824638968528802e+02 4.770529739577125672e-02 1.795668282908409097e+01
2.644282586903725587e+02 4.786280849309282326e-02 1.790561224363965565e+01
2.636807975745319368e+02 4.802031959041439674e-02 1.785499833053624386e+01
2.629400350277167036e+02 4.817783068773597022e-02 1.780483800730311472e+01
2.622059257031286279e+02 4.833534178505754370e-02 1.775512820330706276e+01
2.614784244362667209e+02 4.849285288237911717e-02 1.770586586025907749e+01
2.607574862520326064e+02 4.865036397970068371e-02 1.765704793269542705e+01
2.600430663714810180e+02 4.880787507702225719e-02 1.760867138843476809e+01
2.593351202182248016e+02 4.896538617434383067e-02 1.756073320901187884e+01
2.586336034245103406e+02 4.912289727166540415e-02 1.751323039008902782e+01
2.579384718369680627e+02 4.928040836898697069e-02 1.746615994184540455e+01
2.572496815220529811e+02 4.943791946630854417e-02 1.741951888934546133e+01
2.565671887711955037e+02 4.959543056363011765e-02 1.737330427288778267e+01
2.558909501056595843e+02 4.975294166095169113e-02 1.732751314833395284e+01
2.552209222811204370e+02 4.991045275827326461e-02 1.728214258741861897e+01
2.545570617867522856e+02 5.006796385559483115e-02 1.723718964383044749e+01
2.538993090614400785e+02 5.022547495291640463e-02 1.719265028442170617e+01
2.532475859149458586e+02 5.038298605023797810e-02 1.714851921458399531e+01
2.526018143086249950e+02 5.054049714755955158e-02 1.710479114997394845e+01
2.519619174930138286e+02 5.069800824488111812e-02 1.706146089354439965e+01
2.513278199819286840e+02 5.085551934220269160e-02 1.701852333379046200e+01
2.506994475271744989e+02 5.101303043952426508e-02 1.697597344303696687e+01
2.500767270938357569e+02 5.117054153684583856e-02 1.693380627576528497e+01
2.494595868361718374e+02 5.132805263416741204e-02 1.689201696698112798e+01
2.488479560740499039e+02 5.148556373148897858e-02 1.685060073061865893e+01
2.482417652699368773e+02 5.164307482881055206e-02 1.680955285798255616e+01
2.476409460064272139e+02 5.180058592613212554e-02 1.676886871622631858e+01
2.470454309642877320e+02 5.195809702345369901e-02 1.672854374686557932e+01
2.464551539010034844e+02 5.211560812077526555e-02 1.668857346432532296e+01
2.458700496298231428e+02 5.227311921809683903e-02 1.664895345452099917e+01
2.452900539992784275e+02 5.243063031541841251e-02 1.660967937347167123e+01
2.447151038670058085e+02 5.258814141273998599e-02 1.657074694552736105e+01
2.441451353808741658e+02 5.274565251006155947e-02 1.653215184697657492e+01
2.435800817110880985e+02 5.290316360738312601e-02 1.649388955247695066e+01
2.430198765654541546e+02 5.306067470470469949e-02 1.645595557308951484e+01
2.424644547559073828e+02 5.321818580202627297e-02 1.641834549464079274e+01
2.419137521763603900e+02 5.337569689934784645e-02 1.638105497622276729e+01
2.413677057810739939e+02 5.353320799666941299e-02 1.634407974872832270e+01
2.408262535635334984e+02 5.369071909399098647e-02 1.630741561342086854e+01
2.402893345358237696e+02 5.384823019131255994e-02 1.627105844053768990e+01
2.397568887084740936e+02 5.400574128863413342e-02 1.623500416792520795e+01
2.392288570707830218e+02 5.416325238595570690e-02 1.619924879970663412e+01
2.387051815715913676e+02 5.432076348327727344e-02 1.616378840498006753e+01
2.381858051004984986e+02 5.447827458059884692e-02 1.612861911654653824e+01
2.376706714695120581e+02 5.463578567792042040e-02 1.609373712966743497e+01
2.371597253951156858e+02 5.479329677524199388e-02 1.605913870085024797e+01
2.366529124807502455e+02 5.495080787256356042e-02 1.602482014666226817e+01
2.361501791996869315e+02 5.510831896988513390e-02 1.599077784257089618e+01
2.356514728749341714e+02 5.526583006720670738e-02 1.595700822158295651e+01
2.351567367334183984e+02 5.542334116452828086e-02 1.592350743934141910e+01
2.346659002179108029e+02 5.558085226184985433e-02 1.589027071810282266e+01
2.341788913317248841e+02 5.573836335917142087e-02 1.585729318265165944e+01
2.336956394183877137e+02 5.589587445649299435e-02 1.582457004852420823e+01
2.332160751333613860e+02 5.605338555381456783e-02 1.579209662009372828e+01
2.327401304164744147e+02 5.621089665113614131e-02 1.575986828870360235e+01
2.322677384650415604e+02 5.636840774845770785e-02 1.572788053084721938e+01
2.317988337076587300e+02 5.652591884577928133e-02 1.569612890639346858e+01
2.313333517786404627e+02 5.668342994310085481e-02 1.566460905685582006e+01
2.308712294930981273e+02 5.684094104042242829e-02 1.563331670370473603e+01
2.304124048226284174e+02 5.699845213774400177e-02 1.560224764672143571e+01
2.299568168715964589e+02 5.715596323506556831e-02 1.557139776239192486e+01
2.295044058540023286e+02 5.731347433238714179e-02 1.554076300234051544e+01
2.290551130709096412e+02 5.747098542970871526e-02 1.551033939180143584e+01
2.286088808884196908e+02 5.762849652703028874e-02 1.548012302812733054e+01
2.281656527161776751e+02 5.778600762435185528e-02 1.545011007933385550e+01
2.277253729864029026e+02 5.794351872167342876e-02 1.542029678267968507e+01
2.272879871248018162e+02 5.810102981899500224e-02 1.539067944269693555e+01
2.268534367611880498e+02 5.825854091631657572e-02 1.536125410688094561e+01
2.264216519570864250e+02 5.841605201363814920e-02 1.533201603938683455e+01
2.259925620596721672e+02 5.857356311095971574e-02 1.530296045599792443e+01
2.255660977917208356e+02 5.873107420828128922e-02 1.527408266564555106e+01
2.251421912236148728e+02 5.888858530560286270e-02 1.524537806851349941e+01
2.247207757460596156e+02 5.904609640292443618e-02 1.521684215419048058e+01
2.243017860434798365e+02 5.920360750024600272e-02 1.518847049986870701e+01
2.238851580680938014e+02 5.936111859756757619e-02 1.516025876858831367e+01
2.234708290146247123e+02 5.951862969488914967e-02 1.513220270752496788e+01
2.230587372956551064e+02 5.967614079221072315e-02 1.510429814632099799e+01
2.226488225175733646e+02 5.983365188953229663e-02 1.507654099545663939e+01
2.222410254571323946e+02 5.999116298685386317e-02 1.504892724466269627e+01
2.218352880385642152e+02 6.014867408417543665e-02 1.502145296137089225e+01
2.214315533112685159e+02 6.030618518149701013e-02 1.499411428920305589e+01
2.210297654280352333e+02 6.046369627881858361e-02 1.496690744649646199e+01
2.206298696237932120e+02 6.062120737614015015e-02 1.493982872486481739e+01
2.202318121948724468e+02 6.077871847346172363e-02 1.491287448779403135e+01
2.198355404787627947e+02 6.093622957078329710e-02 1.488604116927156262e+01
2.194410027812790531e+02 6.109374066810487058e-02 1.485932526885444638e+01
2.190481426241741474e+02 6.125125176542643712e-02 1.483272296214965635e+01
2.186568937737534668e+02 6.140876286274801060e-02 1.480622976417944692e+01
2.182671901338288478e+02 6.156627396006958408e-02 1.477984119927724471e+01
2.178789669478641713e+02 6.172378505739115756e-02 1.475355288249030039e+01
2.174921607739317437e+02 6.188129615471273104e-02 1.472736051788379896e+01
2.171067094603024543e+02 6.203880725203429758e-02 1.470125989688803614e+01
2.167225521216308834e+02 6.219631834935587106e-02 1.467524689668575100e+01
2.163396291157321230e+02 6.235382944667744454e-02 1.464931747863962563e+01
2.159578820209262631e+02 6.251134054399902495e-02 1.462346768675813991e+01
2.155772536139363069e+02 6.266885164132059149e-02 1.459769364619896947e+01
2.151976878483182247e+02 6.282636273864215803e-02 1.457199156180837640e+01
2.148191298334071462e+02 6.298387383596373845e-02 1.454635771669556377e+01
2.144415258137741489e+02 6.314138493328530499e-02 1.452078847084160529e+01
2.140648231491597642e+02 6.329889603060687153e-02 1.449528025974065493e+01
2.136889702948923002e+02 6.345640712792845195e-02 1.446982959307397643e+01
2.133139167827545464e+02 6.361391822525001849e-02 1.444443305341435746e+01
2.129396132023020698e+02 6.377142932257158503e-02 1.441908729496107711e+01
2.125660111826097989e+02 6.392894041989316545e-02 1.439378904230388478e+01
2.121930633744411239e+02 6.408645151721473199e-02 1.436853508921559985e+01
2.118207232765337267e+02 6.424396261453631241e-02 1.434332228688914412e+01
2.114489398690679991e+02 6.440147371185787895e-02 1.431814718054586244e+01
2.110776564000548206e+02 6.455898480917944549e-02 1.429300592725640762e+01
2.107068169142926024e+02 6.471649590650102590e-02 1.426789473804548791e+01
2.103363666678070274e+02 6.487400700382259244e-02 1.424280990595536522e+01
2.099662521078807345e+02 6.503151810114417286e-02 1.421774780469361943e+01
2.095964208535521038e+02 6.518902919846573940e-02 1.419270488731260649e+01
2.092268216765640432e+02 6.534654029578730594e-02 1.416767768491944324e+01
2.088574044827500131e+02 6.550405139310888636e-02 1.414266280541552945e+01
2.084881202938485671e+02 6.566156249043045290e-02 1.411765693226519325e+01
2.081189212297203710e+02 6.581907358775203332e-02 1.409265682329146152e+01
2.077497604909736708e+02 6.597658468507359986e-02 1.406765930949958410e+01
2.073805923419621706e+02 6.613409578239516640e-02 1.404266129392575557e+01
2.070113720941711790e+02 6.629160687971674681e-02 1.401765975051209523e+01
2.066420560899543375e+02 6.644911797703831335e-02 1.399265172300540172e+01
2.062726016866231191e+02 6.660662907435987989e-02 1.396763432387976600e+01
2.059029672408823899e+02 6.676414017168146031e-02 1.394260473328265171e+01
2.055331120935882154e+02 6.692165126900302685e-02 1.391756019800279631e+01
2.051629965548268899e+02 6.707916236632460727e-02 1.389249803045977671e+01
2.047925818893062626e+02 6.723667346364617381e-02 1.386741560771487691e+01
2.044218303020423662e+02 6.739418456096774035e-02 1.384231037050180468e+01
2.040507047497534074e+02 6.755169565828932077e-02 1.381717981045536803e+01
2.036791659918119990e+02 6.770920675561088731e-02 1.379202127041834736e+01
2.033071730795532233e+02 6.786671785293246772e-02 1.376683197757469834e+01
2.029346859880333227e+02 6.802422895025403426e-02 1.374160922165764909e+01
2.025616656908916866e+02 6.818174004757560080e-02 1.371635036001893937e+01
2.021880741459818864e+02 6.833925114489718122e-02 1.369105281665581053e+01
2.018138742812749342e+02 6.849676224221874776e-02 1.366571408125646059e+01
2.014390299810458487e+02 6.865427333954032818e-02 1.364033170826470176e+01
2.010635060723294032e+02 6.881178443686189472e-02 1.361490331596278480e+01
2.006872683116306746e+02 6.896929553418346126e-02 1.358942658557151439e+01
2.003102833718924671e+02 6.912680663150504168e-02 1.356389926036779414e+01
1.999325188297009390e+02 6.928431772882660822e-02 1.353831914481819965e+01
1.995539431527306817e+02 6.944182882614817476e-02 1.351268410372888162e+01
1.991745256874135634e+02 6.959933992346975518e-02 1.348699206141056273e+01
1.987942366468343209e+02 6.975685102079132172e-02 1.346124100085885722e+01
1.984130470988363300e+02 6.991436211811290213e-02 1.343542896294889744e+01
1.980309289543362752e+02 7.007187321543446867e-02 1.340955404564406095e+01
1.976478549558360669e+02 7.022938431275603521e-02 1.338361440321802753e+01
1.972637986661369496e+02 7.038689541007761563e-02 1.335760824549062775e+01
1.968787344572364759e+02 7.054440650739918217e-02 1.333153383707594841e+01
1.964926374994063849e+02 7.070191760472076259e-02 1.330538949664276416e+01
1.961054837504534589e+02 7.085942870204232913e-02 1.327917359618736448e+01
1.957172500257111381e+02 7.101693979936389567e-02 1.325288456577296081e+01
1.953279149818116878e+02 7.117445089668547609e-02 1.322652096014529199e+01
1.949374587731964255e+02 7.133196199400704263e-02 1.320008143547340929e+01
1.945458622765434313e+02 7.148947309132862304e-02 1.317356469683222464e+01
1.941531070644178953e+02 7.164698418865018958e-02 1.314696949641825263e+01
1.937591753959389962e+02 7.180449528597175612e-02 1.312029463291762887e+01
1.933640502075772645e+02 7.196200638329333654e-02 1.309353895088295694e+01
1.929677151040874037e+02 7.211951748061490308e-02 1.306670134011934614e+01
1.925701543495597434e+02 7.227702857793646962e-02 1.303978073507842872e+01
1.921713528585977997e+02 7.243453967525805004e-02 1.301277611426099057e+01
1.917712961876103464e+02 7.259205077257961658e-02 1.298568649962728827e+01
1.913699705262208965e+02 7.274956186990119700e-02 1.295851095601537928e+01
1.909673626887880289e+02 7.290707296722276354e-02 1.293124859056689147e+01
1.905634601060301634e+02 7.306458406454433008e-02 1.290389855215993542e+01
1.901582508167610115e+02 7.322209516186591050e-02 1.287646003084943302e+01
1.897517234597232800e+02 7.337960625918747704e-02 1.284893225731418731e+01
1.893438672655238690e+02 7.353711735650905745e-02 1.282131450231072911e+01
1.889346720486623212e+02 7.369462845383062399e-02 1.279360607613357814e+01
1.885241281996568148e+02 7.385213955115219053e-02 1.276580632808201976e+01
1.881122266772591445e+02 7.400965064847377095e-02 1.273791464593297640e+01
1.876989590007581512e+02 7.416716174579533749e-02 1.270993045541980671e+01
1.872843172423703209e+02 7.432467284311691791e-02 1.268185321971707147e+01
1.868682940197166147e+02 7.448218394043848445e-02 1.265368243893108158e+01
1.864508828035380361e+02 7.463969503776005099e-02 1.262541767093670941e+01
1.860320827329381075e+02 7.479720613508163141e-02 1.259705885743882270e+01
1.856118975359396188e+02 7.495471723240319795e-02 1.256860625087841044e+01
1.851903313714550166e+02 7.511222832972476449e-02 1.254006013287390964e+01
1.847673886995389410e+02 7.526973942704634490e-02 1.251142080543544388e+01
1.843430742764378181e+02 7.542725052436791144e-02 1.248268859062957858e+01
1.839173931496993362e+02 7.558476162168949186e-02 1.245386383024819921e+01
1.834903506533095481e+02 7.574227271901105840e-02 1.242494688547920489e+01
1.830619524028884371e+02 7.589978381633262494e-02 1.239593813658116517e+01
1.826322042909172012e+02 7.605729491365420536e-02 1.236683798256016509e+01
1.822011124820149064e+02 7.621480601097577190e-02 1.233764684084996333e+01
1.817686834082530538e+02 7.637231710829735232e-02 1.230836514699468687e+01
1.813349237645140590e+02 7.652982820561891886e-02 1.227899335433456685e+01
1.808998405038880719e+02 7.668733930294048540e-02 1.224953193369423943e+01
1.804634408331118607e+02 7.684485040026206581e-02 1.221998137307385512e+01
1.800257322080456674e+02 7.700236149758363235e-02 1.219034217734285441e+01
1.795867223291918435e+02 7.715987259490521277e-02 1.216061486793646296e+01
1.791464191372479888e+02 7.731738369222677931e-02 1.213079998255458136e+01
1.787048308087036617e+02 7.747489478954834585e-02 1.210089807486365210e+01
1.782619657514709388e+02 7.763240588686992627e-02 1.207090971420076464e+01
1.778178326005530607e+02 7.778991698419149281e-02 1.204083548528035230e+01
1.773724402137509912e+02 7.794742808151305935e-02 1.201067598790346302e+01
1.769257976674080624e+02 7.810493917883463977e-02 1.198043183666963785e+01
1.764779142521865651e+02 7.826245027615620631e-02 1.195010366069089791e+01
1.760287995812964255e+02 7.841996137347778673e-02 1.191969211092040304e+01
1.755784695958054442e+02 7.857747247079935327e-02 1.188919826679866709e+01
1.751269494207924424e+02 7.873498356812091981e-02 1.185862382965641793e+01
1.746742647826875441e+02 7.889249466544250022e-02 1.182797054154453598e+01
1.742204412478004372e+02 7.905000576276406676e-02 1.179724013367144941e+01
1.737655042219528809e+02 7.920751686008564718e-02 1.176643432637821540e+01
1.733094789501301989e+02 7.936502795740721372e-02 1.173555482911495673e+01
1.728523905161606535e+02 7.952253905472878026e-02 1.170460334041913164e+01
1.723942638424099414e+02 7.968005015205036068e-02 1.167358154789485525e+01
1.719351236895042234e+02 7.983756124937192722e-02 1.164249112819413412e+01
1.714749946560687874e+02 7.999507234669350764e-02 1.161133374699917198e+01
1.710139011784911816e+02 8.015258344401507418e-02 1.158011105900634696e+01
1.705518675307038734e+02 8.031009454133664072e-02 1.154882470791146787e+01
1.700889178239886235e+02 8.046760563865822113e-02 1.151747632639655627e+01
1.696250760067970873e+02 8.062511673597978767e-02 1.148606753611767139e+01
1.691603658645975088e+02 8.078262783330135421e-02 1.145459994769454681e+01
1.686948110197362212e+02 8.094013893062293463e-02 1.142307516070120421e+01
1.682284349313198959e+02 8.109765002794450117e-02 1.139149476365798996e+01
1.677612608951161803e+02 8.125516112526608159e-02 1.135986033402482853e+01
1.672933120434749696e+02 8.141267222258764813e-02 1.132817343819591116e+01
1.668246113452663053e+02 8.157018331990921467e-02 1.129643563149547170e+01
1.663551816058374015e+02 8.172769441723079509e-02 1.126464845817490712e+01
1.658850454669845931e+02 8.188520551455236163e-02 1.123281345141083953e+01
1.654142254069506066e+02 8.204271661187394205e-02 1.120093213330493676e+01
1.649427437404278010e+02 8.220022770919550859e-02 1.116900601488418587e+01
1.644706226185903688e+02 8.235773880651707513e-02 1.113703659610299113e+01
1.639978862340797434e+02 8.251524990383865554e-02 1.110502551515260805e+01
1.635245713730345756e+02 8.267276100116022208e-02 1.107297526298591173e+01
1.630507189249433111e+02 8.283027209848178862e-02 1.104088860841184072e+01
1.625763691759966889e+02 8.298778319580336904e-02 1.100876827938735225e+01
1.621015618078057798e+02 8.314529429312493558e-02 1.097661696293064715e+01
1.616263359026343949e+02 8.330280539044651600e-02 1.094443730547544824e+01
1.611507299486517297e+02 8.346031648776808254e-02 1.091223191322669095e+01
1.606747818452016077e+02 8.361782758508964908e-02 1.088000335251732942e+01
1.601985289080919586e+02 8.377533868241122950e-02 1.084775415016651223e+01
1.597220078748986225e+02 8.393284977973279604e-02 1.081548679383872269e+01
1.592452549102783621e+02 8.409036087705437645e-02 1.078320373240355856e+01
1.587683056112965687e+02 8.424787197437594299e-02 1.075090737629646398e+01
1.582911950127608520e+02 8.440538307169750953e-02 1.071860009787991785e+01
1.578139575925597171e+02 8.456289416901908995e-02 1.068628423180494202e+01
1.573366272770113596e+02 8.472040526634065649e-02 1.065396207537327555e+01
1.568592374462081125e+02 8.487791636366223691e-02 1.062163588889928079e+01
1.563818209393693053e+02 8.503542746098380345e-02 1.058930789607239475e+01
1.559044100601862795e+02 8.519293855830536999e-02 1.055698028431908675e+01
1.554270365821721498e+02 8.535044965562695041e-02 1.052465520516508946e+01
1.549497317540025847e+02 8.550796075294851695e-02 1.049233477459708297e+01
1.544725263048518116e+02 8.566547185027008349e-02 1.046002107342397203e+01
1.539954504497263770e+02 8.582298294759166390e-02 1.042771614763810462e+01
1.535185338947851790e+02 8.598049404491323044e-02 1.039542200877547806e+01
1.530418058426512573e+02 8.613800514223481086e-02 1.036314063427544596e+01
1.525652949977150570e+02 8.629551623955637740e-02 1.033087396783981760e+01
1.520890295714212925e+02 8.645302733687794394e-02 1.029862391979085423e+01
1.516130372907273340e+02 8.661053843419952436e-02 1.026639236764403584e+01
1.511373496570890609e+02 8.676804953152109090e-02 1.023418144450289802e+01
1.506620101896154154e+02 8.692556062884267132e-02 1.020199409723965189e+01
1.501870638605763304e+02 8.708307172616423786e-02 1.016983337112651675e+01
1.497125547328346045e+02 8.724058282348580440e-02 1.013770224985569968e+01
1.492385259710193566e+02 8.739809392080738482e-02 1.010560365629602231e+01
1.487650198526928307e+02 8.755560501812895136e-02 1.007354045324905201e+01
1.482920777794947469e+02 8.771311611545053177e-02 1.004151544420376752e+01
1.478197402882688323e+02 8.787062721277209831e-02 1.000953137408995985e+01
1.473480470621624363e+02 8.802813831009366485e-02 9.977590930029849758e+00
1.468770369416971278e+02 8.818564940741524527e-02 9.945696742087715592e+00
1.464067479358095909e+02 8.834316050473681181e-02 9.913851384017535295e+00
1.459372172328496617e+02 8.850067160205837835e-02 9.882057374007706230e+00
1.454684812115464467e+02 8.865818269937995877e-02 9.850317175423597860e+00
1.450005754519243055e+02 8.881569379670152531e-02 9.818633197546748903e+00
1.445335347461766560e+02 8.897320489402310573e-02 9.787007796311153029e+00
1.440673931094885063e+02 8.913071599134467227e-02 9.755443275036116191e+00
1.436021837908073735e+02 8.928822708866623881e-02 9.723941885155591436e+00
1.431379392835594899e+02 8.944573818598781922e-02 9.692505826943850877e+00
1.426746913363061822e+02 8.960324928330938576e-02 9.661137250237032958e+00
1.422124709633438613e+02 8.976076038063096618e-02 9.629838255150939830e+00
1.417513084552381315e+02 8.991827147795253272e-02 9.598610892794352978e+00
1.412912333892925005e+02 9.007578257527409926e-02 9.567457165977902633e+00
1.408322746399550454e+02 9.023329367259567968e-02 9.536379029918757411e+00
1.403744603891490215e+02 9.039080476991724622e-02 9.505378392940153631e+00
1.399178181365382727e+02 9.054831586723882664e-02 9.474457117166506848e+00
1.394623747097161868e+02 9.070582696456039318e-02 9.443617019213363051e+00
1.390081562743214363e+02 9.086333806188195972e-02 9.412859870872363643e+00
1.385551883440769529e+02 9.102084915920354014e-02 9.382187399791055427e+00
1.381034978335913479e+02 9.117836025652510668e-02 9.351601428477163580e+00
1.376531203256114111e+02 9.133587135384667322e-02 9.321104366396559371e+00
1.372040931875349656e+02 9.149338245116825363e-02 9.290698743861781850e+00
1.367564528510909838e+02 9.165089354848982017e-02 9.260387027827063022e+00
1.363102348269346464e+02 9.180840464581140059e-02 9.230171622876634174e+00
1.358654737193899962e+02 9.196591574313296713e-02 9.200054872223017099e+00
1.354222032410978045e+02 9.212342684045453367e-02 9.170039058698920442e+00
1.349804562275545550e+02 9.228093793777611409e-02 9.140126405741684223e+00
1.345402646515571519e+02 9.243844903509768063e-02 9.110319078371450274e+00
1.341016596375295364e+02 9.259596013241926105e-02 9.080619184161237811e+00
1.336646714757458767e+02 9.275347122974082759e-02 9.051028774200094773e+00
1.332293296364340733e+02 9.291098232706239413e-02 9.021549844048086797e+00
1.327956627837671988e+02 9.306849342438397454e-02 8.992184334683729574e+00
1.323636987897356505e+02 9.322600452170554108e-02 8.962934133443326346e+00
1.319334647478942770e+02 9.338351561902712150e-02 8.933801074951848165e+00
1.315049869869915256e+02 9.354102671634868804e-02 8.904786942045843645e+00
1.310782910844694982e+02 9.369853781367025458e-02 8.875893466687541533e+00
1.306534018798389241e+02 9.385604891099183500e-02 8.847122330870572426e+00
1.302303434879235624e+02 9.401356000831340154e-02 8.818475167516810487e+00
1.298091393119769634e+02 9.417107110563496808e-02 8.789953561364526990e+00
1.293898120566627767e+02 9.432858220295654850e-02 8.761559049847372549e+00
1.289723837409084979e+02 9.448609330027811504e-02 8.733293123964749327e+00
1.285568757106195790e+02 9.464360439759969545e-02 8.705157229142773900e+00
1.281433086512588773e+02 9.480111549492126199e-02 8.677152766086019042e+00
1.277317026002927207e+02 9.495862659224282853e-02 8.649281091620379058e+00
1.273220769594966555e+02 9.511613768956440895e-02 8.621543519526250421e+00
1.269144505071261619e+02 9.527364878688597549e-02 8.593941321362773778e+00
1.265088414099460721e+02 9.543115988420755591e-02 8.566475727282286456e+00
1.261052672351238613e+02 9.558867098152912245e-02 8.539147926835758184e+00
1.257037450021730507e+02 9.574618207885068899e-02 8.511959072490066447e+00
1.253042930703277733e+02 9.590369317617226941e-02 8.484910407430522383e+00
1.249069318980338181e+02 9.606120427349383595e-02 8.458003316989389120e+00
1.245116814915038645e+02 9.621871537081541637e-02 8.431239155876211200e+00
1.241185612080704175e+02 9.637622646813698291e-02 8.404619234861979038e+00
1.237275897692499029e+02 9.653373756545854945e-02 8.378144821663742192e+00
1.233387852736581749e+02 9.669124866278012986e-02 8.351817141819203982e+00
1.229521652097685944e+02 9.684875976010169640e-02 8.325637379550590467e+00
1.225677464685177966e+02 9.700627085742326294e-02 8.299606678618260958e+00
1.221855453557545701e+02 9.716378195474484336e-02 8.273726143163695923e+00
1.218055776045368361e+02 9.732129305206640990e-02 8.247996838542134057e+00
1.214278583872703479e+02 9.747880414938799032e-02 8.222419792144597395e+00
1.210524023276956740e+02 9.763631524670955686e-02 8.196995994209515857e+00
1.206792235127174280e+02 9.779382634403112340e-02 8.171726398623798460e+00
1.203083355040817111e+02 9.795133744135270382e-02 8.146611923713525272e+00
1.199397513498968095e+02 9.810884853867427036e-02 8.121653453024078928e+00
1.195734835960004432e+02 9.826635963599585077e-02 8.096851836089875576e+00
1.192095442971767199e+02 9.842387073331741731e-02 8.072207889193904862e+00
1.188479450282124787e+02 9.858138183063898385e-02 8.047722396116405719e+00
1.184886968948110848e+02 9.873889292796056427e-02 8.023396108873905419e+00
1.181318105443450577e+02 9.889640402528213081e-02 7.999229748447294952e+00
1.177772961764635795e+02 9.905391512260371123e-02 7.975224005500139768e+00
1.174251635535481029e+02 9.921142621992527777e-02 7.951379541086664560e+00
1.170754220110154762e+02 9.936893731724684431e-02 7.927696987349415636e+00
1.167280804674765875e+02 9.952644841456842473e-02 7.904176948207166653e+00
1.163831474347443873e+02 9.968395951188999127e-02 7.880820000032583650e+00
1.160406310276953832e+02 9.984147060921155781e-02 7.857626692320018869e+00
1.157005389739852887e+02 9.999898170653313823e-02 7.834597548343365858e+00
1.153628786236210004e+02 1.001564928038547048e-01 7.811733065804253862e+00
1.150276569583861601e+02 1.003140039011762852e-01 7.789033717470264406e+00
1.146948806011259876e+02 1.004715149984978517e-01 7.766499951803681689e+00
1.143645558067385934e+02 1.006290260958194183e-01 7.744132192351442789e+00
1.140366865826702281e+02 1.007865371931409987e-01 7.721930710475538362e+00
1.137112730998752284e+02 1.009440482904625652e-01 7.699895517752046281e+00
1.133883149321776500e+02 1.011015593877841456e-01 7.678026585322704101e+00
1.130678114568167700e+02 1.012590704851057122e-01 7.656323871017606919e+00
1.127497618603983085e+02 1.014165815824272787e-01 7.634787319758221891e+00
1.124341651447451511e+02 1.015740926797488591e-01 7.613416863953539782e+00
1.121210201326444746e+02 1.017316037770704257e-01 7.592212423889251660e+00
1.118103254734887457e+02 1.018891148743920061e-01 7.571173908109715356e+00
1.115020796488196595e+02 1.020466259717135726e-01 7.550301213793378707e+00
1.111962809777717638e+02 1.022041370690351392e-01 7.529594227121370054e+00
1.108929276224166074e+02 1.023616481663567196e-01 7.509052823639389196e+00
1.105920175930132245e+02 1.025191592636782861e-01 7.488676868613238113e+00
1.102935487531587739e+02 1.026766703609998527e-01 7.468466217377581096e+00
1.099975188248502889e+02 1.028341814583214331e-01 7.448420715678722992e+00
1.097039253934509873e+02 1.029916925556429996e-01 7.428540200010875338e+00
1.094127659125643959e+02 1.031492036529645800e-01 7.408824497946222110e+00
1.091240377088220725e+02 1.033067147502861466e-01 7.389273428459106619e+00
1.088377379865792136e+02 1.034642258476077131e-01 7.369886802243994950e+00
1.085538638325258063e+02 1.036217369449292935e-01 7.350664422027729294e+00
1.082724122202105832e+02 1.037792480422508601e-01 7.331606082875844699e+00
1.079933800144790439e+02 1.039367591395724405e-01 7.312711572493096668e+00
1.077167639758323361e+02 1.040942702368940070e-01 7.293980671518634828e+00
1.074425607646993512e+02 1.042517813342155736e-01 7.275413153815253331e+00
1.071707669456318115e+02 1.044092924315371540e-01 7.257008786753485374e+00
1.069013789914167774e+02 1.045668035288587205e-01 7.238767331490073786e+00
1.066343932871152873e+02 1.047243146261803010e-01 7.220688543241443824e+00
1.063698061340200667e+02 1.048818257235018675e-01 7.202772171551688807e+00
1.061076137535381463e+02 1.050393368208234340e-01 7.185017960555490468e+00
1.058478122910015173e+02 1.051968479181450145e-01 7.167425649236154328e+00
1.055903978194034067e+02 1.053543590154665810e-01 7.149994971678601097e+00
1.053353663430608975e+02 1.055118701127881475e-01 7.132725657317386059e+00
1.050827138012086550e+02 1.056693812101097280e-01 7.115617431180054631e+00
1.048324356394988399e+02 1.058268923074312945e-01 7.098669984871471605e+00
1.045845199842413393e+02 1.059844034047528749e-01 7.081882514371327986e+00
1.043389490194190046e+02 1.061419145020744415e-01 7.065253813277949213e+00
1.040957049416474689e+02 1.062994255993960080e-01 7.048782676045076911e+00
1.038547701444265101e+02 1.064569366967175884e-01 7.032467910458354510e+00
1.036161272158675075e+02 1.066144477940391549e-01 7.016308337481444113e+00
1.033797589364510827e+02 1.067719588913607354e-01 7.000302791104186184e+00
1.031456482768102205e+02 1.069294699886823019e-01 6.984450118192474299e+00
1.029137783955497696e+02 1.070869810860038684e-01 6.968749178340618577e+00
1.026841326370891352e+02 1.072444921833254489e-01 6.953198843725256317e+00
1.024566945295351843e+02 1.074020032806470154e-01 6.937797998961323209e+00
1.022314477825847803e+02 1.075595143779685958e-01 6.922545540960010513e+00
1.020083762854538776e+02 1.077170254752901624e-01 6.907440378788552771e+00
1.017874641048330915e+02 1.078745365726117289e-01 6.892481433531782109e+00
1.015686954828716324e+02 1.080320476699333093e-01 6.877667638155606333e+00
1.013520548351877721e+02 1.081895587672548759e-01 6.862997937372303348e+00
1.011375267489050458e+02 1.083470698645764424e-01 6.848471287507518213e+00
1.009250959807135217e+02 1.085045809618980228e-01 6.834086656369024126e+00
1.007147474549582142e+02 1.086620920592195894e-01 6.819843023117231340e+00
1.005064662617511999e+02 1.088196031565411698e-01 6.805739378137386275e+00
1.003002376551099957e+02 1.089771142538627363e-01 6.791774722913501705e+00
1.000960470511180631e+02 1.091346253511843029e-01 6.777948069903791506e+00
9.989388002611249817e+01 1.092921364485058833e-01 6.764258442417951045e+00
9.969372231489148817e+01 1.094496475458274498e-01 6.750704874495796481e+00
9.949555980894949414e+01 1.096071586431490302e-01 6.737286410787723057e+00
9.929937855473217212e+01 1.097646697404705968e-01 6.724002106436578252e+00
9.910516475191629127e+01 1.099221808377921633e-01 6.710851026961157650e+00
9.891290475170893615e+01 1.100796919351137437e-01 6.697832248141056155e+00
9.872258505517389438e+01 1.102372030324353103e-01 6.684944855903322214e+00
9.853419231157519675e+01 1.103947141297568907e-01 6.672187946210308418e+00
9.834771331674335215e+01 1.105522252270784572e-01 6.659560624949035557e+00
9.816313501146559872e+01 1.107097363244000238e-01 6.647062007822181151e+00
9.798044447989286709e+01 1.108672474217216042e-01 6.634691220240223508e+00
9.779962894796923933e+01 1.110247585190431707e-01 6.622447397215079690e+00
9.762067576030194971e+01 1.111822696163647373e-01 6.610329681793876588e+00
9.744356794790357412e+01 1.113397807136863177e-01 6.598336924931087033e+00
9.726827890420833000e+01 1.114972918110078842e-01 6.586467324977927085e+00
9.709478106128088370e+01 1.116548029083294646e-01 6.574719015187011628e+00
9.692304722321641464e+01 1.118123140056510312e-01 6.563090154002798826e+00
9.675305055969674584e+01 1.119698251029725977e-01 6.551578924625228062e+00
9.658476459967974392e+01 1.121273362002941781e-01 6.540183534582435065e+00
9.641816322522034000e+01 1.122848472976157447e-01 6.528902215312317736e+00
9.625322066542248933e+01 1.124423583949373251e-01 6.517733221753001516e+00
9.608991149051537661e+01 1.125998694922588916e-01 6.506674831941727355e+00
9.592821060605290029e+01 1.127573805895804582e-01 6.495725346622045038e+00
9.576809324723630823e+01 1.129148916869020386e-01 6.484883088859413114e+00
9.560953497334932649e+01 1.130724027842236051e-01 6.474146403664333249e+00
9.545251166231427931e+01 1.132299138815451855e-01 6.463513657623757958e+00
9.529699950535545838e+01 1.133874249788667521e-01 6.452983238539704125e+00
9.514297500177738698e+01 1.135449360761883186e-01 6.442553555075662963e+00
9.499041495384469158e+01 1.137024471735098990e-01 6.432223036409907557e+00
9.483929646177344353e+01 1.138599582708314656e-01 6.421990131896326837e+00
9.468959691881940444e+01 1.140174693681530321e-01 6.411853310731825850e+00
9.454129400647079251e+01 1.141749804654746125e-01 6.401811061630806599e+00
9.439436568973763997e+01 1.143324915627961791e-01 6.391861892506205400e+00
9.424879021253651956e+01 1.144900026601177595e-01 6.382004330156947347e+00
9.410454609317083907e+01 1.146475137574393260e-01 6.372236919961913770e+00
9.396161211990109052e+01 1.148050248547608926e-01 6.362558225579982185e+00
9.381996734660737047e+01 1.149625359520824730e-01 6.352966828656304799e+00
9.367959108853602856e+01 1.151200470494040395e-01 6.343461328534317545e+00
9.354046291813610026e+01 1.152775581467256200e-01 6.334040341973783406e+00
9.340256266097753723e+01 1.154350692440471865e-01 6.324702502874402832e+00
9.326587039175213079e+01 1.155925803413687530e-01 6.315446462005040118e+00
9.313036643035459861e+01 1.157500914386903335e-01 6.306270886738316150e+00
9.299603133804227184e+01 1.159076025360119000e-01 6.297174460790610162e+00
9.286284591367326868e+01 1.160651136333334804e-01 6.288155883967290194e+00
9.273079119001694437e+01 1.162226247306550470e-01 6.279213871912898703e+00
9.259984843014096612e+01 1.163801358279766135e-01 6.270347155866498490e+00
9.246999912386891651e+01 1.165376469252981939e-01 6.261554482421805901e+00
9.234122498430744486e+01 1.166951580226197605e-01 6.252834613292026056e+00
9.221350794371358006e+01 1.168526691199413270e-01 6.244186325030004703e+00
9.208682794407607730e+01 1.170101802172629074e-01 6.235608259418683019e+00
9.196115812117398036e+01 1.171676913145844739e-01 6.227098597362304311e+00
9.183647054045569291e+01 1.173252024119060544e-01 6.218655447288264249e+00
9.171273761538800784e+01 1.174827135092276209e-01 6.210276941189840194e+00
9.158993210208220148e+01 1.176402246065491874e-01 6.201961234262279632e+00
9.146802709405525889e+01 1.177977357038707679e-01 6.193706504548067038e+00
9.134699601712104311e+01 1.179552468011923344e-01 6.185510952590997924e+00
9.122681262440936223e+01 1.181127578985139148e-01 6.177372801098875321e+00
9.110745099151087345e+01 1.182702689958354814e-01 6.169290294614760306e+00
9.098888551174111683e+01 1.184277800931570479e-01 6.161261699196280972e+00
9.087109089152554020e+01 1.185852911904786283e-01 6.153285302103122412e+00
9.075404214589927676e+01 1.187428022878001949e-01 6.145359411492306023e+00
9.063771459411935894e+01 1.189003133851217753e-01 6.137482356121073401e+00
9.052208385538706636e+01 1.190578244824433418e-01 6.129652485057217604e+00
9.040712584467927115e+01 1.192153355797649084e-01 6.121868167396806726e+00
9.029281676868184547e+01 1.193728466770864888e-01 6.114127791988842375e+00
9.017913312182861318e+01 1.195303577744080553e-01 6.106429767166992484e+00
9.006605168243746107e+01 1.196878688717296219e-01 6.098772520487991677e+00
8.995354950894395074e+01 1.198453799690512023e-01 6.091154498476587520e+00
8.984160393623187701e+01 1.200028910663727688e-01 6.083574166377050396e+00
8.973019257205423571e+01 1.201604021636943492e-01 6.076030007910856234e+00
8.961929329354565255e+01 1.203179132610159158e-01 6.068520525040497660e+00
8.950888424382270614e+01 1.204754243583374823e-01 6.061044237739288576e+00
8.939894382867126410e+01 1.206329354556590627e-01 6.053599683767048489e+00
8.928945071331432359e+01 1.207904465529806293e-01 6.046185418451233140e+00
8.918038381926646707e+01 1.209479576503022097e-01 6.038800014473944877e+00
8.907172232126433187e+01 1.211054687476237762e-01 6.031442061664074039e+00
8.896344564427722901e+01 1.212629798449453428e-01 6.024110166794886645e+00
8.885553346059113267e+01 1.214204909422669232e-01 6.016802953386538810e+00
8.874796568697027510e+01 1.215780020395884897e-01 6.009519061513918459e+00
8.864072248188688263e+01 1.217355131369100563e-01 6.002257147619014965e+00
8.853378424282584547e+01 1.218930242342316367e-01 5.995015884328443789e+00
8.842713160365298108e+01 1.220505353315532032e-01 5.987793960275210381e+00
8.832074543205447981e+01 1.222080464288747836e-01 5.980590079925348412e+00
8.821460682703967393e+01 1.223655575261963502e-01 5.973402963408799948e+00
8.810869711650761360e+01 1.225230686235179167e-01 5.966231346354649467e+00
8.800299785487531778e+01 1.226805797208394971e-01 5.959073979730519888e+00
8.789749082042712303e+01 1.228380908181610637e-01 5.951929629663085919e+00
8.779215752330625833e+01 1.229956019154826441e-01 5.944797044121997054e+00
8.768697823524844637e+01 1.231531130128042106e-01 5.937674887218825859e+00
8.758193319758140660e+01 1.233106241101257772e-01 5.930561821006086198e+00
8.747700289461288037e+01 1.234681352074473576e-01 5.923456523989544031e+00
8.737216805135383879e+01 1.236256463047689241e-01 5.916357690974056283e+00
8.726740963130204420e+01 1.237831574020905046e-01 5.909264032913478459e+00
8.716270883429061200e+01 1.239406684994120711e-01 5.902174276764977634e+00
8.705804709439303224e+01 1.240981795967336376e-01 5.895087165347192126e+00
8.695340607788759257e+01 1.242556906940552180e-01 5.888001457202355127e+00
8.684876768127790569e+01 1.244132017913767846e-01 5.880915926462301435e+00
8.674411402936773641e+01 1.245707128886983511e-01 5.873829362718074876e+00
8.663942747339054051e+01 1.247282239860199315e-01 5.866740570893279383e+00
8.653469058918922485e+01 1.248857350833414981e-01 5.859648371120820265e+00
8.642988617544828855e+01 1.250432461806630924e-01 5.852551598623198181e+00
8.632499725197197904e+01 1.252007572779846589e-01 5.845449103595924178e+00
8.622000705801464449e+01 1.253582683753062255e-01 5.838339751094436814e+00
8.611489905065214145e+01 1.255157794726277920e-01 5.831222420923842797e+00
8.600965690320204260e+01 1.256732905699493585e-01 5.824096007531934127e+00
8.590426450368565270e+01 1.258308016672709251e-01 5.816959419905054496e+00
8.579870595333402150e+01 1.259883127645924916e-01 5.809811581466918007e+00
8.569296556513243956e+01 1.261458238619140859e-01 5.802651429980058673e+00
8.558702786240755245e+01 1.263033349592356525e-01 5.795477917450162053e+00
8.548087757745150839e+01 1.264608460565572190e-01 5.788290010032901556e+00
8.537449965018430476e+01 1.266183571538787855e-01 5.781086687943335356e+00
8.526787922685251431e+01 1.267758682512003521e-01 5.773866945367839953e+00
8.516100165876257222e+01 1.269333793485219464e-01 5.766629790378276610e+00
8.505385250104964712e+01 1.270908904458435129e-01 5.759374244848682878e+00
8.494641751147790387e+01 1.272484015431650795e-01 5.752099344373976741e+00
8.483868264927302505e+01 1.274059126404866460e-01 5.744804138190961140e+00
8.473063407398829838e+01 1.275634237378082125e-01 5.737487689101490318e+00
8.462225814439622695e+01 1.277209348351298068e-01 5.730149073397439174e+00
8.451354141741231274e+01 1.278784459324513734e-01 5.722787380787833555e+00
8.440447064704632396e+01 1.280359570297729399e-01 5.715401714327824401e+00
8.429503278337931249e+01 1.281934681270945064e-01 5.707991190349417820e+00
8.418521497156726241e+01 1.283509792244160730e-01 5.700554938394007287e+00
8.407500455087162550e+01 1.285084903217376673e-01 5.693092101146740802e+00
8.396438905371054773e+01 1.286660014190592338e-01 5.685601834372255858e+00
8.385335620473642848e+01 1.288235125163808004e-01 5.678083306852225398e+00
8.374189391993448339e+01 1.289810236137023669e-01 5.670535700324320416e+00
8.362999031069703904e+01 1.291385347110239334e-01 5.662958209758097716e+00
8.351763514016423073e+01 1.292960458083455277e-01 5.655350141970287403e+00
8.340482182531192734e+01 1.294535569056670943e-01 5.647711051195082987e+00
8.329154441606831938e+01 1.296110680029886608e-01 5.640040534526683302e+00
8.317779708038388264e+01 1.297685791003102274e-01 5.632338197051106832e+00
8.306357410367320426e+01 1.299260901976317939e-01 5.624603651808381954e+00
8.294886988826328889e+01 1.300836012949533882e-01 5.616836519755201707e+00
8.283367895284719395e+01 1.302411123922749547e-01 5.609036429727915163e+00
8.271799593194144506e+01 1.303986234895965213e-01 5.601203018405804812e+00
8.260181557534967567e+01 1.305561345869180878e-01 5.593335930274745849e+00
8.248513274762899528e+01 1.307136456842396544e-01 5.585434817591080403e+00
8.236794242756134565e+01 1.308711567815612486e-01 5.577499340345827505e+00
8.225023970762957504e+01 1.310286678788828152e-01 5.569529166229194139e+00
8.213201979349452131e+01 1.311861789762043817e-01 5.561523970595180444e+00
8.201327800347895902e+01 1.313436900735259483e-01 5.553483436426613906e+00
8.189400976805215748e+01 1.315012011708475148e-01 5.545407254300269706e+00
8.177421062931762208e+01 1.316587122681690813e-01 5.537295122352171362e+00
8.165387624050599413e+01 1.318162233654906756e-01 5.529146746243250199e+00
8.153300236546728286e+01 1.319737344628122422e-01 5.520961839124968407e+00
8.141158487816778688e+01 1.321312455601338087e-01 5.512740121605253840e+00
8.128961976218703001e+01 1.322887566574553753e-01 5.504481321714433051e+00
8.116710311021968494e+01 1.324462677547769418e-01 5.496185174871500934e+00
8.104403112357648808e+01 1.326037788520985361e-01 5.487851423850331756e+00
8.092040011168788283e+01 1.327612899494201026e-01 5.479479818746057163e+00
8.079620649160948176e+01 1.329188010467416692e-01 5.471070116941601391e+00
8.067144678752691789e+01 1.330763121440632357e-01 5.462622083074125889e+00
8.054611763026505855e+01 1.332338232413848023e-01 5.454135489001816772e+00
8.042021575679446244e+01 1.333913343387063966e-01 5.445610113770449345e+00
8.029373800974104824e+01 1.335488454360279631e-01 5.437045743580200430e+00
8.016668133689499598e+01 1.337063565333495296e-01 5.428442171752379863e+00
8.003904279072119721e+01 1.338638676306710962e-01 5.419799198696286346e+00
7.991081952786936426e+01 1.340213787279926627e-01 5.411116631876045524e+00
7.978200880868287470e+01 1.341788898253142570e-01 5.402394285777331717e+00
7.965260799671162317e+01 1.343364009226358236e-01 5.393631981874395187e+00
7.952261455821896163e+01 1.344939120199573901e-01 5.384829548596672844e+00
7.939202606169355647e+01 1.346514231172789566e-01 5.375986821295722251e+00
7.926084017735772136e+01 1.348089342146005232e-01 5.367103642211950465e+00
7.912905467667708592e+01 1.349664453119221175e-01 5.358179860441392606e+00
7.899666743186750750e+01 1.351239564092436840e-01 5.349215331902333226e+00
7.886367641540343243e+01 1.352814675065652505e-01 5.340209919302003172e+00
7.873007969952249141e+01 1.354389786038868171e-01 5.331163492103053514e+00
7.859587545573334921e+01 1.355964897012083836e-01 5.322075926490205333e+00
7.846106196943567568e+01 1.357540007985299779e-01 5.312947106360260463e+00
7.832564043660768505e+01 1.359115118958515445e-01 5.303777112698211837e+00
7.818961818797154706e+01 1.360690229931731110e-01 5.294566441899829279e+00
7.805300332042553180e+01 1.362265340904946775e-01 5.285315642242066403e+00
7.791580389313519106e+01 1.363840451878162441e-01 5.276025259446836202e+00
7.777802792733952231e+01 1.365415562851378384e-01 5.266695836667863340e+00
7.763968340615967634e+01 1.366990673824594049e-01 5.257327914477748720e+00
7.750077827441594991e+01 1.368565784797809715e-01 5.247922030855579401e+00
7.736132043844961004e+01 1.370140895771025380e-01 5.238478721174845809e+00
7.722131776595185215e+01 1.371716006744241045e-01 5.228998518191875000e+00
7.708077808579872681e+01 1.373291117717456711e-01 5.219481952034650263e+00
7.693970918789051439e+01 1.374866228690672654e-01 5.209929550191926495e+00
7.679811882299850367e+01 1.376441339663888319e-01 5.200341837502865161e+00
7.665601470261739792e+01 1.378016450637103985e-01 5.190719336147038732e+00
7.651340449882175676e+01 1.379591561610319650e-01 5.181062565634695360e+00
7.637029584413097894e+01 1.381166672583535315e-01 5.171372042797639956e+00
7.622669633137715550e+01 1.382741783556751258e-01 5.161648281780264469e+00
7.608261351357951696e+01 1.384316894529966924e-01 5.151891794031061345e+00
7.593805490382499102e+01 1.385892005503182589e-01 5.142103088294529556e+00
7.579302797515238410e+01 1.387467116476398254e-01 5.132282670603323993e+00
7.564754016044415152e+01 1.389042227449613920e-01 5.122431044270943978e+00
7.550159885232113766e+01 1.390617338422829863e-01 5.112548709884583431e+00
7.535521140304390997e+01 1.392192449396045528e-01 5.102636165298481963e+00
7.520838512441902424e+01 1.393767560369261194e-01 5.092693905627541540e+00
7.506112728770996512e+01 1.395342671342476859e-01 5.082722423241323284e+00
7.491344512355296104e+01 1.396917782315692524e-01 5.072722207758331159e+00
7.476534582187861133e+01 1.398492893288908467e-01 5.062693746040703324e+00
7.461683653183679610e+01 1.400068004262124133e-01 5.052637522189151298e+00
7.446792436172852092e+01 1.401643115235339798e-01 5.042554017538310340e+00
7.431861637894019168e+01 1.403218226208555464e-01 5.032443710652318991e+00
7.416891960988414212e+01 1.404793337181771129e-01 5.022307077320774304e+00
7.401884103994331099e+01 1.406368448154987072e-01 5.012144590554990842e+00
7.386838761342040982e+01 1.407943559128202737e-01 5.001956720584556315e+00
7.371756623349173765e+01 1.409518670101418403e-01 4.991743934854208753e+00
7.356638376216378106e+01 1.411093781074634068e-01 4.981506698020897517e+00
7.341484702023821285e+01 1.412668892047849734e-01 4.971245471951407424e+00
7.326296278727662070e+01 1.414244003021065677e-01 4.960960715719973990e+00
7.311073780157204283e+01 1.415819113994281342e-01 4.950652885606356080e+00
7.295817876012428371e+01 1.417394224967497007e-01 4.940322435094169684e+00
7.280529231861933681e+01 1.418969335940712673e-01 4.929969814869478384e+00
7.265208509141140780e+01 1.420544446913928338e-01 4.919595472819595194e+00
7.249856365151205750e+01 1.422119557887144281e-01 4.909199854032341825e+00
7.234473453058052428e+01 1.423694668860359946e-01 4.898783400795378995e+00
7.219060421891812496e+01 1.425269779833575612e-01 4.888346552595844052e+00
7.203617916688442335e+01 1.426844890806791277e-01 4.877889746216248490e+00
7.188146784729511296e+01 1.428420001780006943e-01 4.867413555388580448e+00
7.172648483238646122e+01 1.429995112753222608e-01 4.856918966863705833e+00
7.157124567670811643e+01 1.431570223726438551e-01 4.846407033909291506e+00
7.141576575120095072e+01 1.433145334699654216e-01 4.835878797360027015e+00
7.126006024397167948e+01 1.434720445672869882e-01 4.825335285670110608e+00
7.110414416109368574e+01 1.436295556646085547e-01 4.814777514967437000e+00
7.094803232743369392e+01 1.437870667619301213e-01 4.804206489109597022e+00
7.079173938750138007e+01 1.439445778592517156e-01 4.793623199741408492e+00
7.063527980632366621e+01 1.441020889565732821e-01 4.783028626354108859e+00
7.047866787034170954e+01 1.442596000538948486e-01 4.772423736346110168e+00
7.032191768832741730e+01 1.444171111512164152e-01 4.761809485085036542e+00
7.016504319232481635e+01 1.445746222485379817e-01 4.751186815971489175e+00
7.000805813860880278e+01 1.447321333458595760e-01 4.740556660503964181e+00
6.985097610866428397e+01 1.448896444431811426e-01 4.729919938345143571e+00
6.969381051018503115e+01 1.450471555405027091e-01 4.719277557389540689e+00
6.953657457808918707e+01 1.452046666378242756e-01 4.708630413832270989e+00
6.937928137555390151e+01 1.453621777351458422e-01 4.697979392239094665e+00
6.922194379506480288e+01 1.455196888324674365e-01 4.687325365617495798e+00
6.906457455948363133e+01 1.456771999297890030e-01 4.676669195488970310e+00
6.890718622312854791e+01 1.458347110271105695e-01 4.666011731962178111e+00
6.874979117287291785e+01 1.459922221244321361e-01 4.655353813807351138e+00
6.859240162925439677e+01 1.461497332217537026e-01 4.644696268531387950e+00
6.843502964759959184e+01 1.463072443190752969e-01 4.634039912454015919e+00
6.827768711916129973e+01 1.464647554163968635e-01 4.623385550784793629e+00
6.812038577226746838e+01 1.466222665137184300e-01 4.612733977700915311e+00
6.796313717348256489e+01 1.467797776110399965e-01 4.602085976425851044e+00
6.780595272877900470e+01 1.469372887083615631e-01 4.591442319308669973e+00
6.764884368471965104e+01 1.470947998056831574e-01 4.580803767904111368e+00
6.749182112965021929e+01 1.472523109030047239e-01 4.570171073053325372e+00
6.733489599490137323e+01 1.474098220003262905e-01 4.559544974965286102e+00
6.717807905599860874e+01 1.475673330976478570e-01 4.548926203298695015e+00
6.702138093388163043e+01 1.477248441949694235e-01 4.538315477244569074e+00
6.686481209613035048e+01 1.478823552922910178e-01 4.527713505609251676e+00
6.670838285819948510e+01 1.480398663896125844e-01 4.517120986898010671e+00
6.655210338465909103e+01 1.481973774869341509e-01 4.506538609399051154e+00
6.639598369044084336e+01 1.483548885842557175e-01 4.495967051267887094e+00
6.624003364209224287e+01 1.485123996815772840e-01 4.485406980612290262e+00
6.608426295903338143e+01 1.486699107788988505e-01 4.474859055577376843e+00
6.592868121482064225e+01 1.488274218762204448e-01 4.464323924431183421e+00
6.577329783841530286e+01 1.489849329735420114e-01 4.453802225650572488e+00
6.561812211545338869e+01 1.491424440708635779e-01 4.443294588007215218e+00
6.546316318952251834e+01 1.492999551681851444e-01 4.432801630654054748e+00
6.530843006343897628e+01 1.494574662655067110e-01 4.422323963211774789e+00
6.515393160053082511e+01 1.496149773628283053e-01 4.411862185855707885e+00
6.499967652592010836e+01 1.497724884601498718e-01 4.401416889402626431e+00
6.484567342780938759e+01 1.499299995574714384e-01 4.390988655397883633e+00
6.469193104561919938e+01 1.500875106547930049e-01 4.380578075626472945e+00
6.453846069252263362e+01 1.502450217521145714e-01 4.370185916153613626e+00
6.438527499406940535e+01 1.504025328494361657e-01 4.359813031911363268e+00
6.423238638939780287e+01 1.505600439467577323e-01 4.349460265209047272e+00
6.407980711734840895e+01 1.507175550440792988e-01 4.339128444792939021e+00
6.392754921848197114e+01 1.508750661414008654e-01 4.328818385982900807e+00
6.377562453710481805e+01 1.510325772387224319e-01 4.318530890809538114e+00
6.362404472329875915e+01 1.511900883360440262e-01 4.308266748151653225e+00
6.347282123495988060e+01 1.513475994333655927e-01 4.298026733874294791e+00
6.332196533983907472e+01 1.515051105306871593e-01 4.287811610966937970e+00
6.317148811758754334e+01 1.516626216280087258e-01 4.277622129681992291e+00
6.302140046180812760e+01 1.518201327253302924e-01 4.267459027673710104e+00
6.287171308210506737e+01 1.519776438226518867e-01 4.257323030136971553e+00
6.272243650613960853e+01 1.521351549199734532e-01 4.247214849946496784e+00
6.257358108168549649e+01 1.522926660172950197e-01 4.237135187796020830e+00
6.242515697868436320e+01 1.524501771146165863e-01 4.227084732337474726e+00
6.227717419130330256e+01 1.526076882119381528e-01 4.217064160320319388e+00
6.212964253999001585e+01 1.527651993092597471e-01 4.207074136730697411e+00
6.198257167352885233e+01 1.529227104065813136e-01 4.197115314930664809e+00
6.183597107109272883e+01 1.530802215039028802e-01 4.187188336797141197e+00
6.168985004429592323e+01 1.532377326012244467e-01 4.177293832860898171e+00
6.154421773924121908e+01 1.533952436985460133e-01 4.167432422445187967e+00
6.139908313856687272e+01 1.535527547958676076e-01 4.157604713804361474e+00
6.125445506348719249e+01 1.537102658931891741e-01 4.147811304262028820e+00
6.111034217582990635e+01 1.538677769905107406e-01 4.138052780349029902e+00
6.096675298007037469e+01 1.540252880878323072e-01 4.128329717941178423e+00
6.082369582535804398e+01 1.541827991851538737e-01 4.118642682396475685e+00
6.068117890753971722e+01 1.543403102824754403e-01 4.108992228692124549e+00
6.053921027117581133e+01 1.544978213797970346e-01 4.099378901561052224e+00
6.039779781154970806e+01 1.546553324771186011e-01 4.089803235627976541e+00
6.025694927667202450e+01 1.548128435744401676e-01 4.080265755545116058e+00
6.011667226927670526e+01 1.549703546717617342e-01 4.070766976127369041e+00
5.997697424880927741e+01 1.551278657690833007e-01 4.061307402486932894e+00
5.983786253340831252e+01 1.552853768664048950e-01 4.051887530167484819e+00
5.969934430187797858e+01 1.554428879637264616e-01 4.042507845277751422e+00
5.956142659565283992e+01 1.556003990610480281e-01 4.033168824624550730e+00
5.942411632075304340e+01 1.557579101583695946e-01 4.023870935845187624e+00
5.928742024973119840e+01 1.559154212556911612e-01 4.014614637539292374e+00
5.915134502360911029e+01 1.560729323530127555e-01 4.005400379399959299e+00
5.901589715380582390e+01 1.562304434503343220e-01 3.996228602344299219e+00
5.888108302405473182e+01 1.563879545476558885e-01 3.987099738643263613e+00
5.874690889231234081e+01 1.565454656449774551e-01 3.978014212050889675e+00
5.861338089265327511e+01 1.567029767422990216e-01 3.968972437932625663e+00
5.848050503715972326e+01 1.568604878396206159e-01 3.959974823393269450e+00
5.834828721779459926e+01 1.570179989369421825e-01 3.951021767403804841e+00
5.821673320826801046e+01 1.571755100342637490e-01 3.942113660927797358e+00
5.808584866588988405e+01 1.573330211315853155e-01 3.933250887046836120e+00
5.795563913341279516e+01 1.574905322289068821e-01 3.924433821085325569e+00
5.782611004086238893e+01 1.576480433262284764e-01 3.915662830734426336e+00
5.769726628233021160e+01 1.578055544235500429e-01 3.906938247394823094e+00
5.756911083925329109e+01 1.579630655208716095e-01 3.898260272952863481e+00
5.744164613715003753e+01 1.581205766181931760e-01 3.889629071651174552e+00
5.744164613715003753e+01 1.581205766181931760e-01 3.889629071651173220e+00
4.453674783074764321e+01 1.826842454521749870e-01 3.008405963380724302e+00
3.766369263025974590e+01 2.073525430377324841e-01 2.053963311406368231e+00
2.972574713185416684e+01 2.322407203492417860e-01 1.661091202064070238e+00
2.578949242502403294e+01 2.568837818198746459e-01 1.539507701301892295e+00
2.165138837820832762e+01 2.811184729179193598e-01 9.665017618529483379e-01
1.887561157755923702e+01 3.057758170190760794e-01 7.240588373549869949e-01
1.638402306364709915e+01 3.308749588216616799e-01 6.079814536583155737e-01
1.423429983785748831e+01 3.553458836143503774e-01 4.992398593450741995e-01
1.281149047369329708e+01 3.797183506574301481e-01 4.983712729790480411e-01
1.126241133983877063e+01 4.042043120935024936e-01 2.941568041947447143e-01
1.019207286755686148e+01 4.287407985369371399e-01 2.108460567738962566e-01
9.243496728720877798e+00 4.533371424922238990e-01 1.771840458393084683e-01
8.302729055775238010e+00 4.779959634912051558e-01 2.564532707800950551e-01
7.557173576547858040e+00 5.026629933946460405e-01 1.742376326831338307e-01
6.973036063462620504e+00 5.271487506500315279e-01 1.788511323689745691e-01
6.476936763465166891e+00 5.515427964227138657e-01 1.267416181234978789e-01
6.013905868977109215e+00 5.762240530263548210e-01 1.107284591114866129e-01
5.575761141307593149e+00 6.007285446297923048e-01 7.845840904693557327e-02
5.182734606119453247e+00 6.252568531449649303e-01 1.400314412413854459e-01
4.939260635178922776e+00 6.499965502683907603e-01 1.232541756617201445e-01
4.668134872240131905e+00 6.746857991314229031e-01 8.881348955049118976e-02
4.495994283648589551e+00 6.991270364754236244e-01 7.016431606671469368e-02
4.346317968238598617e+00 7.235756604093172006e-01 6.197713170905818497e-02
4.291810963465966466e+00 7.479714013051395050e-01 7.512454617830939541e-02
4.255903185545383494e+00 7.726132299420060967e-01 5.521029982856150847e-02
4.207541217452829052e+00 7.972349387995918413e-01 6.976581845389387415e-02
4.042967201064983307e+00 8.217736356692634248e-01 8.698988025888149123e-02
3.906231847174034488e+00 8.463200505719705724e-01 5.926218490827656060e-02
3.791728994368895655e+00 8.708218859006343626e-01 6.233578742928023997e-02
3.727959962932908766e+00 8.954790463233904818e-01 5.700653832275097421e-02
3.652535591770881496e+00 9.199626960429320155e-01 5.438785890347946905e-02
3.650288250515266952e+00 9.443606208269833546e-01 7.814386107568128959e-02
3.642279712477666020e+00 9.688687146412832130e-01 7.141141396528824514e-02
3.643395966905822903e+00 9.930926048855095445e-01 8.971540119420316761e-02
3.711874174731387477e+00 1.017620455362175491e+00 6.489214935383066929e-02
3.832316116735588807e+00 1.042409919186157552e+00 9.189974595222422105e-02
4.013662824390355155e+00 1.066789561870425063e+00 6.890256187181577341e-02
4.079381547152378218e+00 1.090909765172895618e+00 9.515572215041033510e-02
4.048584338647049030e+00 1.115651582439790346e+00 1.700071440390792388e-01
4.147139039361833923e+00 1.140641543091339027e+00 1.129923360172879199e-01
4.227980788384079425e+00 1.164692026865203012e+00 2.466378608307425446e-01
4.380612955886594051e+00 1.188605021497627590e+00 1.714051001128592544e-01
4.705865905960218143e+00 1.214006438167991364e+00 2.355660258737266866e-01
5.051124221859580210e+00 1.240498485730926914e+00 3.055091563405609723e-01
5.698854238926013949e+00 1.264816150349954427e+00 5.020311586066663612e-01
5.927232985597383319e+00 1.284554513240047102e+00 5.980139573685182564e-01
6.698483953894645460e+00 1.309527810458392949e+00 9.750548146775016578e-01
9.906234542415624844e+00 1.335814856768205550e+00 1.628186890899966155e+00
1.068241452313267104e+01 1.360349523175663267e+00 1.345977192481101881e+01
