15.0				0.05862493
14.800000190734863		0.058597296
14.600000381469727		0.05856611
14.399999618530273		0.058530957
14.199999809265137		0.058491398
14.0				0.058446936
13.800000190734863		0.058397036
13.600000381469727		0.05834111
13.399999618530273		0.058278512
13.199999809265137		0.05820855
13.0				0.058130465
12.800000190734863		0.058043435
12.600000381469727		0.05794657
12.399999618530273		0.057838906
12.199999809265137		0.057719406
12.0				0.057586957
11.800000190734863		0.05744036
11.600000381469727		0.057278328
11.399999618530273		0.057099488
11.199999809265137		0.056902375
11.0				0.056685425
10.800000190734863		0.056446977
10.600000381469727		0.05618527
10.399999618530273		0.055898443
10.199999809265137		0.055584528
10.0				0.055241447
9.800000190734863		0.05486702
9.600000381469727		0.05445897
9.399999618530273		0.054014895
9.199999809265137		0.053532314
9.0				0.053008623
8.800000190734863		0.052441135
8.600000381469727		0.051827062
8.399999618530273		0.051163528
8.199999809265137		0.050447583
8.0				0.0496762
7.800000190734863		0.048846275
7.599999904632568		0.047954667
7.400000095367432		0.046998184
7.199999809265137		0.045973603
7.0				0.044877686
6.800000190734863		0.043707192
6.599999904632568		0.0424589
6.400000095367432		0.04112963
6.199999809265137		0.039716262
6.0				0.038215764
5.800000190734863		0.036625203
5.599999904632568		0.03495204
5.400000095367432		0.0332554
